# 100 100
198 192 190 195 205 211 214 216 215 216 217 220 220 218 216 214 211 206 200 193 188 185 178 175 176 176 176 180 186 186 180 180 167 164 162 162 165 163 159 162 169 173 169 162 158 162 179 186 180 173 176 180 183 187 193 192 193 203 210 214 212 208 211 219 223 220 213 206 201 201 197 188 176 182 196 186 169 167 177 199 213 214 202 194 197 208 208 220 233 238 229 213 201 199 210 224 212 230 244 258
201 202 198 196 201 207 212 217 217 213 216 219 218 214 210 206 198 190 184 180 180 178 178 184 186 180 187 191 191 188 188 171 165 166 166 166 169 165 162 177 188 184 175 165 160 159 168 188 190 182 185 192 198 203 208 201 195 203 210 215 215 211 213 218 219 212 207 202 192 190 184 179 180 192 197 187 174 168 168 188 214 217 209 207 211 222 222 219 231 246 245 219 218 224 214 235 230 226 230 250
203 205 205 208 211 216 218 215 212 208 214 211 202 195 189 186 186 185 185 189 191 184 196 199 194 184 195 198 196 195 180 166 174 177 178 175 175 177 167 179 192 189 180 169 163 160 160 167 191 195 188 192 205 215 218 213 205 201 207 214 216 215 217 218 213 204 196 190 186 184 185 191 194 192 185 177 171 170 169 184 221 227 225 224 228 238 234 235 243 253 245 212 230 238 222 259 266 266 271 264
198 205 210 214 213 209 207 209 207 201 199 195 193 190 190 191 195 194 194 197 192 185 200 203 197 187 194 201 198 193 173 173 187 188 189 185 181 186 172 184 194 191 183 173 170 166 162 161 168 189 186 185 201 213 217 216 213 211 210 212 216 219 221 222 215 205 197 197 201 201 195 197 196 184 177 174 174 172 171 177 212 228 236 245 252 257 257 249 254 259 247 221 229 226 216 252 279 292 298 291
192 194 192 193 193 193 200 205 206 205 203 199 199 197 197 201 202 203 201 193 189 193 200 202 196 190 197 202 191 175 168 179 193 194 192 186 184 182 176 194 195 186 178 177 182 174 168 164 163 166 171 178 191 199 205 209 211 213 216 217 221 226 228 225 214 202 210 206 209 207 203 196 185 179 184 183 178 176 171 174 189 211 232 258 268 272 273 267 264 257 230 230 241 250 228 238 272 291 290 275
179 180 184 187 192 197 200 204 208 211 210 206 205 201 200 205 205 202 197 192 199 203 207 205 199 195 200 195 171 169 177 196 203 205 199 192 191 185 178 194 197 188 178 188 193 184 173 167 166 164 168 172 178 183 188 195 203 214 219 222 228 236 237 228 213 211 216 212 214 211 207 193 182 194 205 197 184 182 171 179 200 222 244 264 275 274 269 264 260 249 234 248 257 256 227 229 245 264 269 272
188 189 185 192 198 204 208 212 216 218 218 215 211 207 206 209 208 204 202 203 203 207 211 209 203 201 201 178 172 174 179 208 221 220 211 203 200 186 189 200 201 191 183 195 202 193 181 168 172 166 169 177 194 205 202 196 198 210 221 230 239 241 236 221 216 226 221 219 220 219 215 200 184 200 210 203 198 188 175 172 189 217 240 257 258 245 253 264 259 254 245 264 273 248 231 251 258 258 275 289
198 204 195 189 204 214 221 229 232 232 231 227 219 216 214 217 218 217 218 218 215 215 218 217 212 207 192 173 178 183 179 179 204 212 210 205 198 195 192 203 199 189 189 201 208 205 186 171 184 170 168 176 195 213 215 217 218 211 220 233 239 235 229 227 225 236 233 231 230 224 214 200 188 193 208 208 205 195 183 175 172 193 227 236 225 243 267 278 276 278 267 265 286 277 238 268 288 298 306 293
208 213 204 193 217 227 232 240 247 248 247 243 234 229 228 231 233 233 233 231 224 227 232 229 221 211 192 174 181 193 192 180 185 200 207 208 211 210 202 208 204 200 199 206 211 205 178 181 198 183 166 170 180 191 213 227 232 231 220 236 245 242 241 235 233 241 243 239 235 216 201 194 205 196 206 211 207 210 197 184 178 175 194 206 214 246 279 288 286 288 286 277 294 291 252 272 295 308 311 287
221 219 212 201 223 235 241 245 250 253 252 250 248 243 238 236 236 235 230 223 225 232 234 229 222 211 193 175 186 201 201 192 181 189 195 209 219 220 208 213 220 220 218 216 214 198 176 195 205 199 174 170 170 170 172 207 221 232 229 241 253 255 252 240 247 250 245 230 220 211 218 210 220 228 206 217 216 212 204 199 185 177 189 209 233 255 273 271 265 277 288 293 298 285 253 269 290 311 316 306
227 220 201 208 224 235 239 238 241 244 244 242 242 236 224 215 213 218 213 204 201 199 198 193 185 182 178 189 206 211 213 196 191 192 198 222 229 229 221 228 236 233 228 222 212 190 186 209 210 200 191 178 176 178 171 184 210 233 239 239 254 260 255 251 260 261 246 230 235 240 234 210 223 241 208 221 223 221 222 214 190 181 210 240 243 243 235 239 257 268 283 297 304 295 274 285 306 324 325 317
222 215 198 206 218 225 226 226 236 238 234 230 225 221 223 224 218 203 194 191 187 186 190 191 183 197 205 218 225 213 198 198 217 223 199 216 237 240 239 244 241 228 217 207 194 181 210 227 225 222 209 177 184 178 173 187 232 252 247 246 259 266 264 262 271 267 247 260 262 255 235 210 235 245 224 217 232 240 242 234 200 177 204 224 210 208 213 226 241 265 292 310 316 309 299 313 320 328 327 318
211 206 211 209 204 211 224 236 243 244 237 230 225 229 235 233 230 223 192 191 202 216 220 214 195 223 229 229 224 202 218 226 230 231 225 204 237 245 246 243 235 225 215 209 200 185 215 227 229 224 195 188 187 174 195 212 232 251 245 255 265 273 272 268 270 261 256 271 270 257 228 216 246 253 243 235 228 251 255 243 207 185 177 190 201 212 219 236 260 281 304 321 326 323 321 327 330 331 325 309
215 221 222 209 216 225 232 244 252 254 248 238 238 240 240 232 220 216 197 212 227 233 231 218 205 231 235 231 220 206 228 238 241 240 232 210 212 229 230 232 233 228 224 216 186 190 204 219 218 201 185 196 176 185 213 241 247 228 244 263 275 282 280 274 268 264 272 274 262 241 217 220 247 262 263 254 238 240 252 248 235 207 179 189 233 239 245 257 277 298 308 319 324 327 328 329 334 336 326 301
231 227 212 221 230 240 240 242 253 257 254 244 250 252 249 241 227 215 202 196 223 233 229 216 207 231 236 232 227 217 213 233 239 238 229 219 206 220 230 238 238 235 228 195 194 202 217 227 227 211 189 189 177 193 204 214 215 214 239 260 275 283 283 281 276 282 289 284 270 239 235 225 259 273 273 264 258 247 248 256 251 226 187 182 233 256 263 273 288 300 301 304 313 319 313 312 323 332 330 317
233 216 221 238 245 251 253 254 259 260 257 252 253 257 254 246 238 228 208 192 223 236 231 212 213 227 238 242 241 232 213 229 238 243 243 241 218 231 243 244 234 220 204 200 219 220 229 231 228 219 194 197 178 188 189 193 199 203 216 235 249 264 272 284 291 300 305 291 262 245 245 233 262 277 281 278 269 257 257 262 259 241 198 183 226 260 269 277 282 282 274 280 289 289 304 320 325 324 325 324
227 214 226 238 247 252 255 255 260 264 264 262 264 261 253 245 233 217 202 193 222 236 233 215 207 225 241 252 253 243 218 236 249 256 259 253 221 243 255 257 255 246 214 209 236 240 240 234 219 207 200 212 185 181 202 211 218 220 218 225 237 252 273 290 300 307 307 290 263 269 254 240 268 283 288 282 273 266 258 251 228 202 188 187 221 234 235 245 252 246 246 260 277 299 312 316 317 310 316 321
233 221 223 227 234 240 246 249 258 264 268 272 274 267 252 236 223 218 204 195 224 235 230 217 214 215 247 262 264 255 230 241 258 267 268 255 226 259 270 277 275 263 229 212 246 255 252 241 224 200 211 219 195 180 211 229 236 244 249 248 248 257 277 293 301 301 296 277 281 277 252 256 280 295 300 295 284 263 223 209 213 222 215 184 193 199 211 210 215 240 253 268 282 290 296 299 302 297 305 306
248 230 237 233 227 229 233 241 249 256 270 279 281 272 259 243 233 227 204 199 227 243 244 235 239 232 235 263 270 266 252 237 263 272 275 269 245 249 276 284 281 268 235 205 253 264 261 246 229 201 225 236 200 180 196 237 255 266 274 280 282 280 272 289 300 301 296 288 293 272 269 270 295 310 313 307 297 249 236 263 268 256 241 189 209 238 252 257 242 221 244 261 267 268 275 287 294 288 296 298
252 237 246 250 248 244 245 241 245 254 269 281 283 280 274 264 256 240 207 202 233 250 256 250 255 251 228 261 274 273 264 240 257 272 281 278 260 249 276 279 277 272 249 205 249 266 266 260 249 209 235 250 216 186 183 200 259 276 284 290 293 294 291 294 304 306 300 299 298 277 288 284 298 313 314 307 294 250 260 285 283 270 253 204 204 246 263 269 264 240 227 237 248 261 276 292 295 284 296 296
252 244 252 258 257 253 252 249 246 255 266 279 283 287 287 282 271 252 207 208 235 257 264 260 263 261 240 242 267 271 256 251 271 281 286 280 265 248 273 266 247 251 233 207 228 254 271 271 256 211 246 260 246 211 189 188 243 272 275 276 287 298 303 308 312 311 307 309 302 285 300 299 307 315 310 294 262 258 277 294 290 269 239 205 200 251 269 275 267 256 245 229 236 241 267 290 291 275 280 274
255 254 260 261 261 259 257 254 253 265 272 276 282 284 282 276 260 239 220 229 243 254 267 268 268 263 241 234 253 259 250 264 277 286 288 273 258 262 281 283 269 245 221 229 266 278 284 279 244 214 254 269 260 235 193 188 219 251 241 250 273 292 305 316 323 321 318 318 306 297 311 314 320 323 315 294 259 293 302 307 305 290 264 211 197 244 269 280 281 277 265 244 269 274 252 260 270 259 263 275
253 253 257 258 258 261 262 259 256 264 273 275 276 272 261 244 232 231 231 239 251 256 268 271 269 260 243 243 250 259 260 264 281 288 287 272 277 275 289 286 272 237 220 268 286 295 295 279 221 235 263 280 273 243 196 190 199 213 231 256 274 288 303 319 330 333 330 327 313 305 320 326 330 329 319 300 268 306 316 321 320 308 275 214 190 245 276 289 293 287 266 251 281 278 260 245 250 258 278 291
235 235 239 246 252 259 264 264 260 260 264 261 252 245 244 236 233 232 231 239 253 257 257 261 261 252 253 259 256 267 266 268 277 285 288 285 290 288 295 284 248 226 246 283 299 300 288 255 221 262 281 291 283 233 214 193 192 200 240 262 282 300 315 329 339 341 340 334 317 316 327 333 333 326 306 280 283 314 325 328 325 305 262 199 204 253 278 292 295 289 276 254 281 281 271 264 260 261 284 300
224 238 247 256 262 267 270 268 262 256 250 244 245 245 243 239 245 233 231 233 241 247 256 268 265 257 268 272 260 271 272 281 285 296 301 300 303 299 297 273 228 246 266 300 313 310 290 262 223 262 293 302 290 249 252 211 192 196 250 284 294 310 327 338 343 343 341 332 326 333 335 333 325 309 290 296 309 323 326 323 312 278 225 200 230 264 280 290 292 281 270 254 272 281 281 282 280 271 277 294
233 233 251 260 269 276 279 278 274 270 265 264 276 280 281 274 266 240 231 237 256 263 272 277 268 269 278 282 272 273 282 284 295 306 311 312 314 311 298 258 227 275 297 313 322 314 293 251 232 277 306 312 304 290 288 253 208 196 254 294 305 317 329 336 338 341 340 336 337 343 344 337 325 308 315 319 318 326 322 307 278 240 205 203 221 249 271 287 290 280 263 255 261 277 290 294 292 285 273 273
249 238 238 253 265 274 281 286 288 288 288 285 295 298 296 289 279 257 231 233 265 278 284 284 276 282 289 292 286 278 288 294 300 314 321 324 324 313 282 240 250 299 317 326 326 300 264 230 256 302 320 323 317 306 292 267 209 205 223 280 298 306 311 318 328 338 342 343 345 347 345 338 324 321 332 334 332 330 323 303 285 255 227 212 202 216 254 271 286 284 272 264 271 280 293 296 291 282 269 261
256 253 247 246 258 269 278 286 295 300 303 301 307 306 299 285 268 245 236 232 261 281 290 291 286 293 301 304 298 291 300 309 313 323 332 334 328 302 260 244 287 316 327 331 328 315 288 236 272 313 325 328 321 306 281 244 215 237 204 237 258 278 297 313 326 338 344 346 346 344 339 332 323 329 336 338 338 336 328 309 277 256 245 249 213 216 240 260 282 285 274 278 286 288 293 299 298 291 281 259
266 268 272 268 262 267 277 284 294 304 311 312 313 309 294 274 259 262 248 231 249 274 290 299 297 301 312 318 317 319 326 332 335 340 343 340 328 290 300 271 271 318 328 324 316 310 277 250 293 315 328 330 323 309 288 239 233 271 232 209 227 272 301 312 324 336 342 345 345 342 336 332 329 331 333 334 335 332 317 297 285 271 262 263 216 239 268 276 284 287 283 288 298 302 303 302 293 282 275 257
273 276 283 285 277 267 271 277 286 298 310 317 319 317 308 294 285 280 258 231 245 277 297 309 313 315 324 333 339 347 354 358 357 356 352 341 317 317 319 306 263 316 327 321 304 286 261 264 311 327 333 331 320 299 252 217 247 280 267 216 214 240 277 287 309 324 333 338 342 342 340 338 337 336 333 330 331 325 315 302 288 265 263 262 222 213 238 266 278 285 290 294 300 305 302 294 280 265 254 244
274 278 282 281 276 272 271 274 280 286 300 315 324 326 321 313 305 291 259 240 245 292 312 322 327 330 334 341 348 358 366 371 370 364 354 341 330 331 325 310 273 319 330 328 320 312 289 252 303 331 335 327 308 273 227 236 248 271 267 236 219 218 220 227 281 306 321 331 337 339 339 338 339 336 330 327 324 311 308 294 269 253 246 233 225 213 208 227 251 275 282 292 292 289 291 272 264 256 244 246
271 276 280 280 277 278 277 275 279 284 289 298 313 322 323 319 310 291 279 267 234 279 314 325 331 333 334 336 341 349 358 364 362 359 353 345 341 333 322 305 279 323 333 333 328 319 275 274 307 328 332 324 307 276 240 262 258 272 273 260 244 234 231 228 266 301 321 332 337 337 335 334 334 332 323 326 319 304 297 285 275 280 274 263 248 249 229 210 232 253 264 277 277 255 255 242 238 241 257 269
271 276 281 283 281 283 282 279 280 283 287 292 300 310 317 317 309 295 291 280 243 257 301 312 317 318 315 315 320 326 334 341 348 355 353 347 339 322 294 289 315 329 331 330 324 307 272 287 311 314 314 308 285 250 267 280 274 286 293 288 276 257 256 239 272 310 327 336 339 336 333 331 328 325 318 314 313 304 295 292 295 289 280 267 268 274 263 238 213 212 236 253 243 224 225 230 245 264 282 299
281 280 284 287 286 289 289 286 284 286 288 292 299 304 307 309 307 300 292 273 243 239 267 280 281 276 283 293 302 311 328 341 350 353 349 340 327 304 312 323 326 324 320 321 318 290 268 271 277 263 260 258 255 255 287 292 284 303 313 306 296 279 263 244 269 307 325 332 335 333 333 336 333 326 318 309 301 299 298 298 297 292 286 277 276 277 265 251 246 231 213 219 225 238 244 254 272 292 310 318
287 288 289 293 294 296 296 292 291 290 294 296 299 301 296 289 291 293 286 259 262 261 242 248 258 279 299 306 313 324 336 344 346 345 341 335 326 308 315 322 324 320 313 300 286 274 280 284 275 269 270 279 286 272 287 296 292 306 321 314 305 295 283 259 274 293 310 317 322 326 333 342 348 344 332 317 304 293 290 291 293 285 277 270 271 268 244 233 235 233 213 219 229 243 257 275 294 309 320 325
293 295 296 301 304 306 304 303 301 297 303 307 311 314 311 301 285 271 263 256 276 275 260 252 267 294 308 316 322 328 333 337 341 338 334 328 321 313 318 325 328 328 322 307 287 284 297 302 291 281 293 302 292 303 315 300 309 308 313 316 306 294 284 267 274 293 302 306 311 319 329 341 354 357 350 336 321 307 295 285 277 267 258 250 245 238 230 228 227 221 218 216 214 227 257 279 294 307 319 323
294 298 300 303 308 311 311 313 312 306 309 317 323 326 326 317 299 285 267 270 288 287 276 281 269 302 312 315 314 316 326 339 344 342 337 336 331 325 327 335 340 340 336 315 297 298 310 304 302 307 316 315 305 325 325 310 325 328 327 323 310 299 297 288 266 277 288 297 306 315 325 335 344 352 354 351 348 344 332 314 299 286 272 262 252 244 240 240 240 232 230 225 219 220 256 271 291 307 322 325
290 297 300 302 306 310 312 314 316 314 314 318 324 328 330 321 297 279 275 286 299 302 292 296 267 277 284 290 300 303 325 342 345 347 345 347 344 337 336 345 350 348 337 327 319 319 332 313 325 330 328 318 318 337 335 320 335 339 334 326 317 313 311 301 279 267 271 285 300 310 321 329 327 332 345 355 360 364 361 348 330 311 297 284 272 260 256 255 249 244 240 234 227 218 241 264 283 301 325 326
282 292 294 295 302 306 309 312 318 320 322 321 323 326 325 315 290 293 295 303 311 308 301 299 277 277 279 278 279 284 309 329 334 345 356 359 356 347 345 353 356 348 335 339 334 336 341 316 330 336 328 315 323 342 346 333 342 340 335 331 325 322 320 313 296 281 272 275 283 300 314 318 317 322 332 347 358 371 379 370 354 338 321 312 300 288 279 272 263 259 251 242 233 224 228 254 261 280 312 319
271 277 281 285 292 297 304 312 320 325 326 325 324 322 316 303 295 308 314 317 315 311 313 306 294 303 305 305 305 299 290 303 326 342 366 376 370 361 353 356 357 348 339 345 346 347 343 321 340 344 336 322 330 349 354 341 347 346 345 341 332 326 322 318 305 290 278 287 281 278 296 305 309 316 324 332 342 359 374 378 375 364 346 339 330 323 313 291 284 275 260 242 231 230 222 228 249 272 296 309
264 269 273 280 286 294 302 310 320 325 326 325 323 318 309 300 307 318 322 323 322 322 324 317 312 321 327 328 330 323 311 295 309 329 356 376 374 367 364 361 356 349 345 353 356 354 342 332 351 357 350 337 339 358 359 352 353 353 352 346 337 327 321 314 305 293 288 300 294 282 285 295 304 311 319 326 331 339 351 366 378 381 373 367 364 346 331 315 297 284 270 259 243 246 239 226 223 249 281 299
259 267 274 280 285 291 297 302 311 316 320 325 326 321 315 308 309 317 324 327 329 331 334 332 330 331 337 342 343 335 321 303 313 320 337 354 360 365 368 366 360 354 349 358 366 362 350 343 360 366 361 348 345 356 361 360 361 360 354 346 338 330 325 318 302 293 304 311 308 290 288 295 302 310 318 322 326 332 341 354 372 388 396 398 387 365 343 325 304 294 283 267 267 264 253 237 224 229 259 273
263 268 273 275 277 283 290 298 305 314 324 331 334 331 325 319 317 319 324 331 336 341 345 349 348 346 352 355 354 345 320 315 328 332 338 349 368 379 379 375 370 361 356 357 365 367 364 353 361 368 364 356 358 363 368 369 370 366 354 341 334 328 325 317 302 300 312 323 323 306 292 295 304 312 317 320 323 327 333 342 360 387 410 410 400 374 351 330 321 309 290 271 279 282 267 243 226 225 233 239
252 260 262 266 275 286 294 301 310 319 335 348 350 346 341 334 331 332 333 338 343 350 360 367 369 366 371 371 365 353 322 333 345 352 354 359 379 397 402 394 385 375 366 361 364 367 365 357 363 369 368 368 374 380 382 384 381 370 355 340 330 324 317 310 306 308 318 331 334 325 307 296 304 318 322 324 326 329 333 339 352 374 390 393 394 378 358 345 337 321 300 279 283 287 273 251 230 227 232 238
253 258 258 267 278 291 303 313 319 328 339 355 366 368 367 362 353 351 348 349 355 364 377 385 384 381 390 393 381 366 334 353 379 388 387 379 384 409 422 421 409 394 380 369 369 370 369 366 371 375 376 381 396 407 411 410 400 377 355 339 328 322 317 317 319 316 323 333 337 332 318 302 308 329 331 331 335 338 343 346 349 355 365 373 377 380 380 368 353 334 314 297 288 290 283 266 236 231 231 233
270 276 278 263 275 291 306 316 326 335 347 368 388 400 405 402 395 388 383 377 383 392 397 396 387 387 397 406 400 381 353 375 404 413 411 397 391 409 433 443 436 417 393 378 377 376 375 375 378 383 385 390 405 417 423 417 398 377 355 338 328 322 321 327 326 321 325 331 333 328 315 303 309 334 342 344 350 357 363 363 359 357 359 365 372 385 400 388 374 349 328 308 304 302 293 267 259 268 254 242
291 292 294 282 271 287 302 314 327 342 360 384 411 435 442 440 437 433 425 414 414 413 410 397 383 379 385 393 397 393 370 372 401 413 415 405 398 404 430 454 459 438 403 387 388 389 388 387 388 392 399 401 404 403 397 385 373 362 352 341 329 324 323 327 328 324 326 329 328 321 313 306 307 332 350 363 374 384 386 380 371 366 364 368 375 386 404 408 388 361 335 322 322 315 294 255 271 289 281 261
303 303 302 291 272 283 296 309 327 353 387 420 446 465 467 453 448 450 443 430 424 420 416 399 379 371 372 376 382 381 361 366 382 392 400 398 393 398 428 463 480 470 421 398 403 414 426 417 404 405 420 429 421 403 383 368 358 350 343 339 330 326 327 329 328 327 327 329 327 321 314 309 312 337 359 383 412 421 410 397 388 382 375 377 387 396 401 397 378 355 344 340 336 324 296 258 268 286 290 284
306 306 303 296 284 277 287 301 323 355 395 429 454 470 474 444 418 444 451 431 410 407 411 401 379 367 364 366 370 371 359 356 358 363 377 381 384 391 425 480 498 489 452 418 417 428 441 445 427 424 437 450 449 426 392 369 357 348 340 334 330 330 336 334 331 330 330 332 329 323 317 311 317 345 369 397 435 458 449 431 419 408 395 389 402 414 411 391 373 362 357 354 343 326 299 268 281 303 302 299
300 300 299 295 290 286 281 291 318 346 377 409 432 440 439 422 383 400 420 410 384 370 385 383 369 361 360 362 365 368 367 369 374 369 366 375 381 388 407 464 501 509 499 463 440 445 451 454 451 450 455 465 467 444 409 377 360 349 340 335 332 334 339 337 335 335 336 337 334 328 321 315 326 351 373 401 427 458 481 475 462 443 420 406 414 429 430 413 388 374 367 361 346 328 309 281 306 330 326 314
294 297 300 301 303 303 288 286 307 331 349 370 383 384 382 391 372 361 379 376 357 350 356 359 356 356 358 364 370 376 381 388 400 394 374 377 383 389 400 439 491 527 538 516 480 477 473 472 473 478 486 491 478 445 408 386 372 354 341 337 336 340 342 342 341 341 343 343 340 334 325 319 328 348 364 385 406 435 475 496 497 469 441 422 427 438 445 433 404 377 365 359 344 325 307 292 325 343 345 332
293 299 305 308 313 314 301 291 293 301 314 323 334 340 345 352 344 337 340 338 340 343 347 351 354 357 363 375 388 395 401 408 412 404 382 380 387 393 399 431 486 529 553 550 531 530 525 507 501 502 511 521 501 457 413 392 384 363 345 340 340 345 348 350 349 348 349 348 344 337 328 324 328 340 351 363 380 401 432 464 482 469 448 435 437 447 456 441 408 374 359 348 337 323 319 309 326 351 357 348
301 304 309 316 322 323 315 305 300 300 301 303 304 313 326 328 326 327 333 339 346 352 355 356 358 362 370 390 414 433 443 434 421 405 388 384 390 397 404 418 451 487 512 535 545 555 556 551 539 528 530 526 502 462 413 387 375 359 349 346 349 353 357 361 362 359 353 347 342 337 331 328 327 332 340 348 359 375 402 429 452 459 453 450 452 456 456 437 403 376 359 347 337 336 338 317 340 359 368 365
307 309 315 321 329 336 334 322 318 312 310 311 310 311 315 319 326 337 346 355 362 371 378 376 369 369 374 395 427 452 466 449 428 408 396 392 394 400 408 419 435 457 486 519 547 571 581 581 564 543 529 510 479 446 415 396 373 359 353 356 363 368 372 375 376 370 358 350 343 338 334 332 333 330 335 340 349 360 379 403 431 448 458 467 471 468 454 432 405 381 365 352 346 347 347 323 345 369 383 386
312 315 320 327 335 346 348 344 342 332 328 330 326 323 323 329 340 356 368 377 386 395 405 407 393 381 385 403 437 466 474 456 434 417 407 402 403 408 419 432 440 459 485 526 567 601 620 620 593 550 511 483 462 444 427 406 374 362 360 365 377 386 395 397 391 379 365 354 346 342 339 339 340 336 333 337 344 353 363 377 403 429 454 477 489 485 463 440 418 395 383 366 357 354 348 331 338 373 390 393
317 322 327 334 343 356 365 366 362 347 342 345 343 340 339 348 360 377 392 407 419 422 420 417 404 404 422 433 448 474 484 468 448 440 430 418 415 425 459 470 451 466 496 552 599 627 656 649 589 533 484 460 446 429 410 390 374 370 368 372 387 407 433 438 416 394 374 360 351 349 351 351 350 345 337 337 342 349 357 366 380 403 429 463 482 491 474 447 428 412 404 389 370 357 347 336 339 373 390 397
323 329 335 344 355 372 385 383 373 357 357 366 370 363 359 366 388 409 421 430 433 425 416 414 417 444 465 477 482 488 490 479 470 466 455 436 430 448 476 482 466 490 525 570 596 620 647 650 561 486 462 444 430 418 400 386 383 382 379 382 395 429 478 487 459 415 385 367 359 361 373 376 369 359 349 340 341 347 354 362 372 385 398 422 447 468 470 455 435 422 411 395 378 359 347 338 340 365 379 390
330 337 347 357 371 395 404 392 378 371 379 391 401 396 387 386 409 422 421 420 420 413 407 416 435 459 483 500 504 504 502 500 500 496 477 457 452 465 490 492 484 496 524 549 560 590 631 648 599 499 441 428 417 406 399 398 400 400 393 392 402 434 485 505 498 453 398 376 369 372 389 403 395 377 363 350 346 347 352 359 367 373 380 390 406 428 453 452 432 418 404 387 371 360 352 342 339 355 365 370
337 347 359 374 393 417 414 400 390 388 400 416 419 413 405 391 385 395 393 391 392 395 402 423 450 469 488 503 504 502 510 525 536 532 503 484 477 488 507 512 504 507 509 524 546 576 618 637 605 512 445 430 423 422 424 428 424 420 408 403 413 435 477 513 512 481 422 386 379 381 395 414 420 400 377 362 355 351 350 355 360 365 371 379 391 410 438 438 422 407 393 382 375 368 354 344 340 346 352 352
351 362 375 392 417 429 424 413 406 405 417 425 420 416 408 393 370 367 371 373 378 390 408 434 457 469 476 483 487 488 512 545 569 574 546 519 507 512 526 533 533 539 533 542 572 598 619 624 604 548 497 475 458 460 469 464 450 441 428 420 426 449 492 524 518 487 438 401 391 391 401 418 427 416 391 376 366 358 354 354 357 361 367 378 392 413 434 435 420 403 389 383 377 367 357 350 343 342 345 347
371 381 397 420 442 447 444 434 424 415 410 408 405 401 392 380 365 359 363 369 384 403 427 445 449 444 439 438 450 468 503 544 583 591 570 550 537 538 548 554 553 555 551 553 573 602 617 613 600 586 561 538 513 517 522 508 487 472 457 448 446 469 509 533 523 497 451 416 404 404 415 429 435 424 405 392 383 372 363 359 359 362 369 382 403 427 440 437 421 401 383 372 371 367 364 358 348 343 345 349
392 403 422 447 463 466 463 454 438 418 396 385 383 380 371 361 353 353 359 371 388 406 423 432 425 408 386 391 420 459 491 532 567 582 571 551 536 535 547 558 560 552 539 541 551 567 576 577 575 583 586 580 559 546 535 520 509 502 493 481 474 484 513 529 523 500 469 435 416 418 437 455 455 439 422 411 406 398 382 371 366 365 372 388 412 438 449 439 419 395 376 365 361 360 359 355 347 344 347 352
398 409 430 452 464 463 458 451 438 414 385 367 361 357 348 343 346 354 366 376 390 400 407 406 392 375 368 391 421 455 483 512 543 555 549 533 517 515 530 547 554 538 509 499 510 512 516 526 525 549 570 571 558 531 505 494 497 503 506 491 469 466 488 511 520 501 473 443 429 431 455 485 487 463 443 433 431 433 414 393 379 372 376 390 412 439 452 441 418 394 376 365 358 353 351 348 346 346 351 354
388 403 424 438 440 440 435 434 428 410 382 356 344 338 334 338 349 366 382 389 389 389 386 379 367 358 363 385 411 438 463 487 514 524 515 500 490 492 509 526 534 520 490 462 461 456 445 459 477 504 519 519 519 497 468 458 465 481 483 465 434 422 444 471 499 501 478 460 446 443 459 484 488 483 466 464 464 462 453 428 403 384 380 392 412 436 449 444 419 394 378 365 357 352 350 350 353 352 349 339
379 394 407 414 405 400 396 399 403 392 370 349 334 327 331 341 355 372 390 396 389 376 363 356 346 346 358 375 404 422 440 466 490 502 500 484 470 468 477 488 498 493 463 438 423 412 401 405 431 452 458 461 461 445 426 421 437 451 447 428 398 383 402 435 475 487 479 471 461 454 456 466 463 467 467 473 474 470 463 449 422 397 385 391 408 427 438 434 414 390 375 364 357 355 357 356 357 356 349 331
383 392 398 394 379 362 355 367 371 360 348 335 321 318 330 342 355 369 382 388 381 367 347 344 335 341 356 372 396 408 425 457 475 486 491 478 457 448 447 452 462 458 429 405 395 388 378 374 381 394 405 404 400 389 382 389 409 422 414 393 372 364 372 397 433 438 444 455 466 453 438 434 429 434 440 450 461 463 456 443 424 405 391 389 398 414 425 420 399 382 371 362 358 360 360 358 356 348 335 318
380 384 385 377 363 342 331 335 337 335 329 318 304 317 328 337 346 355 362 365 360 349 336 324 328 339 356 373 384 392 409 442 457 453 455 455 441 433 431 433 441 443 416 384 374 365 358 354 350 352 356 356 351 345 347 357 374 387 382 369 354 349 353 365 384 387 398 420 435 426 406 390 392 398 403 415 435 452 453 439 420 403 390 385 391 404 415 410 387 375 368 364 365 361 354 340 325 324 327 325
363 367 369 365 352 334 318 308 306 306 288 282 299 309 316 323 328 335 339 342 337 330 321 317 328 340 354 366 370 377 391 418 429 422 415 419 421 420 422 425 430 429 408 377 362 352 344 339 335 331 329 326 321 321 325 327 335 348 349 344 335 335 341 347 350 352 361 381 394 392 375 364 366 372 379 395 417 450 477 455 421 398 381 375 387 402 408 395 370 374 373 369 362 348 337 346 363 378 378 364
347 353 354 350 337 321 306 288 280 276 261 278 293 288 286 273 266 289 308 296 295 308 310 319 331 341 349 354 358 363 378 398 408 401 393 393 402 410 415 421 427 427 414 387 359 343 335 328 323 317 313 310 307 308 309 307 308 319 322 322 320 323 330 336 332 331 338 354 373 376 352 344 346 353 362 376 395 426 463 459 422 393 370 366 385 395 391 366 352 370 370 366 356 346 371 385 392 395 395 385
335 341 343 337 328 311 288 269 264 259 254 264 253 232 228 231 237 234 245 258 289 310 321 327 331 337 341 343 347 350 360 371 381 380 378 385 395 405 415 425 434 441 430 402 368 340 326 319 313 308 302 299 298 298 298 296 295 299 301 303 306 311 315 319 318 318 323 333 344 347 332 327 329 336 343 354 369 386 403 406 392 374 346 357 376 376 364 340 337 354 361 359 352 363 379 386 389 396 408 412
326 328 327 322 320 299 259 246 247 233 238 227 243 255 256 268 278 284 260 253 285 315 323 328 330 331 332 333 335 338 341 332 337 350 366 384 400 411 423 437 447 453 438 406 370 340 320 311 305 299 294 291 289 289 289 287 285 284 286 290 294 299 301 303 305 307 308 312 318 317 312 312 315 321 331 342 353 360 360 355 348 342 322 336 349 345 336 320 332 363 365 360 356 362 362 365 365 395 416 430
320 317 312 301 277 234 221 231 228 239 234 251 286 298 301 303 302 300 304 271 243 302 320 324 324 323 322 322 320 324 316 318 342 366 380 397 414 428 436 449 461 466 436 400 368 343 321 305 298 293 288 285 283 283 283 282 279 276 277 279 283 288 291 294 296 297 297 298 301 303 300 299 302 309 319 328 335 336 331 324 321 322 308 311 318 317 314 314 336 348 350 348 344 347 342 341 358 389 409 426
312 303 295 278 223 226 269 292 300 301 288 305 312 320 321 323 318 314 318 302 248 260 281 290 306 309 309 313 299 296 310 333 363 385 401 415 439 451 445 451 460 466 438 404 380 351 325 304 291 286 282 278 276 277 279 280 279 272 269 270 272 276 280 284 288 288 288 288 292 296 293 287 289 294 298 303 306 307 306 304 303 301 292 294 301 307 303 315 324 325 327 327 328 332 329 341 354 369 387 414
291 274 262 219 228 264 285 301 311 312 309 314 324 331 336 338 331 328 329 311 294 255 243 243 247 254 257 274 257 300 323 349 380 401 416 433 450 454 441 436 439 444 427 405 390 361 331 310 295 279 272 269 268 271 276 279 278 270 262 262 263 267 272 275 279 280 280 282 287 288 282 274 273 273 277 279 281 284 290 294 292 287 282 290 303 308 301 309 312 309 310 311 316 319 324 337 345 355 377 411
246 232 214 229 266 282 296 310 320 326 327 328 336 343 349 350 346 344 341 338 327 281 249 246 245 245 246 247 248 269 328 356 383 404 422 431 432 432 420 406 407 411 404 396 388 363 335 314 301 290 279 262 258 265 273 274 271 264 255 255 258 262 266 270 273 272 274 275 279 276 269 263 260 260 264 266 270 276 284 288 284 280 279 293 305 305 296 302 304 298 303 312 320 335 347 352 360 374 402 441
210 212 241 256 282 299 310 322 334 341 344 345 349 354 359 360 359 356 350 349 340 308 279 289 293 281 264 256 249 258 323 350 370 387 404 402 399 403 391 365 367 375 378 383 383 361 335 315 301 289 280 270 251 254 264 267 264 258 250 250 257 260 261 265 267 265 268 261 262 260 257 254 253 253 256 259 265 271 277 279 276 272 279 292 301 303 294 295 294 308 321 329 335 346 360 378 396 407 437 485
266 290 300 289 293 311 324 335 347 355 359 361 360 363 366 368 369 367 361 359 348 321 332 335 332 320 305 302 258 264 315 337 351 363 375 372 373 376 359 325 330 343 356 372 379 359 336 316 302 289 278 268 256 243 258 263 261 254 242 253 262 260 258 260 258 255 259 250 247 249 248 247 247 249 254 257 262 266 269 270 268 269 282 295 304 305 295 288 304 317 324 328 335 345 361 390 416 425 451 483
311 314 316 313 308 317 330 344 358 366 371 373 371 372 374 377 379 379 376 371 363 353 355 358 358 349 334 320 270 252 274 317 313 317 341 342 347 346 324 298 305 319 342 366 379 362 341 325 311 295 282 271 262 246 242 258 258 251 240 260 267 265 260 256 250 244 247 244 243 247 245 243 245 249 252 254 258 262 264 264 264 273 285 298 307 309 296 294 306 313 315 318 327 343 362 386 408 420 434 449
329 328 331 329 325 325 335 352 366 378 385 386 382 381 383 387 390 391 387 381 374 370 368 371 373 364 356 350 331 288 260 253 250 247 274 306 316 311 286 278 291 309 331 360 376 366 351 338 321 303 288 278 269 257 238 239 252 248 238 259 267 269 267 263 254 242 239 237 241 245 244 241 248 250 249 252 257 259 259 260 271 282 292 300 306 307 299 289 299 301 306 314 325 343 362 376 388 399 406 410
332 336 342 342 338 338 345 359 373 387 398 400 395 392 392 396 400 402 398 392 386 383 383 385 385 379 373 368 364 349 325 302 284 263 242 261 276 274 260 273 285 303 326 356 374 372 361 350 331 310 294 283 273 259 250 246 235 235 234 252 261 266 264 260 253 241 235 235 240 244 244 240 244 246 250 252 251 253 255 264 277 288 294 300 303 300 293 280 288 307 322 334 346 353 360 363 364 370 372 373
328 340 351 354 351 351 356 365 379 401 422 425 414 406 406 409 415 419 415 405 401 401 403 403 400 395 391 387 381 368 351 334 317 291 265 240 245 250 252 258 274 291 319 354 375 377 365 357 338 315 298 285 274 265 263 263 260 248 227 242 255 260 256 252 246 236 231 235 241 242 237 240 248 252 256 258 257 255 257 264 274 284 288 293 294 287 281 276 291 311 328 342 355 358 355 347 340 346 345 346
326 343 360 367 369 368 369 375 388 411 434 439 424 418 420 422 429 438 430 419 421 429 432 427 416 411 409 406 402 389 371 348 326 302 282 256 236 245 247 248 264 282 306 346 372 372 357 349 334 313 295 283 272 264 262 261 257 243 225 244 251 255 251 246 242 233 233 239 242 237 237 247 251 254 255 257 259 261 262 264 270 275 276 281 282 276 271 285 300 316 328 340 349 352 346 330 323 331 329 339
325 349 371 386 392 392 387 387 394 407 423 429 416 407 411 422 436 440 431 426 431 442 444 437 427 425 427 426 424 408 386 360 332 308 286 261 232 232 232 237 254 277 298 329 353 347 335 328 320 300 293 284 273 261 253 254 250 227 239 246 243 248 245 246 245 230 233 236 235 234 242 246 249 250 251 250 255 260 263 266 268 267 265 270 272 266 270 288 305 318 325 332 339 340 336 325 310 316 320 332
326 359 392 420 428 423 407 395 391 392 395 395 386 385 394 413 428 429 422 420 427 435 430 426 426 431 439 443 442 430 408 378 343 316 291 267 242 228 222 227 242 261 273 294 318 312 297 299 301 294 298 295 282 265 249 243 239 218 230 234 238 241 237 239 229 226 227 229 230 232 237 239 241 242 245 242 246 249 257 262 264 260 258 263 261 265 279 293 305 313 315 321 326 326 324 317 298 291 289 306
320 353 390 422 434 432 415 398 384 374 367 360 356 363 377 395 408 410 403 407 420 419 411 411 418 432 446 456 457 446 428 398 360 325 296 269 248 234 217 210 223 233 245 264 282 285 280 280 286 290 296 296 287 265 249 234 219 222 251 251 248 247 234 227 230 233 233 244 244 248 247 247 256 256 249 254 262 259 250 252 254 258 262 259 265 267 277 288 299 306 305 311 313 316 317 309 310 324 316 290
313 342 367 392 408 417 409 396 381 362 347 336 336 346 364 379 384 385 381 390 406 401 393 399 415 434 451 466 468 458 454 425 379 336 299 269 245 227 212 199 204 221 236 245 253 262 259 263 270 273 280 286 282 262 247 232 204 238 241 235 240 242 228 226 236 238 239 247 253 259 261 255 261 262 255 261 269 271 266 257 263 269 268 261 270 270 272 281 289 296 298 304 305 310 308 308 321 332 329 315
296 319 338 360 380 398 398 389 379 357 338 322 319 328 344 358 357 355 355 364 376 375 374 387 409 431 444 450 448 440 443 447 396 345 305 269 243 227 210 195 198 218 217 233 238 242 247 250 253 252 256 266 269 255 242 225 199 211 214 243 234 229 223 229 238 245 244 252 258 265 267 264 268 269 264 266 275 279 279 271 265 269 269 263 270 279 277 284 289 292 293 296 299 303 304 314 325 334 329 314
268 297 316 334 352 368 377 373 365 348 327 303 293 299 316 328 327 319 323 328 336 343 347 362 382 402 415 416 408 394 393 393 368 332 293 260 237 221 207 190 194 207 207 218 225 230 232 234 238 235 239 250 251 245 234 208 200 211 224 264 263 237 232 242 247 251 250 257 262 269 272 272 275 278 277 275 284 289 288 281 275 273 277 275 272 279 282 286 290 291 290 294 301 306 312 322 334 340 334 315
228 265 294 313 329 344 357 357 347 330 303 279 267 275 293 308 299 287 293 296 299 307 320 341 359 367 372 371 360 351 353 349 329 300 272 248 222 206 202 187 192 199 203 207 211 217 219 221 228 228 234 239 243 244 231 195 224 241 267 280 274 255 241 255 258 257 253 260 266 273 278 280 283 287 288 288 294 296 295 288 281 280 288 289 290 280 278 288 290 291 287 292 301 307 315 326 335 339 334 317
216 228 266 293 313 330 344 348 338 310 277 257 249 254 267 279 273 269 275 275 272 277 299 325 350 344 334 328 324 320 324 327 306 281 257 240 215 188 185 189 195 194 196 200 203 207 212 216 221 231 236 239 241 240 230 191 228 257 274 276 263 246 249 263 269 267 259 263 267 274 280 286 290 295 297 298 302 303 301 295 294 291 299 303 305 301 294 282 283 288 287 293 302 310 318 327 333 334 329 314
229 215 231 272 302 316 328 331 323 292 256 237 230 229 237 240 241 244 253 254 253 263 280 296 313 314 306 299 295 292 296 304 287 268 249 236 210 176 190 206 213 206 205 208 208 213 219 223 228 238 244 243 234 228 199 218 233 249 264 259 248 240 252 269 275 272 265 259 264 271 279 286 290 293 298 303 306 309 310 308 307 304 312 318 321 315 311 306 300 301 296 297 306 313 321 329 333 331 322 309
203 205 215 231 271 291 300 299 289 262 239 234 227 220 230 236 237 230 229 233 237 247 264 276 287 284 277 268 267 263 262 269 256 244 236 228 209 170 196 212 218 215 218 221 221 224 230 231 231 237 240 236 213 185 195 235 240 245 248 240 239 232 249 266 270 262 247 252 259 260 271 280 285 287 293 303 310 317 321 320 318 315 326 333 335 334 333 328 317 312 306 301 308 316 324 331 335 332 322 309
186 205 215 216 226 244 262 265 255 235 230 220 218 210 223 227 224 214 218 221 226 231 238 245 249 247 242 237 234 231 233 235 226 215 211 209 189 163 192 207 212 215 218 226 224 226 234 235 225 219 222 201 174 184 223 222 220 225 222 219 229 223 239 246 234 230 238 243 250 254 260 269 275 279 286 299 312 325 334 334 330 326 337 346 349 352 353 348 335 324 315 312 315 321 328 334 337 334 321 309
196 207 221 224 220 222 227 232 228 223 219 205 204 207 219 218 214 202 205 208 218 224 227 225 223 222 211 209 208 201 200 196 190 182 182 181 167 157 180 200 204 209 218 223 220 219 216 202 189 190 194 179 169 174 186 188 187 195 201 206 222 216 218 214 219 235 251 256 260 267 271 279 281 278 282 293 308 324 340 346 344 341 348 357 362 364 368 367 352 337 323 327 331 334 338 342 342 336 315 294
195 206 215 219 219 221 221 222 223 218 192 189 199 204 212 206 200 187 192 206 210 212 213 207 202 200 187 188 188 181 178 175 167 162 162 161 156 153 164 183 187 204 208 198 190 183 173 160 160 164 168 164 166 179 198 193 188 182 184 207 223 209 198 206 217 232 246 257 262 271 281 290 295 293 289 297 308 325 342 352 354 353 356 361 365 367 371 374 367 347 333 337 345 349 352 355 353 340 316 284
193 202 209 212 216 220 217 219 222 212 190 172 183 198 200 187 173 172 190 199 201 197 198 188 181 176 168 167 167 163 160 154 151 148 145 145 151 159 164 171 179 197 200 179 164 160 160 188 214 199 169 184 216 221 235 241 239 217 199 196 213 200 212 220 227 233 241 250 256 269 282 292 300 301 297 305 316 329 340 349 353 355 355 354 356 358 362 367 368 353 343 347 354 361 367 371 370 347 312 282
184 197 206 210 211 213 207 205 208 205 193 166 162 185 184 173 152 168 186 193 192 185 181 174 163 159 154 154 155 150 147 141 139 138 139 142 145 152 159 165 171 186 186 161 153 166 201 217 229 233 224 195 237 246 249 257 252 234 213 196 208 202 216 226 238 253 260 263 267 273 282 296 304 307 303 309 319 326 330 337 341 345 342 339 340 341 345 352 356 353 351 354 360 371 378 376 368 344 308 284
156 196 209 212 206 205 194 197 201 202 195 177 150 170 175 162 149 175 182 186 183 175 166 160 151 145 141 143 144 141 137 136 144 161 167 142 163 163 158 162 163 169 164 157 183 198 213 227 235 247 250 206 233 254 258 266 267 261 249 203 210 225 241 241 241 254 261 266 274 282 293 303 310 313 311 313 316 314 312 316 318 326 324 319 321 322 326 333 340 345 350 354 359 366 372 370 353 325 298 283
134 151 194 190 179 185 183 192 195 189 160 150 141 147 146 150 140 149 174 179 179 169 151 144 140 136 136 137 137 135 138 144 157 169 178 148 168 177 173 168 151 153 152 160 183 204 218 230 242 258 263 250 237 258 266 275 284 281 266 242 202 241 260 266 267 271 275 281 289 297 305 311 316 317 317 317 316 308 296 293 296 307 304 299 304 306 312 317 325 335 341 345 348 348 350 347 330 304 283 278
134 135 146 147 151 148 157 173 179 159 134 134 134 134 134 135 134 134 137 146 146 135 138 134 135 136 134 135 139 162 166 155 155 168 175 152 174 183 187 165 149 150 157 185 193 208 219 230 242 254 261 262 257 250 266 277 288 285 270 238 207 254 271 273 278 283 289 297 304 310 315 318 318 318 316 316 316 311 298 281 284 295 290 289 296 295 304 311 320 328 329 329 327 316 317 315 303 285 268 270
