# 100 100
134 134 134 134 134 134 134 134 134 134 134 134 134 134 134 134 134 134 134 134 134 134 134 134 134 134 134 134 134 134 134 134 134 152 200 220 214 219 226 220 227 242 249 256 271 280 285 289 281 271 265 274 287 292 303 310 313 318 324 338 355 371 373 362 363 391 405 398 398 397 395 411 433 452 453 440 427 419 420 412 396 391 393 392 384 385 373 371 370 354 347 340 342 345 348 349 348 343 335 330
134 134 134 134 134 134 134 134 134 134 134 134 134 134 134 134 134 134 134 134 134 134 134 134 134 134 134 134 134 134 134 134 134 139 177 211 207 194 204 205 218 230 235 247 262 265 269 272 263 252 259 271 280 284 288 292 300 308 322 339 346 351 348 345 362 396 433 414 396 385 392 415 440 448 438 424 415 409 408 406 396 384 380 379 379 380 380 371 359 351 344 338 342 345 349 352 352 346 339 335
134 134 134 134 134 134 134 134 134 134 134 134 134 134 134 134 134 134 134 134 134 134 134 134 134 134 134 134 134 134 134 134 134 134 140 155 165 174 204 212 216 227 230 235 241 243 249 250 241 245 255 261 265 268 280 294 303 315 328 333 332 333 326 341 358 389 425 441 410 380 388 410 419 419 414 409 413 415 404 406 400 389 384 393 387 387 387 377 359 347 340 335 335 347 350 353 357 351 341 334
134 134 134 134 134 134 134 134 134 134 134 134 134 134 134 134 134 134 134 134 134 134 134 134 134 134 134 134 134 134 134 134 134 134 134 138 152 163 182 198 209 225 233 228 229 229 229 230 238 244 249 260 263 266 283 296 306 312 314 314 314 317 318 336 352 373 411 438 427 389 374 391 387 399 401 398 409 403 392 394 390 386 390 396 391 390 386 376 359 347 341 334 333 348 348 354 357 351 340 335
134 134 134 134 134 134 134 134 134 134 134 134 134 134 134 134 134 134 134 134 134 134 134 134 134 134 134 134 134 134 134 134 134 134 134 134 136 145 166 180 198 205 214 210 213 215 205 214 222 230 240 250 259 267 278 282 288 292 294 298 302 303 305 320 348 375 399 407 415 409 379 358 366 385 391 386 395 387 382 384 382 380 390 399 390 383 377 369 357 344 336 329 330 340 341 345 348 343 339 341
134 134 134 134 134 134 134 134 134 134 134 134 134 134 134 134 134 134 134 134 134 134 134 134 134 134 134 134 134 134 134 134 134 134 134 134 134 135 139 151 173 176 180 184 188 191 216 228 233 241 247 255 262 266 269 267 270 274 279 285 297 297 306 324 361 386 386 375 382 396 389 365 347 367 367 368 380 379 377 377 370 372 388 397 395 380 366 361 352 342 341 326 323 333 337 339 339 340 343 335
134 134 134 134 134 134 134 134 134 134 134 134 134 134 134 134 134 134 134 134 134 134 134 134 134 134 134 134 134 134 134 134 134 134 134 134 134 134 134 140 151 156 158 163 185 206 218 228 234 239 243 249 255 259 261 258 263 272 277 284 292 290 305 326 345 360 355 351 359 369 363 362 359 340 335 359 366 367 371 370 363 379 386 397 396 384 364 354 350 342 344 323 316 325 333 337 337 341 341 336
134 134 134 134 134 134 134 134 134 134 134 134 134 134 134 134 134 134 134 134 134 134 134 134 134 134 134 134 134 134 134 134 134 134 134 134 134 134 134 137 143 152 156 158 184 205 214 220 227 231 230 235 240 241 247 257 268 272 271 272 276 288 303 318 323 338 342 333 341 340 336 351 365 361 327 336 355 358 361 355 358 372 379 385 386 380 365 354 349 345 347 326 313 312 331 342 343 345 342 338
134 134 134 134 134 134 134 134 134 134 134 134 134 134 134 134 134 134 134 134 134 134 134 134 134 134 134 134 134 134 134 134 134 134 134 134 134 134 134 135 136 142 149 150 164 178 186 189 195 198 207 214 215 224 238 247 258 265 255 260 275 292 303 308 314 320 323 313 312 311 320 333 345 350 353 318 311 338 337 340 362 373 381 384 384 380 372 357 349 344 334 319 308 310 328 343 351 356 349 340
134 134 134 134 134 134 134 134 134 134 134 134 134 134 134 134 134 134 134 134 134 134 134 134 134 134 134 134 134 134 134 134 134 134 134 134 134 134 134 134 137 138 140 143 151 158 164 173 175 182 195 201 210 221 224 232 236 250 243 259 273 283 285 287 293 298 298 293 296 298 304 314 320 336 359 354 301 289 314 340 363 376 383 384 381 382 376 359 344 336 323 309 307 320 335 344 357 359 348 339
134 134 134 134 134 134 134 134 134 134 134 134 134 134 134 134 134 134 134 134 134 134 134 134 134 134 134 134 134 134 134 134 134 134 134 134 134 134 134 134 137 138 139 140 141 150 152 154 163 174 179 184 197 208 211 217 214 229 229 241 261 272 276 281 292 295 289 287 290 281 281 282 292 307 329 341 343 314 279 318 352 367 378 379 371 376 376 361 344 332 318 303 303 320 340 347 351 348 336 329
134 134 134 134 134 134 134 134 134 134 134 134 134 134 134 134 134 134 134 134 134 134 134 134 134 134 134 134 134 134 134 134 134 134 134 134 134 134 134 134 138 139 139 142 140 140 143 150 168 186 193 189 182 189 195 197 200 214 227 243 257 266 268 271 274 274 265 263 261 238 230 223 228 232 244 259 274 285 274 285 324 339 352 351 356 364 365 356 348 338 320 312 299 315 327 333 333 330 323 318
134 134 134 134 134 134 134 134 134 134 134 134 134 134 134 134 134 134 134 134 134 134 134 134 134 134 134 134 134 134 134 134 134 134 134 134 134 134 134 134 137 142 150 170 168 149 141 141 154 176 188 197 197 206 216 221 219 221 226 236 247 249 248 250 246 242 234 239 218 200 213 223 224 228 228 234 235 235 241 251 265 274 302 328 344 355 356 349 347 343 323 306 293 312 314 320 325 322 314 308
134 134 134 134 134 134 134 134 134 134 134 134 134 134 134 134 134 134 134 134 134 134 134 134 134 134 134 134 134 134 134 134 134 134 134 134 134 134 134 134 137 142 147 173 193 194 171 156 143 154 176 184 200 206 214 223 231 231 233 239 235 233 229 225 222 206 203 198 207 223 252 273 287 296 296 301 300 297 295 289 289 269 262 301 334 343 346 338 336 338 328 306 288 304 312 315 315 310 310 304
134 134 134 134 134 134 134 134 134 134 134 134 134 134 134 134 134 134 134 134 134 134 134 134 134 134 134 134 134 134 134 134 134 134 134 134 134 134 134 134 136 141 143 160 182 199 206 192 169 146 143 146 162 183 193 199 221 234 237 248 241 220 206 191 184 189 200 223 252 268 280 289 301 317 328 329 326 324 322 319 311 295 291 282 292 311 320 315 311 317 313 294 284 297 306 304 301 301 302 305
134 134 134 134 134 134 134 134 134 134 134 134 134 134 134 134 134 134 134 134 134 134 134 134 134 134 134 134 134 134 134 134 134 134 134 134 134 134 134 134 135 138 141 147 186 191 197 202 192 172 157 146 144 146 152 161 186 211 223 237 242 217 199 177 200 237 269 286 298 318 331 328 324 324 332 342 338 332 324 316 313 318 316 308 291 279 289 298 285 288 288 280 284 293 289 294 301 302 301 302
134 134 134 134 134 134 134 134 134 134 134 134 134 134 134 134 134 134 134 134 134 134 134 134 134 134 134 134 134 134 134 134 134 134 134 134 134 134 134 134 134 134 138 143 173 194 196 199 199 188 177 166 150 146 146 146 150 172 195 204 205 187 175 206 229 249 273 295 319 343 357 351 352 347 337 334 332 328 323 323 324 329 327 318 302 290 282 279 284 286 283 279 284 295 301 310 310 297 303 303
134 134 134 134 134 134 134 134 134 134 134 134 134 134 134 134 134 134 134 134 134 134 134 134 134 134 134 134 134 134 134 134 134 134 134 134 134 134 134 134 134 134 135 141 155 186 196 196 195 189 186 185 180 164 153 148 148 152 170 180 172 168 199 240 263 278 277 284 297 316 327 336 353 361 351 339 328 331 333 335 336 339 332 316 305 303 301 296 303 313 318 303 287 310 321 319 312 285 295 296
134 134 134 134 134 134 134 134 134 134 134 134 134 134 134 134 134 134 134 134 134 134 134 134 134 134 134 134 134 134 134 134 134 134 134 134 134 134 134 134 134 134 134 139 147 178 174 189 208 203 196 193 193 190 179 154 149 151 154 160 172 188 218 242 267 291 296 277 264 275 303 329 340 353 351 341 333 333 340 343 339 331 324 320 320 322 323 316 316 316 317 308 292 300 312 298 280 270 277 286
134 134 134 134 134 134 134 134 134 134 134 134 134 134 134 134 134 134 134 134 134 134 134 134 134 134 134 134 134 134 134 134 134 134 134 134 134 134 134 134 134 134 134 137 143 161 166 181 194 201 206 201 202 201 190 162 150 153 157 163 175 199 224 232 242 267 276 270 245 250 282 307 317 333 342 341 336 335 339 341 341 343 338 327 328 331 326 313 310 305 301 296 279 274 276 261 254 249 254 255
134 134 134 134 134 134 134 134 134 134 134 134 134 134 134 134 134 134 134 134 134 134 134 134 134 134 134 134 134 134 134 134 134 134 134 134 134 134 134 134 134 134 134 135 142 159 171 185 195 201 209 208 212 210 194 162 151 151 157 165 182 198 210 217 215 224 241 249 234 235 253 274 296 311 322 326 330 340 343 345 349 350 343 329 323 320 308 300 296 288 280 271 259 257 261 251 243 244 244 238
134 134 134 134 134 134 134 134 134 134 134 134 134 134 134 134 134 134 134 134 134 134 134 134 134 134 134 134 134 134 134 134 134 134 134 134 134 134 134 134 134 134 134 134 141 154 183 189 192 200 205 204 214 224 226 205 182 166 152 160 165 173 181 190 193 197 219 229 235 254 262 257 274 291 306 318 332 340 342 336 338 340 338 331 325 323 309 293 280 273 273 267 271 284 289 286 282 286 295 277
134 134 134 134 134 134 134 134 134 134 134 134 134 134 134 134 134 134 134 134 134 134 134 134 134 134 134 134 134 134 134 134 134 134 134 134 134 134 134 134 134 134 134 134 139 148 193 195 197 205 214 216 231 262 287 307 263 215 160 156 161 164 177 199 208 206 204 219 251 267 283 294 290 297 305 321 334 339 335 323 321 320 318 315 317 314 309 295 286 281 284 287 292 296 301 306 308 314 312 291
134 134 134 134 134 134 134 134 134 134 134 134 134 134 134 134 134 134 134 134 134 134 134 134 134 134 134 134 134 134 134 134 134 134 134 134 134 134 134 134 134 134 134 134 136 143 169 177 178 186 194 204 216 249 299 347 365 312 221 168 156 161 183 214 234 227 203 212 244 265 281 294 311 312 304 303 316 318 313 315 317 313 310 306 308 313 304 296 290 291 298 299 302 303 298 303 307 305 299 285
134 134 134 134 134 134 134 134 134 134 134 134 134 134 134 134 134 134 134 134 134 134 134 134 134 134 134 134 134 134 134 134 134 134 134 134 134 134 134 134 134 134 134 134 135 142 157 177 182 179 184 190 199 212 238 290 350 351 285 220 196 170 158 209 231 207 187 193 202 227 248 259 274 287 291 283 284 287 292 303 305 309 302 295 297 308 310 295 293 300 304 301 301 294 286 292 291 285 281 275
134 134 134 134 134 134 134 134 134 134 134 134 134 134 134 134 134 134 134 134 134 134 134 134 134 134 134 134 134 134 134 134 134 134 134 134 134 134 134 134 134 134 134 134 134 140 157 183 190 193 185 187 199 207 214 231 256 276 265 246 237 193 157 187 202 187 179 193 190 199 213 218 223 234 241 256 257 260 272 287 300 300 289 279 295 303 304 301 308 298 293 292 287 276 275 278 271 269 267 264
134 134 134 134 134 134 134 134 134 134 134 134 134 134 134 134 134 134 134 134 134 134 134 134 134 134 134 134 134 134 134 134 134 134 134 134 134 134 134 134 134 134 134 134 134 138 153 184 199 207 207 199 205 211 213 216 225 227 220 214 201 170 162 173 181 169 174 166 164 173 184 186 192 202 204 210 228 254 278 290 289 277 264 297 312 309 305 301 301 298 292 281 274 266 265 264 262 260 259 250
134 134 134 134 134 134 134 134 134 134 134 134 134 134 134 134 134 134 134 134 134 134 134 134 134 134 134 134 134 134 134 134 134 134 134 134 134 134 134 134 134 134 134 134 134 138 150 175 185 194 204 206 203 203 210 213 214 214 207 196 183 168 157 158 160 164 161 161 160 162 172 180 171 170 175 186 214 229 236 250 259 244 271 301 312 308 298 297 304 300 295 283 280 274 267 265 264 257 245 237
134 134 134 134 134 134 134 134 134 134 134 134 134 134 134 134 134 134 134 134 134 134 134 134 134 134 134 134 134 134 134 134 134 134 134 134 134 134 134 134 134 134 134 134 134 137 150 188 196 201 205 200 197 194 197 201 198 198 202 201 197 187 184 180 187 181 182 185 172 161 162 163 163 163 163 166 177 184 198 209 213 229 259 292 303 294 285 296 301 298 296 299 298 291 281 271 262 252 233 222
134 134 134 134 134 134 134 134 134 134 134 134 134 134 134 134 134 134 134 134 134 134 134 134 134 134 134 134 134 134 134 134 134 134 134 134 134 134 134 134 134 134 134 134 134 136 147 190 209 214 216 216 211 203 204 208 207 205 205 202 200 204 210 206 201 204 211 205 204 185 167 167 174 170 169 166 163 167 178 183 184 190 200 220 257 276 265 276 290 294 297 298 301 300 287 270 256 245 226 208
134 134 134 134 134 134 134 134 134 134 134 134 134 134 134 134 134 134 134 134 134 134 134 134 134 134 134 134 134 134 134 134 134 134 134 134 134 134 134 134 134 134 134 134 134 138 176 175 189 200 208 215 218 219 220 225 229 228 221 209 213 231 233 227 236 252 248 228 215 207 193 182 171 175 179 176 169 166 171 170 169 169 171 174 190 216 228 257 277 289 295 296 293 290 273 260 249 238 218 196
134 134 134 134 134 134 134 134 134 134 134 134 134 134 134 134 134 134 134 134 134 134 134 134 134 134 134 134 134 134 134 134 134 134 134 134 134 134 134 134 134 134 134 134 134 149 209 196 190 197 200 206 210 219 225 235 240 250 252 243 241 256 255 260 272 281 276 263 237 221 208 193 185 190 199 192 183 178 168 176 178 169 167 167 169 179 190 207 243 260 275 278 268 259 250 244 235 224 206 183
134 134 134 134 134 134 134 134 134 134 134 134 134 134 134 134 134 134 134 134 134 134 134 134 134 134 134 134 134 134 134 134 134 134 134 134 134 134 134 134 134 134 134 134 134 152 223 212 206 204 207 209 206 212 221 229 240 249 263 275 278 281 285 287 282 287 292 295 283 267 253 236 223 216 218 216 197 183 176 180 188 182 172 168 167 168 170 170 182 215 228 236 228 226 227 227 220 209 189 180
134 134 134 134 134 134 134 134 134 134 134 134 134 134 134 134 134 134 134 134 134 134 134 134 134 134 134 134 134 134 134 134 134 134 134 134 134 134 134 134 134 134 134 134 134 149 197 209 215 216 218 211 215 210 213 221 232 243 256 269 283 290 298 298 293 288 292 297 295 286 285 283 270 258 247 247 229 194 206 213 215 196 187 187 183 172 169 169 170 179 181 191 189 205 209 197 189 182 179 181
134 134 134 134 134 134 134 134 134 134 134 134 134 134 134 134 134 134 134 134 134 134 134 134 134 134 134 134 134 134 134 134 134 134 134 134 134 134 134 134 134 134 134 134 134 136 158 191 209 217 210 212 217 220 221 223 231 237 243 254 258 263 270 275 279 275 274 277 277 280 283 285 292 293 276 260 239 204 224 252 261 250 229 216 208 195 180 172 170 170 171 171 172 175 174 174 174 174 178 200
134 134 134 134 134 134 134 134 134 134 134 134 134 134 134 134 134 134 134 134 134 134 134 134 134 134 134 134 134 134 134 134 134 134 134 134 134 134 134 134 134 134 134 134 134 134 139 174 193 208 203 202 205 210 217 224 233 243 253 259 259 258 258 258 258 258 260 264 266 259 258 263 271 278 279 262 229 211 238 271 297 302 293 281 270 249 220 193 182 176 172 172 172 173 174 175 175 177 194 213
134 134 134 134 134 134 134 134 134 134 134 134 134 134 134 134 134 134 134 134 134 134 134 134 134 134 134 134 134 134 134 134 134 134 134 134 134 134 134 134 134 134 134 134 134 134 134 149 178 199 208 213 211 208 209 214 225 244 264 273 281 284 282 273 267 265 273 263 265 261 241 240 241 241 234 220 214 225 250 285 313 333 337 326 310 299 277 234 204 194 191 191 182 181 180 178 178 191 213 232
134 134 134 134 134 134 134 134 134 134 134 134 134 134 134 134 134 134 134 134 134 134 134 134 134 134 134 134 134 134 134 134 134 134 134 134 134 134 134 134 134 134 134 134 134 134 134 134 148 164 210 223 219 218 225 226 223 231 252 266 274 282 285 296 285 288 307 294 266 257 239 223 216 213 211 210 231 255 275 297 316 334 352 344 330 319 299 276 233 239 248 241 225 211 201 189 177 204 230 248
134 134 134 134 134 134 134 134 134 134 134 134 134 134 134 134 134 134 134 134 134 134 134 134 134 134 134 134 134 134 134 134 134 134 134 134 134 134 134 134 134 134 134 134 134 134 134 134 134 140 186 210 210 221 233 247 253 237 241 253 270 283 279 278 280 289 303 303 300 281 257 235 226 217 223 236 260 283 297 313 319 334 337 344 338 323 312 299 259 281 293 298 286 259 219 196 178 190 225 254
134 134 134 134 134 134 134 134 134 134 134 134 134 134 134 134 134 134 134 134 134 134 134 134 134 134 134 134 134 134 134 134 134 134 134 134 134 134 134 134 134 134 134 134 134 134 134 134 134 134 141 171 190 210 223 237 239 236 247 256 273 282 279 279 290 306 323 311 312 313 298 256 253 252 264 273 288 302 314 320 323 329 340 337 334 324 320 300 274 293 302 307 305 279 258 229 183 179 191 228
134 134 134 134 134 134 134 134 134 134 134 134 134 134 134 134 134 134 134 134 134 134 134 134 134 134 134 134 134 134 134 134 134 134 134 134 134 134 134 134 134 134 134 134 134 134 134 134 134 134 134 134 141 157 183 200 207 227 245 258 269 287 289 291 309 338 343 312 308 318 296 257 262 273 282 293 298 304 310 311 315 324 336 342 333 316 299 291 288 293 304 307 303 293 297 273 218 187 182 220
134 134 134 134 134 134 134 134 134 134 134 134 134 134 134 134 134 134 134 134 134 134 134 134 134 134 134 134 134 134 134 134 134 134 134 134 134 134 134 134 134 134 134 134 134 134 134 134 134 134 134 134 134 135 145 179 199 215 225 240 255 271 291 302 305 320 321 302 286 291 274 260 270 290 291 284 287 294 301 308 314 322 330 339 335 319 314 315 311 303 301 305 300 304 325 328 273 220 184 212
134 134 134 134 134 134 134 134 134 134 134 134 134 134 134 134 134 134 134 134 134 134 134 134 134 134 134 134 134 134 134 134 134 134 134 134 134 134 134 134 134 134 134 134 134 134 134 134 134 134 134 134 134 134 135 141 171 202 219 236 250 269 289 285 287 294 283 270 260 258 266 269 270 278 287 290 291 298 307 309 310 318 321 325 327 329 340 339 335 319 308 304 305 311 324 338 311 249 188 190
134 134 134 134 134 134 134 134 134 134 134 134 134 134 134 134 134 134 134 134 134 134 134 134 134 134 134 134 134 134 134 134 134 134 134 134 134 134 134 134 134 134 134 134 134 134 134 134 134 134 134 134 134 134 134 134 137 156 188 218 241 262 267 259 264 268 259 249 247 244 252 272 283 279 284 303 309 312 317 330 336 333 323 325 331 341 350 361 354 328 312 307 312 316 316 318 315 278 216 185
134 134 134 134 134 134 134 134 134 134 134 134 134 134 134 134 134 134 134 134 134 134 134 134 134 134 134 134 134 134 134 134 134 134 134 134 134 134 134 134 134 134 134 134 134 134 134 134 134 134 134 134 134 134 134 134 134 136 141 172 210 251 300 280 259 243 249 246 241 242 243 260 278 283 283 300 312 324 328 346 378 381 339 328 331 337 345 356 356 338 316 308 312 319 322 314 301 285 243 206
134 134 134 134 134 134 134 134 134 134 134 134 134 134 134 134 134 134 134 134 134 134 134 134 134 134 134 134 134 134 134 134 134 134 134 134 134 134 134 134 134 134 134 134 134 134 134 134 134 134 134 134 134 134 134 134 134 134 134 138 163 197 257 296 276 236 233 240 237 245 245 247 255 265 266 274 292 310 331 353 374 370 331 314 318 328 335 342 352 346 314 305 316 331 338 320 297 280 268 242
134 134 134 134 134 134 134 134 134 134 134 134 134 134 134 134 134 134 134 134 134 134 134 134 134 134 134 134 134 134 134 134 134 134 134 134 134 134 134 134 134 134 134 134 134 134 134 134 134 134 134 134 134 134 134 134 134 134 134 134 139 148 171 223 260 231 215 227 228 230 238 239 240 249 257 252 271 290 317 342 361 340 316 306 303 312 319 328 338 321 298 300 322 341 338 320 309 294 285 259
134 134 134 134 134 134 134 134 134 134 134 134 134 134 134 134 134 134 134 134 134 134 134 134 134 134 134 134 134 134 134 134 134 134 134 134 134 134 134 134 134 134 134 134 134 134 134 134 134 134 134 134 134 134 134 134 134 134 134 134 135 136 136 139 164 184 192 207 217 224 232 231 226 229 239 239 248 264 275 300 317 314 298 290 287 298 301 298 292 280 281 301 332 341 334 325 320 296 275 254
134 134 134 134 134 134 134 134 134 134 134 134 134 134 134 134 134 134 134 134 134 134 134 134 134 134 134 134 134 134 134 134 134 134 134 134 134 134 134 134 134 134 134 134 134 134 134 134 134 134 134 134 134 134 134 134 134 134 134 134 134 134 134 135 138 150 168 188 201 204 203 201 205 206 212 216 229 231 235 264 286 291 284 270 273 278 273 264 263 266 279 308 341 351 340 336 325 297 276 241
134 134 134 134 134 134 134 134 134 134 134 134 134 134 134 134 134 134 134 134 134 134 134 134 134 134 134 134 134 134 134 134 134 134 134 134 134 134 134 134 134 134 134 134 134 134 134 134 134 134 134 134 134 134 134 134 134 134 134 134 134 134 134 134 135 141 145 160 169 176 181 179 175 181 183 186 201 198 206 223 245 257 273 264 255 257 247 249 262 280 292 314 349 359 357 354 335 296 280 273
134 134 134 134 134 134 134 134 134 134 134 134 134 134 134 134 134 134 134 134 134 134 134 134 134 134 134 134 134 134 134 134 134 134 134 134 134 134 134 134 134 134 134 134 134 134 134 134 134 134 134 134 134 134 134 134 134 134 134 134 134 134 134 134 134 136 145 150 154 163 175 177 171 177 189 193 189 187 194 201 205 219 235 234 239 240 238 242 262 286 304 323 364 376 374 364 335 301 292 286
134 134 134 134 134 134 134 134 134 134 134 134 134 134 134 134 134 134 134 134 134 134 134 134 134 134 134 134 134 134 134 134 134 134 134 134 134 134 134 134 134 134 134 134 134 134 134 134 134 134 134 134 134 134 134 134 134 134 134 134 134 134 134 134 134 134 138 159 171 173 185 196 191 192 206 216 223 224 219 195 199 202 214 230 242 247 254 265 284 298 314 336 362 368 370 358 329 305 300 293
134 134 134 134 134 134 134 134 134 134 134 134 134 134 134 134 134 134 134 134 134 134 134 134 134 134 134 134 134 134 134 134 134 134 134 134 134 134 134 134 134 134 134 134 134 134 134 134 134 134 134 134 134 134 134 134 134 134 134 134 134 134 134 134 134 134 135 145 183 191 194 208 215 222 226 236 245 254 256 211 206 216 228 241 249 254 262 272 283 294 312 328 355 353 340 333 317 307 303 297
134 134 134 134 134 134 134 134 134 134 134 134 134 134 134 134 134 134 134 134 134 134 134 134 134 134 134 134 134 134 134 134 134 134 134 134 134 134 134 134 134 134 134 134 134 134 134 134 134 134 134 134 134 134 134 134 134 134 134 134 134 134 134 134 134 134 134 139 170 200 212 212 224 232 238 246 261 274 281 240 221 217 233 243 253 262 270 280 290 304 311 325 345 341 327 315 307 306 308 292
134 134 134 134 134 134 134 134 134 134 134 134 134 134 134 134 134 134 134 134 134 134 134 134 134 134 134 134 134 134 134 134 134 134 134 134 134 134 134 134 134 134 134 134 134 134 134 134 134 134 134 134 134 134 134 134 134 134 134 134 134 134 134 134 134 134 134 136 159 194 207 217 231 245 258 266 270 276 280 245 241 225 236 253 264 275 284 294 300 307 313 307 311 315 307 298 292 290 286 271
134 134 134 134 134 134 134 134 134 134 134 134 134 134 134 134 134 134 134 134 134 134 134 134 134 134 134 134 134 134 134 134 134 134 134 134 134 134 134 134 134 134 134 134 134 134 134 134 134 134 134 134 134 134 134 134 134 134 134 134 134 134 134 134 134 134 134 136 144 181 204 225 240 254 270 284 294 293 279 264 258 251 229 231 259 269 281 290 288 291 293 291 287 290 288 287 283 271 254 232
134 134 134 134 134 134 134 134 134 134 134 134 134 134 134 134 134 134 134 134 134 134 134 134 134 134 134 134 134 134 134 134 134 134 134 134 134 134 134 134 134 134 134 134 134 134 134 134 134 134 134 134 134 134 134 134 134 134 134 134 134 134 134 134 134 134 134 134 140 164 190 210 228 244 258 271 284 290 290 289 293 298 281 227 239 260 269 277 278 276 274 274 277 278 276 277 271 261 251 255
134 134 134 134 134 134 134 134 134 134 134 134 134 134 134 134 134 134 134 134 134 134 134 134 134 134 134 134 134 134 134 134 134 134 134 134 134 134 134 134 134 134 134 134 134 134 134 134 134 134 134 134 134 134 134 134 134 134 134 134 134 134 134 134 134 134 134 134 137 175 196 220 235 247 258 273 287 300 313 323 326 312 291 247 228 247 261 259 261 263 262 263 268 273 280 280 277 278 273 275
134 134 134 134 134 134 134 134 134 134 134 134 134 134 134 134 134 134 134 134 134 134 134 134 134 134 134 134 134 134 134 134 134 134 134 134 134 134 134 134 134 134 134 134 134 134 134 134 134 134 134 134 134 134 134 134 134 134 134 134 134 134 134 134 134 134 134 134 134 157 203 219 235 248 259 277 303 325 346 354 360 354 315 275 240 228 237 259 267 263 265 272 278 282 283 287 289 297 289 290
134 134 134 134 134 134 134 134 134 134 134 134 134 134 134 134 134 134 134 134 134 134 134 134 134 134 134 134 134 134 134 134 134 134 134 134 134 134 134 134 134 134 134 134 134 134 134 134 134 134 134 134 134 134 134 134 134 134 134 134 134 134 134 134 134 134 134 134 134 135 172 245 289 299 305 299 300 325 342 359 370 364 342 322 287 249 249 257 276 274 276 276 280 286 290 298 308 315 312 302
134 134 134 134 134 134 134 134 134 134 134 134 134 134 134 134 134 134 134 134 134 134 134 134 134 134 134 134 134 134 134 134 134 134 134 134 134 134 134 134 134 134 134 134 134 134 134 134 134 134 134 134 134 134 134 134 134 134 134 134 134 134 134 134 134 134 134 134 134 134 141 197 280 332 340 339 325 331 335 345 364 364 355 338 317 276 280 275 263 272 276 277 282 288 296 307 320 327 324 315
134 134 134 134 134 134 134 134 134 134 134 134 134 134 134 134 134 134 134 134 134 134 134 134 134 134 134 134 134 134 134 134 134 134 134 134 134 134 134 134 134 134 134 134 134 134 134 134 134 134 134 134 134 134 134 134 134 134 134 134 134 134 134 134 134 134 134 134 134 134 134 149 208 268 297 312 329 351 359 362 353 361 365 347 329 303 287 290 282 273 277 284 290 295 301 306 310 319 328 322
134 134 134 134 134 134 134 134 134 134 134 134 134 134 134 134 134 134 134 134 134 134 134 134 134 134 134 134 134 134 134 134 134 134 134 134 134 134 134 134 134 134 134 134 134 134 134 134 134 134 134 134 134 134 134 134 134 134 134 134 134 134 134 134 134 134 134 134 134 134 134 135 157 203 254 293 326 347 365 371 393 378 368 362 348 329 308 288 294 284 281 290 297 303 310 311 310 312 317 312
134 134 134 134 134 134 134 134 134 134 134 134 134 134 134 134 134 134 134 134 134 134 134 134 134 134 134 134 134 134 134 134 134 134 134 134 134 134 134 134 134 134 134 134 134 134 134 134 134 134 134 134 134 134 134 134 134 134 134 134 134 134 134 134 134 134 134 134 134 134 134 134 137 170 217 269 313 335 324 329 364 407 398 381 370 350 326 295 287 286 283 287 293 300 304 309 309 310 303 286
134 134 134 134 134 134 134 134 134 134 134 134 134 134 134 134 134 134 134 134 134 134 134 134 134 134 134 134 134 134 134 134 134 134 134 134 134 134 134 134 134 134 134 134 134 134 134 134 134 134 134 134 134 134 134 134 134 134 134 134 134 134 134 134 134 134 134 134 134 134 134 134 135 149 202 235 278 305 299 301 326 367 405 390 366 351 343 319 294 279 281 280 288 290 294 302 305 302 291 278
134 134 134 134 134 134 134 134 134 134 134 134 134 134 134 134 134 134 134 134 134 134 134 134 134 134 134 134 134 134 134 134 134 134 134 134 134 134 134 134 134 134 134 134 134 134 134 134 134 134 134 134 134 134 134 134 134 134 134 134 134 134 134 134 134 134 134 134 134 134 134 134 134 137 183 212 244 264 268 282 294 317 348 367 371 356 353 349 327 293 276 283 283 282 286 287 286 280 282 294
134 134 134 134 134 134 134 134 134 134 134 134 134 134 134 134 134 134 134 134 134 134 134 134 134 134 134 134 134 134 134 134 134 134 134 134 134 134 134 134 134 134 134 134 134 134 134 134 134 134 134 134 134 134 134 134 134 134 134 134 134 134 134 134 134 134 134 134 134 134 134 134 134 134 139 159 206 232 234 253 270 284 305 351 390 365 363 366 359 316 283 274 275 274 272 262 261 271 285 300
134 134 134 134 134 134 134 134 134 134 134 134 134 134 134 134 134 134 134 134 134 134 134 134 134 134 134 134 134 134 134 134 134 134 134 134 134 134 134 134 134 134 134 134 134 134 134 134 134 134 134 134 134 134 134 134 134 134 134 134 134 134 134 134 134 134 134 134 134 134 134 134 134 134 134 135 155 187 212 234 255 276 294 322 364 372 366 374 375 335 298 279 264 266 252 257 269 283 303 317
134 134 134 134 134 134 134 134 134 134 134 134 134 134 134 134 134 134 134 134 134 134 134 134 134 134 134 134 134 134 134 134 134 134 134 134 134 134 134 134 134 134 134 134 134 134 134 134 134 134 134 134 134 134 134 134 134 134 134 134 134 134 134 134 134 134 134 134 134 134 134 134 134 134 134 134 135 148 184 209 238 265 288 304 321 345 352 367 365 324 278 253 252 246 246 258 270 284 307 333
134 134 134 134 134 134 134 134 134 134 134 134 134 134 134 134 134 134 134 134 134 134 134 134 134 134 134 134 134 134 134 134 134 134 134 134 134 134 134 134 134 134 134 134 134 134 134 134 134 134 134 134 134 134 134 134 134 134 134 134 134 134 134 134 134 134 134 134 134 134 134 134 134 134 134 134 134 135 144 179 201 226 246 260 272 292 309 325 339 309 268 243 231 249 267 283 296 298 318 348
134 134 134 134 134 134 134 134 134 134 134 134 134 134 134 134 134 134 134 134 134 134 134 134 134 134 134 134 134 134 134 134 134 134 134 134 134 134 134 134 134 134 134 134 134 134 134 134 134 134 134 134 134 134 134 134 134 134 134 134 134 134 134 134 134 134 134 134 134 134 134 134 134 134 134 134 134 134 134 140 158 181 200 214 234 259 281 292 301 294 278 258 229 255 274 295 318 331 325 342
134 134 134 134 134 134 134 134 134 134 134 134 134 134 134 134 134 134 134 134 134 134 134 134 134 134 134 134 134 134 134 134 134 134 134 134 134 134 134 134 134 134 134 134 134 134 134 134 134 134 134 134 134 134 134 134 134 134 134 134 134 134 134 134 134 134 134 134 134 134 134 134 134 134 134 134 134 134 134 135 140 144 153 175 203 227 263 295 288 291 276 259 227 243 256 281 308 327 343 347
134 134 134 134 134 134 134 134 134 134 134 134 134 134 134 134 134 134 134 134 134 134 134 134 134 134 134 134 134 134 134 134 134 134 134 134 134 134 134 134 134 134 134 134 134 134 134 134 134 134 134 134 134 134 134 134 134 134 134 134 134 134 134 134 134 134 134 134 134 134 134 134 134 134 134 134 134 134 134 134 136 141 143 144 156 182 219 262 311 331 278 251 219 222 235 261 302 330 351 368
134 134 134 134 134 134 134 134 134 134 134 134 134 134 134 134 134 134 134 134 134 134 134 134 134 134 134 134 134 134 134 134 134 134 134 134 134 134 134 134 134 134 134 134 134 134 134 134 134 134 134 134 134 134 134 134 134 134 134 134 134 134 134 134 134 134 134 134 134 134 134 134 134 134 134 134 134 134 134 134 134 135 140 143 148 159 188 238 289 327 306 241 224 207 241 264 312 347 362 382
134 134 134 134 134 134 134 134 134 134 134 134 134 134 134 134 134 134 134 134 134 134 134 134 134 134 134 134 134 134 134 134 134 134 134 134 134 134 134 134 134 134 134 134 134 134 134 134 134 134 134 134 134 134 134 134 134 134 134 134 134 134 134 134 134 134 134 134 134 134 134 134 134 134 134 134 134 134 134 134 134 134 135 138 141 142 156 202 257 304 319 278 216 201 222 247 300 349 370 377
134 134 134 134 134 134 134 134 134 134 134 134 134 134 134 134 134 134 134 134 134 134 134 134 134 134 134 134 134 134 134 134 134 134 134 134 134 134 134 134 134 134 134 134 134 134 134 134 134 134 134 134 134 134 134 134 134 134 134 134 134 134 134 134 134 134 134 134 134 134 134 134 134 134 134 134 134 134 134 134 134 134 134 134 139 142 141 156 195 209 240 276 248 190 208 227 276 327 360 374
134 134 134 134 134 134 134 134 134 134 134 134 134 134 134 134 134 134 134 134 134 134 134 134 134 134 134 134 134 134 134 134 134 134 134 134 134 134 134 134 134 134 134 134 134 134 134 134 134 134 134 134 134 134 134 134 134 134 134 134 134 134 134 134 134 134 134 134 134 134 134 134 134 134 134 134 134 134 134 134 134 134 134 134 136 137 136 140 151 162 166 177 190 180 186 211 253 298 334 366
134 134 134 134 134 134 134 134 134 134 134 134 134 134 134 134 134 134 134 134 134 134 134 134 134 134 134 134 134 134 134 134 134 134 134 134 134 134 134 134 134 134 134 134 134 134 134 134 134 134 134 134 134 134 134 134 134 134 134 134 134 134 134 134 134 134 134 134 134 134 134 134 134 134 134 134 134 134 134 134 134 134 134 134 134 134 134 135 140 148 155 160 165 173 193 223 263 308 339 364
134 134 134 134 134 134 134 134 134 134 134 134 134 134 134 134 134 134 134 134 134 134 134 134 134 134 134 134 134 134 134 134 134 134 134 134 134 134 134 134 134 134 134 134 134 134 134 134 134 134 134 134 134 134 134 134 134 134 134 134 134 134 134 134 134 134 134 134 134 134 134 134 134 134 134 134 134 134 134 134 134 134 134 134 134 134 134 134 135 141 164 183 187 176 197 215 255 298 333 354
134 134 134 134 134 134 134 134 134 134 134 134 134 134 134 134 134 134 134 134 134 134 134 134 134 134 134 134 134 134 134 134 134 134 134 134 134 134 134 134 134 134 134 134 134 134 134 134 134 134 134 134 134 134 134 134 134 134 134 134 134 134 134 134 134 134 134 134 134 134 134 134 134 134 134 134 134 134 134 134 134 134 134 134 134 134 134 134 134 138 144 167 185 176 205 225 242 270 316 334
134 134 134 134 134 134 134 134 134 134 134 134 134 134 134 134 134 134 134 134 134 134 134 134 134 134 134 134 134 134 134 134 134 134 134 134 134 134 134 134 134 134 134 134 134 134 134 134 134 134 134 134 134 134 134 134 134 134 134 134 134 134 134 134 134 134 134 134 134 134 134 134 134 134 134 134 134 134 134 134 134 134 134 134 134 134 134 134 134 136 140 143 153 169 208 244 273 264 300 307
134 134 134 134 134 134 134 134 134 134 134 134 134 134 134 134 134 134 134 134 134 134 134 134 134 134 134 134 134 134 134 134 134 134 134 134 134 134 134 134 134 134 134 134 134 134 134 134 134 134 134 134 134 134 134 134 134 134 134 134 134 134 134 134 134 134 134 134 134 134 134 134 134 134 134 134 134 134 134 134 134 134 134 134 134 134 134 134 134 134 136 141 149 166 204 224 248 249 250 265
134 134 134 134 134 134 134 134 134 134 134 134 134 134 134 134 134 134 134 134 134 134 134 134 134 134 134 134 134 134 134 134 134 134 134 134 134 134 134 134 134 134 134 134 134 134 134 134 134 134 134 134 134 134 134 134 134 134 134 134 134 134 134 134 134 134 134 134 134 134 134 134 134 134 134 134 134 134 134 134 134 134 134 134 134 134 134 134 134 134 135 140 147 156 172 189 207 223 255 289
134 134 134 134 134 134 134 134 134 134 134 134 134 134 134 134 134 134 134 134 134 134 134 134 134 134 134 134 134 134 134 134 134 134 134 134 134 134 134 134 134 134 134 134 134 134 134 134 134 134 134 134 134 134 134 134 134 134 134 134 134 134 134 134 134 134 134 134 134 134 134 134 134 134 134 134 134 134 134 134 134 134 134 134 134 134 134 134 134 134 135 139 146 152 159 167 189 223 255 307
134 134 134 134 134 134 134 134 134 134 134 134 134 134 134 134 134 134 134 134 134 134 134 134 134 134 134 134 134 134 134 134 134 134 134 134 134 134 134 134 134 134 134 134 134 134 134 134 134 134 134 134 134 134 134 134 134 134 134 134 134 134 134 134 134 134 134 134 134 134 134 134 134 134 134 134 134 134 134 134 134 134 134 134 134 134 134 134 134 134 134 139 145 152 157 162 181 209 243 284
134 134 134 134 134 134 134 134 134 134 134 134 134 134 134 134 134 134 134 134 134 134 134 134 134 134 134 134 134 134 134 134 134 134 134 134 134 134 134 134 134 134 134 134 134 134 134 134 134 134 134 134 134 134 134 134 134 134 134 134 134 134 134 134 134 134 134 134 134 134 134 134 134 134 134 134 134 134 134 134 134 134 134 134 134 134 134 134 134 134 135 140 149 153 154 159 168 193 219 251
134 134 134 134 134 134 134 134 134 134 134 134 134 134 134 134 134 134 134 134 134 134 134 134 134 134 134 134 134 134 134 134 134 134 134 134 134 134 134 134 134 134 134 134 134 134 134 134 134 134 134 134 134 134 134 134 134 134 134 134 134 134 134 134 134 134 134 134 134 134 134 134 134 134 134 134 134 134 134 134 134 134 134 134 134 134 134 134 134 134 135 141 146 150 155 154 159 176 201 223
134 134 134 134 134 134 134 134 134 134 134 134 134 134 134 134 134 134 134 134 134 134 134 134 134 134 134 134 134 134 134 134 134 134 134 134 134 134 134 134 134 134 134 134 134 134 134 134 134 134 134 134 134 134 134 134 134 134 134 134 134 134 134 134 134 134 134 134 134 134 134 134 134 134 134 134 134 134 134 134 134 134 134 134 134 134 134 134 134 134 135 142 145 146 147 149 156 171 182 201
134 134 134 134 134 134 134 134 134 134 134 134 134 134 134 134 134 134 134 134 134 134 134 134 134 134 134 134 134 134 134 134 134 134 134 134 134 134 134 134 134 134 134 134 134 134 134 134 134 134 134 134 134 134 134 134 134 134 134 134 134 134 134 134 134 134 134 134 134 134 134 134 134 134 134 134 134 134 134 134 134 134 134 134 134 134 134 134 134 134 136 142 145 145 145 147 155 170 172 190
134 134 134 134 134 134 134 134 134 134 134 134 134 134 134 134 134 134 134 134 134 134 134 134 134 134 134 134 134 134 134 134 134 134 134 134 134 134 134 134 134 134 134 134 134 134 134 134 134 134 134 134 134 134 134 134 134 134 134 134 134 134 134 134 134 134 134 134 134 134 134 134 134 134 134 134 134 134 134 134 134 134 134 134 134 134 134 134 134 134 137 141 145 144 144 145 153 170 177 174
134 134 134 134 134 134 134 134 134 134 134 134 134 134 134 134 134 134 134 134 134 134 134 134 134 134 134 134 134 134 134 134 134 134 134 134 134 134 134 134 134 134 134 134 134 134 134 134 134 134 134 134 134 134 134 134 134 134 134 134 134 134 134 134 134 134 134 134 134 134 134 134 134 134 134 134 134 134 134 134 134 134 134 134 134 134 134 134 134 134 138 138 138 143 144 145 154 167 170 163
134 134 134 134 134 134 134 134 134 134 134 134 134 134 134 134 134 134 134 134 134 134 134 134 134 134 134 134 134 134 134 134 134 134 134 134 134 134 134 134 134 134 134 134 134 134 134 134 134 134 134 134 134 134 134 134 134 134 134 134 134 134 134 134 134 134 134 134 134 134 134 134 134 134 134 134 134 134 134 134 134 134 134 134 134 134 134 134 134 134 135 139 137 144 144 146 159 176 175 158
134 134 134 134 134 134 134 134 134 134 134 134 134 134 134 134 134 134 134 134 134 134 134 134 134 134 134 134 134 134 134 134 134 134 134 134 134 134 134 134 134 134 134 134 134 134 134 134 134 134 134 134 134 134 134 134 134 134 134 134 134 134 134 134 134 134 134 134 134 134 134 134 134 134 134 134 134 134 134 134 134 134 134 134 134 134 134 134 134 134 134 139 140 143 140 145 156 160 152 150
134 134 134 134 134 134 134 134 134 134 134 134 134 134 134 134 134 134 134 134 134 134 134 134 134 134 134 134 134 134 134 134 134 134 134 134 134 134 134 134 134 134 134 134 134 134 134 134 134 134 134 134 134 134 134 134 134 134 134 134 134 134 134 134 134 134 134 134 134 134 134 134 134 134 134 134 134 134 134 134 134 134 134 134 134 134 134 134 134 134 134 138 146 139 139 142 144 143 142 146
134 134 134 134 134 134 134 134 134 134 134 134 134 134 134 134 134 134 134 134 134 134 134 134 134 134 134 134 134 134 134 134 134 134 134 134 134 134 134 134 134 134 134 134 134 134 134 134 134 134 134 134 134 134 134 134 134 134 134 134 134 134 134 134 134 134 134 134 134 134 134 134 134 134 134 134 134 134 134 134 134 134 134 134 134 134 134 134 134 134 134 137 152 143 141 142 142 141 142 142
134 134 134 134 134 134 134 134 134 135 135 134 134 134 134 134 134 134 134 134 134 134 134 134 134 134 134 134 134 134 134 134 134 134 134 134 134 134 134 134 134 134 134 134 134 134 134 134 134 134 134 134 134 134 134 134 134 134 134 134 134 134 134 134 134 134 134 134 134 134 134 134 134 134 134 134 134 134 134 134 134 134 134 134 134 134 134 134 134 134 134 135 142 148 145 146 145 143 142 143
134 134 134 134 134 134 134 134 182 261 253 158 134 134 134 134 134 134 134 134 134 134 134 134 134 134 134 134 134 134 134 134 134 134 134 134 134 134 134 134 134 134 134 134 134 134 134 134 134 134 134 134 134 134 134 134 134 134 134 134 134 134 134 134 134 134 134 134 134 134 134 134 134 134 134 134 134 134 134 134 134 134 134 134 134 134 134 134 134 134 134 134 137 141 145 146 145 144 144 144
134 134 134 134 134 134 134 152 328 388 332 197 136 134 134 134 134 134 134 134 134 134 134 134 134 134 134 134 134 134 134 134 134 134 134 134 134 134 134 134 134 134 134 134 134 134 134 134 134 134 134 134 134 134 134 134 134 134 134 134 134 134 134 134 134 134 134 134 134 134 134 134 134 134 134 134 134 134 134 134 134 134 134 134 134 134 134 134 134 134 134 134 134 135 145 151 144 143 146 149
134 134 134 134 134 134 134 148 332 441 358 208 142 134 134 134 134 134 134 134 134 134 134 134 134 134 134 134 134 134 134 134 134 134 134 134 134 134 134 134 134 134 134 134 134 134 134 134 134 134 134 134 134 134 134 134 134 134 134 134 134 134 134 134 134 134 134 134 134 134 134 134 134 134 134 134 134 134 134 134 134 134 134 134 134 134 134 134 134 134 134 134 134 134 141 158 147 146 153 160
134 134 134 134 134 134 134 137 309 435 355 201 136 134 134 134 134 134 134 134 134 134 134 134 134 134 134 134 134 134 134 134 134 134 134 134 134 134 134 134 134 134 134 134 134 134 134 134 134 134 134 134 134 134 134 134 134 134 134 134 134 134 134 134 134 134 134 134 134 134 134 134 134 134 134 134 134 134 134 134 134 134 134 134 134 134 134 134 134 134 134 134 134 134 137 151 152 153 162 162
