# 100 100
134 134 134 134 134 134 134 134 134 134 134 134 134 134 134 134 134 134 134 134 134 134 134 134 135 142 149 149 142 136 141 152 160 180 207 222 235 249 233 204 164 146 141 135 134 134 134 134 134 134 134 135 141 149 152 168 230 261 297 343 382 404 407 391 374 349 327 358 420 450 380 414 409 364 336 328 355 412 487 584 691 791 865 922 985 961 922 873 828 775 743 700 643 585 516 445 384 322 324 400
134 134 134 134 134 134 134 134 134 134 134 134 134 134 134 134 134 134 134 134 134 134 134 134 135 142 149 149 147 159 190 212 230 273 317 324 345 313 285 259 210 164 156 150 141 140 141 141 137 134 134 134 134 134 134 139 148 181 214 233 266 298 299 283 290 301 288 294 337 381 318 337 306 286 307 357 430 500 541 622 729 813 794 827 906 895 856 835 850 847 813 750 677 590 511 418 358 315 310 376
134 134 134 134 134 134 134 134 134 134 134 134 134 134 134 134 134 134 134 134 134 134 134 134 134 138 147 147 146 151 194 233 262 308 384 423 433 377 336 310 266 213 184 185 170 158 158 165 164 136 134 134 134 134 134 134 134 134 140 156 177 210 201 188 205 236 267 252 253 256 249 266 260 299 363 430 455 464 515 587 655 659 663 717 796 831 797 738 798 855 837 771 685 601 512 421 336 284 297 355
134 134 134 134 134 134 134 134 134 134 134 134 134 134 134 134 134 134 134 134 134 134 134 134 134 135 147 147 152 161 218 262 304 347 399 473 498 445 397 364 336 284 234 222 215 193 185 186 195 165 147 140 135 135 135 134 134 134 134 134 134 136 137 139 151 163 192 190 188 177 180 197 237 304 362 348 349 387 419 466 488 517 557 619 663 711 715 643 723 783 793 756 683 622 527 411 323 266 288 327
134 134 134 134 134 134 134 134 134 134 134 134 134 134 134 134 134 134 134 134 134 134 134 134 134 137 148 157 192 206 227 298 352 403 448 514 544 514 469 446 417 363 310 277 273 248 230 223 235 213 196 205 179 171 156 150 156 138 134 134 135 135 134 134 134 138 146 152 151 152 170 174 199 223 240 237 257 290 308 323 357 407 449 500 543 595 615 559 612 681 707 719 667 602 547 447 333 262 245 272
134 134 134 134 134 134 134 134 134 134 134 134 134 134 134 134 134 134 134 134 135 144 157 156 162 168 181 203 235 270 278 327 407 460 505 548 569 570 549 519 484 436 398 353 342 317 287 270 284 278 264 281 258 245 225 197 194 170 146 141 146 152 150 137 134 134 135 140 143 148 191 198 165 152 158 180 190 206 219 243 267 294 316 385 453 483 517 480 510 568 572 571 550 491 431 412 348 277 225 222
134 134 134 134 134 134 134 134 134 134 135 142 143 144 136 135 139 142 145 143 162 196 230 240 253 261 287 320 329 349 358 374 448 513 555 592 629 635 623 596 544 516 498 447 426 394 357 322 340 347 350 373 358 329 312 269 233 214 188 176 177 175 179 179 147 140 140 144 143 135 135 148 147 140 138 142 142 156 167 179 198 224 253 327 379 382 420 397 419 448 436 394 372 323 295 264 290 277 214 200
134 134 134 134 134 134 137 137 134 137 145 150 157 165 163 165 176 200 220 229 227 242 271 309 337 350 369 421 450 466 448 441 486 548 601 621 664 688 704 676 639 609 583 542 505 474 417 371 389 417 450 462 468 453 412 351 309 275 232 236 253 246 229 202 177 167 189 221 196 152 135 136 134 134 134 134 134 134 142 167 181 206 220 240 247 264 298 296 299 317 322 280 246 220 200 206 229 241 185 175
134 134 134 134 134 134 142 179 168 151 150 154 167 217 227 232 246 278 299 335 334 300 334 365 406 429 450 472 501 511 532 495 516 561 586 613 641 685 732 731 717 689 661 638 583 521 458 443 430 463 524 579 588 564 511 456 415 369 325 297 326 345 335 304 271 257 278 304 273 216 181 168 147 139 134 134 134 134 134 134 138 143 148 154 151 181 186 202 216 204 209 183 163 160 163 163 176 176 187 196
134 134 134 134 134 134 135 166 204 202 168 155 179 191 270 273 293 335 365 403 392 379 403 428 452 470 478 505 506 513 507 482 468 511 535 562 584 628 698 718 730 714 718 699 641 567 523 514 496 509 559 648 696 666 608 569 540 486 429 402 399 416 413 402 390 367 353 359 330 303 275 246 207 185 167 147 148 135 134 134 134 134 135 134 135 134 134 141 134 141 147 147 142 145 148 146 157 177 222 249
134 134 134 134 134 134 134 136 174 219 212 167 167 209 208 276 297 338 370 395 402 389 416 457 493 509 496 502 497 482 463 426 404 419 447 480 506 550 604 639 676 686 708 740 699 630 604 581 567 569 596 671 736 761 738 697 662 623 568 526 519 520 524 492 483 478 460 440 398 381 387 358 306 265 249 210 201 171 143 142 145 157 156 151 143 146 147 138 135 135 137 136 145 149 147 149 167 216 265 296
134 134 134 134 134 134 134 134 136 180 208 198 162 209 219 203 269 307 321 341 368 366 395 422 462 498 491 483 472 440 410 372 358 368 390 421 446 484 534 572 605 631 643 683 726 701 657 626 623 617 610 654 719 771 811 807 775 744 737 697 670 644 624 594 579 585 582 551 511 494 482 481 466 397 329 291 260 259 224 205 213 204 200 194 187 173 157 158 163 154 147 147 149 150 156 164 191 246 354 394
134 134 134 134 134 134 134 134 134 138 169 205 174 178 239 221 226 247 256 283 300 326 343 374 397 435 447 427 427 390 362 334 320 323 347 379 409 449 494 531 554 581 593 618 690 684 622 590 613 605 587 615 670 729 783 839 882 900 871 841 824 789 751 710 708 696 692 673 643 662 640 601 570 502 430 396 361 332 333 299 312 279 271 236 248 247 207 191 210 192 188 197 205 198 191 202 245 332 445 479
134 134 134 134 134 134 134 134 134 136 141 162 173 156 211 231 221 243 242 249 249 256 265 277 303 333 351 353 366 346 317 294 280 279 301 349 388 416 458 493 512 534 553 579 672 668 581 548 562 565 541 572 614 658 704 746 821 891 881 852 870 882 854 806 775 779 790 799 814 834 819 767 669 610 567 505 477 415 401 381 349 335 311 268 293 318 297 257 256 260 271 259 259 257 271 271 287 352 414 472
138 134 134 134 134 134 134 134 134 141 148 151 149 148 160 189 237 286 274 272 264 258 249 249 257 261 266 285 306 297 280 269 267 268 272 309 361 396 420 450 463 474 506 546 623 646 558 509 503 504 494 519 564 600 616 637 691 749 824 770 810 853 864 805 735 703 720 754 786 823 846 824 715 670 647 619 584 518 450 417 370 322 303 296 319 351 356 351 361 362 344 322 321 314 299 306 336 360 418 456
143 139 137 138 135 135 134 134 134 144 153 155 151 149 156 187 239 288 321 321 318 302 289 264 260 269 262 260 261 263 272 287 296 270 267 279 320 364 392 418 436 454 492 524 552 587 538 481 458 453 449 467 495 523 535 544 563 616 667 649 664 750 818 837 760 673 662 660 679 709 737 775 683 609 595 607 575 511 436 370 336 335 342 360 364 391 412 434 454 459 429 389 377 371 341 318 347 397 430 461
147 143 141 142 142 141 136 135 134 137 154 158 176 159 157 175 218 285 337 375 362 352 342 326 294 289 297 284 281 295 305 335 343 309 280 272 297 344 390 431 477 514 534 553 547 555 520 459 432 425 418 431 439 449 454 468 477 495 523 553 586 666 732 764 736 664 634 616 611 612 633 661 604 541 526 503 466 417 371 357 372 382 397 421 426 462 499 538 560 565 521 477 465 451 397 342 355 400 442 467
148 145 143 140 148 155 156 146 138 134 138 152 171 183 169 180 209 258 337 394 431 414 391 391 363 335 340 337 334 376 382 377 395 364 321 293 276 335 397 448 497 549 587 601 592 559 512 452 412 390 383 387 389 388 394 397 414 418 432 460 500 556 623 672 672 649 632 602 567 572 539 528 514 477 461 432 398 371 380 404 429 445 472 486 469 484 552 613 654 653 630 603 609 540 435 362 397 452 488 507
149 147 139 138 155 158 159 148 136 134 134 149 185 203 212 194 219 254 308 384 457 479 441 433 419 386 382 392 410 444 465 435 440 416 362 316 274 304 370 433 488 541 596 621 633 622 565 489 426 380 362 357 361 375 385 386 385 389 396 409 428 465 526 577 597 620 632 618 563 515 503 460 437 421 406 390 386 399 434 484 536 551 583 589 548 515 580 663 722 745 763 742 683 570 455 378 423 502 574 594
157 154 153 144 145 153 152 136 134 134 134 141 185 216 261 242 229 257 301 360 428 496 511 471 460 433 429 448 463 498 499 493 493 466 405 332 283 285 336 397 451 508 564 616 643 665 588 486 413 365 352 349 362 399 442 449 424 406 397 395 398 414 450 481 508 536 540 568 561 508 462 435 415 407 408 413 429 466 529 606 667 668 688 718 651 566 598 681 725 771 810 801 692 560 459 395 452 539 640 687
169 158 159 152 141 142 135 134 134 134 134 135 161 191 270 307 253 258 276 347 406 460 525 544 517 495 489 493 501 530 547 527 523 516 451 363 295 280 322 366 420 472 528 598 654 672 573 466 394 351 346 352 378 430 505 535 505 466 436 422 417 417 419 427 439 453 455 466 474 475 461 450 448 445 448 467 490 543 636 741 806 773 795 819 733 634 621 696 759 810 854 807 684 571 465 414 476 581 696 775
221 172 160 157 149 135 134 134 134 134 134 134 143 163 222 311 305 282 277 297 376 442 487 551 582 570 556 559 561 561 576 556 556 565 508 410 318 279 307 353 403 459 520 579 655 677 574 458 382 347 343 363 399 454 547 610 598 569 526 486 463 451 446 442 439 440 445 453 465 472 488 504 523 522 518 521 559 638 709 821 886 865 876 903 782 687 675 745 858 936 901 797 679 575 477 441 521 621 702 779
226 197 179 161 141 134 134 134 134 134 134 134 134 142 160 256 318 296 302 299 327 407 473 507 570 617 623 624 631 620 588 584 593 585 547 453 341 285 295 339 384 434 494 553 622 665 568 456 375 341 351 373 409 463 570 668 720 701 651 588 533 501 497 500 491 487 483 485 492 516 554 577 619 648 631 590 571 655 757 848 919 950 937 910 804 733 739 817 925 1004 965 883 747 596 498 482 562 651 714 809
242 209 189 167 138 134 134 134 134 134 134 134 134 134 137 198 283 309 304 304 326 374 442 484 524 588 665 691 678 672 627 633 639 614 569 473 364 301 288 313 355 404 456 508 580 632 552 447 367 339 363 388 436 494 576 693 787 812 767 675 597 577 582 588 590 580 567 556 546 581 646 669 698 724 725 676 623 639 730 841 930 992 991 863 816 794 822 903 1007 1018 940 904 746 601 520 550 621 690 766 868
346 241 185 167 144 134 134 134 134 134 134 134 134 134 134 146 229 286 319 301 305 352 425 467 496 551 615 680 692 685 672 663 662 623 569 474 373 315 290 296 326 363 406 455 529 579 541 441 358 339 365 400 459 539 633 723 814 857 801 709 649 680 717 717 718 716 690 654 624 631 712 767 772 787 789 755 711 685 753 874 949 1014 982 898 906 919 952 1020 1100 1006 844 770 682 590 555 614 684 731 814 932
453 313 208 167 149 136 134 134 134 134 134 134 134 134 134 134 147 224 282 305 286 309 390 451 477 505 573 622 656 669 698 706 685 623 550 474 395 334 302 299 304 332 371 418 468 504 507 445 352 336 361 406 478 576 668 762 833 875 819 755 710 762 854 866 864 860 825 774 730 697 730 836 899 876 847 829 807 796 786 888 986 1045 985 963 986 1008 1040 1102 1114 935 795 721 656 611 599 662 710 759 825 919
453 365 292 210 158 137 134 134 134 134 134 134 134 134 134 134 134 143 182 236 275 278 327 400 451 462 497 554 596 638 705 739 708 633 538 474 414 359 317 302 300 312 345 386 436 454 458 434 355 334 362 411 490 595 729 798 864 903 847 806 769 827 945 992 995 995 970 909 863 820 791 835 959 1036 1003 941 899 878 882 907 961 1059 1053 1029 976 931 941 989 1014 905 814 804 733 675 663 703 748 809 889 985
499 424 372 310 220 153 138 134 134 134 134 134 134 134 134 134 134 134 134 155 227 256 272 324 380 415 440 489 526 579 668 728 718 637 543 480 433 393 342 314 296 297 317 348 386 410 412 410 350 333 363 416 503 614 754 884 953 969 907 872 842 847 935 1003 1037 1029 973 981 998 953 888 865 962 1083 1009 898 918 907 854 861 923 1044 1109 1017 914 847 838 872 928 957 921 880 796 757 755 786 848 919 984 1071
546 470 443 389 300 196 150 137 134 134 134 134 134 134 134 134 134 134 134 137 173 220 238 277 320 367 393 427 474 532 603 668 689 664 592 517 466 426 384 345 312 293 294 308 328 353 369 364 333 330 360 418 505 620 759 890 992 1028 995 962 932 913 935 994 1026 955 887 874 968 1021 960 933 984 1032 944 811 809 788 789 813 933 1051 1005 984 908 799 753 780 851 928 999 939 867 875 885 911 907 878 907 992
592 566 485 389 296 225 175 155 135 134 134 134 134 134 134 134 134 134 134 134 146 188 215 239 276 321 368 401 461 537 563 598 615 630 622 568 520 484 443 385 341 305 293 292 297 307 321 329 317 322 353 415 499 601 728 851 966 958 933 978 1009 991 974 961 969 886 791 762 852 957 931 939 965 967 836 737 681 670 742 827 947 1074 958 879 835 755 706 706 756 847 927 1004 1003 1021 1015 975 884 803 810 872
608 572 466 393 347 297 237 196 150 135 134 134 134 134 134 134 134 134 134 134 135 159 182 223 256 292 346 410 483 551 593 591 576 586 608 592 567 547 514 453 389 343 311 299 292 292 294 301 305 315 344 407 497 602 720 843 929 873 861 919 1031 1042 935 835 786 726 649 660 747 797 793 849 927 917 800 686 630 646 742 804 890 1045 968 900 831 760 701 666 689 763 870 992 1078 1021 951 909 825 747 732 785
621 618 542 485 428 373 312 258 196 157 136 134 134 134 134 134 134 134 134 134 134 136 151 191 245 288 342 413 488 552 589 591 562 541 559 580 583 588 567 525 457 400 358 327 316 303 293 293 297 308 337 404 488 593 707 815 861 825 828 903 1017 1030 917 809 714 657 602 596 656 709 793 870 907 797 692 595 582 673 792 839 885 1015 1012 975 894 795 721 672 652 688 795 904 967 988 937 873 795 725 687 723
681 693 644 564 511 444 379 323 254 203 155 135 134 134 134 134 134 134 134 134 134 134 139 165 217 299 354 412 465 511 560 586 542 496 477 493 552 604 606 576 531 477 427 392 371 343 318 302 292 302 332 403 488 578 688 779 800 776 799 900 1010 1045 949 858 789 697 600 551 591 671 783 863 835 711 596 513 573 720 847 917 967 1053 1121 1049 925 840 759 695 651 647 720 832 893 996 1007 887 809 740 666 670
708 715 692 652 590 515 440 376 327 269 186 156 138 134 134 134 134 134 134 134 134 134 134 139 176 252 343 414 466 498 514 544 523 467 424 457 534 590 620 612 581 544 503 452 420 405 368 331 307 291 325 391 487 572 664 729 747 739 785 894 994 1017 975 939 880 744 613 525 524 609 726 821 737 638 526 472 550 700 856 981 1079 1161 1188 1075 957 894 807 724 661 638 683 776 863 1004 1006 875 799 718 644 650
722 724 721 699 650 563 489 435 377 297 216 177 158 134 134 134 134 134 134 134 134 134 134 134 144 209 268 359 438 497 503 499 481 416 407 467 538 572 596 605 618 593 569 509 437 408 358 321 311 290 331 390 472 559 638 686 705 704 766 876 953 902 841 827 837 782 638 526 477 548 645 746 744 610 489 453 551 697 847 994 1111 1151 1129 1080 1005 940 852 777 693 641 687 780 895 1045 1010 875 791 718 644 614
683 669 660 664 659 616 534 468 403 319 249 198 156 134 134 134 134 134 134 134 134 134 134 134 134 167 226 295 388 458 473 450 427 381 402 477 532 549 552 570 624 630 605 542 438 393 348 307 289 288 340 388 466 545 627 647 653 667 753 856 909 816 755 739 759 776 676 544 452 472 559 674 714 568 449 444 549 702 855 984 1081 1088 1039 1050 1023 956 883 782 682 636 686 781 931 1044 1009 914 817 748 676 607
603 587 570 563 593 584 521 463 409 346 293 227 150 134 134 134 134 134 134 134 134 134 134 134 134 145 192 245 340 399 427 406 372 354 403 475 503 502 522 579 642 634 580 514 417 356 330 293 278 301 351 390 460 536 600 608 603 655 759 850 890 813 739 699 701 735 710 578 446 400 481 598 623 494 404 453 578 742 872 939 970 1017 988 985 938 849 766 714 649 610 640 733 884 1005 923 878 852 792 717 640
558 535 539 509 500 480 450 434 388 343 297 236 157 134 134 134 134 134 134 134 134 134 134 134 134 134 152 193 257 321 361 370 327 342 400 443 462 458 513 591 653 631 524 448 386 335 301 277 274 312 358 396 437 503 556 545 577 673 772 840 880 837 744 666 632 666 683 599 457 362 419 478 453 388 376 470 595 692 783 808 840 912 932 922 900 793 737 694 660 618 638 717 855 944 893 820 816 785 727 660
538 497 500 484 450 389 358 366 355 286 228 193 150 134 134 134 134 134 134 134 134 134 134 134 134 134 134 147 181 227 269 289 286 322 360 396 408 450 533 607 641 635 544 447 373 315 278 261 286 316 351 386 413 465 500 509 583 689 761 809 833 831 750 653 576 588 608 598 471 347 351 354 334 319 356 432 519 560 618 677 714 756 799 798 849 857 811 740 669 623 658 713 769 785 824 762 725 718 657 589
509 450 455 446 388 315 279 274 250 190 151 138 135 135 134 134 134 134 134 134 134 134 134 134 134 134 134 134 155 186 212 227 243 275 314 336 371 425 512 586 632 623 553 461 378 309 265 252 284 317 348 368 385 424 449 491 547 629 697 742 773 786 739 644 556 516 544 561 453 329 288 282 271 274 293 336 397 438 463 513 572 615 642 665 717 769 769 718 673 610 591 659 629 673 774 762 699 657 614 563
395 360 367 374 326 268 220 191 156 142 137 137 135 136 134 134 134 134 134 134 134 134 134 134 134 134 134 134 135 166 212 215 221 243 275 308 338 373 442 527 591 612 557 465 380 310 259 250 277 306 334 354 363 388 424 470 504 542 604 664 701 727 688 599 539 474 466 488 372 280 242 229 224 224 237 264 298 310 325 361 440 513 541 569 604 635 645 568 551 525 544 558 551 635 708 734 681 612 569 545
243 259 278 310 275 225 183 149 143 140 139 136 135 136 134 134 137 134 134 134 134 134 134 134 134 134 134 134 134 146 190 220 206 222 254 287 300 325 389 445 521 564 546 468 383 313 260 252 272 289 318 333 339 360 396 431 456 488 526 589 652 682 688 601 533 457 392 384 299 234 210 197 195 199 207 215 219 224 229 258 330 418 483 522 540 572 585 476 395 371 414 441 489 550 606 618 599 539 521 519
179 197 223 259 239 186 158 145 142 140 138 135 135 134 134 135 140 136 134 134 134 134 134 134 134 134 134 134 134 134 161 195 200 198 221 256 287 294 344 395 441 498 502 454 374 309 256 244 266 269 284 304 312 331 361 389 412 428 468 536 601 638 680 647 567 460 354 303 251 200 184 183 194 205 210 207 209 230 253 242 264 337 385 478 530 531 501 436 359 355 355 362 365 400 456 474 488 494 505 497
157 160 167 198 212 166 149 146 142 143 142 141 140 137 136 137 139 141 140 134 134 134 134 134 134 134 134 134 134 134 136 154 176 187 189 219 242 272 301 347 388 421 442 408 360 303 250 238 250 252 260 282 295 310 323 357 382 402 422 472 546 598 639 672 619 486 368 277 218 182 188 226 270 315 315 318 306 288 315 291 256 261 281 330 410 478 436 376 379 440 454 384 366 361 381 400 446 444 453 442
161 156 155 159 160 151 145 144 145 148 144 143 141 141 141 144 147 150 157 136 134 134 134 134 134 134 134 134 134 134 134 136 146 170 173 180 203 243 279 295 334 367 405 377 332 283 240 248 268 267 257 260 267 281 296 315 330 356 381 423 511 558 601 665 649 511 378 266 203 177 211 275 319 386 450 479 460 408 350 328 311 264 247 261 305 364 394 371 478 565 574 487 420 382 401 390 386 399 402 415
193 184 178 177 151 147 151 151 150 151 147 145 154 151 152 160 161 158 156 156 138 134 134 134 134 134 134 134 134 134 134 135 138 147 155 159 178 199 234 258 276 308 347 366 316 272 233 251 291 298 283 266 260 270 277 292 309 310 338 370 466 526 564 629 652 514 372 259 197 175 188 209 243 333 441 539 561 514 453 407 375 328 280 273 273 279 311 406 565 666 638 560 475 439 457 473 455 446 442 456
299 263 220 186 157 150 165 168 169 162 159 168 182 174 177 189 188 176 164 161 153 136 134 134 134 134 134 134 134 134 134 134 138 156 183 160 153 172 192 217 239 274 303 331 310 267 232 261 307 330 322 303 286 282 298 308 323 338 321 331 383 457 519 578 617 520 376 255 195 171 170 185 245 351 458 554 615 607 559 517 478 420 378 356 354 346 338 457 644 742 680 583 516 506 512 544 545 533 541 557
339 263 229 208 162 160 177 183 188 189 198 216 228 214 217 223 226 213 189 170 169 157 142 134 134 134 134 134 134 134 134 134 134 153 192 221 185 160 169 204 230 243 267 283 283 260 233 264 315 357 370 357 339 328 327 342 358 365 358 333 338 377 447 523 545 459 354 248 188 169 168 190 268 395 530 665 759 750 720 667 630 541 483 463 465 466 452 509 707 797 707 607 569 573 582 595 621 625 646 662
299 249 229 185 157 177 204 217 223 236 254 278 293 275 282 273 273 265 253 213 222 210 179 152 134 134 134 134 134 134 134 134 134 140 174 224 243 218 177 179 215 231 236 254 250 238 225 271 314 372 415 423 401 391 364 366 391 408 402 366 342 334 377 437 463 405 317 222 174 167 177 216 311 449 614 761 895 894 884 842 803 695 604 599 604 585 577 591 723 789 698 628 627 643 659 659 690 733 764 778
230 194 182 162 177 218 248 260 268 290 318 347 371 347 357 348 332 329 320 294 290 275 226 194 148 134 134 134 134 134 134 134 134 135 157 192 235 243 219 188 180 203 218 230 226 217 238 259 298 371 428 472 466 455 429 409 410 446 457 420 373 349 389 422 400 345 268 194 168 168 201 253 358 502 672 817 956 1036 1031 988 924 805 719 760 769 736 695 666 703 747 671 630 653 695 746 750 738 830 896 901
183 163 166 183 225 261 283 303 327 350 389 418 437 419 415 420 404 401 394 381 360 363 293 240 195 138 134 134 134 134 134 134 134 134 140 166 199 234 238 226 197 185 190 199 198 210 242 258 284 349 417 486 534 525 519 488 466 478 499 486 425 384 391 452 379 295 222 177 164 180 219 291 402 557 708 863 1003 1122 1096 1048 943 809 777 856 926 914 831 779 745 699 648 631 656 739 847 863 824 829 910 954
164 180 194 219 255 276 308 334 368 401 451 484 493 480 460 471 465 462 467 464 435 439 375 292 245 180 137 134 134 134 134 134 134 134 134 137 168 210 231 255 247 229 222 209 205 201 221 249 272 327 384 453 543 589 571 577 545 525 525 518 483 412 406 441 370 279 204 165 171 193 247 324 445 601 723 881 1043 1121 1029 973 934 853 848 911 1001 1031 985 900 791 691 639 639 681 779 903 942 919 884 914 952
181 219 251 276 287 301 304 340 366 417 490 540 541 525 499 512 525 525 529 532 508 490 441 352 286 234 179 147 134 134 134 134 134 134 134 134 137 176 213 235 270 274 277 263 240 213 208 224 256 301 354 408 482 572 600 619 612 580 543 537 506 425 409 405 355 262 184 164 182 222 280 360 484 643 809 921 1064 1122 1060 992 961 935 951 1002 1073 1086 986 881 783 701 654 662 745 887 998 981 939 917 954 995
233 289 346 373 366 335 359 414 440 430 527 585 595 564 523 541 576 591 591 587 555 519 482 398 320 272 220 179 144 135 134 134 134 134 134 134 134 138 173 214 245 287 313 326 294 250 218 214 243 285 323 372 426 495 564 608 636 639 582 545 520 417 362 323 268 215 169 164 191 240 309 396 510 669 810 930 996 1087 1156 1118 1086 1063 1084 1124 1151 1142 1018 920 830 731 681 691 773 932 1091 1071 1016 1008 1043 1108
318 394 487 479 418 363 435 499 491 491 582 623 625 597 550 559 604 634 640 621 565 508 476 386 308 262 226 202 183 157 136 134 134 134 134 134 134 134 141 178 213 249 304 356 338 290 247 219 229 267 303 337 380 443 511 542 599 638 587 510 462 349 315 274 227 184 161 176 216 267 344 456 578 652 762 862 969 1093 1224 1254 1234 1232 1255 1269 1263 1234 1125 1005 909 819 745 714 755 877 1040 1158 1162 1143 1130 1178
441 547 612 549 436 417 521 575 538 590 650 666 646 618 576 576 618 660 668 609 516 473 436 340 283 273 278 283 264 221 175 137 134 134 134 134 134 134 134 143 172 213 273 355 387 339 281 239 225 246 285 320 352 397 481 514 558 590 563 485 382 270 239 224 188 164 166 201 249 311 399 529 658 763 860 954 1040 1149 1297 1356 1365 1406 1429 1416 1345 1228 1212 1109 998 909 825 755 737 809 947 1120 1264 1271 1244 1228
566 674 664 549 452 480 593 634 582 671 718 721 686 643 609 602 627 673 686 613 518 476 452 380 348 367 374 374 352 295 229 169 135 134 134 134 134 134 134 134 142 175 236 308 389 397 325 269 237 236 266 298 344 371 433 499 536 582 572 471 324 224 192 183 169 159 175 218 283 364 460 585 723 847 963 1056 1160 1258 1323 1369 1396 1423 1428 1438 1408 1185 1120 1157 1104 991 869 788 746 779 883 1030 1221 1328 1331 1221
690 742 660 553 495 552 663 675 626 720 777 764 723 673 635 623 634 666 680 657 580 533 530 496 456 438 432 428 420 358 293 225 153 134 134 134 134 134 134 134 134 149 201 261 329 392 366 292 251 238 260 287 326 360 404 468 502 526 524 410 276 192 174 168 163 167 199 255 324 418 542 639 761 884 984 1072 1174 1257 1312 1339 1296 1229 1304 1208 1265 1171 1051 1101 1200 1080 935 828 772 783 852 993 1174 1323 1339 1179
756 754 657 591 543 627 731 711 696 769 818 795 749 702 672 624 630 645 658 668 639 593 570 547 500 453 438 439 444 388 326 254 180 145 134 134 134 134 134 134 134 137 168 227 291 349 371 319 268 245 256 281 306 345 381 438 490 499 456 349 242 175 162 160 158 178 224 288 364 440 511 619 755 858 943 1039 1143 1234 1296 1298 1149 1086 1088 1107 1033 1020 990 1096 1219 1105 1005 894 832 827 879 1008 1169 1289 1280 1189
839 764 679 631 601 688 787 769 749 815 839 779 694 664 646 588 555 579 589 626 642 620 561 493 450 429 418 407 415 394 346 286 210 168 140 134 134 134 134 134 134 134 143 191 256 319 348 324 285 257 258 274 303 328 357 410 438 458 402 300 216 169 156 155 164 198 262 352 454 548 605 599 698 803 906 1024 1147 1254 1319 1333 1182 1031 951 957 929 944 1007 1134 1237 1149 1090 1011 935 899 958 1063 1196 1147 1079 1094
847 809 734 685 670 750 834 824 793 844 838 708 647 611 576 501 461 477 503 535 574 586 551 493 409 376 380 363 373 347 314 277 234 185 166 142 139 135 134 134 134 134 135 161 215 280 325 312 283 266 262 281 309 332 345 361 410 408 354 253 192 162 154 155 181 242 328 445 571 672 712 676 691 780 876 982 1103 1229 1320 1310 1187 1019 894 851 874 944 1052 1187 1299 1247 1188 1132 1040 969 1075 1183 1236 1137 1047 966
805 809 784 746 735 807 862 859 843 858 793 691 645 594 508 430 397 382 397 432 465 491 513 502 386 314 307 294 289 273 251 233 213 177 161 147 141 137 134 134 134 134 134 140 183 227 271 277 262 267 268 281 320 352 360 356 367 369 307 215 169 154 154 161 211 283 382 524 691 775 749 704 718 765 837 929 1044 1162 1251 1207 1093 963 845 806 865 970 1097 1228 1297 1185 1117 1072 1026 976 1075 1229 1281 1159 1044 909
714 745 778 794 792 829 873 886 880 809 719 675 637 593 508 436 383 343 322 330 359 392 431 460 365 262 244 237 227 216 198 183 170 158 153 155 148 143 135 134 134 134 134 134 146 185 220 239 236 252 264 272 315 367 379 367 354 330 263 191 157 152 160 190 246 325 442 592 724 801 747 699 712 744 795 875 968 1064 1137 1075 918 808 763 794 880 1005 1137 1255 1224 1128 1029 973 923 934 1037 1207 1315 1245 1081 897
627 688 757 800 811 817 830 867 883 761 684 636 603 567 513 443 394 356 325 299 292 315 338 336 276 233 217 207 193 185 174 164 164 172 188 208 191 167 137 134 134 134 134 134 135 152 183 204 219 236 253 263 296 363 408 397 364 303 237 181 154 152 172 204 260 359 508 674 788 803 733 697 700 728 768 826 894 908 880 829 757 723 741 815 927 1056 1189 1277 1234 1137 994 924 864 897 1009 1196 1329 1269 1121 995
561 660 747 776 759 730 741 788 844 753 692 650 603 534 469 429 406 393 373 341 304 273 260 250 238 231 226 218 197 189 198 202 221 243 272 277 256 208 171 137 134 134 134 134 134 135 149 179 201 225 244 258 279 341 405 423 389 331 263 192 158 151 166 196 255 372 534 706 800 834 756 700 698 715 744 788 816 758 729 700 676 689 758 861 984 1108 1214 1207 1119 1065 982 885 829 889 1019 1217 1336 1274 1136 1073
525 618 718 734 694 681 698 733 802 818 778 734 689 627 559 519 495 468 433 394 350 318 293 275 270 270 267 257 230 232 263 295 325 354 383 354 305 246 212 167 136 134 134 134 134 134 136 156 182 212 238 251 267 301 367 413 406 367 286 210 165 150 158 183 240 365 540 736 802 831 785 711 697 708 729 752 737 674 640 630 658 725 819 929 1049 1144 1205 1127 1035 960 909 824 817 905 1053 1219 1339 1267 1166 1128
494 579 675 696 665 652 667 692 754 800 815 808 772 718 666 631 616 584 531 475 428 389 359 335 329 327 322 304 271 280 324 397 452 464 459 420 365 303 257 214 165 136 134 134 134 134 134 138 158 187 214 232 249 267 332 389 397 364 289 216 167 150 153 176 234 351 512 682 761 765 762 709 693 693 707 714 679 619 581 600 676 790 891 990 1074 1138 1144 1098 1024 911 828 784 835 956 1105 1246 1340 1252 1149 1074
470 565 636 646 628 619 632 650 688 724 748 752 749 746 727 712 703 677 638 582 547 513 470 432 412 403 374 345 306 299 361 450 510 534 508 482 429 362 308 258 208 159 136 134 134 134 134 134 137 159 188 211 225 237 292 373 414 400 335 231 164 151 151 169 224 319 509 645 656 636 663 670 654 657 675 662 610 575 565 600 712 840 931 1002 1075 1129 1059 998 959 860 773 782 880 1028 1174 1311 1344 1245 1134 1052
456 539 581 590 584 581 593 607 628 647 664 666 662 676 703 731 736 705 672 644 627 622 601 576 523 473 422 375 335 312 362 439 508 557 555 531 495 427 362 307 254 197 141 134 134 134 134 134 134 138 160 185 198 213 237 314 386 383 322 226 160 150 154 164 210 301 463 581 592 602 611 609 608 617 630 613 556 537 566 640 752 855 926 998 1072 1108 1022 941 875 786 747 809 948 1095 1228 1332 1265 1154 1052 1031
464 512 537 545 544 541 552 564 581 594 608 609 607 620 650 685 717 711 687 665 647 639 632 610 571 514 467 412 361 333 365 429 489 526 570 585 534 490 440 360 311 252 165 135 134 134 134 134 134 134 138 153 167 187 195 238 280 277 242 198 151 151 156 165 199 269 417 542 581 596 601 595 586 579 578 564 531 525 577 666 749 819 875 938 1003 1030 955 897 798 730 754 864 1015 1148 1269 1324 1230 1090 994 969
458 493 508 512 504 505 514 524 537 549 557 562 559 571 596 630 656 668 668 660 652 638 628 622 597 554 521 455 397 364 367 407 455 485 514 563 572 516 485 419 348 281 199 144 135 134 134 134 134 134 134 139 143 151 160 176 196 193 182 163 146 151 157 166 187 242 374 494 557 597 589 570 548 535 527 516 508 531 591 652 710 766 822 875 922 938 889 822 738 718 787 923 1074 1200 1255 1304 1266 1129 1051 1002
447 476 480 475 468 463 476 484 496 509 513 515 514 524 540 562 581 593 598 610 616 621 613 609 600 577 532 484 439 419 394 404 433 451 466 502 537 540 517 460 379 299 235 171 143 139 134 134 134 134 135 137 139 141 143 144 145 149 148 146 146 150 154 162 180 225 323 439 541 557 528 521 499 491 485 479 493 527 575 623 672 713 771 823 859 877 834 764 708 728 828 976 1110 1156 1186 1263 1273 1178 1119 1034
430 447 446 437 431 434 433 444 457 469 467 471 467 478 493 507 521 531 538 549 551 556 564 566 567 564 528 490 461 443 413 401 406 417 429 447 462 484 495 471 430 379 310 242 173 148 137 134 134 134 134 135 139 140 140 139 145 149 153 155 153 154 156 158 168 205 279 398 483 475 457 453 454 457 457 463 480 505 542 585 628 674 722 774 816 841 801 727 673 731 863 1007 1066 1074 1122 1199 1240 1158 1066 994
396 408 411 400 392 402 395 406 420 430 429 433 426 436 445 457 467 476 488 492 501 505 509 517 520 517 500 478 448 425 421 397 381 380 379 389 411 437 448 448 447 431 390 305 233 177 154 135 134 134 134 134 134 134 136 144 145 146 150 154 154 156 158 163 166 186 243 336 422 412 398 407 424 433 438 450 461 477 501 545 586 636 686 729 770 791 758 699 655 739 888 980 997 1008 1063 1123 1181 1184 1063 972
355 364 371 357 350 351 350 374 391 394 394 396 387 394 400 411 418 425 436 444 455 459 466 475 469 461 459 450 428 405 405 389 362 350 337 347 366 380 385 399 407 413 408 374 293 215 177 145 134 134 134 135 137 137 136 137 141 145 148 151 151 152 153 156 164 173 212 269 341 347 340 381 417 417 420 434 441 451 472 506 546 592 643 691 726 745 712 653 636 750 878 922 935 954 999 1043 1108 1145 1045 953
308 318 322 317 313 316 318 348 364 369 360 356 352 355 360 369 373 380 388 398 410 414 420 425 420 415 413 415 400 383 377 371 354 333 315 307 322 330 330 333 336 359 376 363 343 252 170 136 134 134 134 135 137 138 137 135 137 138 141 151 148 149 153 149 157 164 183 219 254 277 302 341 388 398 405 419 428 427 447 476 509 548 599 644 673 686 658 605 647 759 828 860 881 906 940 975 1034 1083 1003 939
257 270 276 277 276 281 297 326 336 339 334 324 323 323 323 327 328 336 346 356 363 366 371 375 377 373 371 384 372 365 370 371 345 318 302 297 290 298 299 297 294 299 306 303 299 264 184 135 134 134 134 135 137 138 138 134 134 135 136 142 144 144 149 155 158 161 169 188 209 234 271 300 343 374 392 409 415 408 417 447 473 505 555 590 603 608 592 592 689 765 776 807 828 857 881 910 948 977 946 905
219 229 234 236 239 257 283 304 318 319 309 302 298 299 290 292 292 297 303 311 317 322 324 329 335 330 334 340 342 349 361 372 347 314 292 281 274 270 275 267 261 256 249 242 229 215 195 145 134 134 134 135 137 138 138 137 135 138 136 137 139 141 145 148 156 157 162 170 181 204 236 271 329 370 385 393 394 385 392 415 440 467 500 527 535 551 566 613 713 732 736 760 779 808 824 844 867 882 869 852
196 195 199 205 212 237 259 278 292 298 293 284 274 267 260 262 261 262 265 273 280 283 284 292 295 288 297 303 314 328 339 348 321 300 285 268 255 245 231 224 218 214 194 183 175 162 157 141 135 134 134 134 136 137 139 138 135 137 137 141 142 140 142 145 149 157 165 172 175 181 202 248 294 349 382 373 379 368 370 385 411 430 453 472 491 522 581 631 658 657 676 706 739 771 785 793 806 826 827 801
193 187 182 183 197 212 228 247 265 273 269 259 256 250 243 236 234 232 240 246 248 250 257 264 264 255 261 272 281 305 311 324 318 301 273 248 234 218 195 182 175 176 163 146 139 135 134 134 134 134 134 134 136 138 140 140 140 140 142 143 143 144 141 145 150 157 165 169 173 178 182 202 242 297 349 377 387 359 345 355 378 412 451 454 476 530 583 583 594 593 614 648 695 739 763 757 759 777 791 774
197 191 180 174 180 189 199 221 236 243 238 232 236 237 238 230 220 211 215 220 225 226 233 239 239 234 232 239 249 262 276 288 298 288 267 230 203 175 153 139 137 137 137 134 134 134 135 134 134 134 134 135 138 141 141 141 142 143 143 142 144 145 144 142 148 152 155 161 168 173 179 185 203 245 292 344 373 355 322 328 358 396 448 455 451 525 547 525 533 540 564 606 677 740 783 750 730 733 737 731
191 188 182 173 168 171 178 193 211 219 211 211 220 228 225 216 209 199 199 203 215 215 210 218 215 215 208 216 225 225 236 256 263 254 241 212 172 144 135 134 136 136 134 134 135 134 135 135 134 134 135 139 141 141 142 142 144 144 145 144 145 145 145 141 145 155 158 156 162 168 174 180 185 204 246 286 325 347 313 301 321 351 384 417 416 450 492 470 468 489 517 542 611 691 736 736 707 656 609 602
184 179 173 167 162 158 163 170 176 177 185 191 200 203 201 198 189 183 180 189 197 202 203 199 195 191 185 190 195 199 204 220 230 215 211 184 141 134 135 142 146 145 142 135 134 134 134 134 134 137 141 143 145 143 142 142 142 144 144 145 145 145 145 141 143 151 153 155 162 164 168 180 187 190 199 230 254 276 277 279 294 307 324 371 399 382 409 413 406 432 462 484 508 549 577 586 547 512 473 461
176 169 164 157 154 151 154 160 164 163 163 169 173 174 172 170 165 159 159 169 184 192 197 184 177 168 165 172 181 186 179 188 197 181 177 155 134 136 139 145 147 147 145 143 138 136 136 137 141 144 146 148 153 147 144 143 143 144 145 145 145 145 143 143 148 148 149 153 157 165 169 177 186 196 199 200 205 221 230 258 281 283 285 297 312 333 341 365 357 364 383 416 431 437 441 432 418 407 399 395
184 179 165 156 148 146 148 147 151 150 147 147 148 147 147 150 147 149 146 158 165 171 176 164 155 147 154 159 168 173 167 159 160 149 137 134 140 145 145 146 150 150 151 151 145 146 147 152 156 165 160 159 157 155 151 148 147 146 146 147 148 144 144 148 150 151 150 151 151 160 168 173 179 189 196 198 203 205 211 221 235 243 246 260 273 290 296 315 322 326 324 337 350 358 357 353 350 350 352 351
187 176 163 151 142 140 142 140 137 136 134 134 135 135 134 135 137 137 138 140 142 147 154 150 142 138 141 146 155 157 154 141 137 135 134 136 148 149 148 157 157 158 164 172 171 168 171 182 190 199 205 183 183 185 180 165 154 157 150 153 146 143 151 149 152 154 153 151 151 157 161 166 172 176 186 199 205 208 206 207 209 212 219 230 246 260 272 281 293 304 308 309 312 321 329 337 337 328 323 321
173 158 148 141 137 138 136 134 134 134 134 134 134 134 134 134 134 134 134 134 134 134 136 135 134 134 134 134 136 136 135 134 134 134 134 135 147 153 164 167 166 170 185 188 197 199 206 206 219 233 231 208 205 216 217 203 180 165 160 156 144 144 147 151 155 156 157 152 153 158 158 166 174 181 194 206 217 226 226 223 225 224 231 232 233 237 247 256 269 279 288 293 298 312 326 338 342 328 314 303
138 136 134 134 134 134 134 134 134 134 134 134 134 134 134 134 134 134 134 134 134 134 134 134 134 134 134 134 134 134 134 134 134 134 134 141 153 172 189 184 178 182 202 214 231 238 238 231 235 254 266 250 227 233 238 204 201 186 172 162 155 154 145 150 158 161 161 158 154 155 158 162 166 174 184 202 215 230 241 244 243 242 254 258 255 243 237 244 259 266 275 281 285 292 302 305 307 307 304 298
134 134 134 134 134 134 134 134 134 134 134 134 134 134 134 134 134 134 134 134 134 134 134 134 134 134 134 134 134 134 134 134 134 136 144 160 177 193 204 203 194 191 214 237 262 273 272 270 256 264 278 281 264 261 254 246 227 203 185 171 165 164 160 145 157 164 171 172 167 163 160 159 158 161 167 178 198 220 233 244 249 248 266 273 273 266 259 259 261 261 257 267 270 276 281 288 296 293 295 297
134 134 134 134 134 134 134 134 134 134 134 134 134 134 134 134 134 134 134 134 134 134 134 134 134 134 134 134 134 134 134 134 137 149 168 185 205 212 220 224 214 206 217 243 271 294 309 310 290 290 292 298 286 282 282 266 238 215 196 175 169 172 168 153 148 163 169 175 174 171 169 164 158 158 163 167 174 195 217 234 239 252 265 272 277 275 274 274 281 285 282 272 278 270 272 281 289 288 284 283
134 134 134 134 134 134 134 134 134 134 134 134 134 134 134 134 134 134 134 134 134 134 134 134 134 134 134 134 137 143 149 154 162 172 195 213 222 229 235 238 234 223 225 245 275 313 338 340 326 311 308 306 299 296 287 270 246 224 209 187 176 176 170 150 144 157 167 174 174 170 166 163 159 159 160 163 163 172 196 216 227 244 264 272 281 286 283 284 289 291 290 286 285 279 274 268 268 269 265 264
134 134 134 134 134 137 138 139 136 135 137 135 135 134 135 135 136 137 136 136 136 136 137 137 136 137 139 141 148 159 174 189 199 204 216 229 241 252 251 251 253 244 240 256 276 312 346 359 358 339 330 328 324 316 308 310 291 261 238 212 187 183 175 154 147 154 169 178 179 180 173 171 165 163 161 159 159 164 173 188 207 226 252 267 277 286 283 283 286 288 287 284 281 277 277 272 264 263 262 262
140 140 140 141 145 152 153 151 148 145 141 140 144 147 150 153 156 157 155 151 150 155 158 161 165 162 161 163 167 183 195 217 229 234 238 249 260 272 274 270 265 259 252 273 298 315 340 367 379 376 361 348 352 349 341 331 334 326 294 259 223 198 183 171 148 151 151 172 187 194 201 189 182 173 164 160 160 162 166 176 187 200 222 247 261 273 272 272 277 281 282 280 276 275 274 274 267 264 263 262
148 149 152 157 161 167 169 166 164 155 144 146 156 164 167 172 178 179 177 172 172 178 184 188 195 200 200 196 200 211 223 239 264 273 276 278 296 298 303 302 288 274 270 277 301 325 349 370 396 402 391 374 374 376 374 368 390 393 362 322 273 231 206 183 162 148 152 153 177 205 221 227 212 212 200 187 176 168 164 168 175 185 200 220 241 254 259 267 274 280 281 279 278 272 269 266 264 263 262 262
165 163 170 182 180 178 181 180 173 159 150 156 166 168 179 188 196 199 199 201 213 213 213 214 220 231 237 239 240 242 246 258 280 299 307 306 322 328 330 324 315 292 295 301 307 323 348 381 397 416 411 405 410 398 403 401 416 443 431 387 317 271 228 195 172 156 154 154 162 193 220 246 241 232 233 230 213 200 187 167 164 172 182 193 216 235 246 258 266 274 277 277 277 274 270 266 263 262 262 264
190 182 189 202 202 197 194 186 178 166 158 167 170 176 188 202 217 221 225 232 244 251 251 253 254 262 268 269 276 277 274 280 287 307 328 336 345 358 366 358 343 313 300 315 317 320 331 354 382 399 409 411 420 421 420 412 417 439 426 400 338 280 239 213 181 162 159 151 164 177 206 229 245 247 239 238 234 216 201 181 165 164 172 181 190 208 228 241 255 262 266 270 271 271 270 268 265 266 268 271
217 202 213 226 227 227 219 205 192 178 166 169 177 190 208 221 238 250 258 267 277 289 302 309 304 308 315 311 314 312 307 306 312 322 338 353 363 376 384 382 360 328 306 318 327 319 310 320 336 358 373 385 398 405 410 405 394 376 357 340 308 270 239 220 194 168 164 153 163 173 187 217 233 241 247 242 245 234 213 196 175 169 166 173 179 190 202 221 235 246 252 257 262 267 270 268 267 270 274 275
243 226 242 263 268 261 243 226 208 189 175 171 187 208 231 248 265 283 296 304 319 332 353 369 369 367 370 368 367 356 347 333 336 343 354 363 370 375 378 377 369 348 321 322 328 324 310 305 308 316 324 336 353 367 378 381 366 345 316 295 282 258 234 210 195 182 172 161 153 167 176 193 216 229 239 253 262 255 250 226 204 191 181 171 174 179 189 199 215 232 235 247 254 260 268 271 270 269 271 273
258 252 277 303 311 299 272 245 220 199 180 178 197 222 250 276 300 315 336 345 360 378 395 412 426 430 429 430 423 402 380 363 365 368 378 384 388 391 384 373 363 353 352 339 331 326 317 311 309 306 304 305 308 314 320 319 314 306 296 285 274 243 221 223 218 207 184 168 168 156 165 172 190 214 228 243 262 266 267 261 233 223 221 193 175 174 181 192 201 208 214 227 238 248 257 262 267 264 264 267
272 290 326 349 352 333 298 259 225 201 184 182 205 239 274 309 338 360 381 391 404 418 435 448 460 469 473 473 453 429 407 399 400 405 410 417 421 422 412 402 387 392 396 386 363 354 341 336 327 320 315 306 302 297 292 288 286 282 277 268 259 265 264 252 240 221 198 176 168 161 153 166 168 191 214 236 253 273 283 279 262 253 249 230 196 179 178 186 194 197 198 206 216 228 238 243 248 249 252 257
