# 100 100
133 133 133 133 133 133 133 133 133 133 133 133 133 133 133 133 133 133 133 133 133 133 133 133 133 133 133 133 133 133 133 133 133 133 133 133 133 133 133 133 133 133 145 162 170 176 148 140 133 138 133 133 133 133 133 148 161 152 140 135 141 164 193 218 239 242 240 231 213 193 200 235 262 287 312 314 310 319 327 323 329 329 349 378 383 380 393 413 430 446 461 491 483 464 436 432 441 436 428 432
133 133 133 133 133 133 133 133 133 133 133 133 133 133 133 133 133 133 133 133 133 133 133 133 133 133 133 133 133 133 133 133 133 133 133 133 133 133 133 133 133 133 133 133 133 133 133 133 133 133 133 133 133 133 133 133 146 158 151 139 135 155 178 200 225 239 240 232 233 241 199 190 218 258 276 310 312 311 329 331 328 324 328 340 345 353 363 373 387 405 428 462 468 448 427 433 450 465 463 448
133 133 133 133 133 133 133 133 133 133 133 133 133 133 133 133 133 133 133 133 133 133 133 133 133 133 133 133 133 133 133 133 133 133 133 133 133 133 133 133 133 133 133 133 133 133 133 133 133 133 133 133 133 133 133 133 144 150 151 140 138 155 169 181 191 201 205 219 215 219 214 192 195 216 245 264 292 310 328 344 342 327 327 337 340 341 352 366 386 405 418 432 443 421 420 479 493 488 478 476
133 133 133 133 133 133 133 133 133 133 133 133 133 133 133 133 133 133 133 133 133 133 133 133 133 133 133 133 133 133 133 133 133 133 133 133 133 133 133 133 133 133 133 133 133 133 133 133 133 133 133 133 133 133 133 133 146 150 139 138 138 145 162 174 175 176 175 184 192 185 193 196 192 188 198 227 261 303 328 348 348 336 332 344 346 354 368 382 390 396 410 420 409 406 469 510 517 510 511 515
133 133 133 133 133 133 133 133 133 133 133 133 133 133 133 133 133 133 133 133 133 133 133 133 133 133 133 133 133 133 133 133 133 133 133 133 133 133 133 133 133 133 133 133 133 133 133 133 133 133 133 144 145 152 148 147 149 151 150 148 151 149 153 161 159 164 162 155 158 164 168 162 169 165 163 192 230 285 311 335 345 345 343 347 357 361 367 372 380 393 398 374 363 413 452 477 501 494 508 519
133 133 133 133 133 133 133 133 133 133 133 133 133 133 133 133 133 133 133 133 133 133 133 133 133 133 133 133 133 133 133 133 133 133 133 133 133 133 133 133 133 133 133 133 133 133 149 149 170 175 220 281 285 301 293 255 229 220 201 178 162 154 140 143 142 141 141 143 149 147 146 150 153 154 152 155 176 227 270 292 308 317 327 334 347 352 353 350 357 347 324 308 327 353 376 411 426 415 422 443
133 133 133 133 133 133 133 133 133 133 133 133 133 133 133 133 133 133 133 133 133 133 133 133 133 133 133 133 133 133 133 133 133 133 133 133 133 133 133 133 133 133 133 133 133 133 176 185 189 215 258 276 309 318 354 350 323 280 246 228 211 200 172 152 146 147 144 148 162 155 147 152 152 149 149 150 155 173 218 246 262 276 289 298 315 319 313 306 293 292 293 306 323 340 350 347 333 306 304 335
133 133 133 133 133 133 134 133 133 133 133 133 133 133 133 133 133 133 133 133 133 133 133 133 133 133 133 133 133 133 133 133 133 133 133 133 133 133 133 133 133 133 139 170 191 207 222 230 235 229 251 271 288 321 327 344 339 316 297 271 262 259 242 202 173 168 164 156 164 172 169 163 168 159 150 151 151 158 190 221 230 239 254 262 267 265 262 265 270 267 273 277 278 277 286 289 283 268 270 299
133 133 133 133 133 138 135 133 133 133 133 133 133 133 133 133 133 133 133 133 133 133 133 133 133 133 133 133 133 133 133 133 133 133 133 133 133 133 133 133 133 133 181 222 241 255 282 293 319 331 310 300 294 294 314 337 348 365 360 327 295 296 280 246 209 179 172 163 167 178 184 188 192 186 172 166 158 152 162 176 192 209 221 228 230 230 227 233 232 229 228 231 235 237 249 254 261 262 261 263
133 133 133 133 133 135 134 133 133 133 133 133 133 133 133 133 133 133 133 133 133 133 133 133 133 133 133 133 133 133 133 133 133 133 133 133 133 133 133 133 134 166 216 231 252 270 308 334 382 415 401 356 320 322 321 354 403 401 415 386 342 306 309 282 249 205 179 167 169 181 193 200 211 219 206 192 176 160 155 155 160 168 184 194 197 202 211 224 226 222 225 219 206 204 205 241 272 296 307 305
133 133 133 133 133 133 133 133 133 133 133 133 133 133 133 133 133 133 133 133 133 133 133 133 133 133 133 133 133 133 133 133 133 133 133 133 133 133 133 133 134 184 258 295 316 331 349 386 418 451 458 445 428 415 417 396 396 417 437 445 415 368 357 314 278 235 206 182 171 179 188 198 210 230 232 220 200 177 161 159 158 159 168 196 203 210 213 219 216 205 199 195 192 194 208 242 283 327 350 342
133 133 133 133 133 133 133 133 133 133 133 133 133 133 133 133 133 133 133 133 133 133 133 133 133 133 133 133 133 133 133 133 133 133 133 133 133 133 133 133 133 201 304 339 348 354 358 387 418 432 458 480 497 482 488 476 443 418 412 442 441 429 410 373 341 292 240 203 181 184 189 193 199 212 232 234 222 209 190 167 162 156 155 166 173 178 190 193 193 193 192 189 199 225 254 277 298 323 340 336
133 133 133 133 133 133 133 133 133 133 133 133 133 133 133 133 133 133 133 133 133 133 133 133 133 133 133 133 133 133 133 133 133 133 133 133 133 133 133 133 139 212 274 313 327 332 331 354 389 426 461 486 512 518 512 505 488 474 459 438 437 413 423 394 362 336 300 246 192 183 186 187 195 205 218 229 234 229 213 197 182 167 158 156 157 158 160 165 186 188 187 213 258 299 326 344 372 377 378 373
133 133 133 133 133 133 133 133 133 133 133 133 133 133 133 133 133 133 133 133 133 133 133 133 133 133 133 133 133 133 133 133 133 133 133 133 133 136 163 224 242 244 258 291 301 312 317 331 347 376 441 483 505 508 498 499 492 499 487 461 419 390 380 375 346 323 300 264 213 188 187 189 190 197 207 215 230 239 237 227 213 202 187 182 165 160 164 164 182 188 216 276 331 378 420 449 460 463 459 456
133 133 133 133 133 133 133 133 133 133 133 133 133 133 133 133 133 133 133 133 133 133 133 133 133 133 133 133 133 133 133 133 133 133 133 135 143 205 292 355 368 362 348 360 357 341 334 333 329 350 406 462 485 488 467 466 460 461 470 452 405 364 344 341 330 308 286 255 226 206 196 193 192 189 195 195 215 235 242 246 243 228 215 211 198 187 180 191 192 252 293 327 357 380 426 466 494 500 501 487
133 133 133 133 133 133 133 133 133 133 133 133 133 133 133 133 133 133 133 133 133 133 133 133 133 133 133 133 133 133 136 139 140 142 152 168 197 275 366 420 447 456 445 419 402 387 376 365 367 380 384 390 411 419 406 389 391 401 402 415 391 362 337 324 314 300 283 268 244 213 200 194 191 189 190 192 207 225 242 248 264 261 234 237 242 233 222 242 238 268 321 349 371 390 417 438 466 475 472 476
133 133 133 133 133 133 133 133 133 133 133 133 133 133 133 133 133 133 133 133 133 133 133 133 133 133 133 133 133 156 177 179 171 176 190 219 275 374 454 514 588 641 632 576 520 462 409 405 428 432 418 392 392 387 374 372 360 362 359 371 368 352 340 317 310 312 318 322 292 247 213 204 197 191 191 191 207 237 252 273 293 293 287 266 274 281 286 273 264 261 325 368 385 403 420 424 441 451 455 454
133 133 133 133 133 133 133 133 133 133 133 133 133 133 133 133 133 133 133 133 133 133 136 135 135 139 142 160 177 194 207 206 202 212 240 259 322 448 515 563 657 757 791 768 703 634 535 460 448 445 438 420 406 415 394 390 378 364 358 357 358 354 352 341 338 333 354 372 346 300 242 213 202 196 193 193 202 242 260 289 312 325 331 318 309 316 317 314 293 282 300 348 373 381 391 399 421 446 454 443
133 133 133 133 133 133 133 133 133 133 133 133 133 133 133 133 133 133 133 133 133 142 156 155 159 162 178 200 200 205 220 224 214 236 276 296 361 463 523 556 608 678 756 819 818 782 711 607 543 499 491 490 472 500 501 474 451 415 397 381 376 386 388 383 380 385 389 379 348 311 265 226 208 201 199 199 202 233 255 283 308 324 334 333 331 341 336 328 321 303 323 365 393 402 417 441 464 474 484 493
133 133 133 133 133 133 133 133 133 133 138 146 133 133 133 133 133 133 133 133 133 155 170 171 179 198 227 239 232 230 255 244 225 265 311 343 410 457 502 535 568 606 659 701 717 739 799 777 716 655 626 612 617 620 629 589 541 510 482 447 429 440 442 436 419 401 386 368 350 322 284 242 214 204 204 204 202 217 249 266 281 305 331 343 342 354 355 351 345 331 348 380 430 439 448 486 499 508 522 552
133 133 133 133 133 133 133 133 133 139 166 173 135 133 133 133 133 133 133 133 133 144 167 178 189 219 255 271 268 249 262 252 253 311 355 401 464 502 527 531 543 566 592 618 642 691 800 858 844 805 775 753 780 780 761 691 625 569 545 528 511 484 458 439 426 398 373 341 326 311 285 252 223 209 206 209 207 212 237 254 271 295 319 340 351 354 365 366 361 355 352 379 402 431 445 470 503 525 537 544
133 133 133 133 133 133 133 133 133 134 161 179 161 134 133 133 133 133 133 133 133 134 144 172 195 215 245 254 251 249 271 279 286 333 392 445 487 526 552 561 564 567 574 591 620 689 805 851 837 844 845 843 839 775 694 635 624 590 556 534 510 480 452 428 413 400 377 354 331 302 277 252 231 215 208 208 211 215 219 244 266 282 299 321 339 340 353 368 379 383 379 384 391 411 435 453 464 480 497 507
133 133 133 133 133 133 133 133 133 133 145 166 177 135 133 133 133 133 133 133 133 133 137 162 183 191 208 214 225 256 285 305 327 365 413 446 481 515 540 563 585 602 607 614 627 669 717 751 766 786 807 817 706 633 627 597 585 572 560 538 511 482 460 438 424 422 402 385 355 324 293 265 237 218 210 208 213 216 220 228 254 271 284 298 309 324 345 363 376 387 390 404 405 420 430 443 451 463 482 497
133 133 133 133 133 133 133 133 133 133 136 163 172 133 133 133 133 133 133 133 133 133 138 163 194 198 210 214 226 266 310 352 388 419 459 484 517 533 536 546 567 592 616 645 659 659 667 680 695 724 766 770 601 509 519 601 609 598 591 572 535 509 486 465 446 431 418 408 377 342 315 282 254 227 215 210 214 220 220 227 245 263 274 284 286 299 329 345 362 381 394 409 408 417 429 433 442 453 471 486
133 133 133 133 133 133 133 133 133 133 135 161 175 136 133 133 133 133 133 133 133 135 151 172 192 201 207 217 241 283 328 369 422 464 497 539 583 602 591 588 579 582 599 637 682 693 686 685 682 688 689 631 538 474 472 552 612 619 635 642 616 591 560 522 482 453 427 367 328 308 293 279 261 236 218 216 221 220 221 223 231 252 269 280 284 294 316 337 348 361 378 394 405 409 419 429 438 448 463 479
133 133 133 133 133 133 133 133 133 133 140 156 153 133 133 133 133 133 133 133 133 147 167 180 183 203 232 248 272 303 338 394 468 534 550 564 616 671 685 681 657 635 618 646 704 735 740 676 639 598 509 450 434 431 428 450 493 526 556 616 617 600 585 560 521 471 389 309 286 273 259 261 248 234 225 219 218 219 222 221 224 242 259 270 280 282 295 329 346 348 358 374 392 397 406 422 431 443 460 488
133 133 133 133 133 133 133 133 133 133 141 140 133 133 133 133 133 133 133 135 138 160 180 179 187 220 260 279 297 330 378 443 554 604 602 603 613 663 729 758 752 712 663 657 704 754 788 696 523 451 422 405 402 402 400 396 394 411 436 464 480 490 493 477 429 357 313 281 265 257 243 236 231 222 221 220 220 221 223 226 232 246 255 258 264 268 275 292 316 336 344 352 370 388 393 404 413 424 441 469
133 133 133 133 133 133 133 133 133 133 146 161 133 133 133 133 133 133 133 146 149 173 196 193 216 252 281 298 320 363 410 488 630 646 644 626 611 631 662 688 720 740 708 671 683 683 729 729 528 426 402 397 395 399 407 397 386 379 376 380 393 396 392 377 351 320 295 271 251 243 232 226 221 219 219 228 238 236 229 232 253 279 277 268 263 262 264 273 286 314 326 342 369 387 399 406 418 424 432 469
133 133 133 133 133 133 133 133 133 133 151 142 133 133 133 133 133 133 134 159 169 181 197 213 243 266 287 313 341 380 424 494 549 569 580 599 593 585 594 614 670 725 732 699 630 523 515 486 437 402 395 395 405 425 435 419 401 386 370 358 353 352 354 347 328 305 282 257 241 232 228 223 222 223 236 261 277 267 254 239 258 295 308 304 294 278 265 268 286 316 339 345 364 383 397 401 426 434 437 448
133 133 133 133 133 133 133 133 133 133 134 133 133 133 133 133 133 133 136 165 183 184 193 217 257 274 291 320 350 382 425 470 495 496 493 494 513 522 528 550 603 692 757 747 647 478 439 425 404 398 405 431 521 542 505 470 437 414 393 374 360 345 330 320 305 292 260 224 213 213 221 222 224 234 271 320 317 296 272 257 251 289 339 343 333 324 295 282 288 321 346 354 381 399 408 410 411 429 450 472
133 133 133 133 133 133 133 133 133 133 133 133 133 133 133 133 133 135 141 171 190 192 214 226 252 276 295 326 354 385 430 461 474 478 479 487 495 502 513 531 573 648 739 753 621 439 410 400 391 402 451 496 603 631 590 556 520 472 431 405 384 363 344 321 286 253 227 205 197 195 207 224 238 271 320 350 338 317 292 273 262 276 324 365 372 361 335 310 291 308 337 356 375 401 417 424 439 436 457 493
133 133 133 133 133 133 133 133 133 133 133 133 133 133 133 133 133 143 153 172 186 212 239 242 257 281 309 331 355 389 423 445 459 462 471 483 496 505 513 526 564 612 679 663 499 416 404 389 373 390 487 587 684 671 616 565 535 508 487 467 431 389 362 330 274 231 209 200 195 194 202 224 264 305 347 374 358 339 315 292 271 276 307 344 371 372 364 341 320 313 324 350 365 385 407 434 491 506 467 516
133 133 133 133 133 133 133 133 133 133 133 133 133 133 133 133 133 149 167 175 201 230 245 255 273 290 318 339 362 404 439 461 476 486 499 501 506 514 521 538 567 602 625 578 437 403 388 378 373 386 502 638 723 651 574 516 475 435 424 440 480 460 382 321 254 213 196 195 201 197 202 255 347 389 399 406 385 363 341 315 288 276 287 316 352 363 365 356 346 333 342 357 366 388 403 414 477 524 504 497
135 133 133 133 133 133 133 133 133 133 136 135 134 134 133 133 136 157 173 196 215 232 247 268 281 303 325 342 374 420 459 483 498 538 563 556 556 561 566 570 591 608 607 511 421 397 382 369 370 388 549 699 668 586 537 503 467 418 386 371 373 371 346 286 228 203 194 189 194 201 236 340 436 477 455 447 424 398 361 332 306 290 294 309 329 355 359 357 359 349 359 374 387 378 409 411 445 493 515 498
154 133 133 133 133 133 133 133 133 142 157 159 156 144 139 136 148 169 195 214 223 242 248 273 290 312 331 352 388 425 467 495 525 583 613 606 607 602 601 599 593 594 584 461 409 387 370 362 365 396 574 706 628 576 542 517 473 415 370 340 310 298 270 237 215 202 196 193 196 233 290 396 476 529 512 477 457 437 393 352 323 300 298 322 325 342 358 359 359 355 371 391 402 396 406 415 427 460 497 511
140 133 133 133 133 133 133 133 133 134 156 170 154 142 142 147 162 191 216 222 234 248 255 276 294 317 336 361 389 429 475 511 544 570 601 619 620 616 609 600 577 547 496 427 388 374 362 357 363 399 541 665 590 566 572 561 492 408 353 314 275 236 213 199 188 192 193 191 230 281 340 412 459 505 528 500 481 463 429 384 346 316 305 316 339 331 348 356 359 358 358 395 412 426 412 423 437 447 482 509
133 133 133 133 133 133 133 133 133 133 149 152 145 143 149 160 183 213 230 227 234 251 267 281 302 316 339 365 396 445 490 520 541 557 567 577 583 592 603 579 502 475 413 382 370 361 355 359 366 397 470 534 577 609 640 620 538 428 346 293 257 215 201 190 187 187 190 217 282 343 391 428 451 501 555 535 509 486 452 410 371 335 315 314 337 344 341 354 354 365 358 384 424 435 429 439 457 463 473 479
133 133 133 133 133 133 133 133 133 133 133 140 149 153 163 180 207 234 241 230 232 253 275 289 306 323 344 368 407 458 491 508 523 536 548 556 562 553 541 502 433 402 377 364 347 339 342 352 368 390 458 521 594 664 676 667 566 441 346 281 229 204 188 187 187 188 213 253 358 420 457 479 494 548 591 566 528 493 470 436 391 352 327 316 331 357 345 347 354 355 356 370 415 439 436 434 464 489 507 492
133 133 133 133 133 133 133 133 133 133 133 135 153 165 176 195 224 246 245 238 233 251 275 299 314 333 356 383 430 468 486 498 511 528 545 545 541 518 481 445 393 377 364 350 329 314 319 341 350 377 414 416 423 474 492 509 486 411 335 267 219 200 187 187 187 193 230 301 423 501 544 555 542 552 554 548 518 482 456 427 394 362 338 326 329 358 360 348 364 371 373 367 402 438 449 438 460 504 537 531
133 133 133 133 133 133 133 133 133 133 133 141 156 171 191 209 239 254 250 246 242 252 274 300 325 346 371 408 445 471 492 508 525 539 538 523 500 461 409 377 360 342 328 314 291 278 274 280 293 313 330 334 327 324 338 352 373 345 296 252 210 189 187 187 189 209 253 328 450 591 635 624 589 569 543 523 506 479 453 426 395 373 350 338 337 344 373 361 366 379 368 371 396 440 464 465 472 516 556 548
133 133 133 133 133 133 133 133 133 133 133 148 157 177 196 220 249 254 247 245 255 258 280 310 335 357 387 420 449 479 495 507 519 522 516 488 440 385 357 334 317 303 292 269 223 210 214 223 251 264 277 291 293 294 298 304 324 298 262 230 192 187 187 187 201 234 290 369 483 595 638 636 597 575 562 553 530 494 468 438 411 385 366 359 354 348 377 382 364 377 367 377 396 438 485 486 498 528 541 538
133 133 133 133 133 133 133 133 133 133 133 143 159 180 199 228 246 248 234 240 250 268 293 322 342 366 390 410 426 451 459 474 498 482 468 430 385 351 329 313 288 258 228 198 188 187 188 191 216 242 256 252 246 248 257 274 279 264 247 213 187 187 187 187 215 255 322 421 539 686 694 649 631 633 639 628 577 509 472 452 429 408 387 380 371 361 359 376 372 363 362 374 378 410 474 512 515 540 545 537
133 133 133 133 133 133 133 133 133 133 137 149 163 176 200 215 221 222 227 237 253 281 301 321 340 362 380 394 406 425 439 449 459 441 414 379 347 328 309 278 247 214 193 187 187 187 187 187 187 215 236 225 215 219 253 274 265 243 222 193 187 187 187 187 222 270 340 458 618 761 746 707 702 744 745 689 581 516 482 462 453 443 419 397 380 362 343 345 361 368 358 361 365 403 463 505 516 525 544 533
133 133 133 133 133 133 133 133 133 135 150 162 168 176 192 198 204 214 229 246 268 286 301 315 336 353 359 367 371 379 388 396 393 377 360 342 327 311 285 255 226 206 191 188 191 187 187 187 187 187 191 189 187 194 220 240 242 213 193 187 187 187 187 195 231 280 351 468 625 814 843 780 722 751 768 649 539 491 452 439 449 460 453 416 386 367 340 325 344 366 367 360 363 395 460 501 508 498 514 512
133 133 133 133 133 133 133 133 133 141 160 164 167 178 187 199 211 228 244 262 279 290 301 312 331 345 352 364 365 360 360 362 356 345 330 319 309 291 263 235 194 184 183 187 207 203 199 199 189 187 187 187 187 187 188 187 187 187 187 187 187 187 188 214 254 302 355 461 600 776 846 765 621 584 625 593 489 414 366 344 351 352 350 364 363 350 329 314 323 361 359 359 357 375 448 504 511 486 476 481
133 133 133 133 133 133 133 133 135 150 159 165 169 180 196 208 222 236 251 268 281 292 305 314 315 319 325 338 351 355 340 341 340 333 319 300 290 276 233 199 183 187 192 201 222 222 210 202 190 187 187 187 190 190 193 191 187 188 194 196 202 208 219 244 278 316 361 443 559 661 708 626 498 459 459 457 407 349 301 291 287 286 285 295 303 311 318 315 315 337 365 358 356 362 440 495 496 475 451 448
133 133 133 133 133 133 133 135 153 159 161 167 173 187 202 217 230 243 258 272 284 297 307 303 290 300 318 315 316 319 309 300 302 309 304 279 264 238 204 187 184 185 193 198 197 195 202 210 219 209 206 204 203 196 189 187 195 218 244 250 253 253 260 277 299 330 368 415 493 597 642 532 444 393 370 361 337 294 261 267 281 287 294 296 313 329 334 321 319 332 363 367 360 359 405 474 490 472 441 427
151 152 144 142 134 133 135 150 162 161 162 167 175 188 205 219 234 250 264 277 286 291 294 284 274 292 322 326 319 321 313 296 282 270 254 243 232 202 185 183 183 183 183 183 185 218 238 239 243 247 245 239 230 212 206 215 252 287 314 322 316 303 297 302 311 324 346 386 460 543 556 475 394 355 339 326 289 246 255 290 312 328 332 342 386 410 396 361 336 351 358 375 370 363 364 404 461 462 440 434
186 178 168 165 156 139 144 156 162 161 159 165 175 188 204 220 239 256 270 280 281 281 280 275 274 301 325 323 310 298 280 276 250 242 232 214 200 194 185 183 183 183 183 183 194 242 273 296 310 305 297 292 282 266 272 283 316 356 380 381 353 330 321 314 309 304 325 361 423 478 468 403 356 307 315 300 265 244 280 323 361 388 407 434 494 466 439 402 365 368 375 392 392 381 369 370 395 445 460 449
191 188 182 179 171 143 146 159 164 159 156 163 174 190 208 226 247 261 272 275 276 277 275 281 274 279 293 289 276 264 243 227 219 206 198 189 192 188 183 183 183 183 183 197 236 292 322 336 341 339 338 338 321 315 327 351 385 410 417 413 374 345 331 321 314 299 301 334 394 417 384 349 316 274 285 268 249 280 315 378 450 504 523 541 544 495 465 438 400 388 391 396 417 408 384 376 372 377 436 442
221 219 205 195 182 150 151 166 167 154 151 159 173 193 212 233 252 263 268 272 277 290 300 282 248 247 258 262 260 253 227 209 209 195 186 186 184 183 183 183 183 183 185 218 277 324 356 372 380 380 371 356 351 370 397 422 453 457 430 405 373 344 329 314 294 281 275 285 333 358 328 295 243 257 265 251 244 279 343 466 578 641 619 598 576 531 486 459 438 426 422 409 430 413 373 368 358 354 349 384
253 241 227 225 195 160 158 175 164 146 144 156 176 199 219 240 254 259 266 272 278 289 297 276 234 245 260 255 241 222 200 185 186 183 183 183 183 183 183 183 183 183 201 227 269 318 361 384 405 387 393 414 434 477 506 505 493 475 422 382 357 334 309 285 274 266 257 255 264 291 276 242 215 237 239 236 254 321 426 549 622 640 640 617 592 557 517 484 466 450 439 430 431 415 378 367 371 356 334 319
271 261 245 243 204 166 168 177 155 141 141 157 183 205 226 243 250 255 263 271 270 257 245 243 206 213 244 243 228 214 201 186 183 183 183 183 183 183 183 183 183 189 212 244 301 330 360 401 414 398 409 439 510 614 647 638 547 468 415 371 343 313 287 260 248 231 241 219 221 243 224 212 216 229 225 237 299 397 464 512 495 514 546 576 566 548 530 505 478 453 445 454 445 428 385 384 400 370 338 313
261 246 249 248 206 171 171 169 144 140 141 162 190 211 230 239 243 249 256 260 248 227 219 210 186 201 214 218 221 216 198 186 183 183 183 183 183 183 183 184 186 202 235 292 350 388 421 440 430 425 451 507 554 642 645 571 514 445 391 355 328 294 276 243 226 216 214 212 212 212 212 212 219 220 235 280 389 434 442 444 461 483 495 504 534 533 520 497 477 461 449 477 470 454 414 415 424 388 349 317
260 245 246 243 213 178 168 155 140 140 144 168 194 214 227 231 236 243 250 247 233 221 224 206 175 191 205 201 211 200 190 188 183 183 183 184 183 184 189 199 205 244 306 352 396 423 436 433 431 441 489 555 583 582 582 501 460 405 364 332 289 256 250 230 224 220 212 212 212 212 219 219 218 251 279 357 426 457 493 563 597 579 580 550 565 565 534 517 501 490 481 481 485 464 442 430 420 389 353 322
252 244 236 230 220 189 168 147 140 140 147 168 193 211 217 225 233 239 237 236 219 213 215 188 163 184 217 201 184 183 194 191 188 192 197 198 196 202 217 227 252 301 346 381 390 385 387 395 399 412 449 517 556 555 503 434 403 367 327 294 272 237 230 227 224 228 225 218 212 226 219 216 236 288 336 403 440 493 596 748 754 726 676 627 611 618 584 557 536 526 513 499 483 446 418 387 378 375 360 337
252 236 229 223 223 208 177 144 140 141 146 161 187 202 214 225 233 237 215 202 185 186 181 162 160 170 197 201 176 183 194 205 216 221 218 219 226 242 262 281 300 318 332 339 326 307 304 315 336 376 409 433 448 460 420 382 355 330 313 278 258 239 244 247 233 230 236 224 213 212 212 227 270 308 385 416 477 584 738 876 887 819 749 688 658 659 642 621 598 572 544 515 475 438 410 387 390 410 382 363
257 235 233 234 234 224 180 142 142 143 143 159 187 204 216 221 221 213 196 180 164 161 160 160 160 165 177 175 195 219 238 252 251 250 251 255 262 269 277 283 287 288 287 283 277 267 262 267 279 316 393 397 390 383 376 356 330 329 342 312 292 300 306 299 267 246 260 229 213 212 215 262 294 337 411 448 537 680 822 901 851 799 757 691 676 705 705 680 643 592 534 500 470 444 423 397 400 424 391 372
265 239 232 247 248 226 165 142 141 140 141 162 189 205 211 210 196 189 169 160 160 160 160 160 160 161 165 193 244 267 269 273 278 276 272 269 267 265 265 266 263 256 245 246 245 244 246 254 268 292 359 382 378 367 360 353 307 303 319 303 305 329 325 312 265 258 238 221 215 217 240 288 314 392 453 505 629 739 872 908 885 853 774 699 705 731 710 672 603 534 495 470 450 433 421 400 386 377 366 361
282 250 234 246 241 199 159 143 140 140 144 164 187 195 197 195 184 179 169 160 160 160 160 160 160 160 172 227 278 285 280 283 287 288 273 253 248 242 243 238 229 223 225 227 223 223 225 236 250 292 344 357 355 351 343 318 272 270 298 295 281 279 299 283 238 247 214 212 218 232 269 308 371 459 492 600 738 853 903 939 954 943 838 728 717 707 668 593 522 499 480 462 444 424 401 377 368 358 324 304
253 229 224 240 216 176 155 140 140 140 146 166 178 180 182 188 181 182 174 160 160 160 160 160 160 168 197 235 273 282 278 290 300 287 254 231 234 224 234 221 187 186 204 216 223 230 246 263 256 258 273 289 282 272 272 252 245 252 321 326 246 219 231 227 221 218 212 214 230 250 298 338 449 494 564 719 817 860 789 791 837 868 811 738 728 699 612 550 505 475 461 463 436 400 374 344 325 318 306 282
219 207 201 207 191 167 145 140 141 140 148 159 168 171 180 194 186 180 172 160 160 160 160 160 168 185 199 223 259 268 284 299 298 267 243 228 225 208 213 191 167 184 193 198 221 242 256 257 253 232 242 252 240 223 212 208 244 241 278 291 234 222 212 212 212 212 212 222 244 262 323 395 487 538 665 796 860 794 694 646 667 739 796 766 740 679 560 522 480 450 450 426 399 378 343 299 268 264 266 251
206 196 195 195 181 159 143 144 150 145 140 149 168 170 176 185 175 165 161 160 160 160 161 168 178 188 194 215 254 273 289 294 282 270 261 229 215 204 190 171 168 199 199 232 229 223 227 227 230 214 207 213 207 204 204 208 238 258 236 231 215 226 212 212 212 212 213 221 239 287 374 455 489 543 673 814 846 758 681 633 611 663 727 710 673 607 514 472 435 423 419 390 359 328 302 280 259 245 245 245
206 198 199 191 173 157 146 152 152 139 136 144 165 163 168 174 167 160 160 160 160 162 168 171 180 191 179 203 238 278 289 293 269 263 256 220 196 188 160 153 166 211 212 239 269 282 255 229 211 204 204 204 204 204 206 221 256 262 232 212 212 212 212 212 214 219 227 238 262 319 405 449 464 491 545 619 675 682 633 597 587 585 573 563 550 512 436 417 411 403 394 351 325 304 289 267 248 245 245 250
208 203 195 183 171 154 153 153 146 137 136 146 158 158 164 165 163 161 160 160 161 164 164 169 173 173 163 191 232 248 270 289 278 248 237 216 188 170 153 186 178 187 209 256 288 288 282 260 237 224 212 208 208 210 218 224 240 249 228 215 212 212 212 212 217 227 240 245 261 313 357 394 408 432 455 482 514 541 540 528 514 502 477 450 433 407 381 372 372 373 357 297 294 280 252 245 245 245 246 260
201 195 186 180 162 157 153 148 142 138 135 142 152 164 165 167 167 164 160 157 156 156 157 158 163 163 146 173 218 239 245 264 249 224 203 187 188 156 172 221 205 184 209 252 260 270 287 260 237 226 215 213 217 220 220 216 213 214 212 212 212 212 212 213 223 238 241 242 255 286 307 321 337 341 350 370 422 435 432 432 427 412 400 386 382 371 363 367 358 330 283 263 251 245 246 249 247 252 256 263
191 186 182 168 160 154 152 149 143 137 137 156 159 164 167 169 168 163 155 148 150 155 155 149 142 138 134 163 223 249 239 233 211 194 200 166 150 148 176 209 210 204 201 227 241 250 251 236 226 226 217 223 234 231 235 222 212 212 212 212 212 212 212 217 233 244 255 247 262 280 308 347 362 348 343 355 381 382 368 364 368 354 349 349 359 354 355 352 331 296 254 245 245 246 252 265 261 271 290 299
192 184 173 167 160 157 156 149 142 137 144 164 162 166 167 166 159 151 145 139 147 153 156 148 140 134 134 167 224 234 220 215 194 192 180 146 143 150 177 197 202 195 192 207 232 244 248 225 215 233 221 223 227 223 224 220 213 212 212 212 212 212 212 212 225 233 250 263 274 283 290 336 358 363 370 403 404 424 408 369 331 327 330 323 315 314 307 288 271 252 245 252 265 271 274 278 283 297 317 327
184 178 174 170 162 163 158 152 147 136 144 161 164 166 161 155 148 144 144 144 136 146 148 140 139 134 134 151 162 182 203 188 176 174 153 142 142 186 221 247 230 211 197 202 207 223 226 226 214 222 222 222 225 218 218 216 212 212 212 212 214 212 212 213 237 236 226 223 233 242 253 298 361 363 381 400 410 417 389 336 309 293 295 312 309 296 289 269 250 245 246 271 287 287 288 291 302 320 320 320
176 173 171 166 161 166 160 152 137 134 139 158 164 159 158 158 147 145 148 139 134 134 135 134 134 134 134 134 134 160 196 170 159 157 149 142 151 234 263 265 255 239 235 237 229 223 206 205 209 224 230 223 232 225 223 215 212 212 212 215 223 212 213 212 220 226 218 221 235 238 242 278 296 315 327 371 367 370 339 315 285 276 291 307 286 282 264 250 245 245 249 261 280 292 313 332 359 342 303 296
172 169 166 162 167 169 166 152 134 134 135 153 161 179 190 169 155 152 148 135 134 134 134 134 134 134 134 134 134 148 155 136 137 144 142 141 159 250 279 254 253 248 237 235 241 238 228 235 238 217 212 213 217 219 213 212 212 212 212 218 214 212 212 213 212 212 212 212 241 274 270 256 254 262 273 276 279 311 321 294 270 268 290 285 269 259 246 247 249 260 260 268 295 321 339 346 336 316 296 279
171 168 166 167 183 184 173 157 134 134 134 141 162 187 171 167 166 167 154 134 134 134 134 134 134 134 134 134 134 134 134 134 136 176 162 150 189 254 269 245 266 238 235 232 221 223 221 249 257 229 219 212 212 212 212 212 212 212 212 212 212 212 212 212 212 212 212 212 215 246 261 279 297 280 272 265 255 248 280 265 274 276 285 294 264 246 245 246 248 262 273 304 320 332 346 339 326 306 285 267
173 171 169 180 200 191 174 148 134 134 134 134 161 165 153 152 166 165 144 134 134 134 134 134 134 134 134 134 134 134 134 135 176 196 187 166 201 233 248 244 240 245 236 228 226 217 220 264 284 253 230 225 217 212 212 212 212 212 212 212 212 212 214 216 212 212 212 212 225 268 286 290 312 297 307 286 258 253 264 256 251 255 268 261 246 245 245 249 252 270 287 311 305 314 323 323 304 269 259 255
177 175 179 191 197 157 144 136 134 134 134 134 145 140 137 135 146 140 135 134 134 134 134 134 134 134 134 134 134 134 134 165 215 195 180 200 226 215 240 242 227 234 249 230 228 233 224 268 273 246 235 217 217 216 224 216 212 212 212 212 212 212 214 219 213 212 214 212 240 293 321 309 335 337 321 275 248 247 272 273 248 245 246 245 246 261 268 277 281 307 306 306 308 299 286 277 266 267 266 261
181 181 184 190 175 142 134 134 134 134 134 134 134 134 134 136 137 134 134 134 134 134 134 134 134 134 134 134 134 134 134 158 228 210 178 204 218 183 208 220 226 234 250 237 242 261 224 242 242 229 212 212 212 215 225 225 240 237 218 212 213 218 236 218 218 221 219 216 225 268 293 279 331 342 296 280 283 286 272 246 245 245 245 256 278 305 312 315 326 323 311 306 305 281 265 264 268 279 287 286
188 186 194 192 147 134 134 134 134 134 134 134 134 134 134 134 134 134 134 134 134 134 134 134 134 134 134 134 138 134 134 148 216 203 154 148 158 163 208 222 212 230 232 243 262 283 241 226 216 218 217 213 214 214 242 235 281 280 251 213 212 233 245 238 230 249 254 245 240 249 262 301 321 300 292 284 281 281 260 246 252 261 277 308 323 322 309 310 334 331 313 295 284 278 280 291 303 306 309 314
196 192 193 174 134 134 134 134 134 134 134 134 134 134 134 134 134 134 134 134 134 134 134 134 134 134 134 134 134 134 134 134 170 156 136 154 168 172 201 223 233 245 247 259 267 279 249 214 212 216 230 233 242 237 244 235 267 295 263 225 213 236 258 250 244 257 286 279 284 328 319 329 299 305 317 287 267 249 250 274 306 335 322 332 334 333 314 311 308 297 283 289 294 293 310 317 333 338 335 364
194 180 174 179 135 134 134 134 134 134 134 134 134 134 134 134 134 134 134 134 134 134 134 134 134 134 134 134 134 134 134 134 135 137 139 181 212 237 214 197 221 249 282 276 279 280 262 224 208 208 209 229 259 280 257 253 250 270 251 235 216 237 241 258 281 277 286 297 301 317 329 348 345 334 303 265 254 278 281 291 314 333 328 315 313 330 308 306 292 281 286 294 305 311 334 341 354 361 369 425
194 175 161 164 134 134 134 134 134 134 134 134 134 134 134 134 134 134 134 134 134 134 134 134 134 134 134 134 134 134 134 134 135 134 171 172 213 243 218 231 238 228 248 274 284 267 249 232 211 214 247 251 269 286 278 293 280 277 255 243 218 223 235 259 267 270 300 284 293 310 309 330 343 317 284 251 261 289 314 302 299 314 311 308 305 293 287 291 299 290 298 307 320 337 357 366 373 392 433 467
197 153 135 135 134 134 134 134 134 134 134 134 134 134 134 134 134 134 134 134 134 134 134 134 134 134 134 134 134 134 134 134 134 143 189 167 194 212 205 243 269 262 251 251 251 233 254 221 210 236 285 287 280 272 306 318 310 291 274 254 233 253 259 246 251 263 275 274 277 290 298 276 304 281 261 279 278 274 304 294 288 314 297 295 283 284 294 296 300 305 318 335 350 363 386 413 446 461 468 472
182 134 134 134 134 134 134 134 134 134 134 134 134 134 134 134 134 134 134 134 134 134 134 134 134 134 134 134 134 134 134 134 134 150 158 151 176 191 190 237 277 257 223 235 177 195 248 222 220 236 269 271 283 286 294 301 312 284 258 253 244 253 263 263 265 260 264 273 280 282 263 246 257 253 277 286 296 287 285 282 282 301 286 292 288 303 312 322 326 326 344 368 382 389 425 467 492 480 466 445
148 134 134 134 134 134 134 134 134 134 134 134 134 134 134 134 134 134 134 134 134 134 134 134 134 134 134 134 134 134 134 134 134 135 153 172 179 187 202 212 249 225 187 167 185 167 184 232 217 254 280 282 281 296 297 299 274 243 240 243 244 246 268 294 263 259 256 253 250 257 248 247 253 261 281 295 322 309 296 291 299 281 291 311 322 336 346 364 374 371 396 413 415 432 449 455 446 435 425 412
134 134 134 134 134 134 134 134 134 134 134 134 134 134 134 134 134 134 134 134 134 134 134 134 134 134 134 134 134 134 134 134 134 137 142 167 185 196 202 209 227 189 163 176 184 194 181 184 199 270 296 288 282 296 288 279 252 241 239 250 252 263 291 299 282 267 265 271 256 250 248 247 276 297 302 318 310 306 315 320 298 313 320 363 370 380 396 400 416 426 442 445 451 460 446 436 436 432 423 414
134 134 134 134 134 134 134 134 134 134 134 134 134 134 134 134 134 134 134 134 134 134 134 134 134 134 134 134 134 134 134 134 134 134 134 146 176 210 208 187 166 168 176 195 216 227 222 200 202 244 253 259 268 274 277 279 260 242 246 275 275 279 304 312 310 277 281 262 248 251 245 246 257 276 278 301 318 326 322 313 313 348 363 402 408 415 427 434 450 472 467 453 451 446 436 436 435 438 433 415
134 134 134 134 134 134 134 134 134 134 134 134 134 134 134 134 134 134 134 134 134 134 134 134 134 134 134 134 134 134 134 134 134 134 134 134 143 184 181 158 181 213 199 216 256 255 254 239 251 232 230 232 232 233 239 264 250 239 255 274 265 278 297 307 276 266 271 250 243 244 245 250 262 284 319 342 342 342 349 367 362 385 401 420 430 441 474 492 496 489 462 447 444 437 437 443 450 449 441 406
134 134 134 134 134 134 134 134 134 134 134 134 134 134 134 134 134 134 134 134 134 134 134 134 134 134 134 134 134 135 134 134 134 134 140 140 141 164 162 185 221 254 226 230 256 265 268 261 280 273 251 236 234 237 235 240 240 242 258 268 263 273 286 269 251 255 247 243 248 253 263 273 283 303 337 375 371 367 383 402 407 417 432 438 459 474 510 513 506 486 469 449 434 424 427 461 473 452 429 376
134 134 134 134 134 134 134 134 134 134 134 134 134 134 134 134 134 134 134 134 134 134 134 134 134 134 138 163 154 153 134 134 134 134 142 156 136 141 196 205 242 251 246 248 250 264 279 272 277 281 259 266 269 264 255 242 248 257 268 283 279 272 264 250 249 244 243 248 259 262 299 294 314 314 331 392 387 379 397 418 432 452 466 486 517 538 514 492 490 489 471 457 433 412 423 468 465 421 380 373
134 134 134 134 134 134 134 134 134 134 134 134 134 134 134 134 134 134 134 134 134 134 134 134 134 134 135 160 159 135 134 135 136 134 134 134 134 152 174 174 225 259 261 259 261 262 293 279 269 286 275 277 272 264 271 259 268 254 265 274 274 252 247 249 249 243 253 279 289 287 320 319 332 337 341 374 393 406 416 436 452 482 545 614 614 543 500 465 440 435 449 453 411 387 428 429 385 373 418 453
134 134 134 134 134 134 134 134 134 134 134 134 134 134 134 134 134 134 134 134 134 134 134 134 134 134 134 134 134 134 134 134 138 134 138 134 136 168 181 187 233 260 262 256 272 292 283 272 268 293 283 280 254 247 258 273 264 253 253 250 247 246 243 245 247 254 283 325 326 315 330 337 347 352 362 366 392 432 461 494 547 637 738 721 607 529 490 457 406 364 384 398 364 359 365 359 391 428 462 507
134 134 134 134 134 134 134 134 134 134 134 134 134 134 134 134 134 134 134 134 134 134 134 134 134 134 134 134 134 134 134 134 134 134 146 140 171 207 215 246 248 272 259 256 268 273 286 268 283 296 273 254 249 248 229 240 266 272 258 257 248 244 243 244 265 279 317 345 348 341 350 353 359 373 386 396 434 488 553 646 744 766 713 615 553 495 468 441 366 317 314 327 324 339 382 417 463 484 515 545
134 134 134 134 134 134 134 134 134 134 134 134 134 134 134 134 134 134 134 134 134 134 134 134 134 136 138 134 134 134 134 134 134 151 162 147 160 223 264 249 248 258 272 268 270 274 275 273 268 271 242 229 222 225 253 270 284 266 263 253 243 246 246 248 258 270 307 365 367 360 363 370 379 398 433 499 590 646 693 719 673 614 578 546 509 455 435 392 317 306 308 314 328 370 426 461 495 523 551 573
134 134 134 134 134 134 134 134 134 134 134 134 134 134 134 134 134 134 134 134 134 134 134 134 134 135 137 134 134 134 134 134 135 143 155 165 158 201 238 239 246 248 232 263 285 287 264 262 224 198 203 217 243 262 297 290 277 273 275 249 252 254 253 251 251 263 300 368 379 382 384 383 398 428 543 744 812 774 682 589 557 526 525 494 462 420 361 313 306 306 308 326 355 408 456 502 541 552 571 610
134 134 134 134 134 134 134 134 134 134 134 134 134 134 134 134 134 134 134 134 134 134 134 134 134 134 134 134 134 134 134 136 138 134 144 166 178 201 214 219 242 219 217 259 279 266 221 197 189 232 242 257 274 284 300 288 270 262 253 254 268 284 301 276 261 269 301 362 394 400 394 395 410 463 641 764 731 640 544 479 469 472 473 455 432 371 316 306 306 309 328 358 417 462 488 515 545 567 599 672
134 134 134 134 134 134 134 134 134 134 134 134 134 134 134 134 134 134 134 134 134 134 134 134 134 134 134 134 134 143 165 147 176 158 150 168 200 204 208 203 213 220 246 240 250 227 185 216 227 247 270 281 278 272 278 291 270 249 261 269 282 299 304 290 275 295 349 380 399 405 397 407 433 447 494 526 513 487 457 442 438 448 455 429 395 323 306 306 313 348 390 441 472 492 505 520 550 592 651 765
134 134 134 134 134 134 134 134 134 134 134 134 134 134 134 134 134 134 134 134 134 134 134 134 134 134 134 134 140 161 196 181 193 193 192 180 194 206 209 202 210 223 230 214 204 193 177 223 236 268 277 287 245 253 276 262 260 251 267 283 298 302 288 290 292 318 375 386 397 403 411 422 428 421 425 443 444 440 440 447 449 446 422 395 340 306 306 310 342 397 450 482 505 515 523 544 570 619 729 841
134 134 134 134 134 134 134 134 134 134 134 134 134 134 134 134 134 134 134 134 134 134 134 134 134 134 134 134 148 171 210 205 188 214 218 183 174 180 204 208 210 190 193 199 178 164 183 214 280 310 269 235 235 225 237 265 275 267 296 310 311 324 318 296 313 355 394 404 403 402 405 413 423 422 425 444 439 438 447 451 453 398 357 330 312 306 311 329 383 423 465 491 523 543 554 581 610 680 762 751
134 134 134 134 134 134 134 134 134 134 134 134 134 134 134 134 134 134 134 134 134 134 134 134 134 134 134 134 152 163 168 172 155 189 211 202 170 179 187 160 167 169 156 162 166 177 193 213 244 237 217 221 221 237 265 292 290 275 305 333 332 349 338 340 362 388 398 397 395 390 408 426 452 436 442 433 436 433 423 429 425 366 334 320 313 314 334 360 382 424 476 517 538 567 577 593 634 702 691 642
134 134 134 134 134 134 134 134 134 134 134 134 134 134 134 134 134 134 134 134 134 134 134 134 134 134 134 134 134 134 134 144 134 135 148 147 138 136 138 145 150 169 188 183 184 207 232 219 199 199 234 270 265 279 302 306 298 302 332 361 361 356 362 383 398 390 388 382 375 370 401 455 455 436 412 417 407 398 379 398 391 341 339 328 314 332 349 381 418 454 505 539 579 603 598 612 640 652 628 599
134 134 134 134 134 134 134 134 134 134 134 134 134 134 134 134 134 134 134 134 134 134 134 134 134 134 134 134 134 134 134 134 134 134 134 134 135 135 135 142 176 185 195 197 201 219 214 200 194 211 248 271 294 308 324 321 306 315 342 362 367 357 353 366 372 364 366 372 352 344 353 389 390 361 341 322 330 354 354 334 333 334 335 314 298 299 316 396 441 467 518 571 609 618 616 628 637 625 603 591
134 134 134 134 134 134 134 134 134 134 134 134 134 134 134 134 134 134 134 134 134 134 134 134 134 134 134 134 134 134 134 134 134 135 143 148 157 149 146 150 180 215 218 211 211 199 196 197 195 207 230 256 296 302 323 311 297 311 328 344 348 341 344 342 353 364 365 374 371 335 321 324 325 303 312 292 287 308 288 284 309 320 327 304 282 281 310 386 448 510 553 597 609 613 625 623 624 616 590 591
