# 100 100
134 134 134 134 134 134 134 134 134 134 134 134 134 134 134 134 134 134 134 134 134 134 134 134 134 134 134 134 134 134 134 134 134 134 134 134 134 134 134 134 134 134 134 134 134 134 134 134 134 134 134 134 134 134 134 134 134 134 134 134 134 134 134 134 134 134 134 134 134 134 134 134 134 134 134 134 134 134 134 134 134 134 134 134 134 134 134 134 134 134 134 134 134 134 134 134 134 134 134 134
134 134 134 134 134 134 134 134 134 134 134 134 134 134 134 134 134 134 134 134 134 134 134 134 134 134 134 134 134 134 134 134 134 134 134 134 134 134 134 134 134 134 134 134 134 134 134 134 134 134 134 134 134 134 134 134 134 134 134 134 134 134 134 134 134 134 134 134 134 134 134 134 134 134 134 134 134 134 134 134 134 134 134 134 134 134 134 134 134 134 134 134 134 134 134 134 134 134 134 134
134 134 134 134 134 134 134 134 134 134 134 134 134 134 134 134 134 134 134 134 134 134 134 134 134 134 134 134 134 134 134 134 134 134 134 134 134 134 134 134 134 134 134 134 134 134 134 134 134 134 134 134 134 134 134 134 134 134 134 134 134 134 134 134 134 134 134 134 134 134 134 134 134 134 134 134 134 134 134 134 134 134 134 134 134 134 134 134 134 134 134 134 134 134 134 134 134 134 134 134
134 134 134 134 134 134 134 134 134 134 134 134 134 134 134 134 134 134 134 134 134 134 134 134 134 134 134 134 134 134 134 134 134 134 134 134 134 134 134 134 134 134 134 134 134 134 134 134 134 134 134 134 134 134 134 134 134 134 134 134 134 134 134 134 134 134 134 134 134 134 134 134 134 134 134 134 134 134 134 134 134 134 134 134 134 134 134 134 134 134 134 134 134 134 134 134 134 134 134 134
134 134 134 134 134 134 134 134 134 134 134 134 134 134 134 134 134 134 134 134 134 134 134 134 134 134 134 134 134 134 134 134 134 134 134 134 134 134 134 134 134 134 134 134 134 134 134 134 134 134 134 134 134 134 134 134 134 134 134 134 134 134 134 134 134 134 134 134 134 134 134 134 134 134 134 134 134 134 134 134 134 134 134 134 134 134 134 134 134 134 134 134 134 134 134 134 134 134 134 134
134 134 134 134 134 134 134 134 134 134 134 134 134 134 134 134 134 134 134 134 134 134 134 134 134 134 134 134 134 134 134 134 134 134 134 134 134 134 134 134 134 134 134 134 134 134 134 134 134 134 134 134 134 134 134 134 134 134 134 134 134 134 134 134 134 134 134 134 134 134 134 134 134 134 134 134 134 134 134 134 134 134 134 134 134 134 134 134 134 134 134 134 134 134 134 134 134 134 134 134
134 134 134 134 134 134 134 134 134 134 134 134 134 134 134 134 134 134 134 134 134 134 134 134 134 134 134 134 134 134 134 134 134 134 134 134 134 134 134 134 134 134 134 134 134 134 134 134 134 134 134 134 134 134 134 134 134 134 134 134 134 134 134 134 134 134 134 134 134 134 134 134 134 134 134 134 134 134 134 134 134 134 134 134 134 134 134 134 134 134 134 134 134 134 134 134 134 134 134 134
134 134 134 134 134 134 134 134 134 134 134 134 134 134 134 134 134 134 134 134 134 134 134 134 134 134 134 134 134 134 134 134 134 134 134 134 134 134 134 134 134 134 134 134 134 134 134 134 134 134 134 134 134 134 134 134 134 134 134 134 134 134 134 134 134 134 134 134 134 134 134 134 134 134 134 134 134 134 134 134 134 134 134 134 134 134 134 134 134 134 134 134 134 134 134 134 134 134 134 134
134 134 134 134 134 134 134 134 134 134 134 134 134 134 134 134 134 134 134 134 134 134 134 134 134 134 134 134 134 134 134 134 134 134 134 134 134 134 134 134 134 134 134 134 134 134 134 134 134 134 134 134 134 134 134 134 134 134 134 134 134 134 134 134 134 134 134 134 134 134 134 134 134 134 134 134 134 134 134 134 134 134 134 134 134 134 134 134 134 134 134 134 134 134 134 134 134 134 134 134
134 134 134 134 134 134 134 134 134 134 134 134 134 134 134 134 134 134 134 134 134 134 134 134 134 134 134 134 134 134 134 134 134 134 134 134 134 134 134 134 134 134 134 134 134 134 134 134 134 134 134 134 134 134 134 134 134 134 134 134 134 134 134 134 134 134 134 134 134 134 134 134 134 134 134 134 134 134 134 134 134 134 134 134 134 134 134 134 134 134 134 134 134 134 134 134 134 134 134 134
134 134 134 134 134 134 134 134 134 134 134 134 134 134 134 134 134 134 134 134 134 134 134 134 134 134 134 134 134 134 134 134 134 134 134 134 134 134 134 134 134 134 134 134 134 134 134 134 134 134 134 134 134 134 134 134 134 134 134 134 134 134 134 134 134 134 134 134 134 134 134 134 134 134 134 134 134 134 134 134 134 134 134 134 134 134 134 134 134 134 134 134 134 134 134 134 134 134 134 134
134 134 134 134 134 134 134 134 134 134 134 134 134 134 134 134 134 134 134 134 134 134 134 134 134 134 134 134 134 134 134 134 134 134 134 134 134 134 134 134 134 134 134 134 134 134 134 134 134 134 134 134 134 134 134 134 134 134 134 134 134 134 134 134 134 134 134 134 134 134 134 134 134 134 134 134 134 134 134 134 134 134 134 134 134 134 134 134 134 134 134 134 134 134 134 134 134 134 134 134
134 134 134 134 134 134 134 134 134 134 134 134 134 134 134 134 134 134 134 134 134 134 134 134 134 134 134 134 134 134 134 134 134 134 134 134 134 134 134 134 134 134 134 134 134 134 134 134 134 134 134 134 134 134 134 134 134 134 134 134 134 134 134 134 134 134 134 134 134 134 134 134 134 134 134 134 134 134 134 134 134 134 134 134 134 134 134 134 134 134 134 134 134 134 134 134 134 134 134 134
134 134 134 134 134 134 134 134 134 134 134 134 134 134 134 134 134 134 134 134 134 134 134 134 134 134 134 134 134 134 134 134 134 134 134 134 134 134 134 134 134 134 134 134 134 134 134 134 134 134 134 134 134 134 134 134 134 134 134 134 134 134 134 134 134 134 134 134 134 134 134 134 134 134 134 134 134 134 134 134 134 134 134 134 134 134 134 134 134 134 134 134 134 134 134 134 134 134 134 134
134 134 134 134 134 134 134 134 134 134 134 134 134 134 134 134 134 134 134 134 134 134 134 134 134 134 134 134 134 134 134 134 134 134 134 134 134 134 134 134 134 134 134 134 134 134 134 134 134 134 134 134 134 134 134 134 134 134 134 134 134 134 134 134 134 134 134 134 134 134 134 134 134 134 134 134 134 134 134 134 134 134 134 134 134 134 134 134 134 134 134 134 134 134 134 134 134 134 134 134
134 134 134 134 134 134 134 134 134 134 134 134 134 134 134 134 134 134 134 134 134 134 134 134 134 134 134 134 134 134 134 134 134 134 134 134 134 134 134 134 134 134 134 134 134 134 137 182 152 134 134 134 134 134 134 134 134 134 134 134 134 134 134 134 134 134 134 134 134 134 134 134 134 134 134 134 134 134 134 134 134 134 134 134 134 134 134 134 134 134 134 134 134 134 134 134 134 134 134 134
134 134 134 134 134 134 134 134 134 134 134 134 134 134 134 134 134 134 134 134 134 134 134 134 134 134 134 134 134 134 134 134 134 134 134 134 134 134 134 134 134 134 134 134 134 134 161 219 204 146 134 134 134 134 134 134 134 134 134 134 134 134 134 134 134 134 134 134 134 134 134 134 134 134 134 134 134 134 134 134 134 134 134 134 134 134 134 134 134 134 134 134 134 134 134 134 134 134 134 134
134 134 134 134 134 134 134 134 134 134 134 134 134 134 134 134 134 134 134 134 134 134 134 134 134 134 134 134 134 134 134 134 134 134 134 134 134 134 134 134 134 134 134 134 134 175 223 230 226 201 167 134 134 134 134 134 134 134 134 134 134 134 134 134 134 134 134 134 134 134 134 134 134 134 134 134 134 134 134 134 134 134 134 134 134 134 134 134 134 134 134 134 134 134 134 134 134 134 134 134
134 134 134 134 134 134 134 134 134 134 134 134 134 134 134 134 134 134 134 134 134 134 134 134 134 134 134 134 134 134 134 134 134 134 134 134 134 134 134 134 134 134 134 134 148 230 242 237 226 207 168 134 134 134 134 134 134 134 134 134 134 134 134 134 134 134 134 134 134 134 134 134 134 134 134 134 134 134 134 134 134 134 134 134 134 134 134 134 134 134 134 134 134 134 134 134 134 134 134 134
134 134 134 134 134 134 134 134 134 134 134 134 134 134 134 134 134 134 134 134 134 134 134 134 134 134 134 134 134 134 134 134 134 134 134 134 134 134 134 134 134 134 134 147 229 238 241 229 217 200 179 136 134 134 134 134 134 134 134 134 134 134 134 134 134 134 134 134 134 134 134 134 134 134 134 134 134 134 134 134 134 134 134 134 134 134 134 134 134 134 134 134 134 134 134 134 134 134 134 134
134 134 134 134 134 134 134 134 134 134 134 134 134 134 134 134 134 134 134 134 134 134 134 134 134 134 134 134 134 134 134 134 134 134 134 134 134 134 134 134 134 134 134 171 246 240 235 227 217 210 216 152 134 134 134 134 134 134 134 134 134 134 134 134 134 134 134 134 134 134 134 134 134 134 134 134 134 134 134 134 134 134 134 134 134 134 134 134 134 134 134 134 134 134 134 134 134 134 134 134
134 134 134 134 134 134 134 134 134 134 134 134 134 134 134 134 134 134 134 134 134 134 134 134 134 134 134 134 134 134 134 134 134 134 134 134 134 134 134 134 134 134 134 146 238 237 236 235 229 224 224 171 134 134 134 134 134 134 134 134 134 134 134 134 134 134 134 134 134 134 134 134 134 134 134 134 134 134 134 134 134 134 134 134 134 134 134 134 134 134 134 134 134 134 134 134 134 134 134 134
134 134 134 134 134 134 134 134 134 134 134 134 134 134 134 134 134 134 134 134 134 134 134 134 134 134 134 134 134 134 134 134 134 134 134 134 134 134 134 134 134 134 134 141 229 234 236 240 237 232 232 194 137 134 134 134 134 134 134 134 155 134 134 134 134 134 134 134 134 134 134 134 134 134 134 134 134 134 134 134 134 134 134 134 134 134 134 134 134 134 134 134 134 134 134 134 134 134 134 134
134 134 134 134 134 134 134 134 134 134 134 134 134 134 134 134 134 134 134 134 134 134 134 134 134 134 134 134 134 134 134 134 134 134 134 134 134 134 134 134 134 134 134 143 220 231 233 236 235 235 236 232 188 148 136 134 134 135 136 177 184 141 134 134 134 134 134 134 134 134 134 134 134 134 134 134 134 134 134 134 134 134 134 134 134 134 134 134 134 134 134 134 134 134 134 134 134 134 134 134
134 134 134 134 134 134 134 134 134 134 134 134 134 134 134 134 134 134 134 134 134 134 134 134 134 134 134 134 134 134 134 134 134 134 134 134 134 134 134 134 134 134 134 139 198 227 228 229 228 229 231 230 233 226 198 164 152 154 164 198 188 187 139 134 134 134 134 137 134 134 134 134 134 134 134 134 134 134 134 134 134 134 134 134 134 134 134 134 134 134 134 134 134 134 134 134 134 134 134 134
134 134 134 134 134 134 134 134 134 134 134 134 134 134 134 134 134 134 134 134 134 134 134 134 134 134 134 134 134 134 134 134 134 134 134 134 134 134 134 134 134 134 134 134 156 214 215 219 221 218 224 226 225 218 204 207 198 207 210 203 197 199 143 134 134 134 134 153 134 134 134 134 134 134 134 134 134 134 134 134 134 134 134 134 134 134 134 134 134 134 134 134 134 134 134 134 134 134 134 134
134 134 134 134 134 134 134 134 134 134 134 134 134 134 134 134 134 134 134 134 134 134 134 134 134 134 134 134 134 134 134 134 134 134 134 134 134 134 134 134 134 134 134 134 134 170 194 202 206 212 212 214 209 207 209 218 207 210 214 207 204 204 158 134 134 134 134 157 134 134 134 134 134 134 134 134 134 134 134 134 134 134 134 134 134 134 134 134 134 134 134 134 134 134 134 134 134 134 134 134
134 134 134 134 134 134 134 134 134 134 134 134 134 134 134 134 134 134 134 134 134 134 134 134 134 134 134 134 134 134 134 134 134 134 134 134 134 134 134 134 134 134 134 134 134 142 166 175 208 214 202 199 202 207 216 213 205 207 215 211 204 207 169 136 134 134 134 138 134 134 134 134 134 134 134 134 134 134 134 134 134 134 134 134 134 134 134 134 134 134 134 134 134 134 134 134 134 134 134 134
134 134 134 134 134 134 134 144 145 135 134 134 134 134 134 134 134 134 134 134 134 134 134 134 134 134 134 134 134 134 134 134 134 134 134 134 134 134 134 134 134 134 134 134 137 143 147 171 196 205 192 185 196 210 210 205 201 206 209 202 196 199 190 148 134 134 134 134 134 134 136 138 134 134 134 134 134 134 134 134 134 134 134 134 134 134 134 134 134 134 134 134 134 134 134 134 134 134 134 134
135 134 134 134 134 134 134 176 247 196 137 134 134 134 134 134 134 134 134 134 134 134 134 134 134 134 134 134 134 134 134 134 134 134 134 134 134 134 134 134 134 134 134 138 149 147 145 157 181 187 179 174 187 197 196 198 200 201 202 194 189 188 186 151 134 134 134 134 134 136 158 145 134 134 134 134 134 134 134 134 134 134 134 134 134 134 134 134 134 134 134 134 134 134 134 134 134 134 134 134
134 134 134 134 134 134 134 167 247 253 189 138 134 134 134 134 134 134 134 134 134 134 134 134 134 134 134 134 134 134 134 134 134 134 134 134 134 134 134 134 134 135 138 152 156 151 151 158 161 167 163 167 176 186 199 199 196 193 192 188 175 175 179 137 134 134 134 134 134 135 148 134 134 134 134 134 134 134 134 134 134 134 134 134 134 134 134 134 134 134 134 134 134 134 134 134 134 134 134 134
173 142 134 134 136 154 150 183 234 293 243 188 164 136 134 134 134 134 134 134 134 134 134 134 134 134 134 134 134 134 134 134 134 134 134 134 134 134 134 134 135 138 151 156 156 151 163 181 170 167 163 164 170 186 188 189 182 175 170 179 164 164 161 134 134 134 134 134 134 134 134 134 134 134 134 134 134 134 134 134 134 134 134 134 134 134 134 134 134 134 134 134 134 134 134 134 134 134 134 134
199 198 180 161 175 201 197 199 233 293 282 248 225 179 136 134 134 134 134 134 134 134 134 134 134 134 134 134 134 134 134 134 134 134 134 134 134 134 134 135 137 143 149 153 156 155 162 193 188 176 167 160 167 170 172 175 164 149 144 148 139 147 135 134 134 134 134 134 134 134 134 134 134 134 134 134 134 134 134 134 134 134 134 134 134 134 134 134 134 134 134 134 134 134 134 134 134 134 134 134
223 222 216 216 219 218 225 220 233 257 277 278 276 242 188 145 134 134 134 134 134 134 134 134 134 134 134 134 134 134 134 134 134 134 134 134 134 134 135 139 145 144 142 145 148 154 149 186 190 178 176 166 156 153 155 154 145 140 137 135 135 135 134 134 134 134 134 134 134 134 134 134 134 134 134 134 134 134 134 134 134 134 134 134 134 134 134 134 134 134 134 134 134 134 134 134 134 134 134 134
232 227 223 219 226 229 230 236 241 248 263 280 304 292 239 187 138 134 134 134 134 134 134 134 134 134 134 134 134 134 134 134 134 134 134 134 134 135 142 146 145 145 144 140 140 145 145 168 185 186 180 166 159 146 141 140 140 140 135 134 134 134 134 134 134 134 134 134 134 134 134 134 134 134 134 134 134 134 134 134 134 134 134 134 134 134 134 134 134 134 134 134 134 134 134 134 134 134 134 134
236 233 224 221 228 229 235 240 247 256 266 283 313 330 280 222 160 134 134 134 134 134 134 134 134 134 134 134 134 134 134 134 134 134 134 134 136 146 156 150 146 146 145 140 139 139 142 154 185 189 178 166 163 151 141 139 140 139 134 134 134 134 134 134 134 134 134 134 134 134 134 134 134 134 134 134 134 134 134 134 134 134 134 134 134 134 134 134 134 134 134 134 134 134 134 134 134 134 134 134
233 232 226 224 228 232 234 239 248 257 271 285 319 348 316 265 204 147 134 134 134 134 134 134 134 134 134 134 134 134 134 134 134 134 134 139 151 156 159 153 146 142 140 143 141 139 143 165 169 170 164 162 162 154 142 139 140 139 134 134 134 134 134 134 134 134 134 134 134 134 134 134 134 134 134 134 134 134 134 134 134 134 134 134 134 134 134 134 134 134 134 134 134 134 134 134 134 134 134 134
230 232 229 225 229 233 236 240 247 258 270 290 319 350 344 292 240 162 135 134 134 134 134 134 134 134 134 134 134 134 134 134 134 135 142 158 161 162 156 150 142 141 143 144 141 139 139 178 195 180 167 159 160 157 147 140 141 140 134 134 134 134 134 134 134 134 134 134 134 134 134 134 134 134 134 134 134 134 134 134 134 134 134 134 134 134 134 134 134 134 134 134 134 134 134 134 134 134 134 134
222 225 226 227 230 233 237 243 248 257 269 293 311 327 320 289 241 182 142 134 134 134 134 134 134 134 134 134 134 134 134 135 138 149 156 161 163 159 151 143 140 144 146 144 141 139 139 162 204 194 176 164 168 173 157 148 146 142 135 134 134 134 134 134 134 134 134 134 134 134 134 134 134 134 134 134 134 134 134 134 134 134 134 134 134 134 134 134 134 134 134 134 134 134 134 134 134 134 134 134
214 218 222 228 229 232 239 247 254 264 279 302 318 323 312 281 242 192 166 136 134 134 134 134 134 134 134 134 134 134 136 145 155 158 160 161 162 156 145 141 143 148 152 147 142 139 138 151 198 196 181 175 177 176 158 156 152 144 138 134 134 134 134 134 134 134 134 134 134 134 134 134 134 134 134 134 134 134 134 134 134 134 134 134 134 134 134 134 134 134 134 134 134 134 134 134 134 134 134 134
207 212 217 223 230 233 239 249 259 274 292 326 331 328 315 283 254 219 188 142 134 134 134 134 134 134 134 135 136 145 157 160 161 162 163 159 155 151 141 144 147 151 152 148 143 142 138 157 200 205 191 182 180 173 156 153 149 154 149 134 134 134 134 134 134 134 134 134 134 134 134 134 134 134 134 134 134 134 134 134 134 134 134 134 134 134 134 134 134 134 134 134 134 134 134 134 134 134 134 134
208 212 218 220 227 234 241 252 264 283 313 358 357 335 324 303 268 244 209 163 138 135 135 135 135 136 141 149 159 162 161 161 163 164 163 158 152 145 141 145 147 149 150 147 142 140 140 141 166 205 195 183 172 152 149 153 139 148 150 135 134 134 134 134 134 134 134 134 134 134 134 134 134 134 134 134 134 134 134 134 134 134 134 134 134 134 134 134 134 134 134 134 134 134 134 134 134 134 134 134
210 211 219 218 223 234 243 256 270 295 333 370 377 359 337 318 289 269 250 193 168 154 152 154 158 165 166 163 162 162 162 162 162 163 164 159 152 144 141 145 147 150 146 143 141 142 143 142 138 173 190 174 155 151 167 149 142 136 134 134 134 134 134 134 134 134 134 134 134 134 134 134 134 134 134 134 134 134 134 134 134 134 134 134 134 134 134 134 134 134 134 134 134 134 134 134 134 134 134 134
213 214 215 219 222 232 240 253 278 308 342 369 376 383 360 342 314 290 271 238 211 172 172 171 169 169 167 164 162 162 163 161 158 158 159 157 148 143 142 144 147 153 152 148 144 144 144 144 148 147 147 152 156 168 157 157 159 145 135 134 134 134 134 134 134 134 134 134 134 134 134 134 134 134 134 134 134 134 134 134 134 134 134 134 134 134 134 134 134 134 134 134 134 134 134 134 134 134 134 134
216 218 215 219 224 229 236 251 281 318 335 350 370 396 382 369 346 314 287 260 228 174 171 170 168 168 166 165 164 164 164 163 160 157 153 150 147 144 141 146 153 157 157 151 148 145 149 146 156 180 185 186 185 168 159 174 172 153 135 134 134 134 134 134 134 134 134 134 134 134 134 134 134 134 134 134 134 134 134 134 134 134 134 134 134 134 134 134 134 134 134 134 134 134 134 134 134 134 134 134
213 218 217 220 225 230 237 254 283 321 318 327 353 405 406 394 374 344 313 276 247 184 170 169 166 167 166 165 164 164 163 164 163 163 158 149 147 146 142 154 164 163 157 152 149 152 151 175 183 192 193 187 176 161 175 183 166 148 140 135 134 134 134 134 134 134 134 134 134 134 134 134 134 134 134 134 134 134 134 134 134 134 134 134 134 134 134 134 134 134 134 134 134 134 134 134 134 134 134 134
211 218 219 223 226 231 237 254 283 309 306 317 341 403 427 415 403 362 333 292 247 190 169 167 166 166 167 165 164 162 163 163 162 163 159 148 147 148 143 156 160 157 154 152 156 158 160 197 201 194 191 191 172 179 189 188 165 148 147 137 134 134 134 134 134 134 134 134 134 134 134 134 134 134 134 134 134 134 134 134 134 134 134 134 134 134 134 134 134 134 134 134 134 134 134 134 134 134 134 134
212 218 220 224 230 236 239 255 280 292 295 311 333 377 425 423 417 383 349 313 253 190 169 168 168 167 163 162 161 162 161 160 156 151 149 147 147 146 145 157 160 161 159 160 162 156 176 204 206 197 192 194 183 179 199 198 186 150 145 141 135 134 134 134 134 134 134 134 134 134 134 134 134 134 134 134 134 134 134 134 134 134 134 134 134 134 134 134 134 134 134 134 134 134 134 134 134 134 134 134
217 218 222 225 230 238 244 256 270 279 291 303 319 343 374 402 411 386 362 323 263 192 172 170 169 167 162 160 158 159 158 152 147 147 146 144 144 143 151 163 168 171 168 160 156 179 197 211 212 207 196 192 194 173 200 203 191 155 148 148 139 134 134 134 134 134 134 134 134 134 134 134 134 134 134 134 134 134 134 134 134 134 134 134 134 134 134 134 134 134 134 134 134 134 134 134 134 134 134 134
225 220 224 227 232 240 252 256 264 274 282 297 308 316 336 362 391 378 355 331 264 196 174 171 169 166 164 160 157 159 155 147 150 151 150 149 146 150 159 169 173 170 162 158 161 195 209 218 219 211 204 196 197 181 189 197 194 168 151 147 142 140 135 134 134 134 134 134 134 134 134 134 134 134 134 134 134 134 134 134 134 134 134 134 134 134 134 134 134 134 134 134 134 134 134 134 134 134 134 134
229 224 226 228 235 245 256 261 269 275 283 288 290 299 312 337 360 358 330 293 244 194 174 169 166 164 162 162 158 159 153 147 150 154 157 160 151 163 167 171 174 165 162 177 184 183 191 202 213 217 210 200 188 171 190 196 193 183 155 152 148 144 143 137 134 134 134 134 134 134 134 134 134 134 134 134 134 134 134 134 134 134 134 134 134 134 134 134 134 134 134 134 134 134 134 134 134 134 134 134
229 229 227 228 237 245 252 260 271 272 275 278 277 283 293 314 327 313 291 259 217 186 173 169 166 164 164 162 157 153 151 149 148 160 165 162 152 169 171 172 172 171 190 211 216 212 215 219 217 220 218 215 208 187 180 188 193 186 164 158 152 147 142 142 140 137 134 134 134 134 134 134 134 134 134 134 134 134 134 134 134 134 134 134 134 134 134 134 134 134 134 134 134 134 134 134 134 134 134 134
227 232 231 229 234 243 247 254 262 261 262 264 266 270 280 293 295 275 256 240 209 180 171 168 167 166 166 162 157 156 152 151 148 157 164 164 152 167 170 176 186 189 203 214 218 223 227 230 229 229 228 228 224 210 200 192 181 176 169 167 160 150 163 194 205 210 189 159 134 134 134 134 134 134 134 134 134 134 134 134 134 134 134 134 134 134 134 134 134 134 134 134 134 134 134 134 134 134 134 134
228 233 235 237 235 241 244 249 253 251 251 253 254 259 268 275 276 257 237 222 202 179 169 165 164 167 161 156 155 154 151 151 149 159 167 167 155 157 171 178 187 194 203 211 213 219 229 236 239 244 247 246 240 231 227 219 214 203 190 173 167 170 219 232 237 235 224 210 161 134 134 134 134 134 134 134 134 134 134 134 134 134 134 134 134 134 134 134 134 134 134 134 134 134 134 134 134 134 134 134
231 234 236 238 239 243 245 243 243 241 244 247 248 250 258 263 262 252 231 213 193 172 163 160 158 160 153 151 152 151 152 151 156 167 170 170 170 164 161 171 181 193 202 208 209 216 225 236 246 256 275 266 253 250 246 239 235 230 219 194 163 194 236 252 258 251 242 218 158 134 134 134 134 134 134 134 134 134 134 134 134 134 134 134 134 134 134 134 134 134 134 134 134 134 134 134 134 134 134 134
231 230 232 236 238 244 243 241 241 240 240 241 245 246 245 253 253 248 229 213 196 174 165 161 156 153 153 154 155 154 157 157 160 166 177 183 190 190 170 158 171 189 201 207 207 214 227 244 257 266 299 280 265 268 263 253 246 240 232 222 174 189 232 249 247 237 218 163 134 134 134 134 134 134 134 134 134 134 134 134 134 134 134 134 134 134 134 134 134 134 134 134 134 134 134 134 134 134 134 134
226 226 226 230 233 240 238 241 242 239 238 238 237 239 234 236 240 237 227 215 197 174 172 160 153 156 160 158 156 159 166 165 162 165 176 187 196 201 181 164 165 174 195 204 205 215 229 249 271 288 289 284 273 274 270 263 254 247 245 233 177 170 208 214 192 163 139 134 134 134 134 134 134 134 134 134 134 134 134 134 134 134 134 134 134 134 134 134 134 134 134 134 134 134 134 134 134 134 134 134
221 223 222 225 226 232 231 238 243 241 243 247 244 237 237 225 220 222 219 213 198 169 157 154 155 167 170 174 165 160 173 178 173 173 174 184 196 202 202 183 181 168 178 194 206 218 231 254 291 303 301 293 280 276 265 264 257 251 248 234 207 190 202 191 168 149 136 134 134 134 134 134 134 134 134 134 134 134 134 134 134 134 134 134 134 134 134 134 134 134 134 134 134 134 134 134 134 134 134 134
216 220 221 220 223 226 226 233 238 243 249 257 249 245 248 236 209 202 206 205 187 162 155 156 163 176 179 180 175 160 173 183 186 186 178 182 189 197 205 203 197 171 187 201 214 220 233 256 303 314 309 297 284 277 264 257 250 245 237 219 205 195 191 183 169 156 141 135 134 134 134 134 134 134 134 134 134 134 134 134 134 134 134 134 134 134 134 134 134 134 134 134 134 134 134 134 134 134 134 134
210 215 220 221 219 220 225 228 232 236 244 255 251 243 244 239 215 202 185 183 169 158 162 160 166 180 189 182 171 162 179 195 198 195 192 194 189 190 201 203 204 175 201 208 216 223 235 254 299 323 306 295 292 287 268 255 244 238 228 211 209 205 197 189 181 161 149 139 134 134 134 134 134 134 134 134 134 134 134 134 134 134 134 134 134 134 134 134 134 134 134 134 134 134 134 134 134 134 134 134
206 210 216 222 217 219 221 223 227 228 233 235 242 238 235 233 219 207 182 164 160 170 170 169 173 186 196 182 164 162 181 201 207 208 205 202 198 196 192 197 206 191 186 218 223 228 237 255 287 301 294 291 308 303 273 255 241 228 220 209 208 205 200 190 181 164 151 149 139 134 134 134 134 134 134 134 134 134 134 134 134 134 134 134 134 134 134 134 134 134 134 134 134 134 134 134 134 134 134 134
203 208 213 219 217 213 215 220 221 223 226 229 235 235 228 223 212 197 186 166 173 185 176 180 183 192 197 182 164 163 175 192 210 216 211 206 211 206 196 201 209 207 184 210 230 244 254 256 274 285 285 287 304 302 275 256 242 226 214 210 212 202 204 187 173 161 152 151 150 143 135 134 134 134 134 134 134 134 134 134 134 134 134 134 134 134 134 134 134 134 134 134 134 134 134 134 134 134 134 134
199 204 207 213 216 208 212 217 216 219 221 226 230 234 227 226 218 207 190 167 185 189 186 184 186 190 185 175 165 166 185 197 208 217 215 214 218 211 204 208 215 221 203 186 224 260 265 261 266 275 283 285 289 287 273 258 244 231 216 205 201 193 200 176 166 163 154 149 151 151 157 134 134 134 134 134 134 134 134 134 134 134 134 134 134 134 134 134 134 134 134 134 134 134 134 134 134 134 134 134
196 200 199 207 212 205 205 210 212 213 217 222 225 228 227 237 226 212 195 173 193 195 188 187 197 197 189 173 167 169 192 202 206 210 218 225 227 215 210 217 223 229 229 197 230 268 269 268 272 283 293 291 285 281 275 253 237 226 213 200 188 181 176 176 168 162 154 148 149 148 143 134 134 134 134 134 134 134 134 134 134 134 134 134 134 134 134 134 134 134 134 134 134 134 134 134 134 134 134 134
192 195 195 198 197 201 209 206 208 213 215 220 225 227 228 245 236 223 205 175 198 194 188 194 208 203 183 176 174 170 172 174 175 177 200 230 233 222 218 225 230 238 250 217 219 266 274 278 280 294 321 311 283 268 261 243 227 214 204 193 185 181 179 169 163 156 150 143 144 141 141 136 134 134 134 134 134 134 134 134 134 134 134 134 134 134 134 134 134 134 134 134 134 134 134 134 134 134 134 134
193 187 192 186 183 197 210 211 216 222 216 219 226 230 235 250 247 229 206 179 199 198 192 198 213 206 188 192 198 183 182 185 186 178 185 207 224 231 230 233 238 251 272 255 207 243 281 288 290 302 352 330 283 264 251 237 217 203 195 186 182 180 170 162 157 149 140 144 141 138 137 138 136 134 134 134 134 134 134 134 134 134 134 134 134 134 134 134 134 134 134 134 134 134 134 134 134 134 134 134
186 181 185 180 176 197 205 213 217 221 221 224 230 235 240 250 250 226 204 181 203 203 195 202 212 212 201 213 227 202 204 224 216 185 181 190 202 235 246 243 249 265 291 291 252 206 272 295 298 310 331 310 274 257 239 226 211 197 188 181 180 174 165 160 152 142 149 153 152 144 138 137 138 138 137 135 134 134 134 134 134 134 134 134 134 134 134 134 134 134 134 134 134 134 134 134 134 134 134 134
176 175 179 173 179 193 199 207 216 220 226 235 239 244 248 257 255 228 207 183 205 211 202 203 209 213 217 227 237 221 220 236 229 184 182 206 205 243 265 261 262 276 294 291 267 209 255 291 307 320 319 287 265 249 228 215 203 193 186 178 172 164 159 152 144 151 156 152 151 151 140 138 138 137 138 140 138 135 134 134 134 134 134 134 134 134 134 134 134 134 134 134 134 134 134 134 134 134 134 134
171 172 173 168 178 187 193 201 212 220 233 263 274 271 273 273 257 228 207 183 203 216 221 224 221 221 227 234 241 240 236 225 198 183 185 213 218 228 261 268 274 288 292 284 269 219 225 277 314 337 311 277 256 242 223 212 199 187 181 178 177 162 153 148 145 160 154 151 151 150 143 139 138 137 138 138 138 139 138 136 134 134 134 134 134 134 134 134 134 134 134 134 134 134 134 134 134 134 134 134
166 168 167 162 177 183 190 197 205 217 232 269 299 308 296 288 252 228 213 187 204 224 238 244 245 237 230 238 246 249 239 195 186 192 200 208 228 235 244 260 281 301 297 285 272 223 213 258 287 310 293 270 251 237 223 216 204 186 178 170 175 161 154 148 146 163 157 152 150 147 147 147 140 138 138 138 138 138 138 139 139 138 136 134 134 134 134 134 134 134 134 134 134 134 134 134 134 134 134 134
163 164 160 162 173 180 186 190 197 209 220 249 277 300 276 259 241 224 210 196 190 221 244 256 259 255 242 240 250 250 221 190 202 238 254 236 238 252 263 268 282 304 309 298 281 250 206 230 257 269 266 260 242 235 226 216 206 188 180 167 174 162 152 150 146 164 161 150 147 147 149 149 148 142 139 139 141 143 140 138 138 138 140 140 139 138 136 135 134 134 134 134 134 134 134 134 134 134 134 134
138 149 157 168 170 175 180 184 190 199 205 220 252 273 261 236 228 222 218 211 190 214 239 253 261 259 250 245 248 241 220 199 206 259 274 261 261 270 277 282 292 317 337 332 298 268 237 217 217 236 245 244 231 228 222 212 201 188 188 170 167 160 151 151 147 163 169 152 151 150 148 148 148 148 146 147 146 143 139 138 137 138 138 138 139 139 140 142 141 141 140 140 140 139 134 134 134 134 134 134
134 135 149 161 166 170 174 180 185 192 197 209 229 255 247 225 217 215 210 204 194 196 222 243 257 263 261 259 247 239 245 216 196 245 286 284 287 296 298 305 314 341 388 367 312 278 257 244 222 214 230 230 223 217 214 207 196 189 187 173 162 156 154 151 148 170 183 164 160 158 148 146 147 145 147 145 139 138 138 137 137 138 138 137 137 137 138 138 140 139 139 135 136 137 137 134 134 134 134 134
134 134 137 162 165 168 172 175 180 185 192 201 210 234 232 213 209 206 205 216 216 210 214 231 247 264 273 281 266 249 254 236 197 235 289 297 302 319 328 343 354 358 391 354 303 279 262 249 234 218 220 223 220 214 214 210 202 189 184 172 180 159 154 152 150 176 182 173 162 157 147 146 143 140 139 139 138 138 137 137 137 138 137 137 137 137 137 137 139 138 134 140 142 135 136 134 134 134 134 134
134 134 134 148 160 166 168 170 175 179 188 202 204 205 207 203 203 202 208 221 227 221 217 230 242 260 276 278 266 256 258 248 203 209 255 281 301 327 355 418 416 367 354 322 297 280 264 249 235 221 217 222 220 214 213 214 215 186 178 185 175 157 154 151 151 159 179 179 163 150 143 142 141 138 138 138 139 139 139 139 143 151 148 142 139 138 138 136 135 136 134 142 136 135 134 134 134 134 134 134
134 134 134 136 157 161 165 166 170 177 185 194 200 196 196 195 197 199 209 219 227 228 222 228 237 251 268 273 268 263 261 249 213 203 225 261 291 328 402 480 462 387 350 333 307 286 268 251 235 222 217 224 218 214 214 205 196 183 185 186 171 156 154 150 151 154 167 177 160 151 145 143 141 139 139 139 141 142 141 140 141 154 162 165 162 149 142 142 139 136 135 140 138 135 134 134 134 134 134 134
134 134 134 135 155 159 162 165 169 174 180 186 191 192 191 195 199 201 207 213 222 229 226 225 232 242 255 270 272 270 265 255 230 207 215 248 284 328 413 462 450 384 351 347 313 302 297 271 243 226 215 215 214 215 220 203 189 187 187 184 162 154 151 152 153 153 167 178 159 152 147 145 143 141 143 140 142 144 143 142 140 144 151 164 176 186 162 147 141 141 137 139 140 135 134 134 134 134 134 134
134 134 134 139 155 160 164 166 168 171 175 181 185 189 188 198 202 200 202 205 210 217 217 220 226 235 252 268 265 261 258 251 241 213 209 239 279 312 360 386 380 349 328 309 307 327 328 296 256 231 219 209 207 213 213 197 189 187 181 167 156 153 153 153 154 154 170 182 164 153 150 149 143 145 148 143 144 146 146 144 142 153 148 153 162 174 180 182 163 154 162 149 138 139 135 134 134 134 134 134
134 134 134 142 153 157 161 162 165 167 172 177 181 186 185 192 194 195 197 197 202 205 207 211 216 228 252 266 261 247 244 240 231 215 205 218 263 280 304 321 322 307 287 276 293 324 304 259 240 223 215 201 195 202 207 188 177 173 163 156 153 153 154 154 154 156 168 186 167 163 154 150 143 149 144 145 147 148 147 145 149 160 154 152 156 162 170 181 184 181 171 167 149 137 138 137 135 134 134 134
134 134 134 134 148 153 157 158 161 164 169 174 178 183 184 185 188 189 192 193 197 200 198 203 210 220 241 257 253 237 231 231 225 219 211 203 220 230 253 273 277 270 261 256 274 297 265 226 217 216 207 197 186 182 180 175 162 159 155 154 153 154 155 154 155 168 185 186 177 181 159 147 146 149 145 148 150 150 152 149 148 157 159 163 159 159 162 176 194 197 188 170 156 139 139 138 138 138 139 138
134 134 134 134 134 144 158 159 163 166 168 172 174 178 183 181 181 185 189 192 190 192 200 202 207 212 220 231 234 226 223 227 224 220 216 204 206 204 209 228 237 238 236 239 246 251 229 216 213 203 194 188 182 173 165 160 158 155 154 154 158 163 157 159 166 186 188 186 182 164 149 142 151 150 147 151 153 163 167 160 156 154 161 166 167 165 161 176 190 187 192 186 164 139 140 139 138 138 138 139
134 134 134 134 134 135 154 162 167 168 169 170 172 176 178 182 180 179 186 185 190 200 206 207 207 208 209 214 217 212 215 218 216 212 212 221 226 214 193 199 203 206 216 218 225 223 209 204 194 180 173 173 168 163 158 156 155 154 154 159 176 169 161 174 185 189 188 185 183 162 146 145 152 152 151 154 162 171 174 167 165 158 162 163 166 169 164 170 174 177 186 193 186 150 141 138 139 139 139 139
134 134 134 134 134 134 142 161 163 164 164 167 171 171 172 178 178 176 181 188 197 200 204 206 207 202 201 203 205 202 207 209 208 205 206 211 215 216 200 185 184 190 203 198 206 204 195 186 172 167 166 160 158 157 156 156 155 154 158 173 178 168 162 167 180 189 188 177 166 163 153 148 153 153 153 158 169 175 175 173 173 164 165 166 169 174 174 169 167 181 191 197 197 169 145 142 146 148 150 139
134 134 134 134 134 134 135 149 157 160 162 166 167 166 167 172 171 181 189 192 191 194 194 197 198 193 192 193 193 194 197 199 198 196 196 201 200 198 194 181 177 182 206 196 182 180 176 181 194 188 178 164 161 158 157 155 155 156 168 175 173 168 161 161 169 184 180 170 162 157 153 149 150 152 155 160 172 178 179 180 179 170 173 179 181 180 178 169 169 180 189 201 204 192 166 151 147 148 143 140
134 134 134 134 134 134 134 134 147 157 159 161 162 161 164 163 166 179 187 189 185 190 190 190 189 187 190 193 191 188 187 187 187 185 185 190 188 182 177 175 174 172 175 173 172 171 171 191 204 197 182 170 164 159 157 157 156 163 177 181 175 174 165 163 167 177 171 162 157 156 153 157 156 152 152 155 167 179 180 183 181 174 175 183 184 185 184 173 170 180 192 202 203 202 181 167 150 144 150 149
134 134 134 134 134 134 134 134 135 153 154 158 160 157 159 161 166 170 176 178 178 181 182 183 183 183 185 184 184 185 182 180 179 179 179 179 179 177 173 173 172 172 172 170 170 169 175 210 199 190 180 168 162 158 157 156 158 168 183 195 183 177 168 165 165 167 166 161 157 156 157 160 162 160 158 158 158 167 174 172 173 171 171 176 180 184 183 175 172 182 195 200 214 217 194 178 164 152 151 151
134 134 134 134 134 134 134 134 134 141 153 158 157 152 154 159 162 164 168 171 171 173 176 178 183 180 180 181 181 179 177 177 181 186 187 178 175 174 179 182 176 173 172 168 171 170 176 190 193 173 160 158 157 158 159 161 169 185 199 201 191 180 175 169 167 165 164 163 159 159 163 165 166 165 161 162 160 161 163 162 165 170 174 179 184 185 186 178 175 181 192 198 208 217 206 188 181 169 167 153
134 134 134 134 134 134 134 134 134 137 144 136 136 137 142 147 159 162 164 166 168 169 170 174 177 175 177 176 175 175 175 180 182 182 184 184 178 176 180 181 179 169 167 168 181 183 187 188 182 171 159 159 161 168 174 179 182 205 210 204 199 184 178 172 170 168 164 163 161 166 170 171 173 170 167 165 163 166 173 172 169 168 175 182 187 187 186 178 184 187 192 196 206 213 212 199 190 180 177 159
134 134 134 134 134 134 134 134 134 134 134 134 134 134 134 136 149 158 160 163 165 167 167 168 170 171 172 172 173 175 177 179 178 178 178 178 177 179 178 177 174 167 166 169 183 191 196 193 179 175 164 160 161 177 190 194 202 212 204 195 189 183 180 173 172 170 170 172 171 173 176 175 177 174 174 176 167 170 180 180 174 171 176 184 188 190 186 179 182 189 192 196 205 213 216 212 206 192 181 171
134 134 134 134 134 134 134 134 134 134 134 134 134 134 134 134 137 151 158 160 162 164 167 170 172 172 175 175 176 177 177 175 174 175 175 177 177 174 175 170 165 164 168 176 187 197 195 196 186 178 170 164 160 168 184 198 211 215 214 203 200 195 193 184 191 191 187 183 182 182 185 185 181 178 178 182 176 173 184 182 175 177 181 186 190 193 192 186 187 190 186 192 198 202 208 209 213 206 192 180
134 134 134 134 134 134 134 134 134 134 134 134 134 134 134 134 134 140 155 157 161 165 169 171 174 174 175 177 176 172 171 169 168 167 166 165 165 163 165 163 163 163 169 185 195 191 192 196 190 180 182 176 170 163 171 187 208 216 215 207 209 208 207 192 205 209 207 203 200 195 197 198 190 188 185 184 184 173 187 185 179 180 185 193 198 200 197 191 187 191 188 189 194 198 197 203 210 210 199 184
134 134 134 134 134 134 134 134 134 134 134 134 134 134 134 134 134 134 145 158 163 164 167 170 172 173 172 171 169 167 167 167 166 168 168 165 163 162 162 162 163 166 166 179 183 188 197 203 201 198 194 196 192 180 165 184 211 214 203 197 199 201 195 201 209 215 220 223 224 220 211 211 201 200 194 193 191 179 186 190 188 189 187 196 201 202 201 196 188 190 192 189 192 193 195 199 208 210 202 192
134 134 134 134 134 134 134 134 134 134 134 134 134 134 134 134 134 134 136 155 161 164 167 170 170 171 170 169 170 169 171 171 169 172 167 161 160 160 160 160 160 164 163 169 178 190 190 194 195 194 190 193 193 178 168 188 206 207 213 208 200 196 194 205 215 218 224 231 249 247 230 220 215 212 206 205 200 187 183 195 195 196 191 196 202 207 200 194 189 189 192 192 190 194 196 199 203 205 203 198
134 134 134 134 134 134 134 134 134 134 134 134 134 134 134 134 134 134 136 154 161 164 166 167 168 168 171 172 172 172 174 177 179 174 171 161 159 160 160 160 162 162 160 168 183 188 183 180 181 180 179 169 165 171 207 228 220 224 232 227 223 213 206 201 205 210 219 226 250 257 235 225 224 223 219 207 193 186 193 199 199 198 197 197 202 203 198 194 194 193 191 194 193 194 194 199 202 200 202 202
134 134 134 134 134 134 134 134 134 134 134 134 134 134 134 134 134 134 134 144 157 160 162 161 164 168 171 173 173 176 177 181 177 174 170 162 160 160 161 163 166 165 160 164 175 176 173 170 167 165 164 164 175 205 259 297 283 287 263 231 221 220 223 221 221 213 214 220 228 232 232 228 227 225 220 212 191 204 205 206 207 205 203 198 196 198 201 201 201 198 195 195 194 197 196 194 194 196 198 199
134 134 134 134 134 134 134 134 134 134 134 134 134 134 134 134 134 134 134 134 149 157 157 158 166 170 173 176 173 176 178 177 174 179 174 165 164 164 165 167 166 164 161 158 163 165 165 163 164 166 175 172 188 231 325 356 335 327 295 251 230 230 230 231 228 225 225 225 224 223 223 227 227 228 227 213 202 219 212 213 214 212 209 206 202 201 202 202 204 205 200 197 196 197 196 196 196 197 197 196
134 134 134 134 134 134 134 134 134 134 134 134 134 134 134 134 134 134 134 134 139 154 154 157 164 173 174 171 169 176 178 177 171 175 177 173 170 170 169 164 161 161 157 157 158 159 161 168 175 178 188 181 190 244 344 394 377 331 292 257 245 247 244 243 237 238 239 238 231 230 226 223 228 233 231 208 218 220 216 216 220 221 220 214 209 208 208 205 204 204 206 204 201 199 199 202 201 199 198 197
134 134 134 134 134 134 134 134 134 134 134 134 134 134 134 134 134 134 134 134 134 137 136 151 164 163 166 161 168 168 173 172 168 173 179 173 167 166 166 161 156 158 157 157 160 162 166 170 180 187 190 190 176 227 320 387 365 326 287 257 258 257 254 250 245 247 247 246 242 237 233 226 224 229 218 217 226 224 221 220 224 226 225 220 213 217 216 213 210 208 207 206 205 202 201 201 202 203 201 197
134 134 134 134 134 134 134 134 134 134 134 134 134 134 134 134 134 134 134 134 134 134 134 134 142 139 140 143 151 158 162 164 166 171 174 167 161 161 157 155 153 155 157 163 168 172 173 169 179 186 190 191 183 196 259 320 325 302 273 271 290 283 267 255 250 251 253 253 247 244 244 233 228 221 211 219 228 225 223 222 226 227 224 219 219 222 225 222 219 216 214 210 205 205 206 206 205 204 203 200
134 134 134 134 134 134 134 134 134 134 134 134 134 134 134 134 134 134 134 134 134 134 134 134 134 134 134 134 134 143 159 167 172 171 171 161 156 159 152 160 155 154 162 169 173 177 174 167 175 182 187 193 195 179 203 244 263 269 268 293 325 311 279 263 254 253 257 258 252 249 246 236 223 222 231 228 228 227 223 222 223 222 219 219 221 224 225 228 226 221 221 217 211 208 213 213 211 207 203 202
