# 100 100
134 134 134 134 134 134 134 134 134 134 134 134 134 134 134 134 134 134 134 134 134 134 134 134 134 134 134 134 134 134 134 134 134 134 134 134 134 134 134 134 134 134 134 134 134 134 134 134 134 134 134 134 134 134 134 134 134 134 134 134 134 134 135 138 139 141 144 146 149 150 151 151 153 158 161 168 175 175 172 166 167 172 170 176 181 184 192 198 202 196 194 205 211 202 201 198 193 192 192 187
134 134 134 134 134 134 134 134 134 134 134 134 134 134 134 134 134 134 134 134 134 134 134 134 134 134 134 134 134 134 134 134 134 134 134 134 134 134 134 134 134 134 134 134 134 134 134 134 134 134 134 134 134 134 134 134 134 134 134 134 134 134 135 138 138 141 142 145 147 150 150 146 148 153 158 168 177 182 176 172 168 167 175 184 188 182 190 195 200 196 192 183 184 188 199 211 209 201 190 188
134 134 134 134 134 134 134 134 134 134 134 134 134 134 134 134 134 134 134 134 134 134 134 134 134 134 134 134 134 134 134 134 134 134 134 134 134 134 134 134 134 134 134 134 134 134 134 134 134 134 134 134 134 134 134 134 134 134 134 134 134 134 135 136 138 139 141 144 146 148 148 149 148 150 151 153 160 170 178 178 178 174 173 173 172 177 188 186 186 187 185 178 177 182 192 206 218 209 194 183
134 134 134 134 134 134 134 134 134 134 134 134 134 134 134 134 134 134 134 134 134 134 134 134 134 134 134 134 134 134 134 134 134 134 134 134 134 134 134 134 134 134 134 134 134 134 134 134 134 134 134 134 134 134 134 134 134 134 134 134 134 134 135 136 138 138 141 143 145 147 150 151 150 147 149 150 155 161 171 171 177 179 175 169 169 173 176 172 170 173 176 178 178 181 191 202 206 191 185 190
134 134 134 134 134 134 134 134 134 134 134 134 134 134 134 134 134 134 134 134 134 134 134 134 134 134 134 134 134 134 134 134 134 134 134 134 134 134 134 134 134 134 134 134 134 134 134 134 134 134 134 134 134 134 134 134 134 134 134 134 134 134 135 136 138 138 140 143 145 147 150 147 145 149 153 153 154 155 155 156 160 165 169 176 177 170 166 165 165 168 171 174 178 189 200 211 202 176 172 183
134 134 134 134 134 134 134 134 134 134 134 134 134 134 134 134 134 134 134 134 134 134 134 134 134 134 134 134 134 134 134 134 134 134 134 134 134 134 134 134 134 134 134 134 134 134 134 134 134 134 134 134 134 134 134 134 134 134 134 134 134 134 134 135 137 140 140 142 145 146 148 149 145 147 151 150 150 153 151 154 155 162 171 168 167 168 167 165 165 167 173 179 174 176 189 203 200 178 163 169
134 134 134 134 134 134 134 134 134 134 134 134 134 134 134 134 134 134 134 134 134 134 134 134 134 134 134 134 134 134 134 134 134 134 134 134 134 134 134 134 134 134 134 134 134 134 134 134 134 134 134 134 134 134 134 134 134 134 134 134 134 134 134 134 136 139 140 142 144 146 147 147 142 142 143 146 145 142 148 153 152 160 158 149 152 156 166 172 166 166 171 179 178 172 178 187 183 169 180 188
134 134 134 134 134 134 134 134 134 134 134 134 134 134 134 134 134 134 134 134 134 134 134 134 134 134 134 134 134 134 134 134 134 134 134 134 134 134 134 134 134 134 134 134 134 134 134 134 134 134 134 134 134 134 134 134 134 134 134 134 134 134 134 134 135 138 140 142 143 146 145 139 143 145 149 153 156 152 141 144 146 143 146 153 156 156 147 150 164 178 177 177 177 172 169 178 182 169 163 166
134 134 134 134 134 134 134 134 134 134 134 134 134 134 134 134 134 134 134 134 134 134 134 134 134 134 134 134 134 134 134 134 134 134 134 134 134 134 134 134 134 134 134 134 134 134 134 134 134 134 134 134 134 134 134 134 134 134 134 134 134 134 134 134 135 139 141 143 143 144 139 141 145 146 149 154 156 160 149 141 143 145 149 154 163 171 167 147 149 167 180 188 189 180 167 175 184 167 167 180
134 134 134 134 134 134 134 134 134 134 134 134 134 134 134 134 134 134 134 134 134 134 134 134 134 134 134 134 134 134 134 134 134 134 134 134 134 134 134 134 134 134 134 134 134 134 134 134 134 134 134 134 134 134 134 134 134 134 134 134 134 134 134 134 135 138 141 143 143 141 138 147 150 150 150 153 153 157 161 158 147 145 148 157 165 169 161 148 145 155 170 183 194 190 176 164 165 160 185 198
134 134 134 134 134 134 134 134 134 134 134 134 134 134 134 134 134 134 134 134 134 134 134 134 134 134 134 134 134 134 134 134 134 134 134 134 134 134 134 134 134 134 134 134 134 134 134 134 134 134 134 134 134 134 134 134 134 134 134 134 134 134 134 134 135 138 142 143 140 136 144 147 146 149 150 150 149 151 154 158 155 148 149 153 159 164 153 147 146 149 159 174 179 179 182 170 157 166 182 193
134 134 134 134 134 134 134 134 134 134 134 134 134 134 134 134 134 134 134 134 134 134 134 134 134 134 134 134 134 134 134 134 134 134 134 134 134 134 134 134 134 134 134 134 134 134 134 134 134 134 134 134 134 134 134 134 134 134 134 134 134 134 134 134 134 138 140 135 137 141 145 147 147 148 150 150 150 152 154 156 159 157 151 148 154 160 162 155 147 145 149 155 165 175 182 180 163 159 167 172
134 134 134 134 134 134 134 134 134 134 134 134 134 134 134 134 134 134 134 134 134 134 134 134 134 134 134 134 134 134 134 134 134 134 134 134 134 134 134 134 134 134 134 134 134 134 134 134 134 134 134 134 134 134 134 134 134 134 134 134 134 134 134 134 134 136 136 137 140 142 143 145 149 150 150 153 154 154 155 157 161 161 157 154 154 158 160 165 152 149 148 148 153 168 180 182 172 157 170 176
134 134 134 134 134 134 134 134 134 134 134 134 134 134 134 134 134 134 134 134 134 134 134 134 134 134 134 134 134 134 134 134 134 134 134 134 134 134 134 134 134 134 134 134 134 134 134 134 134 134 134 134 134 134 134 134 134 134 134 134 134 134 134 134 135 136 136 138 139 141 142 144 147 147 147 149 152 156 157 160 164 161 158 156 156 160 162 166 170 159 150 150 147 158 174 183 177 160 172 179
134 134 134 134 134 134 134 134 134 134 134 134 134 134 134 134 134 134 134 134 134 134 134 134 134 134 134 134 134 134 134 134 134 134 134 134 134 134 134 134 134 134 134 134 134 134 134 134 134 134 134 134 134 134 134 134 134 134 134 134 134 134 134 134 134 136 136 139 140 140 142 144 147 147 146 147 150 152 153 154 160 164 162 159 159 159 164 176 181 175 156 152 151 153 166 179 189 180 165 175
134 134 134 134 134 134 134 134 134 134 134 134 134 134 134 134 134 134 134 134 134 134 134 134 134 134 134 134 134 134 134 134 134 134 134 134 134 134 134 134 134 134 134 134 134 134 134 134 134 134 134 134 134 134 134 134 134 134 134 134 134 134 134 134 134 134 135 135 138 141 142 144 146 147 147 147 148 150 150 149 152 161 169 171 171 173 169 172 182 183 166 155 153 150 162 175 185 189 182 161
134 134 134 134 134 134 134 134 134 134 134 134 134 134 134 134 134 134 134 134 134 134 134 134 134 134 134 134 134 134 134 134 134 134 134 134 134 134 134 134 134 134 134 134 134 134 134 134 134 134 134 134 134 134 134 134 134 134 134 134 134 134 134 134 134 134 134 134 135 139 141 144 145 146 146 146 147 149 149 150 152 158 167 173 178 183 179 170 175 181 172 162 158 156 152 172 186 187 183 167
134 134 134 134 134 134 134 134 134 134 134 134 134 134 134 134 134 134 134 134 134 134 134 134 134 134 134 134 134 134 134 134 134 134 134 134 134 134 134 134 134 134 134 134 134 134 134 134 134 134 134 134 134 134 134 134 134 134 134 134 134 134 134 134 134 134 134 134 134 136 141 143 145 145 146 146 148 149 150 154 157 159 164 169 174 178 176 173 169 172 174 174 170 164 153 160 165 159 159 162
134 134 134 134 134 134 134 134 134 134 134 134 134 134 134 134 134 134 134 134 134 134 134 134 134 134 134 134 134 134 134 134 134 134 134 134 134 134 134 134 134 134 134 134 134 134 134 134 134 134 134 134 134 134 134 134 134 134 134 134 134 134 134 134 134 134 134 134 134 135 140 142 144 146 148 147 147 148 150 152 155 157 160 164 167 168 168 168 169 173 177 178 171 170 165 160 163 173 176 171
134 134 134 134 134 134 134 134 134 134 134 134 134 134 134 134 134 134 134 134 134 134 134 134 134 134 134 134 134 134 134 134 134 134 134 134 134 134 134 134 134 134 134 134 134 134 134 134 134 134 134 134 134 134 134 134 134 134 134 134 134 134 134 134 134 134 134 134 134 135 139 142 144 146 148 148 147 148 149 152 154 156 157 159 162 160 163 163 166 168 170 172 171 171 172 167 173 175 178 182
134 134 134 134 134 134 134 134 134 134 134 134 134 134 134 134 134 134 134 134 134 134 134 134 134 134 134 134 134 134 134 134 134 134 134 134 134 134 134 134 134 134 134 134 134 134 134 134 134 134 134 134 134 134 134 134 134 134 134 134 134 134 134 134 134 134 134 134 134 134 138 141 144 147 149 148 148 148 150 152 153 154 157 158 163 160 158 162 165 162 164 171 168 166 167 159 164 174 181 185
134 134 134 134 134 134 134 134 134 134 134 134 134 134 134 134 134 134 134 134 134 134 134 134 134 134 134 134 134 134 134 134 134 134 134 134 134 134 134 134 134 134 134 134 134 134 134 134 134 134 134 134 134 134 134 134 134 134 134 134 134 134 134 134 134 134 134 134 134 134 138 142 144 148 150 149 147 148 149 150 151 151 153 157 162 161 159 155 157 164 166 171 167 164 162 160 164 174 186 195
134 134 134 134 134 134 134 134 134 134 134 134 134 134 134 134 134 134 134 134 134 134 134 134 134 134 134 134 134 134 134 134 134 134 134 134 134 134 134 134 134 134 134 134 134 134 134 134 134 134 134 134 134 134 134 134 134 134 134 134 134 134 134 134 134 134 134 134 134 135 139 142 144 148 150 149 147 146 147 148 149 150 150 151 154 155 155 153 154 162 170 173 172 164 163 167 170 179 185 186
134 134 134 134 134 134 134 134 134 134 134 134 134 134 134 134 134 134 134 134 134 134 134 134 134 134 134 134 134 134 134 134 134 134 134 134 134 134 134 134 134 134 134 134 134 134 134 134 134 134 134 134 134 134 134 134 134 134 134 134 134 134 134 134 134 134 134 134 134 135 139 142 145 149 150 148 147 146 146 147 148 149 149 149 150 150 151 152 154 158 173 179 173 173 177 179 180 178 185 186
134 134 134 134 134 134 134 134 134 134 134 134 134 134 134 134 134 134 134 134 134 134 134 134 134 134 134 134 134 134 134 134 134 134 134 134 134 134 134 134 134 134 134 134 134 134 134 134 134 134 134 134 134 134 134 134 134 134 134 134 134 134 134 134 134 134 134 134 134 134 138 142 145 146 147 147 147 146 146 146 146 147 147 148 148 148 149 151 153 154 172 175 169 169 177 188 193 186 177 182
134 134 134 134 134 134 134 134 134 134 134 134 134 134 134 134 134 134 134 134 134 134 134 134 134 134 134 134 134 134 134 134 134 134 134 134 134 134 134 134 134 134 134 134 134 134 134 134 134 134 134 134 134 134 134 134 134 134 134 134 134 134 134 134 134 134 134 134 134 134 135 136 141 142 145 146 147 146 146 146 146 146 146 147 147 147 149 152 153 154 157 163 169 174 184 190 193 193 189 184
134 134 134 134 134 134 134 134 134 134 134 134 134 134 134 134 134 134 134 134 134 134 134 134 134 134 134 134 134 134 134 134 134 134 134 134 134 134 134 134 134 134 134 134 134 134 134 134 134 134 134 134 134 134 134 134 134 134 134 134 134 134 134 134 134 134 134 134 134 134 134 135 138 141 143 146 147 147 146 146 146 145 146 147 147 147 150 156 154 154 157 167 176 174 174 178 185 195 200 195
134 134 134 134 134 134 134 134 134 134 134 134 134 134 134 134 134 134 134 134 134 134 134 134 134 134 134 134 134 134 134 134 134 134 134 134 134 134 134 134 134 134 134 134 134 134 134 134 134 134 134 134 134 134 134 134 134 134 134 134 134 134 134 134 134 134 134 134 134 134 134 134 137 140 142 145 148 148 147 146 145 146 149 150 147 147 147 150 151 152 156 165 173 178 180 177 175 183 192 195
134 134 134 134 134 134 134 134 134 134 134 134 134 134 134 134 134 134 134 134 134 134 134 134 134 134 134 134 134 134 134 134 134 134 134 134 134 134 134 134 134 134 134 134 134 134 134 134 134 134 134 134 134 134 134 134 134 134 134 134 134 134 134 134 134 134 134 134 134 134 134 134 136 140 141 144 146 147 147 146 145 145 148 152 148 148 148 148 150 153 158 164 167 174 176 174 173 176 183 186
134 134 134 134 134 134 134 134 134 134 134 134 134 134 134 134 134 134 134 134 134 134 134 134 134 134 134 134 134 134 134 134 134 134 134 134 134 134 134 134 134 134 134 134 134 134 134 134 134 134 134 134 134 134 134 134 134 134 134 134 134 134 134 134 134 134 134 134 134 134 134 134 136 140 141 142 146 147 147 147 145 145 147 149 149 150 150 152 150 152 158 167 173 170 168 168 171 178 185 185
134 134 134 134 134 134 134 134 134 134 134 134 134 134 134 134 134 134 134 134 134 134 134 134 134 134 134 134 134 134 134 134 134 134 134 134 134 134 134 134 134 134 134 134 134 134 134 134 134 134 134 134 134 134 134 134 134 134 134 134 134 134 134 134 134 134 134 134 134 134 134 134 136 140 141 142 146 147 146 145 145 146 146 151 151 151 152 155 154 154 157 166 174 171 169 177 178 178 180 181
134 134 134 134 134 134 134 134 134 134 134 134 134 134 134 134 134 134 134 134 134 134 134 134 134 134 134 134 134 134 134 134 134 134 134 134 134 134 134 134 134 134 134 134 134 134 134 134 134 134 134 134 134 134 134 134 134 134 134 134 134 134 134 134 134 134 134 134 134 134 134 135 137 140 141 143 145 146 146 145 144 145 146 149 149 149 152 155 158 159 160 161 166 169 176 186 189 187 185 184
134 134 134 134 134 134 134 134 134 134 134 134 134 134 134 134 134 134 134 134 134 134 134 134 134 134 134 134 134 134 134 134 134 134 134 134 134 134 134 134 134 134 134 134 134 134 134 134 134 134 134 134 134 134 134 134 134 134 134 134 134 134 134 134 134 134 134 134 134 134 134 135 137 140 141 144 144 146 146 144 144 145 146 146 147 149 151 154 158 165 166 168 173 179 190 202 206 202 190 187
134 134 134 134 134 134 134 134 134 134 134 134 134 134 134 134 134 134 134 134 134 134 134 134 134 134 134 134 134 134 134 134 134 134 134 134 134 134 134 134 134 134 134 134 134 134 134 134 134 134 134 134 134 134 134 134 134 134 134 134 134 134 134 134 134 134 134 134 134 134 134 135 139 139 138 140 141 143 146 143 144 145 146 146 147 148 151 155 159 165 170 178 184 188 188 196 205 207 202 194
134 134 134 134 134 134 134 134 134 134 134 134 134 134 134 134 134 134 134 134 134 134 134 134 134 134 134 134 134 134 134 134 134 134 134 134 134 134 134 134 134 134 134 134 134 134 134 134 134 134 134 134 134 134 134 134 134 134 134 134 134 134 134 134 134 134 134 134 134 134 134 135 141 138 138 142 143 142 143 144 145 146 146 147 149 151 152 152 157 163 171 179 185 189 193 190 196 206 212 207
134 134 134 134 134 134 134 134 134 134 134 134 134 134 134 134 134 134 134 134 134 134 134 134 134 134 134 134 134 134 134 134 134 134 134 134 134 134 134 134 134 134 134 134 134 134 134 134 134 134 134 134 134 134 134 134 134 134 134 134 134 134 134 134 134 134 134 134 134 134 134 136 142 138 142 143 144 145 146 145 145 146 146 148 151 152 155 158 157 164 170 175 182 185 188 188 192 200 205 205
134 134 134 134 134 134 134 134 134 134 134 134 134 134 134 134 134 134 134 134 134 134 134 134 134 134 134 134 134 134 134 134 134 134 134 134 134 134 134 134 134 134 134 134 134 134 134 134 134 134 134 134 134 134 134 134 134 134 134 134 134 134 134 134 134 134 134 134 134 134 135 139 139 140 145 144 144 145 145 145 145 146 149 152 155 158 159 159 159 167 172 179 185 188 191 191 197 206 207 211
134 134 134 134 134 134 134 134 134 134 134 134 134 134 134 134 134 134 134 134 134 134 134 134 134 134 134 134 134 134 134 134 134 134 134 134 134 134 134 134 134 134 134 134 134 134 134 134 134 134 134 134 134 134 134 134 134 134 134 134 134 134 134 134 134 134 134 134 134 134 135 141 137 143 145 144 144 144 145 146 147 149 151 155 159 162 160 159 164 171 175 181 189 192 195 200 206 215 216 219
134 134 134 134 134 134 134 134 134 134 134 134 134 134 134 134 134 134 134 134 134 134 134 134 134 134 134 134 134 134 134 134 134 134 134 134 134 134 134 134 134 134 134 134 134 134 134 134 134 134 134 134 134 134 134 134 134 134 134 134 134 134 134 134 134 134 134 134 134 135 138 138 137 142 144 146 146 147 149 149 150 152 155 158 163 163 162 163 165 173 178 183 192 197 197 209 218 215 221 224
134 134 134 134 134 134 134 134 134 134 134 134 134 134 134 134 134 134 134 134 134 134 134 134 134 134 134 134 134 134 134 134 134 134 134 134 134 134 134 134 134 134 134 134 134 134 134 134 134 134 134 134 134 134 134 134 134 134 134 134 134 134 134 134 134 134 134 134 134 135 141 137 139 141 145 146 147 151 156 157 159 160 162 165 165 163 170 173 169 175 181 186 194 200 204 210 220 223 227 226
134 134 134 134 134 134 134 134 134 134 134 134 134 134 134 134 134 134 134 134 134 134 134 134 134 134 134 134 134 134 134 134 134 134 134 134 134 134 134 134 134 134 134 134 134 134 134 134 134 134 134 134 134 134 134 134 134 134 134 134 134 134 134 134 134 134 134 134 135 135 139 138 141 142 144 145 147 151 159 161 165 171 173 172 170 170 172 176 177 179 182 188 196 204 212 218 226 234 232 228
134 134 134 134 134 134 134 134 134 134 134 134 134 134 134 134 134 134 134 134 134 134 134 134 134 134 134 134 134 134 134 134 134 134 134 134 134 134 134 134 134 134 134 134 134 134 134 134 134 134 134 134 134 134 134 134 134 134 134 134 134 134 134 134 134 134 134 135 137 141 142 142 143 142 145 147 152 155 157 163 167 168 177 178 176 176 169 171 173 180 188 190 198 205 215 227 237 245 244 239
134 134 134 134 134 134 134 134 134 134 134 134 134 134 134 134 134 134 134 134 134 134 134 134 134 134 134 134 134 134 134 134 134 134 134 134 134 134 134 134 134 134 134 134 134 134 134 134 134 134 134 134 134 134 134 134 134 134 134 134 134 134 134 134 134 134 135 136 141 140 141 144 146 144 147 153 159 158 157 158 162 168 173 175 177 176 170 169 172 177 184 193 199 205 215 225 239 253 258 256
134 134 134 134 134 134 134 134 134 134 134 134 134 134 134 134 134 134 134 134 134 134 134 134 134 134 134 134 134 134 134 134 134 134 134 134 134 134 134 134 134 134 134 134 134 134 134 134 134 134 134 134 134 134 134 134 134 134 134 134 134 134 134 134 134 135 136 140 140 140 142 148 147 146 152 157 159 160 160 160 162 167 170 175 174 173 173 172 176 179 183 184 191 203 212 224 236 247 253 258
134 134 134 134 134 134 134 134 134 134 134 134 134 134 134 134 134 134 134 134 134 134 134 134 134 134 134 134 134 134 134 134 134 134 134 134 134 134 134 134 134 134 134 134 134 134 134 134 134 134 134 134 134 134 134 134 134 134 134 134 134 134 134 135 136 137 140 140 140 141 146 150 149 149 154 156 157 161 168 166 165 168 169 171 177 178 179 178 176 180 182 185 187 191 202 215 228 238 243 248
134 134 134 134 134 134 134 134 134 134 134 134 134 134 134 134 134 134 134 134 134 134 134 134 134 134 134 134 134 134 134 134 134 134 134 134 134 135 134 134 134 134 134 134 134 134 134 134 134 134 134 134 134 134 134 134 134 134 134 134 134 134 134 136 138 139 139 139 141 144 150 154 154 153 155 159 159 164 169 175 173 174 174 174 173 180 188 186 179 180 182 184 188 190 190 200 213 228 240 247
134 134 134 134 134 134 134 134 134 134 134 134 134 134 134 134 134 134 134 134 134 134 134 134 134 134 134 134 134 134 134 134 134 134 134 134 135 139 135 134 134 134 134 134 134 134 134 134 134 134 134 134 134 134 134 134 134 134 134 134 134 134 135 136 139 140 140 141 143 148 153 155 155 153 154 158 161 166 167 173 181 183 184 184 182 180 185 192 188 179 183 182 187 186 187 191 199 215 230 243
134 134 134 134 134 134 134 134 134 134 134 134 134 134 134 134 134 134 134 134 134 134 134 134 134 134 134 134 134 134 134 134 134 134 134 134 135 135 134 134 134 134 134 134 134 134 134 134 134 134 134 134 134 134 134 134 134 134 134 134 134 134 135 137 139 140 141 142 146 151 153 155 157 156 156 158 161 169 172 171 177 179 184 190 192 189 186 182 186 181 181 185 191 190 185 188 192 200 215 234
134 134 134 134 134 134 134 134 134 134 134 134 134 134 134 134 134 134 134 134 134 134 134 134 134 134 134 134 134 134 134 134 134 134 134 134 134 134 134 134 134 134 134 134 134 134 134 134 134 134 134 134 134 134 134 134 134 134 134 134 134 134 136 138 139 140 142 144 149 151 152 154 159 159 158 160 164 163 170 170 175 183 186 186 191 197 196 192 190 188 183 182 186 185 184 185 187 193 205 223
134 134 134 134 134 134 134 134 134 134 134 134 134 134 134 134 134 134 134 134 134 134 134 134 134 134 134 134 134 134 134 134 134 134 134 134 134 134 134 134 134 134 134 134 134 134 134 134 134 134 134 134 134 134 134 134 134 134 134 134 134 135 136 139 140 141 142 145 147 151 152 154 158 163 161 164 165 163 167 169 172 182 191 192 190 198 204 203 200 197 193 190 188 190 191 188 185 187 198 213
134 134 134 134 134 134 134 134 134 134 134 134 134 134 134 134 134 134 134 134 134 134 134 134 134 134 134 134 134 134 134 134 134 134 134 134 134 134 134 134 134 134 134 134 134 134 134 134 134 134 134 134 134 134 134 134 134 134 134 134 134 135 138 140 140 141 142 144 147 149 151 150 156 165 169 168 173 167 165 170 171 175 184 196 197 198 196 204 209 207 204 204 202 197 194 191 186 186 190 204
134 134 134 134 134 134 134 134 134 134 134 134 134 134 134 134 134 134 134 134 134 134 134 134 134 134 134 134 134 134 134 134 134 134 134 134 134 134 134 134 134 134 134 134 134 134 134 134 134 134 134 134 134 134 134 134 134 134 134 134 134 136 139 140 141 141 142 145 147 148 149 147 152 161 172 175 175 176 169 168 175 176 182 196 202 200 194 195 200 207 211 213 214 215 209 199 193 188 187 193
134 134 134 134 134 134 134 134 134 134 134 134 134 134 134 134 134 134 134 134 134 134 134 134 134 134 134 134 134 134 134 134 134 134 134 134 134 134 134 134 134 134 134 134 134 134 134 134 134 134 134 134 134 134 134 134 134 134 134 134 135 138 140 141 141 141 143 146 148 149 149 147 149 158 169 175 178 175 171 167 173 181 185 192 196 198 201 203 202 204 205 214 216 217 224 211 196 191 188 191
134 134 134 134 134 134 134 134 134 134 134 134 134 134 134 134 134 134 134 134 134 134 134 134 134 134 134 134 134 134 134 134 134 134 134 134 134 134 134 134 134 134 134 134 134 134 134 134 134 134 134 134 134 134 134 134 136 139 136 135 137 140 140 141 141 142 144 147 148 149 149 147 147 157 165 175 181 185 181 173 170 174 189 193 194 196 201 206 207 205 207 212 216 211 211 208 205 199 191 193
134 134 134 134 134 134 134 134 134 134 134 134 134 134 134 134 134 134 134 134 134 134 134 134 134 134 134 134 134 134 134 134 134 134 134 134 134 134 134 134 134 134 134 134 134 134 134 134 134 134 134 134 134 134 134 139 140 141 139 139 139 140 142 140 141 142 146 147 149 149 148 146 147 156 164 172 179 189 193 190 183 175 183 192 200 198 198 204 213 216 217 219 217 214 213 212 207 202 198 197
134 134 134 134 134 134 134 134 134 134 134 134 134 134 134 134 134 134 134 134 134 134 134 134 134 134 134 134 134 134 134 134 134 134 134 134 134 134 134 134 134 134 134 134 134 134 134 134 134 134 134 134 134 134 140 140 136 139 142 139 139 139 141 141 142 144 146 147 149 148 146 146 148 156 168 171 174 183 194 200 204 188 176 184 197 209 203 202 211 218 221 221 223 221 215 213 210 212 209 208
134 134 134 134 134 134 134 134 134 134 134 134 134 134 134 134 134 134 134 134 134 134 134 134 134 134 134 134 134 134 134 134 134 134 134 134 134 134 134 134 134 134 134 134 134 134 134 134 134 134 134 134 134 138 140 135 135 137 137 141 140 139 141 142 144 145 146 146 147 148 146 147 150 157 168 177 179 180 187 195 208 200 178 174 179 196 205 203 204 210 217 224 225 226 223 216 211 210 213 213
134 134 134 134 134 134 134 134 134 134 134 134 134 134 134 134 134 134 134 134 134 134 134 134 134 134 134 134 134 134 134 134 134 134 134 134 134 134 134 134 134 134 134 134 134 134 134 134 134 134 134 134 134 138 137 134 134 135 135 136 137 138 141 143 144 146 147 146 147 148 147 149 153 158 169 179 181 182 186 192 201 208 190 177 175 179 191 196 205 203 210 219 224 226 226 223 214 212 213 216
134 134 134 134 134 134 134 134 134 134 134 134 134 134 134 134 134 134 134 134 134 134 134 134 134 134 134 134 134 134 134 134 134 134 134 134 134 134 134 134 134 134 134 134 134 134 134 134 134 134 134 134 134 135 134 134 134 134 134 136 137 137 141 142 144 146 147 147 148 149 148 152 157 165 172 180 182 179 182 187 194 196 199 183 174 172 175 179 191 199 209 219 227 231 230 225 220 216 217 216
134 134 134 134 134 134 134 134 134 134 134 134 134 134 134 134 134 134 134 134 134 134 134 134 134 134 134 134 134 134 134 134 134 134 134 134 134 134 134 134 134 134 134 134 134 134 134 134 134 134 134 134 134 134 134 134 134 134 134 135 136 136 139 142 145 145 147 148 148 149 152 156 163 174 185 190 193 196 192 187 185 184 186 188 183 176 175 176 182 192 211 218 231 234 232 227 225 222 219 217
134 134 134 134 134 134 134 134 134 134 134 134 134 134 134 134 134 134 134 134 134 134 134 134 134 134 134 134 134 134 134 134 134 134 134 134 134 134 134 134 134 134 134 134 134 134 134 134 134 134 134 134 134 134 134 134 134 134 134 134 134 136 139 143 145 146 147 148 148 150 154 158 166 183 194 204 213 216 220 216 207 199 190 189 188 184 179 182 185 187 196 206 219 227 230 225 226 228 224 220
134 134 134 134 134 134 134 134 134 134 134 134 134 134 134 134 134 134 134 134 134 134 134 134 134 134 134 134 134 134 134 134 134 134 134 134 134 134 134 134 134 134 134 134 134 134 134 134 134 134 134 134 134 134 134 134 134 134 134 134 135 136 139 142 145 146 148 148 149 152 154 159 167 184 200 214 228 237 246 254 252 241 227 212 207 196 188 190 197 196 198 201 208 216 221 224 224 224 224 224
134 134 134 134 134 134 134 134 134 134 134 134 134 134 134 134 134 134 134 134 134 134 134 134 134 134 134 134 134 134 134 134 134 134 134 134 134 134 134 134 134 134 134 134 134 134 134 134 134 134 134 134 134 134 134 134 134 134 134 134 135 136 139 142 145 146 147 148 150 153 158 160 163 182 204 222 236 248 259 272 275 261 252 250 234 222 204 199 202 199 202 206 206 205 211 216 220 222 219 223
134 134 134 134 134 134 134 134 134 134 134 134 134 134 134 134 134 134 134 134 134 134 134 134 134 134 134 134 134 134 134 134 134 134 134 134 134 134 134 134 134 134 134 134 134 134 134 134 134 134 134 134 134 134 134 134 134 134 134 134 134 136 138 141 144 145 147 148 151 153 158 162 165 171 199 230 243 255 266 272 257 237 230 223 219 227 214 207 195 194 204 206 208 204 203 209 211 214 215 216
134 134 134 134 134 134 134 134 134 134 134 134 134 134 134 134 134 134 134 134 134 134 134 134 134 134 134 134 134 134 134 134 134 134 134 134 134 134 134 134 134 134 134 134 134 134 134 134 134 134 134 134 134 134 134 134 134 134 134 134 134 135 137 141 145 146 147 148 153 156 156 159 170 176 185 225 252 257 258 250 233 223 221 220 216 216 214 207 195 189 195 192 196 202 202 204 210 211 212 213
134 134 134 134 134 134 134 134 134 134 134 134 134 134 134 134 134 134 134 134 134 134 134 134 134 134 134 134 134 134 134 134 134 134 134 134 134 134 134 134 134 134 134 134 134 134 134 134 134 134 134 134 134 134 134 134 134 134 134 134 134 135 139 142 144 145 146 147 153 159 162 158 164 188 191 203 243 257 256 239 222 219 221 224 218 213 208 203 195 185 184 185 188 193 199 206 207 213 217 216
134 134 134 134 134 134 134 134 134 134 134 134 134 134 134 134 134 134 134 134 134 134 134 134 134 134 134 134 134 134 134 134 134 134 134 134 134 134 134 134 134 134 134 134 134 134 134 134 134 134 134 134 134 134 134 134 134 134 134 134 134 136 139 142 145 145 146 146 151 159 170 170 163 180 205 203 215 239 233 247 226 218 223 234 228 209 205 197 188 181 178 182 182 181 187 201 205 210 218 221
134 134 134 134 134 134 134 134 134 134 134 134 134 134 134 134 134 134 134 134 134 134 134 134 134 134 134 134 134 134 134 134 134 134 134 134 134 134 134 134 134 134 134 134 134 134 134 134 134 134 134 134 134 134 134 134 134 134 134 134 134 136 139 143 145 145 145 146 151 157 173 183 182 172 196 214 220 231 231 224 222 221 216 224 226 211 195 185 183 181 179 179 178 180 181 183 189 194 205 212
134 134 134 134 134 134 134 134 134 134 134 134 134 134 134 134 134 134 134 134 134 134 134 134 134 134 134 134 134 134 134 134 134 134 134 134 134 134 134 134 134 134 134 134 134 134 134 134 134 134 134 134 134 134 134 134 134 134 134 134 134 135 139 143 145 145 144 146 150 152 168 183 188 182 161 188 207 222 221 213 211 218 215 208 210 195 184 181 180 179 181 183 182 179 179 180 183 182 181 187
134 134 134 134 134 134 134 134 134 134 134 134 134 134 134 134 134 134 134 134 134 134 134 134 134 134 134 134 134 134 134 134 134 134 134 134 134 134 134 134 134 134 134 134 134 134 134 134 134 134 134 134 134 134 134 134 134 134 134 134 134 135 137 142 144 144 144 146 149 146 154 185 179 161 155 164 180 205 232 223 208 200 194 195 192 180 173 175 178 177 181 187 191 186 182 178 183 184 182 177
134 134 134 134 134 134 134 134 134 134 134 134 134 134 134 134 134 134 134 134 134 134 134 134 134 134 134 134 134 134 134 134 134 134 134 134 134 134 134 134 134 134 134 134 134 134 134 134 134 134 134 134 134 134 134 134 134 134 134 134 134 135 138 140 142 143 145 146 148 146 147 164 164 160 170 158 166 201 214 214 204 183 174 173 174 174 173 174 177 183 182 191 193 193 190 182 177 177 182 183
134 134 134 134 134 134 134 134 134 134 134 134 134 134 134 134 134 134 134 134 134 134 134 134 134 134 134 134 134 134 134 134 134 134 134 134 134 134 134 134 134 134 134 134 134 134 134 134 134 134 134 134 134 134 134 134 134 134 134 134 134 136 140 141 143 144 144 146 148 147 146 148 161 157 157 156 163 182 205 217 220 183 167 175 172 174 172 174 170 174 173 184 189 191 192 185 178 173 174 181
134 134 134 134 134 134 134 134 134 134 134 134 134 134 134 134 134 134 134 134 134 134 134 134 134 134 134 134 134 134 134 134 134 134 134 134 134 134 134 134 134 134 134 134 134 134 134 134 134 134 134 134 134 134 134 134 134 134 134 134 134 136 140 142 144 144 144 146 148 147 146 147 151 160 163 176 179 166 175 195 183 172 171 175 177 172 171 172 170 165 165 167 176 184 184 178 176 176 169 175
134 134 134 134 134 134 134 134 134 134 134 134 134 134 134 134 134 134 134 134 134 134 134 134 134 134 134 134 134 134 134 134 134 134 134 134 134 134 134 134 134 134 134 134 134 134 134 134 134 134 134 134 134 134 134 134 134 134 134 134 134 138 141 142 144 144 145 147 148 148 148 148 148 150 151 154 157 161 157 154 159 165 172 172 175 179 177 175 176 173 165 165 163 165 169 172 175 172 168 168
134 134 134 134 134 134 134 134 134 134 134 134 134 134 134 134 134 134 134 134 134 134 134 134 134 134 134 134 134 134 134 134 134 134 134 134 134 134 134 134 134 134 134 134 134 134 134 134 134 134 134 134 134 134 134 134 134 134 134 134 136 140 141 142 144 144 145 147 149 148 150 152 149 150 151 150 151 151 154 158 161 166 170 171 174 178 187 189 183 185 179 169 163 163 165 164 173 174 170 168
134 134 134 134 134 134 134 134 134 134 134 134 134 134 134 134 134 134 134 134 134 134 134 134 134 134 134 134 134 134 134 134 134 134 134 134 134 134 134 134 134 134 134 134 134 134 134 134 134 134 134 134 134 134 134 134 134 134 134 134 136 140 141 142 144 144 145 147 149 147 148 152 151 149 150 148 149 150 151 155 161 166 170 171 170 173 175 188 190 181 181 181 165 163 166 166 166 174 171 168
134 134 134 134 134 134 134 134 134 134 134 134 134 134 134 134 134 134 134 134 134 134 134 134 134 134 134 134 134 134 134 134 134 134 134 134 134 134 134 134 134 134 134 134 134 134 134 134 134 134 134 134 134 134 134 134 134 134 134 135 139 141 142 143 144 144 146 148 149 147 148 154 151 149 148 148 149 150 150 152 159 165 167 172 172 171 166 163 165 163 161 163 160 160 165 167 169 168 171 170
134 134 134 134 134 134 134 134 134 134 134 134 134 134 134 134 134 134 134 134 134 134 134 134 134 134 134 134 134 134 134 134 134 134 134 134 134 134 134 134 134 134 134 134 134 134 134 134 134 134 134 134 134 134 134 134 134 134 134 136 141 142 143 144 144 145 147 148 149 147 147 148 148 148 147 149 150 150 150 152 157 167 173 166 165 167 169 161 159 160 160 159 158 160 163 167 168 170 168 168
134 134 134 134 134 134 134 134 134 134 134 134 134 134 134 134 134 134 134 134 134 134 134 134 134 134 134 134 134 134 134 134 134 134 134 134 134 134 134 134 134 134 134 134 134 134 134 134 134 134 134 134 134 134 134 134 134 134 135 138 142 143 144 144 145 145 147 148 148 147 147 147 146 147 148 148 149 151 152 153 157 168 177 171 164 165 164 159 161 166 163 166 164 163 163 161 163 170 174 168
134 134 134 134 134 134 134 134 134 134 134 134 134 134 134 134 134 134 134 134 134 134 134 134 134 134 134 134 134 134 134 134 134 134 134 134 134 134 134 134 134 134 134 134 134 134 134 134 134 134 134 134 134 134 134 134 134 134 135 140 143 144 144 144 145 146 146 149 148 147 146 146 145 147 147 147 149 149 151 153 158 164 165 162 163 164 160 160 162 171 166 166 169 170 170 161 162 168 170 170
134 134 134 134 134 134 134 134 134 134 134 134 134 134 134 134 134 134 134 134 134 134 134 134 134 134 134 134 134 134 134 134 134 134 134 134 134 134 134 134 134 134 134 134 134 134 134 134 134 134 134 134 134 134 134 134 134 134 138 141 144 144 144 144 145 147 143 143 147 148 145 146 147 147 146 147 148 150 151 154 159 164 162 161 161 160 158 162 162 164 165 160 155 156 154 154 153 154 155 160
134 134 134 134 134 134 134 134 134 134 134 134 134 134 134 134 134 134 134 134 134 134 134 134 134 134 134 134 134 134 134 134 134 134 134 134 134 134 134 134 134 134 134 134 134 134 134 134 134 134 134 134 134 134 134 134 134 136 140 143 144 144 145 145 145 148 144 150 147 146 144 147 149 150 148 148 150 151 152 154 158 165 167 163 162 164 160 158 162 162 156 151 154 156 157 158 156 157 155 155
134 134 134 134 134 134 134 134 134 134 134 134 134 134 134 134 134 134 134 134 134 134 134 134 134 134 134 134 134 134 134 134 134 134 134 134 134 134 134 134 134 134 134 134 134 134 134 134 134 134 134 134 134 134 134 134 135 139 141 143 144 145 145 146 148 149 153 155 146 145 145 147 149 150 150 151 152 152 153 155 155 161 173 175 167 168 168 161 157 163 163 152 159 160 164 163 161 160 159 157
134 134 134 134 134 134 134 134 134 134 134 134 134 134 134 134 134 134 134 134 134 134 134 134 134 134 134 134 134 134 134 134 134 134 134 134 134 134 134 134 134 134 134 134 134 134 134 134 134 134 134 134 134 134 134 134 138 142 143 143 145 145 146 147 155 148 153 148 147 145 146 147 148 150 149 151 152 153 154 153 146 147 152 163 169 161 165 165 162 159 157 151 161 166 165 164 166 163 160 159
134 134 134 134 134 134 134 134 134 134 134 134 134 134 134 134 134 134 134 134 134 134 134 134 134 134 134 134 134 134 134 134 134 134 134 134 134 134 134 134 134 134 134 134 134 134 134 134 134 134 134 134 134 134 134 136 142 142 143 144 145 145 146 147 152 148 149 147 145 145 147 146 144 144 143 147 152 153 155 156 149 149 151 150 153 153 150 149 149 152 159 153 159 165 167 165 165 165 164 164
134 134 134 134 134 134 134 134 134 134 134 134 134 134 134 134 134 134 134 134 134 134 134 134 134 134 134 134 134 134 134 134 134 134 134 134 134 134 134 134 134 134 134 134 134 134 134 134 134 134 134 134 134 134 135 141 141 143 144 144 146 144 144 142 148 147 149 145 145 144 145 144 147 148 147 146 144 151 156 156 152 151 157 161 167 171 161 156 157 152 149 149 157 163 165 170 168 166 166 167
134 134 134 134 134 134 134 134 134 134 134 134 134 134 134 134 134 134 134 134 134 134 134 134 134 134 134 134 134 134 134 134 134 134 134 134 134 134 134 134 134 134 134 134 134 134 134 134 134 134 134 134 134 135 139 143 142 143 144 145 146 144 140 140 141 145 143 143 143 142 145 150 151 151 152 154 149 144 148 150 147 147 149 155 164 168 171 165 161 160 157 154 156 159 167 168 168 168 167 165
134 134 134 134 134 134 134 134 134 134 134 134 134 134 134 134 134 134 134 134 134 134 134 134 134 134 134 134 134 134 134 134 134 134 134 134 134 134 134 134 134 134 134 134 134 134 134 134 134 134 134 134 135 139 149 148 144 143 144 144 145 144 140 142 144 144 146 146 145 146 149 150 151 152 153 156 153 144 146 146 145 145 145 146 148 152 156 155 158 160 164 167 162 163 170 175 173 168 167 165
134 134 134 134 134 134 134 134 134 134 134 134 134 134 134 134 134 134 134 134 134 134 134 134 134 134 134 134 134 134 134 134 134 134 134 134 134 134 134 134 134 134 134 134 134 134 134 134 134 134 134 135 139 141 144 144 144 143 144 144 144 142 140 146 143 140 144 146 145 147 150 151 151 151 153 153 155 150 148 146 149 148 146 146 149 150 152 158 169 168 157 160 160 165 167 171 176 174 168 164
134 134 134 134 134 134 134 134 134 134 134 134 134 134 134 134 134 134 134 134 134 134 134 134 134 134 134 134 134 134 134 134 134 134 134 134 134 134 134 134 134 134 134 134 134 134 134 134 134 134 134 136 141 139 141 142 143 143 144 144 144 142 140 142 145 143 146 146 148 150 153 152 152 153 153 155 155 153 156 157 157 158 157 155 150 152 156 164 172 174 165 158 157 160 162 162 166 171 166 162
134 134 134 134 134 134 134 134 134 134 134 134 134 134 134 134 134 134 134 134 134 134 134 134 134 134 134 134 134 134 134 134 134 134 134 134 134 134 134 134 134 134 134 134 134 134 134 134 134 135 139 138 137 142 141 141 141 142 144 143 145 145 141 143 144 143 149 147 146 148 150 151 150 150 152 156 159 159 160 163 162 167 166 163 156 149 154 165 170 171 172 168 159 158 160 163 164 163 162 163
134 134 134 134 134 134 134 134 134 134 134 134 134 134 134 134 134 134 134 134 134 134 134 134 134 134 134 134 134 134 134 134 134 134 134 134 134 134 134 134 134 134 134 134 134 134 134 134 134 138 143 141 139 135 136 136 139 141 144 144 145 144 143 146 141 143 147 147 147 145 146 148 148 147 147 153 161 162 174 173 164 168 162 160 158 150 149 156 164 167 167 165 161 164 162 161 164 165 167 169
134 134 134 134 134 134 134 134 134 134 134 134 134 134 134 134 134 134 134 134 134 134 134 134 134 134 134 134 134 134 134 134 134 134 134 134 134 134 134 134 134 134 134 134 134 134 134 135 140 141 140 139 136 135 137 136 136 141 142 143 142 143 148 147 143 143 146 146 147 146 148 146 146 148 147 148 149 153 158 165 164 163 160 155 154 154 150 151 158 173 177 169 162 166 170 167 166 168 171 173
134 134 134 134 134 134 134 134 134 134 134 134 134 134 134 134 134 134 134 134 134 134 134 134 134 134 134 134 134 134 134 134 134 134 134 134 134 134 134 134 134 134 134 134 134 134 135 140 142 140 140 138 135 136 137 136 137 141 141 140 145 148 148 148 147 143 143 146 145 149 152 151 149 150 151 154 154 150 149 151 153 152 159 160 160 157 153 155 157 164 180 179 170 164 169 172 169 168 168 172
134 134 134 134 134 134 134 134 134 134 134 134 134 134 134 134 134 134 134 134 134 134 134 134 134 134 134 134 134 134 134 134 134 134 134 134 134 134 134 134 134 134 134 134 134 135 140 140 141 141 140 135 136 137 137 136 138 140 139 142 148 149 148 148 147 146 147 147 148 150 151 150 150 151 154 157 153 148 151 152 153 152 155 154 158 156 161 162 163 168 174 181 182 176 168 167 169 171 169 174
134 134 134 134 134 134 134 134 134 134 134 134 134 134 134 134 134 134 134 134 134 134 134 134 134 134 134 134 134 134 134 134 134 134 134 134 134 134 134 134 134 134 134 135 137 141 141 141 141 140 137 134 136 137 137 136 138 140 138 146 150 148 149 149 147 147 147 148 150 151 152 151 152 154 151 150 150 152 154 154 157 157 157 156 161 158 159 160 164 171 180 184 188 191 182 172 169 172 173 171
134 134 134 134 134 134 134 134 134 134 134 134 134 134 134 134 134 134 134 134 134 134 134 134 134 134 134 134 134 134 134 134 134 134 134 134 134 134 134 134 134 134 135 138 141 140 142 142 141 138 135 135 138 139 136 137 138 140 140 148 148 146 146 147 148 147 147 149 151 153 153 154 156 152 151 153 153 154 156 159 161 162 156 159 165 164 162 159 159 162 164 174 184 189 184 173 171 177 177 175
134 134 134 134 134 134 134 134 134 134 134 134 134 134 134 134 134 134 134 134 134 134 134 134 134 134 134 134 134 134 134 134 134 134 134 134 134 134 134 134 134 136 141 141 141 141 142 141 139 135 136 138 139 138 136 137 138 138 139 146 147 145 146 147 148 148 148 151 153 157 158 160 155 151 154 155 153 156 159 161 163 159 155 160 164 164 168 163 159 159 159 161 162 166 172 171 174 182 183 181
134 134 134 134 134 134 134 134 134 134 134 134 134 134 134 134 134 134 134 134 134 134 134 134 134 134 134 134 134 134 134 134 134 134 134 134 134 134 134 135 138 142 142 142 142 146 144 140 137 135 139 139 138 138 140 136 139 136 142 146 146 147 147 148 149 150 150 152 155 158 159 158 153 152 155 156 154 156 159 158 161 157 155 159 163 164 168 172 165 161 160 161 163 164 167 177 174 176 179 181
134 134 134 134 134 134 134 134 134 134 134 134 134 134 134 134 134 134 134 134 134 134 134 134 134 134 134 134 134 134 134 134 134 134 134 134 134 134 136 140 142 142 145 147 145 144 141 139 136 137 139 140 139 141 145 140 138 142 145 145 146 146 146 147 149 150 152 152 155 159 158 158 154 153 155 158 157 157 160 160 165 167 162 165 168 167 171 179 173 166 162 163 167 170 167 174 177 178 180 181
