# 100 100
559 620 690 752 789 805 766 651 554 504 470 454 462 485 500 508 511 502 495 444 394 357 341 335 336 340 346 368 402 442 461 453 437 423 418 395 377 414 467 525 573 571 506 446 398 364 333 305 291 303 335 376 418 454 491 534 583 639 676 706 741 827 966 962 943 900 863 830 790 742 703 676 647 603 580 556 554 609 640 652 654 653 655 658 664 691 705 703 685 658 619 583 552 504 472 468 468 468 469 504
535 596 679 731 747 759 774 675 576 521 480 459 452 463 489 509 518 520 531 496 439 406 355 333 332 333 336 336 348 370 392 404 400 404 404 387 369 394 436 480 521 533 504 458 405 368 331 308 293 303 333 377 417 459 493 536 592 668 761 829 873 930 1028 1025 1008 1006 1020 991 920 842 771 736 705 673 646 588 606 684 766 795 794 783 764 747 742 771 785 778 755 720 673 624 607 574 523 480 468 468 468 473
512 573 643 662 669 704 742 715 618 548 500 475 464 451 444 482 507 522 542 521 485 478 390 343 330 326 327 326 326 332 346 358 367 380 389 381 362 380 412 448 483 506 498 448 409 370 337 312 295 303 335 375 418 462 500 544 596 673 787 924 984 1008 1066 1077 1046 1060 1095 1021 937 906 875 843 808 753 686 620 656 762 878 920 914 887 854 817 814 850 859 840 811 778 730 688 678 649 589 540 494 470 468 468
481 524 566 581 622 684 732 756 705 607 539 506 488 473 417 421 455 489 527 515 506 503 418 365 347 333 324 320 318 319 323 329 335 346 366 372 355 368 398 430 466 487 488 449 403 366 335 314 297 302 330 372 417 461 502 545 594 663 770 908 1004 1026 1080 1114 1084 1100 1061 969 893 881 918 926 872 802 722 655 690 828 960 1017 1007 967 915 874 891 927 937 904 867 832 795 762 742 709 657 606 556 513 477 468
448 470 496 536 597 660 714 735 722 675 561 521 508 480 417 389 409 436 462 477 484 478 432 391 372 362 347 336 327 322 316 314 316 317 333 345 342 350 377 415 448 468 469 449 402 355 324 306 296 303 331 368 411 457 501 541 586 645 736 863 989 1038 1086 1124 1103 1104 1048 912 851 849 929 986 927 841 763 689 697 821 952 1040 1046 1008 958 941 965 1009 1017 983 935 886 846 817 793 756 710 656 615 572 529 486
430 436 451 490 541 588 623 614 587 576 511 502 501 454 410 381 374 389 408 429 456 465 445 408 397 403 388 363 353 341 331 324 317 310 312 320 328 331 355 393 429 448 450 442 412 349 317 303 298 305 332 365 404 450 493 532 576 625 699 811 944 1001 1014 994 991 962 954 865 816 820 888 1019 972 875 799 731 715 802 885 966 1035 1022 986 983 1010 1055 1076 1057 1007 950 894 853 831 798 752 698 660 630 588 531
412 409 418 437 461 495 496 482 487 479 457 451 441 413 396 378 357 357 363 380 399 415 415 404 404 409 404 391 379 366 353 342 333 316 307 310 316 318 333 361 396 424 427 437 411 345 311 301 299 306 332 365 399 444 486 522 561 604 661 756 875 943 873 825 852 831 813 784 788 810 888 1035 989 917 838 775 736 796 851 896 949 985 987 982 1003 1038 1037 1016 1034 987 932 873 832 814 784 729 695 673 649 576
395 393 398 396 400 407 413 415 427 421 409 405 389 373 370 361 342 337 337 342 356 372 383 388 391 398 402 394 386 378 371 361 352 330 309 306 309 309 314 327 354 379 396 407 392 348 312 303 303 310 328 361 395 434 477 512 550 586 630 700 802 905 889 799 752 738 730 719 757 826 926 1052 1002 950 879 813 761 789 832 862 897 930 955 951 939 952 936 937 930 900 883 852 812 800 806 755 714 686 662 592
381 382 380 372 367 365 371 375 379 380 375 369 349 346 340 335 330 329 330 329 334 343 353 362 367 382 397 407 400 368 356 361 347 339 316 305 304 305 304 305 319 334 352 368 358 338 312 304 304 315 325 353 391 431 467 504 536 568 605 657 736 827 835 772 707 669 662 675 743 841 975 1076 1032 994 913 843 790 781 803 825 859 894 910 906 877 860 815 792 787 761 767 794 777 760 784 768 708 658 611 562
366 368 366 363 362 361 361 361 361 363 361 360 344 341 336 331 330 328 326 325 324 327 334 340 346 351 358 364 373 355 332 332 331 321 319 308 303 303 302 301 303 311 322 330 332 322 307 301 307 318 324 345 380 419 460 493 522 550 585 623 669 716 719 686 664 619 613 676 767 885 1033 1113 1069 1009 927 870 818 777 772 787 817 850 870 856 798 732 713 715 717 724 732 741 744 722 716 716 675 608 550 517
367 362 362 362 361 361 361 367 374 388 396 400 363 346 341 340 337 333 328 325 323 322 324 326 329 332 334 333 332 330 327 319 312 311 308 307 303 302 301 301 301 302 306 310 318 311 303 301 313 318 329 340 363 402 445 480 505 533 564 590 614 636 647 644 615 573 613 699 803 918 1079 1109 1029 966 930 890 842 795 757 741 753 776 783 737 685 668 677 691 699 706 712 717 713 690 661 622 584 539 507 489
365 364 364 363 362 361 366 383 412 430 433 420 387 358 350 346 343 334 331 327 324 322 322 322 322 323 326 324 324 320 320 316 311 316 315 309 305 302 301 301 301 301 301 301 302 301 301 301 307 313 322 337 351 388 428 461 488 513 535 558 574 585 599 599 566 559 623 724 831 940 1074 1058 983 945 929 893 846 809 768 724 694 684 673 652 639 643 649 652 655 665 675 680 678 659 619 571 524 502 485 475
373 369 364 364 366 371 391 423 453 459 435 406 388 365 354 352 349 342 336 333 332 333 335 332 330 327 324 323 321 318 316 317 320 329 333 331 313 309 306 303 301 301 301 301 301 301 301 301 301 308 311 322 337 364 400 439 466 487 507 528 545 554 561 559 529 564 637 752 863 959 1068 1049 964 952 933 902 854 817 788 744 699 662 635 614 605 596 592 591 591 597 616 629 634 623 588 545 502 482 480 485
378 370 365 368 385 401 433 479 498 482 446 417 398 383 368 362 360 356 357 359 367 366 365 359 349 341 333 330 328 325 325 335 339 347 348 345 331 324 322 316 308 306 303 301 301 301 301 301 301 302 303 309 323 344 379 420 451 469 483 498 514 524 528 521 513 562 649 760 878 993 1083 1083 999 952 945 923 877 836 810 771 734 700 670 651 634 620 606 591 574 562 557 565 582 585 558 525 494 483 492 506
375 370 368 382 415 448 484 540 555 532 487 447 418 395 385 375 382 390 393 407 411 411 401 386 367 355 347 340 338 344 350 360 365 368 368 358 354 345 338 331 320 312 312 308 304 301 301 301 301 301 301 303 313 328 359 396 430 452 461 472 481 492 493 484 501 552 636 736 848 978 1088 1127 1081 1014 985 955 905 863 843 819 790 776 753 727 713 707 693 664 635 610 586 565 549 550 537 515 494 487 510 540
379 373 373 400 449 508 560 615 656 619 561 503 457 413 394 395 411 429 443 462 467 454 434 419 396 366 359 360 359 373 381 385 387 390 388 381 382 373 361 342 331 327 322 320 321 311 303 301 301 301 301 301 303 311 332 364 400 433 443 450 450 453 457 453 487 535 602 687 788 896 1031 1142 1138 1097 1067 1009 932 895 891 906 885 851 824 786 785 799 803 778 729 685 653 616 582 549 531 514 498 493 526 589
384 380 389 423 486 560 622 677 737 719 659 573 506 453 415 424 454 484 509 521 511 495 462 434 412 387 371 376 387 397 407 411 412 410 409 408 407 403 384 368 345 342 342 335 337 331 321 309 301 301 301 301 301 302 308 332 370 394 414 424 423 418 422 439 470 509 566 634 716 811 913 1032 1134 1134 1068 1025 948 935 946 984 987 902 858 823 864 911 908 907 849 784 731 678 634 596 570 543 510 501 533 626
399 395 414 449 513 599 662 717 781 792 697 573 506 459 448 472 503 535 565 578 555 530 489 450 425 404 393 407 419 428 434 434 434 432 433 432 426 418 404 393 373 357 356 350 351 345 338 327 311 302 301 301 301 301 301 310 330 354 369 382 388 390 394 417 452 483 528 584 654 734 823 924 1021 1053 936 906 937 974 1001 1033 1016 940 887 860 937 1007 999 1031 956 871 796 738 688 648 611 573 532 504 537 622
420 411 435 469 533 622 694 743 789 782 649 542 489 463 490 529 569 594 616 622 612 584 527 488 454 427 425 453 467 468 463 461 455 452 453 451 448 439 423 414 399 385 368 366 366 363 348 347 334 313 303 301 301 301 301 302 310 323 341 354 363 364 373 393 423 459 493 535 592 660 739 830 917 930 841 787 796 867 998 1080 1042 969 919 900 976 1064 1112 1129 1023 914 813 771 729 688 631 589 558 521 536 620
442 427 449 489 550 639 709 750 762 722 625 536 495 491 529 581 628 660 681 685 663 625 583 526 472 441 458 508 522 515 502 489 476 465 465 464 465 462 450 430 424 400 385 370 386 376 365 358 362 344 321 307 301 301 301 302 305 313 320 332 344 341 352 370 395 425 461 492 536 590 655 728 811 840 800 758 744 802 923 1068 1090 1032 978 951 1007 1099 1170 1144 1032 901 810 791 757 707 637 587 575 538 553 646
468 448 464 514 575 649 710 737 725 682 620 546 521 528 574 633 691 741 754 740 721 681 647 571 491 461 499 583 600 576 550 527 505 486 475 478 472 463 452 440 440 416 403 391 381 387 379 373 373 365 345 322 309 302 302 302 303 306 312 319 324 326 332 343 364 394 421 457 491 529 580 636 697 761 769 738 733 794 906 999 1070 1095 1062 1024 1043 1114 1188 1147 1040 900 829 809 777 701 632 578 561 549 583 669
509 475 483 537 610 661 702 727 713 686 632 583 558 566 623 706 785 838 839 802 759 714 678 615 526 493 522 636 687 656 616 582 546 512 490 488 481 476 455 445 438 428 417 408 400 386 384 383 386 377 354 337 323 311 304 302 303 303 304 308 314 316 318 323 335 355 384 417 450 483 517 562 608 654 690 694 698 775 871 936 997 1059 1093 1048 1032 1063 1151 1086 1026 927 861 837 792 702 626 575 560 574 606 685
535 492 505 559 649 693 713 737 745 740 709 662 613 616 688 795 890 930 916 848 780 712 674 654 598 528 542 660 756 736 683 635 594 554 518 503 492 481 468 456 445 436 422 416 418 403 393 397 396 389 372 350 331 320 311 306 304 304 304 304 308 310 310 310 317 330 347 376 410 440 469 504 541 577 602 626 656 737 815 877 938 985 972 888 876 897 997 1082 1021 970 915 872 816 710 626 570 566 609 627 692
545 506 523 587 682 727 745 771 811 837 829 775 676 677 759 866 973 1006 936 834 747 715 700 685 645 558 566 660 802 819 767 698 647 606 566 539 514 496 480 472 459 443 429 419 419 415 403 407 403 398 383 368 347 332 323 314 313 309 307 305 306 307 308 309 311 317 327 340 366 396 427 459 491 524 552 571 607 682 754 819 886 931 897 836 839 864 922 1026 1066 1035 966 901 799 694 624 570 574 643 659 713
559 520 547 611 711 778 800 816 866 922 943 831 724 750 844 948 1019 1028 923 835 795 789 774 725 671 597 619 677 786 876 856 783 706 651 616 591 559 530 505 487 470 454 439 427 418 411 409 410 424 398 386 379 364 353 345 342 332 326 325 322 316 311 309 309 311 312 317 324 338 356 385 416 450 480 507 534 569 619 689 761 829 884 893 836 828 856 907 985 1068 1066 984 902 774 682 619 573 579 674 692 735
572 540 577 646 749 840 872 879 918 970 958 836 778 838 937 1049 1092 1032 949 941 914 899 874 748 664 638 701 766 772 880 922 876 784 700 657 635 613 577 539 505 478 467 451 431 422 413 413 412 423 422 385 376 372 372 374 366 362 356 343 338 337 332 327 323 318 316 315 318 324 338 354 379 412 442 467 501 532 571 617 680 752 802 808 794 799 842 901 981 1053 1039 949 807 725 660 613 574 578 686 722 782
566 576 628 706 809 908 940 947 971 1015 957 857 877 954 1053 1134 1123 1095 1069 1038 968 887 804 717 667 695 799 861 829 890 942 938 868 754 693 662 635 614 585 534 493 474 460 434 429 422 412 413 414 426 419 387 381 385 397 393 389 391 385 372 365 359 352 345 336 331 327 320 319 324 333 355 383 406 434 469 502 535 571 616 667 716 745 754 769 825 899 985 1024 938 852 776 707 652 610 572 569 667 723 815
598 629 695 781 885 977 997 1000 1021 1062 1018 963 1005 1083 1168 1144 1007 1016 1039 977 898 784 749 712 710 774 876 924 911 916 949 953 914 813 724 668 636 614 590 553 499 465 450 438 435 442 430 420 413 413 432 415 401 409 421 423 421 423 423 417 410 404 397 387 377 365 354 343 337 332 329 333 356 378 404 439 476 507 537 571 608 644 679 705 739 807 886 971 1017 961 874 806 730 665 618 576 552 581 647 742
655 699 775 871 983 1041 1037 1043 1068 1094 1111 1091 1098 1131 1158 1088 950 888 925 890 836 792 781 792 813 890 957 984 973 943 907 889 887 857 775 685 640 613 582 539 494 462 448 441 434 436 434 429 423 412 412 422 418 433 447 456 451 456 460 460 457 452 441 431 419 403 391 380 375 368 357 345 339 358 383 412 450 480 509 541 569 598 627 660 702 762 828 893 948 985 967 885 779 696 640 599 561 545 582 667
743 792 871 975 1052 1006 986 1027 1085 1075 1022 991 993 1054 1098 982 864 827 844 855 821 781 778 802 834 904 972 1025 1048 949 845 787 798 827 805 726 660 613 564 517 487 460 449 439 429 422 418 419 417 413 412 415 423 428 450 479 484 489 499 501 500 496 488 471 448 431 421 410 404 401 397 387 372 349 359 387 424 457 484 513 540 566 588 617 650 687 726 776 829 882 921 915 833 738 671 629 587 550 553 621
853 897 965 1032 1007 891 897 963 1065 1022 909 851 896 999 1092 1034 922 871 839 808 751 719 700 695 721 778 853 944 1036 972 839 739 722 757 771 741 681 610 544 494 473 463 459 449 430 419 417 415 416 417 417 418 420 428 439 465 507 521 528 534 532 527 521 502 466 446 437 433 430 424 422 423 419 387 354 366 402 430 458 485 509 536 559 583 607 635 664 697 734 774 808 834 820 765 692 645 609 571 540 581
963 972 957 931 886 805 839 927 1027 962 826 765 839 982 1089 1102 1057 988 908 826 799 781 726 672 652 683 739 831 928 973 870 737 662 673 690 682 645 584 523 482 466 467 472 468 453 434 424 422 423 427 430 427 425 426 438 452 478 524 542 544 548 538 527 511 487 462 447 443 443 442 429 425 421 399 367 358 389 412 436 461 484 507 529 551 573 593 617 642 672 700 729 753 759 731 687 652 626 584 538 573
994 952 867 787 748 730 795 920 970 862 755 721 804 971 1075 1060 1074 1086 1042 958 903 888 839 746 666 626 647 717 800 838 786 671 608 597 605 610 600 560 512 480 463 467 474 474 465 456 442 431 441 456 464 460 448 440 437 446 462 507 548 552 548 539 526 505 484 466 449 443 442 437 437 429 422 398 378 368 384 410 425 443 462 483 503 521 543 562 578 597 617 642 665 682 694 691 669 641 617 566 537 564
971 897 765 685 681 717 806 925 860 742 686 709 804 970 1033 999 987 957 922 882 820 792 775 762 753 653 593 611 635 635 627 581 553 551 557 560 558 543 517 489 461 458 468 470 471 471 461 448 463 493 511 510 494 471 452 441 452 478 522 559 565 553 543 525 505 484 465 455 452 448 437 427 415 399 382 386 378 414 428 430 441 459 482 498 520 540 556 569 582 594 607 620 629 628 620 601 565 532 526 556
918 804 678 636 680 750 842 832 727 666 662 728 857 997 957 853 795 786 758 726 684 656 641 662 698 659 567 546 538 530 529 532 527 523 525 526 525 517 501 485 457 448 458 461 467 479 480 472 478 516 554 573 557 515 474 455 446 463 492 540 574 571 560 550 537 516 498 485 476 466 457 449 431 408 394 388 381 389 403 404 410 423 447 474 496 526 545 559 562 562 563 565 572 570 564 555 529 514 516 539
833 710 617 630 717 799 807 699 639 633 687 785 937 991 891 769 680 648 634 611 596 579 574 596 625 573 510 512 509 506 507 509 509 505 505 508 503 493 483 467 449 444 455 459 472 491 509 505 502 525 579 615 595 529 476 469 454 453 475 503 549 593 599 585 571 553 523 500 485 480 471 463 458 442 425 411 398 389 388 386 390 396 408 433 462 490 520 547 571 554 540 534 534 532 522 517 503 504 506 520
747 633 577 637 748 768 667 600 603 665 767 881 954 897 816 769 629 599 587 573 560 547 533 536 542 522 495 496 500 503 502 497 495 496 497 500 495 483 471 456 441 445 451 463 493 525 557 560 540 529 556 596 553 494 458 444 447 453 462 482 507 549 602 619 600 585 550 510 492 478 470 462 456 450 444 440 429 415 403 398 391 389 393 403 420 447 474 498 520 520 514 513 508 507 502 492 485 488 496 509
671 596 553 626 695 638 557 574 645 745 886 973 907 793 744 701 603 591 588 579 571 567 544 514 502 495 489 492 496 497 493 489 488 489 494 499 499 485 467 452 441 446 452 467 509 558 583 583 565 533 512 502 483 456 435 431 434 444 452 463 483 506 551 599 600 596 565 512 486 468 458 455 451 449 445 445 444 436 431 417 404 397 399 397 406 416 436 452 472 481 484 484 491 491 490 485 482 480 489 496
651 587 542 559 576 538 552 626 726 868 980 967 897 798 729 658 606 601 604 616 635 649 588 514 493 489 487 488 489 489 486 485 482 478 485 494 500 487 468 451 442 445 450 472 506 516 500 492 486 492 481 469 449 439 431 431 432 436 442 453 466 486 511 547 579 581 572 530 483 466 458 454 453 453 451 451 450 448 450 445 429 419 409 407 406 410 417 429 440 451 464 474 476 480 480 480 479 479 479 484
675 620 555 507 501 519 598 699 836 973 984 904 855 872 780 659 621 629 651 679 691 668 550 500 491 492 487 487 486 483 478 474 473 473 477 487 492 491 467 448 441 443 451 468 480 479 463 457 450 446 446 444 438 435 432 431 431 433 438 445 454 471 494 523 545 545 539 526 484 464 459 455 457 459 459 457 455 455 455 453 449 442 433 426 418 412 411 418 428 441 444 448 458 464 465 469 473 477 478 476
628 581 562 481 481 550 653 780 922 971 923 819 788 855 800 687 657 678 706 695 659 605 555 526 516 510 502 496 493 487 478 472 472 471 473 477 482 486 460 446 442 441 447 458 461 457 448 440 437 438 440 442 433 431 431 431 431 431 435 440 445 457 481 505 529 540 519 496 472 450 453 458 455 455 457 458 459 460 458 459 458 457 455 448 441 433 432 427 425 425 428 442 447 451 457 457 466 471 474 474
527 497 538 462 506 596 707 851 932 934 840 743 732 801 837 750 731 766 796 758 700 651 617 591 574 561 544 527 515 506 491 480 475 472 471 470 467 465 456 443 443 443 449 453 448 443 438 435 435 435 437 437 440 434 431 432 432 432 433 437 441 449 464 488 510 517 513 487 460 443 443 456 459 456 456 455 458 463 465 465 470 475 474 471 466 461 456 452 449 449 450 446 445 449 455 459 464 464 468 472
444 427 446 461 540 662 795 892 919 881 781 700 690 746 825 829 845 904 919 869 798 752 721 698 680 669 636 585 551 532 513 495 485 477 475 475 467 461 458 448 447 443 445 447 443 439 438 436 436 435 435 435 436 436 434 432 432 432 434 434 437 443 452 472 491 503 498 486 464 446 440 443 451 458 456 456 457 461 467 473 482 491 501 506 504 500 495 493 491 492 487 479 470 467 470 468 468 466 469 470
396 421 459 525 617 766 869 860 793 760 695 657 657 728 831 905 968 1060 1046 985 925 885 852 839 836 823 766 661 587 553 532 515 505 498 490 489 476 468 466 454 453 447 443 447 441 439 441 438 434 434 432 432 434 436 434 433 434 433 434 436 434 437 445 457 475 492 497 484 463 446 442 443 447 451 455 456 457 464 469 476 489 503 519 531 537 540 538 535 537 539 537 523 501 487 482 479 478 477 475 475
397 485 555 636 731 784 751 710 664 627 608 609 667 786 921 1004 1063 1129 1164 1128 1078 1031 1003 991 994 964 843 711 632 600 599 595 583 564 535 513 493 478 474 466 455 444 440 442 438 441 444 438 435 433 431 431 433 438 438 434 432 430 435 433 432 434 440 447 460 478 490 490 471 448 437 440 444 448 454 460 463 468 478 486 494 507 524 542 554 567 575 579 578 575 574 557 541 513 495 486 483 480 478 477
454 607 665 678 668 637 595 568 561 555 571 626 706 840 945 971 1003 1058 1171 1204 1189 1161 1135 1085 1032 934 814 713 667 671 708 745 759 690 600 549 514 495 485 470 460 444 440 439 439 441 438 436 437 431 430 430 436 437 436 433 430 430 432 430 431 431 435 440 449 462 472 480 477 458 439 437 443 447 459 469 473 477 483 494 506 516 528 542 556 572 588 599 616 615 591 574 555 529 506 491 485 482 479 477
564 675 655 551 515 500 485 484 516 551 597 670 734 797 835 869 920 983 1103 1198 1173 1077 1030 951 887 855 769 720 716 733 762 806 827 790 660 571 535 499 490 484 460 445 442 440 440 440 437 437 433 431 430 433 435 433 432 429 429 429 430 429 430 430 431 433 439 449 458 465 469 467 449 437 442 452 465 485 496 496 500 505 517 528 540 545 554 562 574 583 595 608 596 583 582 572 537 499 482 479 479 479
559 543 506 430 428 458 505 561 604 635 640 642 684 737 787 835 892 968 1073 1157 1052 962 898 829 790 776 760 749 765 784 799 815 789 742 661 579 544 507 490 477 455 447 450 447 444 444 443 439 436 437 435 433 431 430 430 429 430 431 429 429 429 430 429 431 435 442 453 457 458 459 453 439 439 453 470 489 507 517 520 518 524 533 548 560 564 564 569 575 578 575 572 573 572 590 588 529 485 475 475 478
449 426 401 431 502 563 644 717 769 784 782 757 771 834 889 939 991 1054 1131 1151 1018 904 840 809 800 794 806 812 827 838 831 797 749 711 651 603 563 528 502 485 469 463 468 464 464 467 457 451 447 449 444 438 435 433 433 429 429 431 430 429 429 429 430 434 434 441 449 451 451 451 446 440 438 447 463 485 510 536 539 533 531 535 547 558 569 571 573 577 573 566 562 557 560 567 569 555 508 478 473 475
365 399 462 513 566 676 780 864 915 924 915 862 832 885 977 1051 1108 1134 1171 1172 1046 958 930 919 913 914 919 923 920 908 867 800 760 724 682 644 599 558 524 502 491 488 491 495 500 496 486 474 466 458 449 442 437 436 436 431 430 429 429 429 429 429 431 437 435 440 448 449 447 444 441 436 435 436 448 470 498 527 547 544 536 537 546 557 561 564 572 577 572 562 561 554 548 556 550 539 521 490 472 473
363 492 612 642 629 665 779 873 936 973 977 886 765 779 875 966 1078 1158 1192 1153 1080 1037 1054 1066 1062 1060 1062 1065 1041 987 897 822 786 756 722 685 633 583 547 521 511 508 520 532 540 538 531 516 494 473 456 451 445 441 437 434 429 430 429 429 429 429 430 433 434 435 442 449 447 442 439 434 430 431 434 448 472 506 531 529 527 528 531 542 556 562 573 577 571 565 563 560 553 544 535 524 506 493 478 472
361 487 646 710 718 729 795 876 938 974 978 848 723 707 776 874 994 1124 1184 1101 1013 957 987 1090 1177 1200 1194 1185 1100 992 904 845 816 787 755 721 663 609 570 546 533 528 540 558 573 581 579 563 530 497 477 460 451 447 442 437 433 433 431 429 429 429 430 432 432 431 435 441 443 440 439 437 432 429 432 435 452 475 492 503 505 506 511 523 548 559 574 586 587 586 588 586 579 568 550 531 512 497 483 477
340 425 525 625 690 737 748 789 876 910 953 837 711 662 714 803 926 1070 1181 1147 1026 942 904 993 1107 1185 1164 1150 1067 977 913 875 853 820 784 746 688 636 597 572 552 543 555 569 584 598 604 598 570 526 494 473 457 450 445 440 432 432 434 430 429 429 429 432 432 431 430 435 440 439 436 435 434 430 430 432 444 455 463 471 479 487 492 504 530 549 569 585 606 613 618 622 610 597 575 549 531 515 504 496
308 348 406 465 532 610 622 648 724 785 897 848 706 629 662 748 872 1011 1151 1201 1092 975 872 906 1012 1110 1105 1077 1021 966 936 911 879 848 809 761 708 667 624 593 570 555 563 570 580 590 598 592 573 546 501 477 459 448 439 436 432 432 434 432 430 429 429 430 431 429 429 431 436 440 434 435 433 429 426 430 435 445 454 461 464 465 472 485 515 543 570 595 622 645 646 636 627 618 597 571 548 535 527 524
284 303 338 383 426 479 500 540 607 717 816 837 706 607 621 698 816 951 1079 1202 1152 1002 871 837 935 1032 1043 1005 953 926 917 901 881 854 818 771 724 682 644 610 584 569 567 566 569 575 579 570 554 530 509 480 454 443 437 432 431 432 433 434 431 430 429 429 429 429 429 429 430 434 432 430 432 429 426 425 428 433 442 446 451 455 459 471 499 539 583 625 653 661 653 641 632 632 625 603 574 550 541 539
271 281 295 315 357 393 418 458 523 618 718 787 711 608 580 650 754 887 1035 1162 1098 983 855 781 864 967 983 939 891 892 890 883 872 844 807 767 728 691 655 620 594 577 566 560 560 558 556 554 540 525 507 486 460 444 438 432 431 432 433 434 432 431 429 429 430 429 429 429 430 433 430 428 426 426 426 427 429 430 435 437 439 444 452 463 483 513 563 614 656 663 631 613 610 610 611 615 613 574 551 542
261 269 284 282 297 332 363 403 453 511 607 700 731 618 550 605 712 855 1002 1099 1007 920 827 742 810 911 928 893 858 860 858 849 835 814 779 744 711 678 648 620 590 574 562 553 545 543 541 536 528 517 507 492 476 464 448 437 433 432 434 436 436 432 430 429 434 434 433 429 431 437 433 427 427 427 425 427 425 430 437 438 437 439 446 462 476 491 525 564 602 630 639 607 583 583 589 595 613 600 562 546
294 308 319 316 298 293 318 352 384 425 484 570 639 630 535 567 681 825 982 1081 994 918 818 715 744 851 878 849 837 835 827 812 788 769 739 705 671 640 617 598 572 558 550 542 533 529 526 521 512 505 498 490 479 474 461 450 441 434 434 439 442 438 430 429 433 433 435 432 430 430 431 429 429 429 430 433 434 427 436 443 436 438 440 453 467 480 498 522 548 587 627 619 571 557 563 575 585 591 572 550
372 373 372 364 345 324 302 315 340 354 394 439 491 525 508 531 650 817 978 1085 1070 981 846 707 690 775 839 851 837 820 797 771 739 715 688 656 625 602 583 569 551 536 531 524 518 514 512 506 499 492 491 482 472 465 461 451 444 438 436 441 448 449 437 432 432 433 436 435 434 431 430 431 430 426 427 430 430 428 424 430 434 435 433 436 442 460 479 501 525 558 592 611 582 545 540 550 568 576 569 547
466 457 443 418 394 369 339 317 311 315 327 360 386 415 454 498 623 793 935 1035 1005 923 846 707 644 700 781 842 861 827 769 705 670 648 632 610 587 571 553 544 534 520 514 507 503 500 497 495 488 483 482 476 468 463 458 451 442 437 436 437 443 446 443 438 432 432 435 437 439 440 440 440 437 434 431 427 424 422 428 421 422 425 425 425 427 436 456 479 502 527 557 572 572 550 523 527 533 550 559 546
547 539 515 483 451 417 390 371 346 336 329 319 339 370 409 465 577 728 818 972 904 806 750 685 618 633 735 828 870 822 727 634 589 577 575 563 553 541 525 521 512 502 499 495 491 487 484 482 476 471 469 465 459 461 459 455 450 441 436 436 437 441 440 438 432 432 437 440 445 445 444 442 439 437 438 437 431 424 428 428 419 418 424 422 422 424 434 452 474 497 524 543 545 534 519 509 510 512 521 526
657 636 602 555 516 485 452 426 405 375 358 327 324 350 387 428 493 587 692 842 860 734 661 628 583 601 716 804 808 712 622 551 530 526 525 520 517 509 500 497 492 487 483 481 479 478 475 471 465 461 456 451 451 456 455 455 458 447 439 435 436 442 439 436 433 432 435 443 443 441 441 440 438 436 437 439 439 430 428 428 420 418 421 425 421 421 425 435 450 469 495 511 519 516 508 498 492 494 494 496
786 767 705 619 600 565 521 484 450 416 387 347 330 330 366 399 433 499 585 698 730 650 588 562 542 591 683 696 648 593 539 509 498 496 493 491 489 485 483 479 476 475 470 467 466 468 469 466 462 459 452 447 447 447 447 444 450 450 445 439 432 429 435 435 435 432 432 437 436 440 439 438 437 437 440 443 444 437 430 423 418 418 418 423 423 422 424 428 436 451 469 488 497 500 497 489 484 482 483 484
900 867 765 714 715 667 617 563 494 465 427 387 363 352 340 365 391 439 502 589 588 542 523 508 518 594 630 556 512 498 485 480 477 475 472 468 466 464 463 463 461 462 460 457 457 459 460 459 458 454 451 445 442 443 440 436 436 441 441 441 433 427 425 427 429 433 431 434 437 444 446 440 439 441 441 443 444 439 433 426 421 418 418 418 420 420 421 425 429 438 455 472 481 484 484 486 485 483 482 485
974 899 842 860 848 787 717 640 533 559 526 453 416 390 371 340 353 390 447 488 494 479 477 474 521 591 556 477 466 461 457 460 459 458 456 453 451 452 451 453 455 453 451 450 450 450 451 448 448 447 445 444 442 440 435 434 432 434 434 439 436 431 426 423 423 429 430 430 440 450 453 451 446 440 436 438 436 431 426 424 426 422 418 418 418 420 420 421 426 431 446 461 471 477 478 480 481 482 484 484
913 923 978 1019 993 900 749 636 559 626 638 549 483 430 396 368 341 353 402 428 436 443 447 466 491 500 471 452 449 449 448 446 446 447 444 444 444 447 444 445 449 448 446 447 446 446 447 445 441 438 437 438 437 436 433 431 431 430 430 431 434 432 429 426 423 427 427 425 431 445 447 445 441 435 428 422 419 419 418 418 418 418 418 418 418 418 423 420 421 424 434 449 459 470 474 478 479 480 483 486
800 836 972 1103 1048 910 764 670 624 685 735 667 592 492 428 393 367 347 362 392 408 415 423 445 449 450 448 446 446 444 441 439 439 440 439 440 441 444 442 442 443 444 442 441 442 443 442 442 438 435 431 431 432 433 431 429 431 430 429 428 428 428 427 426 423 424 425 423 422 423 421 422 421 421 419 418 418 418 418 418 420 421 421 421 418 418 418 424 423 421 428 439 445 457 465 473 477 482 481 483
689 778 938 1038 1012 904 797 729 677 762 815 768 650 540 459 422 399 373 348 368 379 389 400 418 431 437 446 449 447 442 434 432 432 434 436 439 439 440 441 441 440 441 439 439 440 439 437 436 434 432 430 430 430 431 432 432 431 430 428 429 428 428 426 425 423 423 421 420 422 421 419 418 419 418 420 421 420 419 422 425 427 427 426 424 424 419 418 418 425 425 423 435 438 445 453 461 472 475 478 478
622 730 838 912 993 933 822 779 777 858 891 830 713 578 489 443 419 398 378 352 352 371 383 404 423 435 444 446 444 439 433 429 426 428 435 440 439 439 442 443 441 441 439 440 438 437 435 433 433 431 430 430 432 431 431 432 432 430 429 430 430 430 431 430 427 425 422 421 422 423 422 420 420 421 422 425 426 425 431 434 433 429 424 420 419 418 418 418 418 423 424 425 434 436 443 453 468 474 475 471
574 645 726 811 940 973 893 882 910 967 1016 924 752 615 514 460 431 414 400 373 356 362 378 402 424 437 441 433 428 426 424 422 421 426 438 442 441 443 442 444 445 446 437 436 433 434 436 436 436 433 432 433 431 430 430 431 433 433 432 432 434 436 436 436 432 429 425 423 423 424 423 423 423 424 425 428 430 432 436 439 434 429 422 419 418 418 418 418 418 418 419 419 427 430 437 453 461 469 473 466
534 577 636 723 840 968 1009 996 1010 1075 1120 1026 896 686 547 479 441 417 401 384 372 361 369 394 411 422 425 416 404 404 409 410 420 431 440 443 447 448 444 444 444 444 435 432 432 433 435 436 436 434 433 434 434 432 432 432 434 436 436 436 438 439 438 440 437 432 429 430 430 431 429 428 426 427 428 432 435 438 437 432 430 425 420 419 419 419 419 420 418 418 418 418 420 426 427 440 454 464 466 461
501 528 565 631 744 856 991 993 914 1008 1090 1120 1005 755 583 499 454 426 400 384 374 367 363 375 388 399 406 401 391 388 393 406 415 428 440 442 446 448 451 447 448 449 438 433 432 434 435 436 437 436 435 436 437 436 434 433 436 438 439 441 442 443 443 444 443 440 439 439 440 443 443 441 436 437 437 440 443 446 445 436 428 423 421 422 423 423 425 423 421 419 418 418 418 421 423 430 439 455 459 452
488 488 512 556 641 764 886 950 816 851 971 1008 948 756 600 510 461 432 402 385 371 370 372 368 373 381 386 387 382 381 385 397 411 423 436 442 440 445 448 446 443 447 439 435 433 432 434 435 436 438 438 438 440 438 438 436 436 440 442 446 448 449 451 450 450 452 454 453 453 454 456 455 450 448 446 451 456 463 459 450 441 435 433 430 431 430 430 428 422 418 418 418 418 418 419 425 432 443 452 445
513 476 480 506 562 661 791 868 754 745 871 890 791 673 557 493 457 432 402 387 375 375 377 376 373 375 375 377 377 379 382 388 398 411 425 430 429 436 439 438 436 444 440 435 432 432 434 437 438 439 441 443 443 441 440 438 441 446 450 454 456 458 459 458 459 460 465 467 469 471 473 477 474 468 466 467 470 469 472 470 466 461 461 454 451 449 449 444 438 430 421 418 418 418 418 419 426 438 443 442
560 491 466 471 507 574 679 765 728 660 730 716 640 565 504 463 436 419 403 387 376 379 381 381 379 379 379 377 380 383 384 385 390 399 409 418 417 422 424 426 434 442 438 433 432 434 438 442 441 443 444 447 448 447 444 444 447 454 458 460 464 467 468 467 467 471 478 484 489 493 496 501 499 492 487 485 488 489 494 497 494 490 489 489 487 483 479 475 471 460 446 426 418 418 418 418 424 431 439 444
658 535 481 459 471 503 552 599 624 586 600 566 525 487 455 430 410 403 401 389 382 386 391 391 390 392 390 385 387 390 392 393 394 398 406 416 417 418 420 424 429 434 432 431 432 437 442 446 445 447 449 452 453 450 450 450 455 460 463 466 472 477 484 480 478 481 490 501 506 513 518 531 529 525 518 517 517 516 522 529 534 536 532 528 525 522 521 518 511 492 465 442 420 418 418 418 419 428 440 451
772 606 520 474 451 457 473 478 495 511 512 481 460 437 419 406 400 399 400 398 395 401 404 405 406 409 409 402 401 401 402 401 402 405 411 426 426 427 425 429 434 437 437 436 437 442 447 451 453 454 454 457 458 457 457 462 467 468 470 475 478 484 487 485 486 492 502 517 524 529 531 540 550 555 556 556 551 547 552 565 576 579 576 575 568 565 563 559 555 542 501 456 430 422 418 418 418 420 432 446
760 620 527 475 446 437 429 432 450 465 460 444 421 410 404 401 401 405 418 423 423 430 432 433 433 434 433 427 421 418 419 420 417 417 419 428 432 435 434 437 441 445 444 443 444 448 453 457 460 462 461 465 465 465 470 477 479 480 480 484 485 490 490 491 494 502 513 524 537 542 547 553 568 582 591 596 593 588 589 598 616 624 624 620 614 603 601 587 579 564 532 487 454 439 429 419 418 418 420 432
597 519 474 450 442 441 432 422 427 435 433 423 408 405 404 406 415 433 450 463 468 472 474 476 474 471 466 458 447 443 440 440 436 435 439 441 444 446 447 447 450 454 453 452 451 457 462 466 467 470 473 474 475 480 482 486 488 492 492 492 494 496 494 498 504 510 522 535 547 554 562 569 585 603 619 629 629 624 621 617 630 645 649 644 633 626 628 611 592 571 542 503 473 453 436 422 418 418 418 425
482 461 449 442 442 440 446 439 421 419 417 414 407 406 414 425 455 486 516 532 547 548 555 558 554 546 529 503 483 470 461 460 457 460 463 463 466 465 466 466 467 467 469 466 466 470 474 477 479 482 484 486 485 491 492 492 494 497 500 501 501 501 500 504 512 519 530 543 556 566 576 586 603 622 641 654 650 640 637 631 633 647 648 643 637 630 633 612 595 595 572 527 492 459 449 433 421 418 418 418
440 438 440 441 442 449 460 454 441 416 412 411 413 429 459 499 549 592 629 650 681 685 688 698 696 686 650 587 533 501 485 489 495 501 507 507 506 505 505 501 496 490 498 492 488 490 493 495 497 500 503 501 501 500 502 502 502 504 510 512 510 510 509 512 518 530 539 551 566 580 594 609 627 644 664 678 677 665 657 652 653 661 658 651 648 647 641 632 628 628 611 575 534 488 457 440 429 420 418 418
434 438 448 460 464 472 481 474 458 438 423 428 458 524 589 663 705 732 744 769 802 834 846 856 847 824 770 678 590 533 517 539 562 584 595 588 578 568 556 543 532 530 541 533 525 524 522 523 524 527 527 521 514 508 508 510 509 516 524 524 522 518 515 514 521 533 548 562 579 596 614 634 650 669 691 706 707 695 685 683 686 687 688 682 683 683 681 674 658 645 631 615 600 556 508 465 441 428 422 418
450 460 477 500 506 507 504 496 481 466 448 459 510 589 663 727 765 773 793 827 857 893 941 953 920 855 768 677 619 569 567 606 645 675 687 672 644 619 596 580 572 575 578 581 576 565 557 560 561 562 559 550 534 523 515 515 517 524 533 538 534 526 521 518 523 539 560 580 597 616 640 663 680 695 717 736 739 725 718 722 731 733 732 733 730 728 726 726 704 676 652 642 631 604 569 521 471 439 426 419
485 501 528 545 561 561 541 525 504 485 477 467 492 539 593 671 742 792 828 871 898 922 970 953 852 776 720 659 616 607 633 677 718 746 752 723 677 639 619 599 598 610 616 627 623 607 598 600 602 605 602 583 553 536 521 514 519 528 542 552 551 540 529 523 527 544 572 597 616 640 668 694 712 721 736 754 765 758 751 755 772 784 784 790 781 763 756 754 729 700 675 667 654 626 603 569 523 473 439 424
548 560 580 602 626 636 605 558 526 506 500 493 493 512 547 608 676 744 819 874 909 931 961 879 763 707 681 654 645 666 694 726 767 797 794 752 701 660 633 613 618 634 644 654 655 645 637 638 641 647 646 622 577 547 528 516 520 533 549 566 569 560 541 530 532 552 581 609 631 656 686 720 744 750 755 769 781 783 785 790 807 832 832 819 788 775 761 754 735 720 706 694 676 647 620 592 558 514 475 447
644 633 639 664 684 684 651 596 554 534 527 518 511 510 526 564 619 664 728 810 888 916 931 845 740 697 690 688 698 719 742 765 794 823 821 778 721 676 646 630 635 649 660 671 676 678 672 674 677 681 681 660 611 572 540 525 524 531 551 571 579 576 558 539 535 552 581 611 634 658 688 724 752 754 750 765 783 793 810 827 842 860 846 808 781 767 753 749 750 751 733 718 688 652 632 602 565 538 518 488
742 713 715 738 749 722 692 640 598 574 561 544 532 522 518 538 570 601 643 719 792 850 881 839 767 731 724 731 746 764 782 791 797 815 825 806 736 691 658 642 644 653 663 674 685 701 709 712 714 714 714 700 657 609 561 532 525 525 541 563 575 570 557 541 538 546 572 602 629 649 674 699 713 711 699 720 739 758 781 801 814 807 802 798 768 745 736 739 756 767 755 728 693 662 633 613 594 581 566 537
807 787 789 817 810 760 726 685 654 626 600 570 546 532 519 523 541 557 584 630 674 725 787 824 800 771 761 774 793 810 815 805 782 776 789 787 744 704 670 648 645 650 658 667 684 700 720 744 753 749 742 725 696 638 578 534 520 517 526 541 556 561 550 537 534 545 571 597 622 642 661 669 670 663 658 668 680 695 719 743 749 764 776 781 752 727 716 721 735 754 760 753 713 674 645 628 613 610 604 583
842 817 800 799 791 750 706 682 694 697 670 614 569 544 529 524 529 532 549 580 611 648 707 773 784 749 734 754 792 825 827 794 758 739 741 741 729 704 680 654 641 638 643 651 669 688 710 739 769 762 733 708 693 653 597 541 513 508 513 521 533 543 542 533 531 542 566 593 617 641 660 660 653 645 639 640 646 653 670 692 702 728 751 762 748 713 700 702 711 724 733 730 703 673 655 639 635 635 634 619
891 845 783 719 699 671 649 651 678 718 735 687 612 564 547 536 528 522 528 550 567 594 642 697 731 691 673 679 725 783 804 785 747 714 705 705 706 688 669 647 631 617 616 624 645 669 696 724 748 721 676 652 639 607 575 535 509 502 508 508 518 527 528 527 527 534 553 581 607 638 666 670 656 641 631 622 622 625 636 657 680 705 732 746 743 708 683 686 689 697 702 698 678 662 654 650 651 655 658 654
846 866 814 730 671 638 612 614 630 673 723 726 667 599 565 541 526 520 517 528 538 558 587 617 629 629 623 627 660 711 769 782 736 702 673 673 684 676 650 628 607 591 586 591 611 637 663 673 667 637 608 602 592 567 550 527 507 499 498 499 508 516 519 517 521 527 535 555 577 609 651 682 676 652 628 610 603 605 617 635 658 688 714 731 735 704 677 668 666 669 673 669 660 652 654 659 665 673 680 682
737 777 824 798 719 651 607 592 590 616 663 702 702 629 579 549 528 520 513 509 512 526 542 559 565 573 581 587 607 653 701 739 708 671 648 645 658 656 637 612 588 567 554 554 575 597 611 609 590 575 566 567 569 552 534 517 499 491 492 494 498 503 509 514 515 523 522 525 539 567 606 649 682 675 636 604 590 585 594 612 637 666 690 714 731 707 674 655 645 642 641 639 637 636 645 659 674 685 695 706
668 687 737 779 760 692 636 603 581 578 601 650 703 669 608 564 531 519 512 502 493 503 515 525 531 538 544 556 571 597 633 658 654 637 621 622 626 626 614 590 567 544 530 527 538 548 557 561 548 539 537 542 552 543 533 514 494 486 487 490 492 494 498 503 503 506 508 508 511 530 563 602 638 665 651 606 583 571 575 591 616 643 667 688 706 700 675 656 636 622 617 616 615 622 637 656 672 688 704 719
642 635 644 668 701 710 660 614 581 559 559 587 635 649 615 569 530 517 509 503 497 491 502 505 507 514 521 532 542 557 586 610 616 607 598 594 591 585 575 561 541 523 513 510 509 510 510 516 520 513 515 521 533 534 530 519 499 486 485 484 484 487 491 493 492 493 496 499 498 511 531 564 597 622 629 603 580 569 564 575 592 617 638 661 679 686 678 658 631 610 601 600 600 608 624 645 666 683 702 716
629 615 607 597 615 645 660 617 570 548 534 548 556 571 571 548 522 512 500 498 494 488 488 500 497 501 506 514 524 536 561 584 593 588 581 560 551 543 530 522 511 500 496 497 494 500 492 486 493 494 496 502 510 513 515 509 502 492 484 479 478 480 483 487 486 488 490 489 488 502 522 544 569 591 598 581 569 560 555 561 576 592 611 631 650 662 663 646 620 598 586 581 584 595 610 637 660 675 693 701
609 618 601 577 564 580 607 602 556 533 511 514 519 525 529 523 509 502 493 496 496 491 481 485 491 495 494 495 509 525 547 572 585 582 573 549 525 513 508 499 494 489 487 488 489 496 492 477 475 479 481 484 488 488 492 491 488 483 479 478 475 475 479 482 484 485 488 486 486 489 508 527 547 565 571 562 550 550 544 546 562 569 585 605 623 635 638 629 611 591 573 563 567 582 596 623 644 655 665 671
589 624 619 588 552 539 553 566 551 513 488 487 502 516 526 522 510 495 488 489 492 493 485 478 490 488 488 487 498 510 531 552 566 572 563 546 520 502 498 491 486 486 486 492 491 498 493 474 461 462 461 466 470 470 467 469 471 474 473 473 476 474 476 483 486 486 487 485 486 482 493 511 525 543 545 544 537 533 532 529 539 548 562 582 597 606 614 608 592 575 562 555 554 566 583 602 618 627 634 632
578 629 632 609 570 525 513 528 524 493 467 468 493 525 545 546 533 504 490 484 488 492 485 479 479 482 478 479 485 490 503 518 529 534 532 520 502 489 492 489 483 484 489 496 499 503 494 478 461 456 456 456 457 457 456 456 457 463 468 473 476 475 477 485 487 490 493 489 482 476 480 496 508 523 529 528 523 518 518 518 520 526 542 557 577 585 591 588 572 555 545 542 543 551 566 578 588 590 590 590
560 602 608 582 545 511 489 489 502 482 452 447 481 519 545 553 548 520 490 477 473 472 469 468 470 467 465 469 469 470 478 483 488 491 491 488 480 478 480 479 475 482 489 495 498 495 490 473 457 456 456 456 456 456 456 456 456 456 457 468 475 473 473 481 489 494 494 492 482 472 470 484 497 506 514 513 509 504 504 504 506 512 522 538 552 562 566 564 551 538 526 520 523 533 546 556 557 551 551 553
538 557 537 505 485 479 476 475 471 468 438 420 456 495 524 549 542 527 487 476 461 450 455 458 456 456 456 458 457 457 458 459 463 462 462 460 460 465 466 467 468 473 482 485 485 478 475 460 456 456 456 456 456 456 456 456 456 456 456 457 462 467 467 475 487 488 488 484 476 466 463 469 484 492 502 501 500 496 492 491 494 498 504 516 527 536 540 542 529 520 511 507 507 515 523 530 533 530 526 525
