# 100 100
231 244 250 246 229 217 217 220 228 235 242 248 249 248 247 248 255 267 270 275 279 272 270 266 266 268 262 252 254 270 276 264 256 244 229 224 236 254 255 259 262 264 266 267 268 277 283 292 310 345 401 455 492 504 495 440 395 358 340 338 349 372 376 356 327 301 277 245 213 192 184 181 171 165 165 171 174 166 154 159 179 208 233 264 300 329 346 374 418 480 501 444 379 355 390 398 383 365 363 360
235 258 253 235 227 236 240 237 240 245 249 250 247 247 248 247 247 246 246 249 254 251 250 250 246 241 237 237 247 266 260 256 243 224 223 249 282 289 279 277 280 281 275 276 272 270 275 284 290 307 336 372 416 469 499 462 417 358 322 314 317 328 323 311 307 318 312 270 232 201 183 180 174 167 162 167 175 180 169 151 158 186 206 234 274 304 326 350 378 420 453 392 336 334 370 371 367 374 375 366
229 249 242 227 232 243 247 244 247 250 251 251 249 249 250 249 249 248 246 245 243 240 233 225 217 216 221 223 227 232 243 239 222 234 288 326 334 327 315 309 306 295 291 292 283 275 273 274 277 283 303 327 355 402 449 449 423 372 325 299 295 293 293 301 320 346 345 299 259 221 192 179 175 170 165 163 167 169 171 153 153 165 188 211 243 274 298 324 345 370 378 340 315 325 340 347 386 395 388 382
227 234 228 231 240 251 252 251 254 254 256 256 250 249 247 246 245 246 245 241 230 219 204 192 186 195 200 199 203 211 215 215 226 293 353 357 346 337 327 322 316 311 310 310 298 287 281 275 272 270 281 295 313 344 389 418 412 386 330 293 280 286 303 330 361 389 367 332 286 241 207 185 180 171 166 163 162 163 162 151 152 161 177 196 217 245 270 293 310 328 332 315 305 309 329 403 426 413 399 398
230 229 230 241 249 254 253 257 258 259 258 255 252 248 244 243 241 241 235 221 207 188 176 169 173 186 199 209 210 210 214 234 286 372 411 390 368 358 345 332 330 338 342 344 329 306 292 280 274 267 266 273 283 295 326 360 347 353 321 284 274 292 328 377 416 434 399 363 314 273 232 203 182 176 169 164 162 158 156 151 146 154 173 183 202 222 243 264 279 296 304 298 295 304 352 424 447 426 412 411
228 227 231 241 249 247 251 256 252 249 248 247 250 249 239 236 236 232 216 199 182 171 167 171 195 223 232 232 227 234 255 309 383 439 446 428 421 405 376 354 360 381 390 391 369 332 304 287 278 270 265 262 265 268 276 285 276 284 287 268 275 303 352 413 449 453 431 386 341 305 266 229 193 177 170 165 165 163 155 150 142 148 170 181 185 199 222 240 253 271 279 281 282 309 349 430 458 439 425 410
227 227 228 233 238 242 243 237 239 241 240 241 245 241 234 226 220 213 199 183 170 165 173 197 220 235 247 256 263 284 318 367 421 460 480 484 469 440 405 381 384 410 428 422 394 357 326 302 285 275 270 265 258 256 259 258 255 255 257 263 281 320 375 425 453 462 452 417 371 326 296 259 221 185 171 166 169 171 165 156 144 144 166 186 185 184 201 217 231 251 260 267 276 305 354 426 442 435 433 421
228 227 227 228 230 231 229 229 231 233 235 237 238 236 230 216 201 193 187 174 165 165 181 192 213 250 277 301 344 384 370 389 421 460 499 521 512 473 441 419 427 442 456 445 416 383 352 322 303 291 280 273 268 260 251 248 249 251 254 268 295 332 369 409 441 455 457 438 399 360 324 283 240 200 174 168 171 180 182 168 151 141 158 186 199 191 183 199 214 232 245 261 274 289 320 375 396 411 422 410
244 239 235 234 231 228 227 228 226 225 231 235 234 231 219 206 195 184 175 168 160 166 177 194 227 271 300 324 384 427 402 395 417 445 493 539 543 520 472 462 479 487 493 475 445 413 377 340 322 312 299 289 280 270 260 252 248 247 250 272 301 314 335 366 396 419 416 410 401 379 348 309 268 219 181 171 173 189 193 184 164 153 146 176 200 205 184 182 199 218 236 257 268 279 302 328 342 364 382 380
268 256 250 247 235 227 224 223 221 222 230 231 225 217 206 197 193 188 177 164 157 165 190 221 252 279 308 374 426 426 418 411 415 435 487 536 571 559 516 497 519 547 553 524 482 443 395 350 333 326 315 303 292 280 268 261 255 248 244 259 269 268 294 316 343 351 341 342 344 347 349 333 293 250 194 169 173 190 199 197 178 153 141 162 189 202 186 173 187 203 227 252 261 263 288 323 328 338 349 366
272 259 254 245 232 226 222 219 217 226 237 232 220 208 193 187 189 188 175 158 158 178 209 245 271 299 337 416 460 437 428 427 417 432 468 520 576 572 539 516 545 579 584 561 516 464 411 349 328 328 319 309 297 285 272 263 259 252 251 245 243 245 259 269 279 284 285 284 282 287 296 308 302 270 223 173 166 185 195 202 190 148 140 151 169 187 177 169 180 198 221 247 256 248 268 304 324 336 373 398
259 255 250 237 226 225 224 217 217 227 234 230 217 202 187 182 177 174 162 149 162 197 235 265 294 331 370 439 484 465 452 451 442 432 446 499 558 558 525 533 546 551 551 542 514 460 393 334 317 308 307 306 299 286 275 265 257 258 253 246 242 241 243 248 255 262 258 248 244 248 251 257 263 245 223 181 159 175 186 191 193 151 138 146 156 168 166 169 181 193 213 244 255 245 253 283 313 354 394 429
250 243 234 223 221 224 224 217 213 215 220 224 215 202 194 194 178 163 145 150 174 222 256 284 310 341 384 446 487 502 527 538 491 456 445 487 538 521 499 537 552 544 505 497 476 395 348 328 307 290 289 295 295 283 272 263 262 265 258 248 244 241 243 256 263 253 237 229 225 228 227 221 219 215 196 174 149 159 174 179 180 155 139 143 148 155 162 168 181 191 209 240 258 243 244 276 305 353 395 420
245 230 218 220 215 222 225 222 217 209 208 213 214 203 197 192 173 146 144 160 195 246 277 301 326 356 394 440 490 537 550 568 555 474 450 457 473 470 498 544 560 552 484 427 415 378 355 332 307 289 282 281 283 278 272 274 273 273 269 259 252 249 244 256 266 246 225 219 212 207 208 202 193 181 170 158 143 142 158 172 164 143 135 140 143 145 150 166 186 196 204 236 252 242 239 272 284 313 376 391
233 218 201 203 207 220 227 231 230 216 204 205 213 215 195 171 147 141 148 169 224 276 293 314 348 383 403 438 499 546 541 525 496 449 437 442 445 456 492 543 568 562 482 382 372 368 355 335 311 291 281 283 286 284 288 286 284 283 278 271 266 267 264 247 240 234 227 219 214 208 201 200 194 183 167 153 139 135 138 162 164 140 134 136 142 143 147 167 197 209 201 227 237 235 229 263 281 287 352 384
212 201 197 197 203 219 234 236 232 223 209 201 212 215 183 147 140 141 153 200 262 304 303 333 374 409 423 451 511 557 533 499 459 435 433 442 460 484 505 539 570 575 428 337 346 355 346 329 306 288 285 295 300 297 297 290 292 296 294 294 288 286 276 258 253 257 248 244 244 237 233 225 218 212 203 180 157 142 138 137 152 143 135 134 137 140 156 167 191 213 204 208 220 228 221 242 268 268 306 338
194 199 202 203 206 219 231 235 231 226 216 206 197 196 166 140 140 143 174 246 300 319 321 355 392 428 451 470 500 531 521 481 444 438 436 447 476 534 543 554 576 527 366 332 332 340 327 309 295 286 291 303 307 306 304 295 300 313 320 324 315 303 283 265 264 270 264 269 271 280 282 278 274 267 256 224 179 155 140 135 137 137 136 134 134 137 161 172 181 206 210 198 214 216 215 223 241 251 270 292
208 212 215 217 212 212 228 234 232 227 220 211 185 172 143 139 139 152 219 273 310 329 353 372 401 433 463 479 483 482 453 433 433 433 444 455 496 553 579 584 577 422 355 361 349 325 305 293 288 286 295 307 313 321 319 310 315 340 349 346 331 305 270 257 260 268 275 289 306 321 326 336 337 316 293 261 209 183 152 137 134 135 134 134 134 134 146 169 173 193 212 197 209 212 213 218 229 234 243 260
245 237 228 225 221 215 219 227 233 228 219 196 170 146 139 139 141 174 256 292 305 346 367 361 376 407 431 438 437 423 419 423 430 432 457 465 513 567 595 610 521 392 394 393 343 303 291 288 289 289 298 310 318 335 339 322 312 340 353 343 309 285 255 253 263 273 286 310 339 353 361 364 365 359 315 282 244 216 183 149 136 134 134 134 134 134 136 150 166 174 202 192 202 210 209 214 224 231 227 248
258 253 249 240 237 231 218 218 216 211 194 164 148 139 139 139 148 215 279 300 314 345 356 347 343 361 371 383 395 402 406 421 418 430 446 471 533 577 595 590 460 395 410 376 322 294 292 297 301 298 300 309 319 336 340 322 298 300 308 299 283 257 246 254 267 284 305 337 368 384 379 358 356 359 334 290 261 244 209 180 152 135 134 134 134 134 135 138 157 167 184 187 199 209 207 213 219 225 215 228
236 233 248 256 261 259 253 228 217 198 180 151 148 139 139 140 163 228 284 299 320 340 338 339 331 330 332 349 372 384 392 398 392 411 423 438 480 544 572 515 434 394 375 335 303 295 303 319 317 311 311 316 323 333 337 323 295 272 269 269 264 245 243 253 279 307 330 355 375 387 385 366 350 350 339 298 282 262 232 214 184 153 134 134 134 134 134 136 151 161 170 186 187 205 206 213 217 218 209 209
210 222 235 248 257 275 278 265 233 196 174 146 142 139 139 145 169 208 269 285 314 334 329 325 317 314 309 308 332 351 366 369 363 385 404 423 440 451 461 444 420 380 337 312 308 319 329 338 336 333 334 334 336 336 327 307 286 270 267 258 250 243 241 246 283 331 347 366 384 380 374 371 351 340 328 302 288 281 265 246 215 190 155 136 135 134 134 134 138 145 154 172 182 195 209 212 217 214 206 203
185 215 225 233 253 248 267 270 232 183 170 139 139 139 140 156 172 203 266 283 307 329 322 312 303 295 282 266 283 312 337 327 360 395 409 420 441 448 431 404 395 366 341 337 346 356 357 360 364 372 377 365 352 346 324 300 291 283 278 270 267 258 244 243 274 322 356 370 394 389 376 370 353 334 320 306 302 317 296 270 253 225 195 156 138 136 135 134 134 135 143 161 176 197 207 212 215 214 207 206
153 212 226 227 220 216 226 230 181 159 149 141 139 139 141 159 184 214 251 266 297 329 308 291 278 268 260 258 264 269 275 307 368 406 412 413 418 414 414 407 392 383 392 393 399 400 396 396 402 418 432 405 367 348 331 314 307 308 305 300 298 286 262 240 264 310 342 368 385 400 395 388 364 335 318 308 316 342 330 293 265 240 223 194 161 151 140 134 134 134 135 156 173 193 207 212 211 213 211 216
136 211 222 228 212 186 152 151 147 152 143 142 139 139 153 173 198 238 255 270 279 282 271 264 258 255 256 259 263 268 272 278 302 337 334 331 331 357 409 425 413 419 443 452 453 452 445 446 451 458 456 424 394 376 368 345 329 334 339 337 332 307 265 241 251 282 307 335 362 396 409 396 374 342 318 311 325 356 355 312 269 235 218 213 201 172 159 136 134 134 134 149 170 186 199 206 208 209 217 220
143 170 153 166 150 135 134 135 139 143 140 140 141 152 179 201 218 237 258 288 290 282 273 264 258 254 256 261 272 279 287 297 301 303 308 311 319 357 393 429 423 419 414 412 437 473 483 486 465 453 443 430 424 423 408 375 353 359 370 360 340 297 244 241 242 255 272 291 330 383 406 396 375 344 323 313 329 365 372 342 305 258 227 202 199 178 153 137 135 134 134 141 167 176 187 194 202 211 218 220
134 134 134 134 134 134 134 134 134 136 139 142 141 168 209 223 230 239 248 277 292 279 273 264 258 254 257 264 274 285 301 318 326 329 332 341 350 376 412 444 460 440 413 393 408 450 489 500 478 440 416 409 408 417 409 387 374 385 381 366 327 269 239 240 240 243 253 261 299 357 389 394 374 349 330 318 327 352 380 378 338 292 255 218 201 189 166 140 136 135 134 136 160 176 184 188 197 209 216 214
134 134 134 134 134 134 134 134 134 134 135 136 137 189 221 226 241 255 251 251 283 272 262 255 252 248 259 266 273 289 318 349 362 370 378 386 401 421 459 501 502 473 430 397 386 400 435 480 479 445 410 383 375 374 374 381 396 394 372 345 304 247 235 238 240 238 239 240 270 303 340 372 377 349 345 338 328 336 372 401 376 323 279 238 221 220 197 149 137 135 134 134 153 176 189 196 196 209 212 208
134 134 134 134 134 134 134 134 134 134 134 134 140 192 209 209 240 249 248 249 254 256 249 243 237 244 259 271 279 293 325 373 391 407 416 437 471 492 517 544 534 500 466 411 378 371 384 409 423 407 391 374 368 368 371 388 399 382 352 321 282 239 231 236 239 234 230 232 254 273 289 312 333 340 352 366 331 331 362 383 398 363 313 262 231 228 173 137 135 135 134 134 151 179 201 197 195 201 205 202
134 134 134 134 134 134 134 134 134 134 134 134 135 162 173 188 213 217 233 249 241 239 236 228 228 241 261 283 295 304 320 354 384 417 458 490 516 533 545 554 539 512 484 427 384 362 356 348 338 340 356 372 372 368 369 397 406 372 345 307 268 234 229 230 236 233 230 228 241 252 261 268 283 300 315 337 321 325 350 353 363 354 323 275 223 183 143 134 134 134 134 134 145 171 201 193 184 186 192 197
134 134 134 134 134 134 134 134 134 134 134 134 134 135 155 184 197 201 212 230 239 234 227 224 230 246 269 287 304 317 333 350 384 419 474 510 518 533 531 525 511 493 468 421 381 360 339 320 314 324 363 381 378 369 378 417 418 377 331 295 257 230 225 225 231 232 227 225 229 238 248 253 262 277 279 288 290 284 295 292 282 288 254 221 166 135 134 134 134 136 138 140 149 168 187 191 177 174 181 190
134 134 134 134 134 134 134 134 134 134 134 134 134 134 146 173 188 190 197 221 236 226 223 222 233 252 270 285 303 320 336 354 398 444 476 495 501 514 502 479 484 479 452 408 374 358 346 321 315 341 380 387 369 365 382 439 445 378 330 295 256 227 225 225 228 233 224 216 218 230 240 247 257 268 268 269 268 243 238 244 251 226 171 143 135 135 135 137 149 152 149 149 156 174 187 187 177 168 172 186
134 134 134 134 134 134 134 134 134 134 134 134 134 134 134 141 189 202 199 211 219 215 217 223 238 253 266 278 298 315 332 362 419 456 461 463 460 463 474 452 445 457 439 394 350 336 334 324 322 333 358 351 338 356 381 464 471 391 331 299 252 227 225 228 229 231 226 213 212 225 242 241 246 256 258 265 263 247 228 221 226 192 137 134 134 135 137 151 165 155 149 160 176 181 188 186 183 168 169 179
134 134 134 134 134 134 134 134 134 134 134 134 134 134 134 134 165 207 217 222 225 223 226 235 243 254 264 275 292 306 332 379 432 449 432 423 413 404 411 416 405 407 401 342 322 319 322 323 313 312 318 325 331 354 387 482 499 438 364 338 276 229 226 229 231 226 223 213 210 218 236 234 235 248 252 260 265 258 244 222 199 158 134 134 134 135 144 157 163 156 147 162 184 183 180 173 177 167 167 173
134 134 134 134 134 134 134 134 134 134 134 134 134 134 134 135 205 235 246 259 262 253 247 249 257 268 286 293 294 303 329 374 416 425 405 388 377 365 362 360 350 335 334 322 320 325 320 316 311 305 295 300 338 368 398 498 531 475 394 358 307 240 226 227 230 229 224 216 211 214 223 232 238 250 255 263 260 253 246 231 193 144 134 134 134 141 156 163 164 163 147 148 179 184 178 163 181 170 167 168
134 134 134 134 134 134 134 134 134 134 134 134 134 134 134 134 208 262 289 306 307 282 262 256 261 274 308 312 308 313 331 363 388 390 378 358 346 333 330 320 313 308 305 311 325 329 322 312 310 306 285 281 324 367 408 524 556 517 420 373 324 255 228 227 234 234 233 227 214 210 227 237 245 252 258 257 252 245 234 216 167 135 134 134 138 174 175 173 172 163 148 149 165 186 174 159 170 176 179 176
134 134 134 134 134 134 134 134 134 134 134 134 134 134 134 134 142 223 277 299 302 287 265 256 259 271 292 316 319 321 331 353 371 366 348 332 316 309 312 309 303 297 296 307 329 337 325 311 300 294 269 269 300 352 409 528 584 546 466 402 348 273 232 231 234 230 231 227 213 210 218 231 243 244 250 252 249 241 228 196 138 134 134 134 147 168 173 179 178 170 152 147 148 173 172 151 171 179 181 181
134 134 134 134 134 134 134 134 134 134 134 134 134 134 134 134 134 156 232 268 280 270 259 256 257 267 274 304 330 339 356 369 371 347 322 307 298 295 297 300 300 297 292 299 314 330 329 315 295 274 264 264 292 342 409 507 573 550 464 409 365 287 235 234 236 230 221 218 215 220 214 220 238 234 233 241 238 231 219 194 147 134 134 136 138 149 162 179 178 178 171 155 149 151 159 148 167 177 178 179
134 134 134 134 134 134 134 134 134 134 134 134 134 134 134 134 134 134 140 210 272 269 261 263 265 268 270 287 315 325 334 347 356 327 300 290 287 289 291 295 295 293 285 289 296 309 323 318 297 265 259 263 292 331 380 453 493 491 394 336 311 263 231 229 232 227 218 214 216 219 219 204 218 225 220 212 204 192 201 189 146 134 134 136 137 139 155 179 179 184 179 169 158 162 154 148 159 175 181 187
134 134 134 134 134 134 134 134 134 134 134 134 134 134 134 134 134 134 134 182 280 287 286 284 285 283 282 282 282 287 290 291 288 284 281 283 287 293 294 293 291 287 281 283 290 285 289 291 276 256 254 269 292 313 332 363 386 400 360 308 270 245 228 224 225 221 215 212 211 209 199 187 190 187 182 165 154 152 177 191 156 134 134 135 136 138 154 171 184 187 183 174 169 168 149 146 164 175 182 187
134 134 134 134 134 134 134 134 134 134 134 134 134 134 134 134 134 134 134 169 289 313 311 309 304 298 293 287 276 276 290 299 292 286 285 290 299 310 304 294 290 282 276 271 268 257 257 255 250 249 259 268 283 297 301 303 307 309 309 288 265 241 231 223 220 218 216 213 206 200 199 199 192 184 177 168 166 157 147 166 165 136 134 134 135 137 144 161 187 189 180 172 171 171 154 146 166 175 184 185
134 134 134 134 134 134 134 134 134 134 134 134 134 134 134 134 134 134 134 192 294 315 316 315 310 294 284 282 274 279 292 305 318 317 313 318 324 324 310 296 291 283 273 263 252 240 239 238 242 252 262 273 283 288 288 286 280 269 269 258 247 234 227 224 223 221 226 228 215 207 219 225 220 212 211 215 202 189 179 149 137 135 134 134 134 135 136 152 177 192 186 183 171 173 164 147 161 168 179 179
134 134 134 134 134 134 134 134 134 134 134 134 134 134 134 134 134 134 140 181 246 292 292 295 285 272 268 263 259 268 288 311 330 345 346 348 348 336 314 298 290 282 271 258 252 244 234 236 245 258 272 289 303 309 303 299 290 275 261 252 240 232 228 226 226 228 234 238 225 217 224 229 232 245 255 255 230 189 176 173 141 134 134 134 134 134 134 148 172 184 181 180 175 180 163 148 156 159 164 170
134 134 134 134 134 134 134 134 134 134 134 134 134 134 134 134 134 134 134 134 166 271 268 263 254 251 248 246 244 251 276 308 345 373 379 382 370 346 319 299 286 275 267 257 252 246 233 239 253 267 290 313 335 341 329 316 307 288 271 257 244 237 230 227 228 234 237 233 229 227 229 234 250 275 282 274 254 204 178 172 148 134 134 134 134 134 134 140 158 167 160 168 172 163 147 141 148 150 146 147
134 134 134 134 134 134 134 134 134 134 134 134 134 134 134 134 134 134 134 134 167 227 246 245 239 232 233 232 236 253 278 308 354 394 394 401 386 355 325 311 291 272 260 253 248 242 231 239 258 284 319 347 372 381 363 334 317 297 279 265 251 241 231 227 232 237 237 231 232 237 243 248 262 284 291 269 263 224 191 174 148 134 134 134 134 134 134 137 135 135 135 140 140 136 134 136 145 144 145 142
134 134 134 134 134 134 134 134 134 134 134 134 134 134 134 134 134 134 134 134 134 138 174 208 216 218 218 228 253 273 294 322 363 387 383 386 374 348 325 323 297 276 263 256 247 236 230 246 268 295 340 379 406 417 400 357 322 300 281 269 258 247 234 231 235 234 234 233 238 246 258 262 270 282 291 278 258 231 208 172 146 134 134 134 134 134 134 134 134 134 134 134 134 134 134 135 147 152 150 145
134 134 134 134 134 134 134 134 134 134 134 134 134 134 134 134 134 134 134 134 134 134 134 143 182 190 215 246 273 292 305 331 371 380 374 368 353 332 307 296 288 278 267 260 248 233 232 252 273 296 320 378 418 427 410 371 328 302 279 267 261 253 246 232 228 228 228 236 251 257 268 279 278 280 291 278 247 226 209 185 142 134 134 134 134 134 134 134 134 134 134 134 134 134 134 134 143 151 148 149
134 134 134 134 134 134 134 134 134 134 134 134 134 134 134 134 134 134 134 134 134 134 134 148 163 212 250 274 301 315 325 344 370 382 376 365 347 320 297 281 279 275 269 264 254 234 233 253 272 292 310 347 401 408 393 362 329 300 279 269 265 263 254 233 221 221 226 244 261 266 272 286 291 294 294 282 259 243 226 202 162 134 134 134 134 134 134 134 134 134 134 134 134 134 134 135 142 149 154 150
134 134 134 134 134 134 134 134 134 134 134 134 134 134 134 134 134 134 134 134 134 134 190 247 255 255 271 296 329 345 357 365 380 391 388 372 348 322 298 282 273 270 267 265 255 235 231 252 266 287 313 332 362 359 349 337 317 293 278 270 267 265 257 236 221 225 231 252 269 282 281 280 288 303 302 297 285 267 250 222 173 134 134 134 134 134 134 134 134 134 134 134 134 134 134 144 153 165 161 153
134 134 134 134 134 134 134 134 134 134 134 134 134 134 134 134 134 134 134 134 134 134 148 251 285 296 306 310 330 354 376 393 406 414 408 377 346 333 305 281 273 268 261 260 253 233 228 249 260 277 301 323 328 329 327 323 306 289 282 278 279 280 272 250 223 245 248 264 286 292 287 289 299 311 334 320 302 281 275 251 197 141 134 134 134 134 134 134 134 134 134 134 134 134 134 147 153 158 177 144
134 134 134 134 134 134 134 134 134 134 134 134 134 134 134 134 134 134 134 134 134 134 134 154 266 308 347 332 332 342 368 402 424 427 410 365 321 312 293 275 268 265 258 252 244 229 223 246 262 273 288 302 304 306 310 311 302 296 295 297 306 306 290 263 234 241 271 264 279 295 278 275 284 314 340 332 303 296 280 254 192 147 134 134 134 134 134 134 134 134 134 134 134 135 138 153 156 135 136 134
134 134 134 134 134 134 134 134 134 134 134 134 134 134 134 134 134 134 134 134 134 134 134 199 267 305 338 339 327 336 352 381 410 408 364 318 309 293 286 277 268 263 258 247 232 216 221 250 267 272 280 286 286 287 296 301 306 312 312 318 329 333 321 291 258 224 258 267 256 270 258 247 261 277 296 296 297 285 266 223 157 135 134 134 134 134 134 134 134 134 134 134 134 137 150 156 148 134 134 134
134 134 134 134 134 134 134 134 134 134 134 134 134 134 134 134 134 134 134 134 134 134 155 267 269 283 310 327 322 318 329 345 371 364 314 291 291 292 287 281 274 265 262 251 230 209 222 252 265 270 275 278 277 277 292 309 321 326 329 336 352 363 356 324 286 245 216 243 256 229 227 240 240 247 254 258 271 270 241 179 138 134 134 134 134 134 134 134 134 134 134 134 134 139 152 161 153 134 134 134
134 134 134 134 134 134 134 134 134 134 134 134 134 134 134 134 134 134 134 134 134 134 135 235 254 248 267 283 295 306 312 319 322 316 290 269 267 273 276 273 267 265 265 259 234 206 221 245 260 266 270 271 270 276 293 316 331 337 344 357 382 422 422 379 320 269 227 208 216 220 208 230 233 233 231 240 241 236 179 140 134 134 134 134 134 134 134 134 134 134 134 135 138 146 163 179 151 134 134 134
134 134 134 134 134 134 134 134 134 134 134 134 134 134 134 134 134 134 134 134 134 134 134 137 135 159 237 254 282 302 300 293 283 285 277 259 256 260 263 260 257 256 254 250 230 205 229 247 261 261 262 267 273 282 296 315 337 349 361 387 418 455 452 415 369 303 264 237 205 192 193 201 221 215 223 224 221 201 149 134 134 134 134 134 134 134 134 134 134 134 136 155 155 158 181 189 167 134 134 134
134 134 134 134 134 134 134 134 134 134 134 134 134 134 134 134 134 134 134 134 134 134 134 134 134 152 240 246 268 283 278 273 264 268 264 253 259 267 265 257 249 242 244 231 232 210 239 252 259 252 258 272 270 280 298 318 336 356 390 431 461 478 460 430 399 352 302 262 231 207 180 174 179 207 215 200 196 165 147 136 134 134 134 134 134 134 134 134 134 134 148 161 170 181 194 196 178 134 135 137
134 134 134 134 134 134 134 134 134 134 134 134 134 134 134 134 134 134 134 134 134 134 134 134 134 168 241 236 244 248 255 259 253 259 254 251 255 268 272 265 255 234 224 213 218 213 236 248 242 241 249 262 265 278 295 312 326 351 398 482 492 484 462 431 407 372 311 257 242 225 206 177 159 169 195 187 175 158 139 134 134 134 134 134 134 134 134 134 134 146 148 169 180 201 200 180 135 134 135 134
134 134 134 134 134 134 134 134 134 134 134 134 134 134 134 134 134 134 134 134 134 134 134 134 134 194 228 218 224 234 239 242 241 246 246 250 246 258 268 262 246 231 205 195 214 208 227 232 233 238 243 252 263 275 289 302 319 342 382 439 489 488 461 415 395 376 329 269 235 220 202 183 152 134 142 174 145 134 134 134 134 134 134 134 134 134 134 134 134 135 134 139 135 185 216 164 134 134 134 134
134 134 134 134 134 134 134 134 134 134 134 134 134 134 134 134 134 134 134 134 134 134 134 134 134 171 207 199 210 221 228 230 226 232 236 239 234 232 242 232 226 226 206 182 190 203 221 230 233 235 240 247 255 266 281 298 317 337 365 405 465 482 469 413 356 337 305 265 232 210 188 158 135 134 137 136 134 134 134 134 134 134 134 134 134 134 134 134 134 134 134 134 134 138 198 164 134 134 134 134
134 134 134 134 134 134 134 134 134 134 134 134 134 134 134 134 134 134 134 134 134 134 134 134 143 159 183 183 183 195 215 224 217 222 224 221 216 217 219 228 248 246 207 181 212 220 237 244 243 230 227 232 252 267 281 297 316 335 355 391 440 476 468 428 356 294 259 246 219 203 176 134 134 139 134 134 134 134 134 134 134 134 134 134 134 134 134 134 134 134 134 134 134 134 134 138 134 134 134 134
134 134 134 134 134 134 134 134 134 134 134 134 134 134 134 134 134 134 134 134 134 134 134 134 154 192 204 206 198 187 197 212 205 214 214 212 213 217 236 247 254 250 206 191 216 228 244 249 246 207 205 244 270 278 290 302 316 332 353 389 419 452 461 442 391 300 239 220 209 190 144 134 135 135 134 134 134 134 134 134 134 134 134 134 134 134 134 134 134 134 134 134 134 134 134 134 134 134 134 134
134 134 134 134 134 134 134 134 134 134 134 134 134 134 134 134 134 134 134 134 134 134 134 134 141 179 206 209 207 191 194 201 198 200 205 207 217 235 241 243 240 237 219 165 203 228 235 234 208 179 210 254 276 289 303 319 330 338 365 405 413 420 433 424 377 291 227 187 168 141 134 134 134 134 134 134 134 134 134 134 134 134 134 134 134 134 134 134 134 134 134 134 134 134 134 134 134 134 134 134
134 134 134 134 134 134 134 134 134 134 134 134 134 134 134 134 134 134 134 134 134 134 134 134 134 163 196 203 209 196 186 197 197 201 207 213 217 230 234 231 228 230 227 181 164 189 196 180 168 196 235 267 290 304 320 333 334 339 363 420 418 402 387 353 264 202 199 164 134 134 134 134 134 134 134 134 134 134 134 134 134 134 134 134 134 134 134 134 134 134 134 134 134 134 134 134 134 134 134 134
134 134 134 134 134 134 134 134 134 134 134 134 134 134 134 134 134 134 134 134 134 134 134 134 134 161 167 182 188 195 186 184 199 220 226 229 233 235 233 224 222 226 227 209 153 143 150 161 198 233 265 288 311 320 326 336 329 318 327 371 403 383 333 250 198 168 145 134 134 134 134 134 134 134 134 134 134 134 134 134 134 134 134 134 134 134 134 134 134 134 134 134 134 134 134 134 134 134 134 134
134 134 134 134 134 134 134 134 134 134 134 134 134 134 134 134 134 134 134 134 134 134 134 134 134 134 157 166 173 194 189 182 187 206 223 225 229 225 231 232 213 167 170 162 141 136 156 194 227 264 286 304 315 322 328 333 321 302 296 281 286 248 268 206 188 163 134 134 134 134 134 134 134 134 134 134 134 134 134 134 134 134 134 134 134 134 134 134 134 134 134 134 134 134 134 134 134 134 134 134
134 134 134 134 134 134 134 134 134 134 134 134 134 134 134 134 134 134 134 134 134 134 134 134 134 145 196 202 198 217 214 207 196 189 215 224 223 224 224 233 223 151 134 134 134 135 183 219 250 273 305 321 315 282 294 327 259 231 162 135 134 134 171 177 170 140 134 134 134 134 134 134 134 134 134 134 134 134 134 134 134 134 134 134 134 134 134 134 134 134 134 134 134 134 134 134 134 134 134 134
134 134 134 134 134 134 134 134 134 134 134 134 134 134 134 134 134 134 134 134 134 134 134 134 134 158 212 228 228 223 231 230 227 193 190 215 213 222 222 211 189 139 134 134 134 134 135 193 256 279 277 251 203 141 134 134 134 134 134 134 134 134 134 134 134 134 134 134 134 134 134 134 134 134 134 134 134 134 134 134 134 134 134 134 134 134 134 134 134 134 134 134 134 134 134 134 134 134 134 134
134 134 134 134 134 134 134 134 134 134 134 134 134 134 134 134 134 134 134 134 134 134 134 134 134 164 219 233 237 235 240 243 239 224 192 171 176 195 168 140 134 134 134 134 134 134 134 173 241 198 144 135 134 134 134 134 134 134 134 134 134 134 134 134 134 134 140 134 134 134 134 134 134 134 134 134 134 134 134 134 134 134 134 134 134 134 134 134 134 134 134 134 134 134 134 134 134 134 134 134
134 134 134 134 134 134 134 134 134 134 134 134 134 134 134 134 134 134 134 134 134 134 134 134 135 187 218 229 236 247 246 248 237 214 199 186 137 135 134 134 134 134 134 134 134 134 134 134 134 134 134 134 134 134 134 134 134 134 134 134 134 134 134 134 134 134 134 134 134 134 134 134 134 134 134 134 134 134 134 134 134 134 134 134 134 134 134 134 134 134 134 134 134 134 134 134 134 134 134 134
134 134 134 134 134 134 134 134 134 134 134 134 134 134 134 134 134 134 134 134 134 134 134 134 134 171 219 217 245 274 281 252 233 206 183 147 134 134 134 134 134 134 134 134 134 134 134 134 134 134 134 134 134 134 134 134 134 134 134 134 134 134 134 134 134 134 134 134 134 134 134 134 134 134 134 134 134 134 134 134 134 134 134 134 134 134 134 134 134 134 134 134 134 134 134 134 134 134 134 134
134 134 134 134 134 134 134 134 134 134 134 134 134 134 134 134 134 134 134 134 134 134 134 134 134 140 205 219 248 272 293 271 233 173 150 136 134 134 134 134 134 134 134 134 134 134 134 134 134 134 134 134 134 134 134 134 134 134 134 134 134 134 134 134 134 134 134 134 134 134 134 134 134 134 134 134 134 134 134 134 134 134 134 134 134 134 134 134 134 134 134 134 134 134 134 134 134 134 134 134
134 134 134 134 134 134 134 134 134 134 134 134 134 134 134 134 134 134 134 134 134 134 134 134 134 134 157 218 241 255 277 279 164 142 134 134 134 134 134 134 134 134 134 134 134 134 134 134 134 134 134 134 134 134 134 134 134 134 134 134 134 134 134 134 134 134 134 134 134 134 134 134 134 134 134 134 134 134 134 134 134 134 134 134 134 134 134 134 134 134 134 134 134 134 134 134 134 134 134 134
134 134 134 134 134 134 134 134 134 134 134 134 134 134 134 134 134 134 134 134 134 134 134 134 134 134 137 212 236 244 267 220 134 134 134 134 134 134 134 134 134 134 134 134 134 134 134 134 134 134 134 134 134 134 134 134 134 134 134 134 134 134 134 134 134 134 134 134 134 134 134 134 134 134 134 134 134 134 134 134 134 134 134 134 134 134 134 134 134 134 134 134 134 134 134 134 134 134 134 134
134 134 134 134 134 134 134 134 134 134 134 134 134 134 134 134 134 134 134 134 134 134 134 134 134 134 134 169 176 228 186 145 134 134 134 134 134 134 134 134 134 134 134 134 134 134 134 134 134 134 134 134 134 134 134 134 134 134 134 134 134 134 134 134 134 134 134 134 134 134 134 134 134 134 134 134 134 134 134 134 134 134 134 134 134 134 134 134 134 134 134 134 134 134 134 134 134 134 134 134
134 134 134 134 134 134 134 134 134 134 134 134 134 134 134 134 134 134 134 134 134 134 134 134 134 134 134 134 144 136 134 134 134 134 134 134 134 134 134 134 134 134 134 134 134 134 134 134 134 134 134 134 134 134 134 134 134 134 134 134 134 134 134 134 134 134 134 134 134 134 134 134 134 134 134 134 134 134 134 134 134 134 134 134 134 134 134 134 134 134 134 134 134 134 134 134 134 134 134 134
134 134 134 134 134 134 134 134 134 134 134 134 134 134 134 134 134 134 134 134 134 134 134 134 134 134 134 134 134 134 134 134 134 134 134 134 134 134 134 134 134 134 134 134 134 134 134 134 134 134 134 134 134 134 134 134 134 134 134 134 134 134 134 134 134 134 134 134 134 134 134 134 134 134 134 134 134 134 134 134 134 134 134 134 134 134 134 134 134 134 134 134 134 134 134 134 134 134 134 134
134 134 134 134 134 134 134 134 134 134 134 134 134 134 134 134 134 134 134 134 134 134 134 134 134 134 134 134 134 134 134 134 134 134 134 134 134 134 134 134 134 134 134 134 134 134 134 134 134 134 134 134 134 134 134 134 134 134 134 134 134 134 134 134 134 134 134 134 134 134 134 134 134 134 134 134 134 134 134 134 134 134 134 134 134 134 134 134 134 134 134 134 134 134 134 134 134 134 134 134
134 134 134 134 134 134 134 134 134 134 134 134 134 134 134 134 134 134 134 134 134 134 134 134 134 134 134 134 134 134 134 134 134 134 134 134 134 134 134 134 134 134 134 134 134 134 134 134 134 134 134 134 134 134 134 134 134 134 134 134 134 134 134 134 134 134 134 134 134 134 134 134 134 134 134 134 134 134 134 134 134 134 134 134 134 134 134 134 134 134 134 134 134 134 134 134 134 134 134 134
134 134 134 134 134 134 134 134 134 134 134 134 134 134 134 134 134 134 134 134 134 134 134 134 134 134 134 134 134 134 134 134 134 134 134 134 134 134 134 134 134 134 134 134 134 134 134 134 134 134 134 134 134 134 134 134 134 134 134 134 134 134 134 134 134 134 134 134 134 134 134 134 134 134 134 134 134 134 134 134 134 134 134 134 134 134 134 134 134 134 134 134 134 134 134 134 134 134 134 134
134 134 134 134 134 134 134 134 134 134 134 134 134 134 134 134 134 134 134 134 134 134 134 134 134 134 134 134 134 134 134 134 134 134 134 134 134 134 134 134 134 134 134 134 134 134 134 134 134 134 134 134 134 134 134 134 134 134 134 134 134 134 134 134 134 134 134 134 134 134 134 134 134 134 134 134 134 134 134 134 134 134 134 134 134 134 134 134 134 134 134 134 134 134 134 134 134 134 134 134
134 134 134 134 134 134 134 134 134 134 134 134 134 134 134 134 134 134 134 134 134 134 134 134 134 134 134 134 134 134 134 134 134 134 134 134 134 134 134 134 134 134 134 134 134 134 134 134 134 134 134 134 134 134 134 134 134 134 134 134 134 134 134 134 134 134 134 134 134 134 134 134 134 134 134 134 134 134 134 134 134 134 134 134 134 134 134 134 134 134 134 134 134 134 134 134 134 134 134 134
134 134 134 134 134 134 134 134 134 134 134 134 134 134 134 134 134 134 134 134 134 134 134 134 134 134 134 134 134 134 134 134 134 134 134 134 134 134 134 134 134 134 134 134 134 134 134 134 134 134 134 134 134 134 134 134 134 134 134 134 134 134 134 134 134 134 134 134 134 134 134 134 134 134 134 134 134 134 134 134 134 134 134 134 134 134 134 134 134 134 134 134 134 134 134 134 134 134 134 134
134 134 134 134 134 134 134 134 134 134 134 134 134 134 134 134 134 134 134 134 134 134 134 134 134 134 134 134 134 134 134 134 134 134 134 134 134 134 134 134 134 134 134 134 134 134 134 134 134 134 134 134 134 134 134 134 134 134 134 134 134 134 134 134 134 134 134 134 134 134 134 134 134 134 134 134 134 134 134 134 134 134 134 134 134 134 134 134 134 134 134 134 134 134 134 134 134 134 134 134
134 134 134 134 134 134 134 134 134 134 134 134 134 134 134 134 134 134 134 134 134 134 134 134 134 134 134 134 134 134 134 134 134 134 134 134 134 134 134 134 134 134 134 134 134 134 134 134 134 134 134 134 134 134 134 134 134 134 134 134 134 134 134 134 134 134 134 134 134 134 134 134 134 134 134 134 134 134 134 134 134 134 134 134 134 134 134 134 134 134 134 134 134 134 134 134 134 134 134 134
134 134 134 134 134 134 134 134 134 134 134 134 134 134 134 134 134 134 134 134 134 134 134 134 134 134 134 134 134 134 134 134 134 134 134 134 134 134 134 134 134 134 134 134 134 134 134 134 134 134 134 134 134 134 134 134 134 134 134 134 134 134 134 134 134 134 134 134 134 134 134 134 134 134 134 134 134 134 134 134 134 134 134 134 134 134 134 134 134 134 134 134 134 134 134 134 134 134 134 134
134 134 134 134 134 134 134 134 134 134 134 134 134 134 134 134 134 134 134 134 134 134 134 134 134 134 134 134 134 134 134 134 134 134 134 134 134 134 134 134 134 134 134 134 134 134 134 134 134 134 134 134 134 134 134 134 134 134 134 134 134 134 134 134 134 134 134 134 134 134 134 134 134 134 134 134 134 134 134 134 134 134 134 134 134 134 134 134 134 134 134 134 134 134 134 134 134 134 134 134
134 134 134 134 134 134 134 134 134 134 134 134 134 134 134 134 134 134 134 134 134 134 134 134 134 134 134 134 134 134 134 134 134 134 134 134 134 134 134 134 134 134 134 134 134 134 134 134 134 134 134 134 134 134 134 134 134 134 134 134 134 134 134 134 134 134 134 134 134 134 134 134 134 134 134 134 134 134 134 134 134 134 134 134 134 134 134 134 134 134 134 134 134 134 134 134 134 134 134 134
134 134 134 134 134 134 134 134 134 134 134 134 134 134 134 134 134 134 134 134 134 134 134 134 134 134 134 134 134 134 134 134 134 134 134 134 134 134 134 134 134 134 134 134 134 134 134 134 134 134 134 134 134 134 134 134 134 134 134 134 134 134 134 134 134 134 134 134 134 134 134 134 134 134 134 134 134 134 134 134 134 134 134 134 134 134 134 134 134 134 134 134 134 134 134 134 134 134 134 134
134 134 134 134 134 134 134 134 134 134 134 134 134 134 134 134 134 134 134 134 134 134 134 134 134 134 134 134 134 134 134 134 134 134 134 134 134 134 134 134 134 134 134 134 134 134 134 134 134 134 134 134 134 134 134 134 134 134 134 134 134 134 134 134 134 134 134 134 134 134 134 134 134 134 134 134 134 134 134 134 134 134 134 134 134 134 134 134 134 134 134 134 134 134 134 134 134 134 134 134
134 134 134 134 134 134 134 134 134 134 134 134 134 134 134 134 134 134 134 134 134 134 134 134 134 134 134 134 134 134 134 134 134 134 134 134 134 134 134 134 134 134 134 134 134 134 134 134 134 134 134 134 134 134 134 134 134 134 134 134 134 134 134 134 134 134 134 134 134 134 134 134 134 134 134 134 134 134 134 134 134 134 134 134 134 134 134 134 134 134 134 134 134 134 134 134 134 134 134 134
134 134 134 134 134 134 134 134 134 134 134 134 134 134 134 134 134 134 134 134 134 134 134 134 134 134 134 134 134 134 134 134 134 134 134 134 134 134 134 134 134 134 134 134 134 134 134 134 134 134 134 134 134 134 134 134 134 134 134 134 134 134 134 134 134 134 134 134 134 134 134 134 134 134 134 134 134 134 134 134 134 134 134 134 134 134 134 134 134 134 134 134 134 134 134 134 134 134 134 134
134 134 134 134 134 134 134 134 134 134 134 134 134 134 134 134 134 134 134 134 134 134 134 134 134 134 134 134 134 134 134 134 134 134 134 134 134 134 134 134 134 134 134 134 134 134 134 134 134 134 134 134 134 134 134 134 134 134 134 134 134 134 134 134 134 134 134 134 134 134 134 134 134 134 134 134 134 134 134 134 134 134 134 134 134 134 134 134 134 134 134 134 134 134 134 134 134 134 134 134
134 134 134 134 134 134 134 134 134 134 134 134 134 134 134 134 134 134 134 134 134 134 134 134 134 134 134 134 134 134 134 134 134 134 134 134 134 134 134 134 134 134 134 134 134 134 134 134 134 134 134 134 134 134 134 134 134 134 134 134 134 134 134 134 134 134 134 134 134 134 134 134 134 134 134 134 134 134 134 134 134 134 134 134 134 134 134 134 134 134 134 134 134 134 134 134 134 134 134 134
134 134 134 134 134 134 134 134 134 134 134 134 134 134 134 134 134 134 134 134 134 134 134 134 134 134 134 134 134 134 134 134 134 134 134 134 134 134 134 134 134 134 134 134 134 134 134 134 134 134 134 134 134 134 134 134 134 134 134 134 134 134 134 134 134 134 134 134 134 134 134 134 134 134 134 134 134 134 134 134 134 134 134 134 134 134 134 134 134 134 134 134 134 134 134 134 134 134 134 134
134 134 134 134 134 134 134 134 134 134 134 134 134 134 134 134 134 134 134 134 134 134 134 134 134 134 134 134 134 134 134 134 134 134 134 134 134 134 134 134 134 134 134 134 134 134 134 134 134 134 134 134 134 134 134 134 134 134 134 134 134 134 134 134 134 134 134 134 134 134 134 134 134 134 134 134 134 134 134 134 134 134 134 134 134 134 134 134 134 134 134 134 134 134 134 134 134 134 134 134
134 134 134 134 134 134 134 134 134 134 134 134 134 134 134 134 134 134 134 134 134 134 134 134 134 134 134 134 134 134 134 134 134 134 134 134 134 134 134 134 134 134 134 134 134 134 134 134 134 134 134 134 134 134 134 134 134 134 134 134 134 134 134 134 134 134 134 134 134 134 134 134 134 134 134 134 134 134 134 134 134 134 134 134 134 134 134 134 134 134 134 134 134 134 134 134 134 134 134 134
134 134 134 134 134 134 134 134 134 134 134 134 134 134 134 134 134 134 134 134 134 134 134 134 134 134 134 134 134 134 134 134 134 134 134 134 134 134 134 134 134 134 134 134 134 134 134 134 134 134 134 134 134 134 134 134 134 134 134 134 134 134 134 134 134 134 134 134 134 134 134 134 134 134 134 134 134 134 134 134 134 134 134 134 134 134 134 134 134 134 134 134 134 134 134 134 134 134 134 134
134 134 134 134 134 134 134 134 134 134 134 134 134 134 134 134 134 134 134 134 134 134 134 134 134 134 134 134 134 134 134 134 134 134 134 134 134 134 134 134 134 134 134 134 134 134 134 134 134 134 134 134 134 134 134 134 134 134 134 134 134 134 134 134 134 134 134 134 134 134 134 134 134 134 134 134 134 134 134 134 134 134 134 134 134 134 134 134 134 134 134 134 134 134 134 134 134 134 134 134
134 134 134 134 134 134 134 134 134 134 134 134 134 134 134 134 134 134 134 134 134 134 134 134 134 134 134 134 134 134 134 134 134 134 134 134 134 134 134 134 134 134 134 134 134 134 134 134 134 134 134 134 134 134 134 134 134 134 134 134 134 134 134 134 134 134 134 134 134 134 134 134 134 134 134 134 134 134 134 134 134 134 134 134 134 134 134 134 134 134 134 134 134 134 134 134 134 134 134 134
134 134 134 134 134 134 134 134 134 134 134 134 134 134 134 134 134 134 134 134 134 134 134 134 134 134 134 134 134 134 134 134 134 134 134 134 134 134 134 134 134 134 134 134 134 134 134 134 134 134 134 134 134 134 134 134 134 134 134 134 134 134 134 134 134 134 134 134 134 134 134 134 134 134 134 134 134 134 134 134 134 134 134 134 134 134 134 134 134 134 134 134 134 134 134 134 134 134 134 134
