# 100 100
595 584 574 570 563 558 554 555 557 560 561 562 544 512 492 461 452 466 478 496 519 546 575 586 583 579 580 581 579 578 581 582 587 596 616 635 649 653 663 667 656 648 661 679 663 646 635 649 664 679 686 684 672 665 663 664 661 662 662 641 627 624 625 620 610 605 602 599 598 606 625 640 651 646 643 651 666 664 658 668 675 661 606 608 611 617 633 659 654 629 622 614 605 609 591 570 591 584 574 580
662 602 578 557 550 545 533 529 531 533 538 542 542 530 502 466 441 435 438 455 471 502 554 587 595 585 584 578 570 566 562 564 571 587 606 633 658 672 676 665 639 632 632 647 651 641 629 644 655 659 668 668 659 649 642 643 650 653 654 650 640 632 629 625 621 618 615 610 607 606 620 641 650 652 653 655 668 663 660 664 667 657 625 624 636 639 641 649 656 631 624 618 615 637 608 574 575 568 574 578
734 641 586 551 531 523 517 501 501 506 508 509 512 516 509 478 446 422 418 424 439 463 507 564 599 608 601 584 572 564 558 552 552 564 589 617 653 683 692 691 655 603 597 614 625 622 623 646 654 659 664 666 650 639 636 638 639 646 650 648 650 643 633 626 626 626 629 626 621 613 616 636 656 660 660 662 668 667 658 652 661 671 651 637 654 672 664 670 640 630 628 631 623 641 606 582 576 576 597 619
712 660 601 559 527 516 519 498 482 476 479 480 474 478 480 472 458 432 413 411 415 432 461 514 566 595 593 573 552 547 549 552 542 540 558 589 629 667 669 656 625 595 572 588 602 603 617 644 662 670 672 675 666 641 637 636 639 647 658 664 650 649 638 630 630 633 637 638 631 619 617 630 651 667 670 671 672 671 667 646 647 655 650 662 670 684 685 695 670 628 615 621 619 631 609 596 583 587 605 632
605 610 593 555 523 503 502 493 476 461 452 453 450 444 444 441 440 435 420 407 404 406 423 454 497 534 551 560 530 520 519 532 544 538 532 554 588 632 652 613 587 560 546 571 580 598 612 634 664 682 686 683 674 657 643 636 638 645 653 680 686 658 643 636 630 632 637 641 641 631 622 628 642 661 681 694 690 683 667 650 646 646 648 665 676 683 690 703 679 639 619 627 628 632 620 612 602 606 602 617
554 551 526 522 502 488 484 470 468 463 449 449 450 455 463 456 449 438 430 424 410 400 401 415 436 463 486 509 509 496 489 498 520 535 523 521 549 577 599 588 560 534 517 537 561 587 603 624 650 685 700 689 672 660 649 637 639 652 657 668 688 672 646 642 637 634 633 632 632 631 624 633 642 663 684 707 706 696 693 662 647 646 646 650 667 671 671 686 664 631 628 647 665 669 652 625 615 617 609 623
534 521 492 479 474 465 466 467 478 491 499 500 506 507 515 512 507 498 489 469 448 425 406 397 405 416 432 446 456 456 453 464 480 501 513 501 517 539 552 548 535 519 504 511 540 565 586 608 631 665 680 677 679 657 650 640 637 645 658 661 667 669 649 645 644 638 632 629 624 622 622 630 645 662 688 718 714 711 710 679 656 646 646 647 663 659 646 654 643 628 627 652 696 704 673 647 636 631 627 637
490 485 479 468 461 459 465 488 510 541 566 590 609 592 587 587 563 551 529 519 505 474 445 413 394 396 403 413 422 429 430 441 458 466 472 484 495 518 531 534 523 507 493 495 510 540 566 587 608 639 661 651 655 646 641 636 633 633 650 660 655 650 647 641 650 646 641 635 625 622 622 626 646 660 685 723 744 735 724 712 691 654 646 646 650 658 647 647 640 635 626 646 703 728 682 657 643 633 644 648
510 485 477 469 462 466 497 520 544 563 579 597 644 643 632 627 598 570 548 548 550 531 509 472 435 402 391 392 394 402 405 416 432 438 445 455 478 504 520 529 528 511 485 487 499 515 542 568 585 602 627 629 624 628 625 619 617 612 625 652 658 642 637 635 648 655 648 639 628 623 622 622 637 657 674 715 741 741 728 744 730 665 646 646 646 656 668 679 653 645 632 644 686 729 682 645 637 639 663 647
491 495 486 469 462 467 503 526 542 548 545 557 593 593 583 588 566 558 548 550 551 543 532 514 492 466 452 429 407 389 381 380 391 406 417 432 459 482 502 518 520 512 484 480 488 497 518 544 563 579 586 591 593 622 638 622 595 591 597 620 647 643 628 626 636 658 659 649 636 626 622 622 625 648 651 686 717 714 720 767 763 692 659 654 648 660 689 697 669 651 646 649 687 721 679 641 640 659 679 671
516 506 468 435 430 448 487 512 528 531 533 542 572 601 592 588 573 559 549 546 547 542 540 540 541 531 524 492 463 434 417 393 371 375 387 409 444 464 482 499 505 502 476 470 483 493 501 520 540 559 565 569 571 578 591 593 590 576 578 586 604 622 619 617 630 652 666 660 649 636 628 623 622 630 642 642 668 687 710 761 789 730 706 678 663 665 683 702 688 674 657 660 708 734 689 644 647 675 696 684
477 487 471 424 410 429 461 503 523 530 524 533 547 562 582 595 596 575 559 549 544 546 559 569 575 563 541 534 517 492 453 416 376 367 374 391 419 441 460 478 488 487 457 450 474 482 491 503 516 533 547 558 563 564 566 561 559 562 563 569 574 587 599 604 623 644 663 668 660 648 635 628 623 623 633 639 647 661 688 727 767 742 753 705 680 677 671 696 692 680 663 682 699 711 702 664 662 698 714 705
427 437 430 410 396 410 439 473 496 518 533 565 573 563 558 565 573 568 563 550 547 557 570 581 597 606 577 552 523 501 473 442 395 367 370 391 412 428 443 448 460 452 429 440 460 472 484 493 502 511 528 542 555 563 559 554 544 534 543 558 569 577 580 583 599 630 658 672 670 663 650 639 635 633 633 632 645 657 665 696 721 705 735 723 708 725 694 670 656 654 638 661 702 676 666 659 671 691 709 710
396 404 400 386 382 381 398 425 451 479 496 534 569 563 565 573 576 547 528 532 535 556 551 557 586 600 591 573 540 509 487 452 396 359 361 378 403 421 429 437 437 418 407 424 445 456 471 485 492 498 506 521 535 544 549 543 534 527 523 534 552 567 576 576 578 605 643 671 682 673 665 655 647 646 648 630 639 653 666 682 691 674 697 722 704 725 718 666 650 646 636 645 662 651 632 635 637 650 655 673
382 384 377 364 359 368 381 398 417 432 454 473 502 520 545 571 577 538 503 487 498 518 525 529 549 564 573 568 547 515 491 460 408 360 346 356 380 406 414 419 418 398 386 408 423 438 458 471 484 492 496 505 518 529 534 535 530 519 515 517 529 551 565 575 574 580 614 654 679 682 675 664 658 656 653 637 632 644 657 665 671 669 676 710 686 677 685 669 660 660 635 643 643 629 616 616 616 623 637 658
365 363 353 353 353 356 369 391 404 411 421 441 455 462 483 507 524 523 523 498 476 477 486 497 509 519 524 539 537 521 487 457 411 362 337 331 352 376 395 401 398 378 371 389 404 424 439 455 471 486 491 493 504 514 524 532 532 527 513 511 516 533 555 566 575 571 584 623 656 675 679 660 659 659 657 641 629 642 658 665 674 677 670 683 681 673 679 675 661 657 644 642 644 635 621 617 615 625 649 658
379 370 354 353 353 353 356 376 392 406 420 416 416 426 446 469 477 480 495 511 500 478 455 457 467 474 478 492 502 500 473 451 424 374 332 318 323 346 368 381 374 358 359 370 390 410 425 440 452 467 482 485 492 504 518 530 536 531 514 512 511 518 533 550 563 573 571 587 629 654 669 651 646 648 655 650 626 637 655 668 680 685 672 678 684 684 684 678 668 641 638 631 644 653 640 622 619 622 650 648
404 384 373 368 359 354 353 361 386 396 406 423 415 402 410 426 440 445 464 482 507 503 468 450 451 452 451 443 441 453 457 446 420 391 345 320 313 320 339 354 358 349 350 358 373 398 412 427 438 450 464 475 485 499 517 532 534 530 515 511 516 514 518 534 549 559 567 578 606 635 657 654 634 631 640 648 634 630 644 665 682 677 673 691 706 707 693 682 671 641 623 626 633 654 659 639 626 623 623 615
422 397 388 381 379 363 353 353 357 366 371 381 390 384 386 408 418 427 442 450 466 488 483 456 452 454 446 440 426 401 398 385 376 355 328 315 319 313 314 335 343 343 342 351 362 386 402 416 431 443 453 465 478 493 514 525 527 524 525 520 514 512 508 514 527 540 550 568 590 621 647 657 638 615 617 630 628 620 633 655 674 677 675 699 723 722 718 702 694 646 624 625 628 640 660 661 658 661 652 625
422 399 392 390 385 373 359 353 353 353 353 354 359 357 365 388 397 398 401 417 443 471 475 478 486 482 467 464 462 451 449 430 412 388 340 297 281 283 289 323 336 339 337 341 350 372 390 401 420 439 449 460 472 486 510 519 528 518 519 521 509 510 505 504 513 520 533 551 572 600 634 662 646 613 598 605 612 606 619 638 657 671 676 696 725 723 722 726 713 663 633 630 628 633 643 659 682 698 696 654
408 396 395 395 388 380 371 364 355 353 353 353 353 353 353 356 362 369 378 393 424 448 468 478 519 533 525 512 486 475 471 451 446 436 394 320 285 264 284 294 317 327 332 331 340 353 370 385 414 435 448 459 467 478 490 504 512 508 509 516 525 515 510 500 502 507 519 538 562 580 606 639 646 617 588 585 590 591 603 616 636 658 683 712 713 719 727 726 727 685 648 649 635 630 636 639 667 700 692 657
439 413 410 408 420 431 419 393 371 359 353 353 353 353 353 353 353 359 371 377 403 436 463 475 509 527 546 553 518 499 487 468 454 438 400 332 290 264 257 273 289 304 322 321 329 344 365 385 408 423 439 453 460 470 480 485 482 483 493 519 531 529 515 499 495 503 513 524 545 568 585 603 616 609 585 573 571 579 590 600 622 651 692 712 713 717 728 723 700 670 646 643 649 635 628 625 632 644 645 630
479 454 437 428 442 438 437 428 417 413 400 383 361 354 353 353 353 353 353 357 374 407 448 482 521 543 553 525 502 497 481 463 443 418 389 354 313 277 255 255 274 293 310 316 311 332 358 382 402 411 419 439 449 464 471 476 468 472 481 496 523 532 519 508 496 494 507 518 529 553 575 590 599 592 580 567 557 568 580 588 602 637 674 702 707 720 735 739 714 674 652 656 657 649 632 621 629 626 618 608
511 486 460 450 479 484 494 487 470 464 451 429 396 382 366 353 353 353 353 353 354 381 436 475 500 537 548 522 485 468 457 449 429 416 402 378 354 316 271 253 256 278 294 306 303 312 339 365 386 401 400 417 435 452 457 457 453 466 482 492 498 513 517 503 502 488 493 508 522 536 558 584 596 591 572 562 555 558 568 580 589 617 648 685 704 709 721 731 709 667 654 667 683 648 635 618 620 627 628 621
525 498 474 464 511 539 567 573 552 537 520 484 445 427 405 370 353 353 353 353 353 366 418 464 505 526 545 526 493 472 451 427 424 411 404 389 369 341 298 264 247 257 271 278 286 295 325 344 361 376 381 390 411 445 456 452 452 466 477 489 491 496 504 498 493 482 480 492 505 517 534 564 589 592 574 552 551 547 561 574 585 599 622 655 694 700 713 717 689 658 646 652 682 653 622 619 615 629 635 636
529 502 487 478 540 584 608 628 618 598 590 560 520 481 444 417 396 364 355 353 353 355 399 436 483 502 510 501 495 481 447 430 421 409 409 405 393 384 358 290 250 244 253 254 254 287 319 339 338 350 363 376 388 405 431 437 443 451 461 473 490 505 507 491 491 479 474 475 486 500 511 528 557 578 575 548 541 542 550 565 575 591 605 628 661 695 709 719 691 658 651 649 644 640 621 613 615 624 634 643
523 503 490 489 546 607 631 660 671 653 640 608 584 538 500 476 442 403 383 358 353 353 371 408 476 513 503 494 485 454 432 430 429 434 443 429 410 396 374 315 263 243 242 243 246 273 307 330 331 326 347 364 372 380 403 421 432 444 460 476 483 502 515 495 485 482 474 467 467 476 489 502 516 543 564 545 531 532 538 560 569 581 595 610 636 687 725 723 701 678 674 652 632 621 622 617 617 621 629 646
508 494 487 498 528 582 643 695 721 723 695 670 644 607 572 538 483 439 412 390 355 353 354 367 430 482 507 508 478 446 428 430 431 429 422 403 395 380 358 331 287 250 241 240 239 247 282 300 302 301 324 351 369 389 393 402 420 433 451 465 496 500 506 500 490 484 477 469 458 455 462 476 488 501 530 534 523 518 524 546 563 574 582 599 618 648 698 728 708 694 693 678 643 628 621 612 610 613 630 647
504 501 505 502 507 533 588 663 699 678 679 678 676 665 627 568 521 476 437 404 372 353 353 353 369 411 454 468 453 432 422 423 423 422 422 411 395 392 381 358 321 282 257 258 243 237 242 251 272 278 296 328 364 379 390 406 421 437 442 448 489 519 508 498 491 486 483 476 474 462 453 454 461 469 484 504 507 505 511 535 553 567 575 586 603 625 657 695 712 709 703 685 652 641 634 613 605 609 611 632
545 548 526 508 505 505 520 556 573 582 609 626 646 661 636 590 565 519 470 429 392 356 353 353 354 380 401 431 444 440 440 439 446 444 431 410 404 409 397 386 366 340 312 301 283 252 238 236 237 256 271 300 334 366 382 400 410 432 439 441 471 507 510 496 487 486 483 488 489 485 475 461 453 450 453 462 475 488 493 521 547 559 566 570 585 607 632 664 694 695 683 662 641 634 629 613 602 603 611 625
657 669 597 529 505 503 502 506 513 525 545 561 579 592 585 557 537 514 482 454 405 365 353 357 356 369 361 392 422 432 445 454 460 462 457 451 447 453 435 426 401 368 352 338 322 300 262 238 236 241 256 285 309 332 356 386 408 426 435 438 450 469 486 486 476 477 480 487 496 498 496 487 475 462 446 441 451 457 478 497 524 551 559 563 568 585 612 637 673 700 679 651 642 633 630 605 594 603 607 617
752 733 676 592 525 512 507 501 500 499 501 507 514 517 514 507 504 494 477 456 424 370 353 355 360 363 355 359 386 425 456 499 524 541 546 536 524 515 479 470 448 414 393 381 364 342 305 259 236 236 246 272 292 314 342 365 393 412 423 440 450 449 452 460 463 465 476 484 492 501 506 506 501 488 472 449 441 440 451 474 488 526 553 561 557 566 588 618 650 687 687 669 656 636 615 600 587 590 597 610
795 767 710 647 585 557 524 510 507 507 507 510 511 497 492 485 479 474 465 450 432 413 385 367 359 354 361 359 359 386 409 448 482 497 526 567 566 547 512 489 475 440 419 407 398 384 344 297 246 235 242 262 275 287 326 357 372 393 409 431 459 455 449 455 463 466 465 474 487 500 508 514 512 509 497 471 450 433 431 450 467 490 531 556 556 553 568 597 636 674 690 684 672 653 633 608 581 585 591 606
784 758 719 674 639 613 582 566 561 561 559 563 565 560 550 538 527 516 508 496 479 466 451 429 412 383 356 355 363 365 357 375 405 418 443 503 545 560 545 523 482 449 412 402 398 399 376 340 277 241 236 256 260 272 313 337 354 374 393 416 455 467 453 452 456 461 455 457 471 486 502 512 516 513 505 482 461 445 425 431 449 462 498 534 555 548 548 574 615 684 691 695 685 664 644 609 581 567 573 603
799 764 733 703 686 674 658 639 625 620 617 617 614 611 606 594 587 584 571 546 512 486 467 451 432 421 403 377 354 354 358 353 358 358 382 447 507 564 572 540 498 472 414 398 390 390 386 367 318 268 238 238 255 264 296 321 335 354 385 410 438 461 455 449 451 453 448 448 450 469 486 508 516 510 502 486 464 447 433 419 435 446 468 499 525 535 526 548 583 626 667 694 701 672 653 618 575 556 554 572
814 779 750 733 725 720 714 703 693 692 682 672 666 660 656 645 645 652 644 616 578 542 524 500 474 452 427 408 378 367 366 363 364 357 353 383 447 510 566 552 519 462 411 403 403 392 397 384 359 324 263 235 240 258 273 299 322 339 373 402 421 443 440 454 460 451 441 440 437 453 473 492 507 504 499 483 461 443 430 421 418 432 446 473 483 502 516 526 549 581 621 652 674 652 613 590 573 543 525 541
826 798 779 769 765 764 766 765 756 762 757 738 721 705 695 685 687 699 708 698 656 607 593 573 555 543 485 447 435 427 428 440 429 403 380 354 400 446 513 565 511 449 420 389 389 395 393 387 383 361 309 248 234 237 256 284 313 332 374 392 410 440 439 455 466 465 442 436 433 443 462 471 484 490 484 477 464 441 427 419 413 414 429 452 471 476 497 504 526 548 586 632 636 615 572 540 536 525 499 521
851 830 820 815 808 811 827 830 823 831 837 819 792 768 745 728 725 737 756 761 721 672 665 639 603 571 528 490 476 473 475 454 428 399 377 357 354 411 452 505 510 445 408 386 363 367 386 385 381 381 348 294 250 229 231 262 287 317 357 386 396 421 445 454 464 465 443 428 424 432 448 464 473 480 480 471 462 451 431 411 414 418 410 425 445 461 469 487 500 527 546 586 603 581 551 515 504 504 481 497
896 893 893 885 862 878 901 904 896 902 901 884 855 829 805 783 774 775 770 755 731 717 717 722 695 641 589 551 511 486 482 475 460 442 425 398 363 349 407 431 474 476 427 386 362 344 351 368 363 371 367 337 292 240 225 237 264 302 336 365 384 407 444 465 471 471 447 426 419 422 429 443 455 468 480 481 471 458 448 419 408 414 421 404 428 450 455 467 480 502 526 535 563 545 519 513 487 483 471 471
966 961 954 938 910 925 960 974 969 968 957 934 901 879 857 839 824 801 776 756 747 751 760 782 784 721 664 603 554 537 548 514 493 463 445 431 390 344 349 382 401 424 454 401 354 348 331 344 341 331 328 334 322 272 224 235 262 290 337 365 382 391 425 452 470 459 443 428 414 411 415 426 444 453 475 484 485 476 465 438 422 408 410 406 410 434 456 453 473 476 498 499 500 488 483 478 483 457 453 451
1024 972 939 931 914 912 951 987 1015 1018 1002 973 948 926 901 883 863 820 784 763 765 774 782 799 819 760 679 624 598 589 621 614 592 503 457 417 395 361 332 334 340 346 382 387 341 345 326 323 328 318 302 280 274 251 224 225 254 281 316 352 384 394 407 430 448 438 449 452 430 408 406 418 427 444 465 482 490 497 491 466 435 423 410 400 394 417 439 445 464 474 469 480 471 454 449 447 434 431 429 423
1005 903 851 853 854 862 903 939 976 999 1006 1000 977 960 941 913 880 829 791 777 777 780 778 776 785 751 671 635 625 622 659 672 618 539 494 455 415 390 354 337 338 333 329 332 322 322 333 317 306 302 285 259 233 222 218 219 225 256 293 335 385 396 402 417 426 441 452 447 436 410 399 407 419 432 452 464 480 490 497 476 447 430 422 407 389 394 417 433 445 459 456 456 455 439 428 429 423 408 406 404
1003 880 800 794 810 818 854 886 910 927 952 991 994 973 960 932 881 838 812 807 800 786 771 753 729 707 671 652 644 648 671 670 622 586 575 538 485 449 413 391 382 377 375 365 344 320 311 322 292 278 267 252 237 227 216 216 217 220 263 303 361 389 388 402 405 421 442 449 437 415 396 399 408 421 437 444 452 463 477 463 435 418 424 422 396 386 401 420 445 456 451 453 444 442 435 425 409 398 391 387
1026 939 821 760 765 779 792 820 848 872 905 949 945 921 897 889 871 845 835 841 825 798 773 754 705 675 661 659 660 664 678 670 641 642 650 628 570 511 475 443 419 415 412 412 394 382 365 330 306 296 318 314 290 263 232 215 213 211 226 277 318 373 379 393 399 411 446 477 466 436 405 397 401 413 424 442 451 456 456 438 419 401 403 415 406 379 388 408 427 448 456 447 450 465 451 436 418 406 392 379
971 947 818 728 707 731 743 754 782 820 865 900 888 858 830 839 853 858 862 866 840 796 777 763 700 663 672 687 682 675 673 676 674 672 668 654 628 594 552 508 469 460 458 446 428 411 398 376 352 354 359 359 339 294 264 242 224 213 211 238 281 325 360 369 377 388 429 467 494 476 418 400 399 407 416 428 443 444 453 442 432 410 387 393 398 379 379 400 418 431 445 442 432 444 458 434 407 400 393 375
904 915 834 721 677 681 692 705 728 776 828 858 835 801 778 789 816 836 843 857 846 788 754 748 702 689 726 739 723 698 689 698 691 680 665 648 632 615 596 563 531 517 507 488 460 438 424 400 380 381 382 379 355 318 291 274 246 219 212 215 249 284 322 347 354 369 391 440 493 498 436 409 397 397 404 413 429 432 436 432 423 405 387 376 380 376 359 386 400 416 424 429 421 415 440 443 400 379 375 369
842 856 858 776 706 670 656 659 677 730 789 845 837 787 753 736 761 781 794 809 807 760 723 725 706 722 765 780 766 733 715 718 716 707 682 657 641 629 619 617 615 588 558 535 493 466 445 420 403 388 384 383 352 320 313 296 281 247 216 212 227 256 284 310 325 342 365 392 455 483 465 417 399 383 390 399 414 427 421 414 398 386 372 357 358 365 346 373 384 392 403 417 426 401 400 420 409 367 349 346
793 800 829 845 798 688 625 610 622 678 744 818 844 798 743 702 701 726 743 773 783 745 700 706 729 746 780 809 787 751 736 750 754 738 708 687 669 656 645 658 660 643 607 573 525 491 471 449 427 412 387 366 342 330 321 305 293 282 233 207 211 228 263 301 311 322 343 358 385 425 431 420 391 374 376 388 398 414 423 421 407 381 360 340 332 339 336 345 365 377 388 384 392 390 373 374 376 370 340 321
739 759 799 842 799 694 619 583 581 622 700 762 804 784 741 689 672 698 731 781 795 747 689 688 720 732 752 802 814 783 760 764 771 755 729 708 692 679 669 688 686 660 631 604 564 532 514 493 465 442 418 376 355 343 331 319 300 288 261 210 207 211 232 270 307 326 336 345 356 375 389 406 405 386 373 371 387 401 416 424 418 399 370 341 326 315 318 318 337 350 360 368 360 355 350 342 336 332 325 316
683 714 749 742 689 657 604 557 543 569 637 690 738 760 721 666 650 697 755 794 768 713 666 664 699 713 736 798 822 790 769 762 756 744 730 718 707 693 686 703 710 688 654 616 585 564 548 540 522 483 438 407 380 354 337 319 297 272 248 215 204 204 210 233 270 302 329 344 337 342 361 388 421 419 396 377 369 380 398 414 416 412 394 362 340 315 301 297 308 319 326 336 334 330 322 314 312 308 304 300
629 656 644 603 575 558 543 531 510 528 580 624 676 711 682 639 635 681 742 758 730 678 649 648 679 698 719 778 832 819 769 766 761 754 735 719 708 699 691 701 712 704 665 631 610 602 586 565 542 513 469 434 408 378 354 334 312 281 251 222 203 204 204 204 215 259 293 315 326 324 335 359 385 412 412 392 374 366 384 406 410 411 411 385 358 331 308 297 291 294 299 301 295 291 289 289 285 282 282 282
516 537 513 498 474 468 478 480 466 482 525 565 614 651 641 609 617 657 694 698 684 656 635 629 652 673 703 764 826 823 786 762 768 769 756 724 706 693 694 708 721 713 674 641 634 636 628 611 590 559 522 480 443 407 381 355 332 310 278 256 221 200 201 201 200 207 244 275 296 306 316 334 350 370 394 389 386 364 370 387 396 402 406 402 382 351 321 300 290 288 286 285 284 283 283 282 283 283 283 281
414 433 452 447 420 406 424 436 434 438 463 495 532 567 578 557 592 637 663 678 680 650 615 601 621 646 684 739 792 807 787 773 765 758 752 726 704 700 709 727 749 742 699 666 662 671 665 651 636 623 600 545 485 437 403 377 349 330 301 275 252 221 200 200 199 198 202 227 263 283 296 307 320 338 351 359 364 372 362 382 398 401 393 396 387 373 342 317 297 287 286 285 283 283 284 292 298 303 301 305
379 382 384 382 380 379 393 393 388 402 425 435 453 495 517 505 557 616 631 635 632 612 582 575 586 609 648 698 753 795 789 762 758 746 737 720 716 721 726 740 758 755 740 703 681 694 694 684 680 671 644 596 531 470 424 389 373 355 337 318 294 269 226 199 198 198 197 197 215 251 275 291 300 314 325 340 349 358 353 354 373 397 385 380 381 375 363 338 315 294 284 284 283 283 289 300 311 322 328 333
378 378 378 378 378 378 378 381 381 379 396 404 399 422 435 445 446 478 506 525 542 529 535 542 554 592 636 694 746 762 751 727 715 718 721 728 741 736 730 725 739 745 762 740 699 697 706 710 701 679 647 598 544 492 449 414 390 369 363 347 331 313 283 226 198 197 196 196 195 206 239 266 283 292 306 332 347 353 355 346 346 353 361 363 367 363 351 340 326 311 294 286 285 288 301 313 324 336 347 355
378 378 378 378 378 378 378 378 378 378 378 371 358 380 380 384 389 411 436 453 475 479 489 508 535 593 648 703 717 722 719 691 667 676 696 740 775 762 727 703 699 722 740 746 716 710 702 701 686 667 653 628 588 545 497 447 415 391 375 358 345 326 301 259 216 197 196 196 195 194 199 222 252 275 291 308 330 344 360 356 346 349 360 367 367 362 350 341 329 317 309 301 293 296 310 322 334 345 355 366
378 378 378 378 378 378 378 378 378 378 378 359 340 353 352 343 346 372 402 424 433 441 452 476 522 571 613 651 660 675 685 665 640 645 677 720 774 766 725 686 666 688 714 738 724 703 705 703 682 679 679 672 653 616 563 501 446 411 384 360 339 316 290 264 237 205 196 196 195 195 194 193 206 242 270 292 317 332 348 363 359 352 346 350 367 363 357 348 334 318 309 304 298 305 317 328 340 350 358 365
381 379 378 378 378 378 378 380 381 381 372 351 338 339 334 330 329 339 365 395 408 410 413 445 480 527 565 606 621 628 644 633 621 626 661 698 747 757 717 674 649 656 681 710 712 719 727 730 723 723 724 722 704 670 622 554 485 428 390 350 327 307 298 286 262 233 201 196 197 198 196 195 193 202 231 261 302 321 324 336 349 353 346 341 346 353 348 347 340 327 313 303 301 308 321 331 339 350 361 369
430 409 390 382 382 391 411 432 418 390 375 350 344 344 333 331 329 329 339 370 385 395 388 393 425 469 519 563 571 587 600 606 596 607 650 693 750 753 711 657 624 624 647 679 703 729 741 759 756 756 754 739 717 676 635 582 525 444 385 335 307 302 298 298 293 276 246 211 202 199 197 195 192 191 197 221 254 297 316 325 332 342 351 354 350 340 334 338 333 323 305 301 309 316 324 330 335 344 354 364
480 447 421 413 423 440 462 461 428 398 400 391 389 379 363 352 354 350 331 344 363 364 360 356 375 420 454 502 537 538 551 564 571 589 636 690 725 714 679 619 580 581 606 649 681 727 737 752 759 730 701 665 634 599 563 531 490 436 375 321 293 297 305 311 300 268 245 233 219 204 197 195 193 192 192 193 213 242 287 309 319 331 341 351 359 355 336 329 327 321 307 322 340 347 356 360 351 345 348 355
535 489 456 460 485 518 541 510 484 470 467 463 459 445 430 388 392 384 339 333 342 345 338 333 343 376 405 436 462 470 491 520 536 561 621 647 630 591 546 522 506 531 568 603 633 680 686 691 695 680 638 590 563 529 496 461 422 387 337 294 273 276 280 271 251 273 293 306 296 252 224 202 195 192 192 192 191 199 230 280 309 335 341 348 352 364 351 340 335 339 334 352 371 375 387 399 386 367 357 364
603 522 476 486 563 628 641 622 568 548 534 526 509 495 483 438 418 404 361 343 342 339 337 337 331 341 363 370 400 411 441 472 495 530 587 600 559 504 466 440 450 484 524 554 583 616 618 612 605 604 603 572 535 512 467 421 382 342 296 279 275 276 285 291 332 353 352 342 344 313 272 251 216 194 192 191 191 191 195 236 293 327 336 345 346 355 355 356 352 356 352 363 383 388 404 418 419 409 380 384
652 558 495 501 604 695 747 745 701 652 603 575 561 541 546 526 514 488 432 412 397 387 370 354 337 332 334 338 365 371 403 434 456 484 554 560 462 412 397 386 391 432 469 496 528 556 577 565 545 535 561 550 547 505 431 362 334 308 292 324 340 341 351 378 404 406 401 381 364 350 320 308 272 230 198 191 191 191 190 201 266 330 365 367 361 370 372 377 370 357 358 381 386 398 411 429 434 437 410 402
626 560 499 519 620 723 805 840 798 730 674 633 610 595 604 605 590 576 522 500 478 459 421 394 364 339 341 329 341 342 374 400 410 429 487 480 400 359 345 339 345 382 422 448 472 498 526 527 517 508 507 518 506 451 377 318 289 287 342 394 419 420 413 430 454 453 445 430 387 365 360 346 329 294 248 201 190 191 190 190 221 299 367 385 367 382 384 376 367 361 380 403 409 409 410 427 440 445 432 421
593 537 508 565 676 760 837 887 849 787 737 688 653 636 647 665 664 648 607 576 569 533 479 431 398 356 348 332 329 328 343 355 364 378 413 386 356 336 323 317 316 341 382 409 425 441 476 503 499 526 546 527 467 378 318 291 284 321 399 445 466 463 462 467 481 487 484 470 431 395 392 400 392 367 318 255 205 190 190 189 190 233 307 368 375 379 389 378 373 375 397 419 435 435 426 438 452 453 451 448
566 545 570 658 726 794 861 911 888 835 785 740 703 686 687 706 723 705 670 650 659 613 518 447 415 378 369 351 332 336 331 328 333 341 369 335 326 327 330 329 313 309 331 363 383 394 422 447 491 546 554 507 409 329 300 293 298 366 431 480 488 491 485 495 503 504 493 466 442 431 423 428 425 416 379 321 261 205 190 189 189 190 226 292 351 381 384 379 372 378 401 428 455 454 441 456 460 467 475 470
583 626 658 673 734 789 841 892 908 870 818 772 754 741 725 736 761 751 722 703 706 680 587 508 440 397 398 379 371 372 345 333 326 323 336 331 345 352 366 351 316 301 307 308 333 351 380 427 477 527 550 507 387 316 289 291 340 407 453 496 507 521 514 511 509 489 475 467 466 469 470 462 455 436 419 387 340 265 204 189 189 188 189 218 285 361 370 356 362 369 406 450 475 478 459 463 469 481 501 511
659 726 751 743 733 758 822 888 924 885 846 821 809 798 768 763 789 792 770 756 741 691 602 535 483 431 420 414 408 402 367 347 329 324 325 341 362 388 409 386 330 307 294 292 312 329 348 373 400 435 449 425 362 310 288 321 390 438 477 522 529 540 550 542 521 500 486 486 495 513 521 498 477 463 439 409 374 318 259 204 189 188 189 188 202 279 334 332 335 341 386 457 505 497 477 475 482 487 513 539
737 802 827 827 815 804 832 889 947 931 899 879 869 856 816 793 809 840 816 788 754 716 654 579 519 460 445 460 447 416 390 373 343 332 335 369 398 425 450 412 367 325 300 297 299 308 313 316 306 308 321 316 290 282 296 358 444 474 493 536 558 555 556 556 537 517 502 507 519 542 561 541 495 467 449 436 415 375 320 263 209 188 188 188 187 203 281 292 296 332 374 437 493 509 509 491 508 514 534 570
747 813 867 893 891 882 894 927 967 977 955 936 935 916 868 836 834 865 842 791 748 716 669 610 552 491 470 495 513 511 477 444 395 378 386 417 437 448 448 451 422 375 360 304 292 294 297 298 307 306 289 286 289 303 353 425 492 515 514 542 566 572 550 534 537 541 540 537 543 557 562 555 530 501 479 476 463 442 403 349 279 214 188 188 187 187 210 251 282 329 372 419 469 489 508 495 489 504 514 543
759 782 834 890 930 950 959 965 978 978 972 973 966 943 881 838 819 838 829 779 745 715 680 628 569 516 496 524 568 590 600 561 478 449 459 471 467 459 461 472 469 437 374 335 341 364 374 360 385 343 317 316 346 380 436 484 527 548 547 570 588 585 580 561 557 571 577 574 574 582 580 583 569 535 514 502 502 492 466 428 366 286 221 188 187 187 187 198 265 326 355 406 445 488 484 485 475 476 482 495
818 817 829 879 926 934 931 926 925 928 932 941 941 904 851 803 771 766 773 746 712 689 660 622 581 535 516 557 634 691 706 638 555 529 535 531 504 502 512 532 498 458 428 420 435 443 455 426 411 383 368 381 409 457 513 543 570 579 567 579 596 606 594 585 588 605 619 602 596 596 602 609 605 572 557 530 528 525 507 477 435 375 303 233 190 187 187 187 230 307 348 394 421 451 472 463 471 466 459 469
896 889 894 913 937 924 892 880 875 872 877 881 904 894 841 786 737 709 712 707 683 660 636 613 583 549 539 599 685 753 744 661 615 612 615 595 556 562 590 603 548 518 496 484 484 474 464 456 465 445 441 448 469 510 567 600 625 622 591 587 604 614 613 626 631 632 632 627 622 613 619 617 617 596 582 561 542 549 529 494 442 396 357 293 206 187 187 187 215 280 332 380 415 428 449 455 467 467 460 473
976 955 940 912 892 874 871 865 852 839 841 853 884 907 868 794 734 699 688 678 663 642 623 603 577 567 578 642 731 777 748 692 681 682 677 635 607 615 632 640 633 615 560 526 522 506 506 502 504 509 500 508 528 562 610 645 665 654 624 596 605 628 644 662 681 671 651 647 652 655 663 647 637 627 603 586 564 551 554 521 474 415 372 341 265 192 186 186 195 252 317 373 419 445 453 468 460 470 459 465
1044 1012 952 870 829 820 834 842 838 823 816 832 866 891 855 795 748 720 700 683 666 647 629 622 620 619 618 656 742 799 779 757 734 728 702 662 657 672 689 693 699 677 608 573 568 563 554 545 553 561 547 544 561 583 634 672 700 694 668 634 629 648 674 705 718 716 695 680 691 704 711 687 665 654 635 604 590 564 546 530 485 440 422 391 319 218 187 186 185 196 250 349 406 448 457 481 476 473 473 475
1036 954 909 861 807 769 790 813 807 792 788 817 845 855 836 816 794 779 758 732 699 671 656 667 682 667 645 658 730 793 800 786 760 733 702 692 707 724 738 740 748 710 661 635 615 605 600 579 585 619 605 565 577 599 631 671 720 749 720 679 659 664 691 727 750 754 723 695 709 731 736 716 678 650 633 611 576 550 532 511 474 454 430 396 339 248 198 184 182 183 191 276 370 431 454 464 477 482 475 483
938 878 845 820 771 733 744 778 780 761 763 798 837 861 859 847 843 845 832 797 725 684 680 724 740 702 654 656 718 766 786 758 752 739 718 723 757 773 772 776 770 747 714 682 660 654 636 609 599 612 616 590 586 612 650 689 719 730 717 694 679 682 712 758 774 785 758 718 723 726 715 694 668 634 601 573 550 532 515 505 493 492 456 418 357 278 228 189 183 185 187 202 290 384 429 456 458 460 464 458
880 826 790 772 741 711 713 740 752 740 735 770 807 822 815 811 820 832 832 783 714 687 702 764 774 728 665 641 696 736 760 770 775 758 742 765 815 824 795 791 791 767 743 715 702 684 659 638 619 614 619 616 597 604 633 676 713 730 715 697 687 698 740 787 798 794 787 750 730 710 684 657 637 614 583 566 547 541 536 524 515 512 493 443 410 337 261 215 185 186 186 186 213 315 390 433 457 449 453 448
832 798 770 753 729 705 685 692 704 712 703 728 767 778 768 764 771 776 772 748 720 717 753 809 820 789 690 624 655 689 750 798 815 784 775 817 874 862 810 823 851 808 782 754 738 721 707 676 645 625 620 617 610 608 627 661 691 734 745 705 674 678 713 766 792 789 792 782 759 722 703 684 650 627 600 578 565 562 560 535 528 540 521 486 455 412 333 248 200 184 184 185 188 228 317 375 436 449 447 453
803 786 768 742 719 694 672 658 661 669 671 696 733 740 723 721 729 731 730 729 747 774 795 790 783 756 692 623 624 669 731 796 833 813 817 852 889 880 842 873 901 868 826 788 762 766 768 732 684 646 627 620 622 623 624 661 710 760 764 700 651 628 652 706 735 734 733 758 776 774 737 724 690 659 637 610 587 574 566 544 549 563 550 523 493 454 414 323 230 191 184 185 185 188 234 311 374 437 436 441
820 814 801 751 713 685 660 646 632 633 636 670 694 701 689 678 681 685 688 700 733 762 765 744 723 689 649 613 597 644 697 763 821 820 820 812 819 858 882 893 909 902 871 824 795 796 783 745 703 674 653 636 616 611 604 609 653 738 745 657 611 598 625 675 708 702 687 718 752 782 763 738 718 684 671 646 615 582 558 552 567 575 574 555 518 476 440 385 299 224 190 184 184 184 188 255 310 379 420 426
786 808 800 768 726 685 647 612 597 598 603 630 658 668 666 653 638 634 639 662 697 725 731 722 692 647 617 590 573 610 677 736 771 769 760 742 735 778 831 873 919 910 870 837 821 815 782 742 714 709 705 696 672 612 586 589 604 655 713 660 602 579 585 633 685 695 668 684 727 771 783 748 736 704 688 678 650 615 590 589 583 582 569 566 535 499 469 425 355 285 218 185 184 184 187 211 266 324 373 388
727 760 776 767 737 694 632 584 571 563 564 579 601 619 623 610 596 592 598 621 651 671 679 668 644 610 585 569 551 579 654 705 723 711 704 681 673 705 761 815 849 825 822 834 831 800 750 725 723 732 742 744 721 656 595 578 587 604 640 637 586 559 555 582 623 643 640 650 689 753 792 785 773 746 719 703 674 644 620 626 628 602 561 544 532 505 472 449 399 344 287 212 184 184 186 190 262 339 369 379
681 711 725 716 695 667 631 579 537 529 523 527 539 554 566 564 550 544 555 570 596 619 629 612 594 576 560 546 523 532 611 652 644 635 635 628 612 628 678 732 759 752 759 794 791 775 744 724 739 741 758 780 754 674 595 567 573 583 589 586 574 554 547 559 582 601 611 642 676 721 754 767 781 778 745 726 696 662 646 643 647 632 591 571 552 528 501 477 441 397 337 276 211 184 185 185 210 304 360 400
654 685 683 681 673 652 615 547 504 487 481 481 485 495 498 495 487 488 503 515 532 556 571 574 554 539 534 520 501 478 554 575 537 532 540 546 541 539 574 633 689 678 680 704 690 700 709 710 724 731 753 785 768 683 602 569 548 559 572 571 567 552 540 538 553 574 587 627 670 704 733 743 758 774 753 714 705 675 676 659 634 612 590 577 573 550 532 487 457 440 399 334 274 205 184 184 188 254 324 394
635 653 635 609 588 569 554 522 480 465 451 451 446 444 443 431 429 437 449 457 469 487 499 514 522 523 525 506 476 437 505 483 466 452 447 457 470 458 467 524 581 585 581 568 558 582 610 633 670 709 758 793 788 722 631 581 539 526 539 544 547 548 541 536 544 555 566 590 632 662 684 701 708 692 687 668 644 666 695 691 663 607 580 569 561 550 538 510 460 448 430 387 328 269 201 184 184 211 304 379
559 575 575 538 505 500 498 471 442 425 417 420 414 406 394 390 391 390 398 407 413 428 439 451 470 485 489 473 432 393 463 413 399 384 372 370 404 388 387 410 441 468 477 445 460 491 524 563 608 670 725 751 744 701 643 596 537 510 510 513 521 525 527 523 529 538 553 571 599 634 656 659 643 624 607 599 587 605 654 681 666 614 572 543 531 522 516 507 471 439 425 405 357 297 236 187 185 192 283 368
473 483 489 491 485 482 468 444 420 393 386 392 393 385 371 362 358 360 363 373 377 375 382 389 403 428 431 427 402 349 375 331 331 309 292 297 320 341 341 338 353 379 358 348 376 406 451 502 566 660 711 705 698 658 620 586 540 501 489 492 488 497 504 505 512 525 537 555 579 614 642 666 643 606 573 556 555 561 579 603 610 593 562 535 515 506 504 499 478 448 429 408 367 311 262 206 185 183 241 342
383 394 410 423 437 444 438 436 409 382 370 369 379 379 356 341 330 327 335 341 340 332 332 343 354 365 391 377 357 312 295 283 277 270 263 263 268 300 304 288 290 307 299 296 309 345 382 446 526 602 641 658 674 643 622 593 553 513 471 467 467 464 470 477 499 524 537 545 549 563 579 597 617 586 548 525 518 531 546 561 570 564 544 529 515 490 489 485 483 461 430 403 364 301 261 224 185 183 208 302
334 339 355 365 372 376 374 373 376 379 378 367 350 357 348 328 314 304 302 306 302 305 292 302 308 326 326 322 316 291 275 271 264 269 267 265 262 263 269 269 271 284 296 296 283 300 330 370 434 499 554 587 627 624 620 605 560 503 464 436 433 438 435 445 472 507 535 529 503 493 503 513 541 541 507 491 482 503 522 529 519 519 514 513 501 474 474 481 499 490 445 410 367 294 235 207 185 185 187 258
319 314 319 339 349 353 353 348 349 351 345 329 314 324 324 310 297 290 284 293 291 280 276 273 274 279 286 279 282 281 274 276 265 271 293 287 265 262 263 263 273 302 313 305 264 273 296 295 313 370 439 501 532 564 585 588 568 513 476 445 418 419 430 427 438 467 491 481 462 440 444 455 472 484 485 464 446 463 487 510 495 469 461 454 452 440 441 459 482 487 457 415 366 300 219 186 185 184 184 209
321 307 304 309 326 342 342 340 338 336 336 318 298 296 301 288 278 276 274 277 278 276 274 272 272 272 290 287 287 287 273 269 277 325 358 306 266 262 263 265 264 271 284 273 261 254 262 269 258 278 312 355 396 443 486 522 552 544 516 461 437 422 402 403 401 414 430 430 427 423 428 424 425 434 437 424 391 400 429 456 463 445 415 408 413 420 416 427 449 458 448 425 395 336 253 193 184 184 185 208
333 336 340 316 308 307 313 320 320 313 308 300 292 285 279 274 274 273 272 272 272 272 272 272 272 281 311 313 290 288 282 289 333 424 441 358 324 324 308 306 270 273 278 289 264 258 251 254 248 250 255 273 306 333 365 393 451 516 513 473 461 435 411 402 387 387 411 419 431 428 419 414 412 408 397 382 368 359 361 374 389 397 392 359 358 371 377 383 406 424 429 421 403 377 316 235 186 184 187 206
350 392 389 382 350 321 308 297 298 305 312 306 292 287 282 277 285 292 285 282 291 285 286 295 322 350 360 350 333 326 343 366 428 513 521 489 497 456 374 358 294 280 280 277 280 271 262 250 248 248 248 249 261 260 290 328 352 431 492 500 474 458 424 388 369 356 400 430 436 411 389 390 383 364 365 369 349 329 300 320 309 318 336 341 317 326 332 346 363 384 398 402 393 373 339 292 217 184 184 191
395 475 469 412 372 359 329 314 300 293 290 295 287 278 287 312 322 332 326 319 325 338 353 376 423 455 460 440 417 372 406 443 509 564 592 619 560 466 392 363 323 322 355 360 355 321 280 260 252 251 248 248 248 249 263 292 295 340 392 432 435 409 379 344 328 333 373 409 406 375 341 328 330 326 308 311 306 240 230 249 262 262 260 279 291 291 300 312 326 345 365 382 383 369 344 317 271 206 185 184
411 451 457 432 397 365 339 326 315 316 301 286 285 293 319 357 390 381 360 359 372 394 433 460 500 538 544 511 478 421 431 483 541 597 635 640 528 452 422 387 379 400 441 464 472 403 335 291 272 266 257 251 248 248 248 248 250 260 312 376 384 380 365 349 322 304 334 378 356 315 286 280 274 273 264 247 229 218 222 230 240 222 214 219 238 253 265 290 302 313 333 355 371 369 361 341 301 249 195 184
364 361 372 384 366 335 328 345 338 342 337 318 309 327 363 404 431 407 403 404 422 439 482 516 543 570 569 525 483 445 475 505 549 605 640 621 510 448 410 402 439 456 478 534 573 506 388 340 329 320 306 298 266 256 252 255 253 250 263 282 278 269 269 270 274 265 276 299 306 269 246 237 230 229 233 227 218 219 222 225 234 234 218 211 210 215 230 257 281 295 308 321 341 352 357 353 321 260 208 184
355 396 389 365 345 339 365 367 366 363 368 368 355 367 399 421 424 412 421 441 460 484 512 541 547 541 529 497 466 489 510 526 560 611 648 608 508 444 419 446 485 502 519 575 599 562 465 398 397 397 409 387 337 328 313 304 281 252 250 250 249 258 255 265 245 235 238 241 234 234 225 224 223 220 219 224 229 260 272 277 298 289 268 240 228 213 215 225 250 274 289 301 309 321 339 346 338 285 210 185
360 438 432 370 361 385 409 428 438 436 437 439 430 398 412 440 434 429 438 472 503 531 555 568 555 539 524 491 483 517 541 556 583 625 641 595 503 448 442 473 515 546 549 585 618 556 506 483 480 480 482 436 420 416 378 378 348 273 265 262 252 263 256 273 260 241 249 264 238 234 237 226 221 230 243 268 284 302 313 326 337 334 326 273 260 228 205 207 224 253 266 279 285 288 308 324 327 302 237 191
360 424 445 426 435 483 531 559 573 569 561 553 529 505 451 440 469 461 461 490 524 557 579 585 568 559 523 496 516 548 576 589 605 645 649 587 494 452 463 497 550 592 585 597 646 606 550 537 534 541 547 506 495 471 448 463 368 304 281 264 260 272 285 308 315 276 255 283 291 297 316 261 248 265 286 321 327 339 351 342 334 334 324 273 236 235 240 224 207 231 240 250 266 262 271 288 298 291 247 197
