# 100 100
133 133 133 133 133 133 134 183 261 254 254 248 253 268 274 283 290 294 298 293 299 311 314 311 321 320 323 331 341 347 348 347 346 344 337 328 323 317 312 308 305 303 305 309 310 304 296 291 289 288 290 295 299 304 311 319 327 330 324 314 315 311 306 298 292 289 287 285 286 286 280 279 282 288 297 300 294 298 292 294 292 286 287 293 300 305 309 311 312 309 303 299 292 285 282 296 314 314 309 309
133 133 133 133 133 133 133 170 259 270 269 258 255 267 277 287 297 303 308 310 308 315 323 328 334 331 329 333 339 346 351 348 341 334 327 322 317 313 309 306 303 300 300 300 298 295 292 291 292 292 291 294 300 309 320 329 334 333 324 318 315 306 299 294 298 301 296 291 286 283 280 283 290 295 297 297 295 301 299 299 298 292 291 292 295 298 302 306 309 313 311 310 301 292 279 289 310 316 316 312
133 133 133 133 133 133 133 134 186 264 271 264 274 284 288 294 300 304 311 316 320 322 325 329 333 327 321 324 333 343 343 338 333 328 324 320 316 312 309 306 303 301 298 296 295 295 296 297 299 299 298 296 308 321 331 335 337 331 324 322 319 308 299 302 312 314 306 301 297 290 284 291 303 309 308 305 301 305 310 311 310 305 303 306 308 306 305 308 312 319 321 313 301 292 284 277 298 305 305 307
133 133 133 133 133 133 133 133 134 220 276 278 286 294 297 300 300 300 305 312 318 319 314 315 322 312 308 316 327 330 325 322 324 326 325 322 319 318 316 313 311 306 303 301 302 306 307 309 312 315 313 301 311 326 335 334 331 327 325 323 317 307 300 311 323 322 313 307 304 296 288 304 319 323 319 318 315 310 319 321 321 319 319 325 329 323 317 319 319 321 323 313 300 288 284 275 282 293 291 296
133 133 133 133 133 133 133 133 133 162 261 284 288 294 298 300 297 292 297 303 308 305 297 302 309 299 302 310 315 314 311 313 317 324 328 327 325 330 330 326 321 315 311 304 311 320 321 321 326 328 319 305 313 326 331 327 324 325 327 322 311 305 308 316 327 323 312 307 302 297 294 313 325 328 327 328 325 310 314 319 320 322 329 338 342 336 329 327 320 316 321 315 304 297 299 289 271 286 277 274
133 133 133 133 133 133 133 133 133 140 227 286 292 294 296 297 292 284 289 296 301 296 282 289 294 289 291 293 295 297 304 312 319 327 333 335 335 339 340 336 330 323 313 312 326 333 332 332 337 336 330 326 308 323 324 319 318 324 327 317 310 315 321 324 329 325 323 318 311 301 296 307 313 317 319 329 329 319 313 315 318 322 329 337 338 331 325 326 324 316 311 305 299 300 297 294 260 276 262 263
133 133 133 133 133 133 133 133 133 134 168 268 289 292 294 291 282 284 288 292 293 285 273 270 279 279 277 285 294 307 315 322 326 327 334 340 343 345 341 333 325 319 312 323 337 339 336 336 339 339 337 332 310 307 311 310 314 323 326 317 314 323 331 332 333 332 331 327 320 308 300 310 315 319 325 334 336 329 323 326 328 328 329 331 325 318 312 322 326 317 301 291 291 300 288 277 253 263 251 275
133 133 133 133 133 133 133 133 133 133 134 214 282 287 286 280 272 281 281 285 285 274 257 259 266 268 282 293 300 306 307 309 311 313 326 336 342 343 338 331 324 318 313 323 335 334 328 327 331 331 330 323 309 303 305 311 320 327 329 321 319 327 334 335 332 327 324 321 315 315 306 321 331 331 332 333 330 324 323 328 326 319 317 320 312 295 295 307 311 307 292 279 284 297 296 278 254 245 249 272
133 133 133 133 133 133 133 133 133 133 134 200 277 281 278 273 264 272 270 275 272 254 262 275 278 281 285 289 293 294 289 289 291 298 309 321 329 329 323 322 321 316 316 324 333 333 326 323 321 319 317 316 313 312 308 318 325 330 331 327 327 330 335 335 330 326 324 324 327 322 306 321 334 338 333 324 319 316 322 325 316 307 298 305 299 282 281 287 280 281 282 273 287 293 289 280 264 234 255 277
133 133 133 133 133 133 133 133 133 133 135 202 272 274 272 268 256 259 262 266 264 245 261 272 279 280 277 277 280 281 275 275 278 286 295 303 310 313 309 317 321 320 320 327 335 337 334 333 330 331 333 337 333 325 310 314 323 334 337 335 335 336 337 335 331 328 325 326 326 317 308 318 332 339 331 324 319 315 311 307 305 298 293 293 289 289 289 280 281 276 266 287 288 281 270 262 249 232 263 278
133 133 133 133 133 133 133 133 133 133 134 199 266 265 266 267 261 246 246 257 246 245 263 270 273 273 266 265 271 270 275 281 288 294 297 301 305 307 310 318 323 327 326 330 338 342 343 345 346 346 348 348 344 332 317 315 324 332 334 331 330 333 330 324 321 318 315 316 316 310 319 327 336 342 338 333 327 323 315 316 324 319 314 307 299 308 306 296 290 282 257 267 257 247 237 228 225 225 240 252
133 133 133 133 133 133 133 133 133 133 134 197 255 251 259 262 260 252 232 240 233 250 256 258 255 257 259 263 265 277 286 287 292 301 310 315 316 316 315 321 328 331 330 328 334 340 345 348 351 351 351 347 341 333 324 313 316 319 321 323 325 328 324 321 320 318 318 316 313 316 331 335 341 343 341 335 327 321 318 322 329 327 322 321 319 315 308 304 298 280 257 244 249 256 243 233 249 245 227 213
133 133 133 133 133 133 133 133 133 133 134 193 244 243 253 251 248 243 236 220 233 239 244 247 262 269 277 280 279 276 280 284 293 306 315 319 318 319 323 330 335 334 331 330 333 338 340 340 343 345 345 339 332 327 320 316 316 319 327 330 330 333 331 329 330 329 328 322 317 316 325 331 339 342 340 333 328 323 324 324 326 324 327 334 330 322 319 317 309 290 259 266 284 276 254 249 262 251 238 221
133 133 133 133 133 133 133 133 133 133 134 192 233 243 251 248 231 214 217 231 246 258 265 268 272 276 278 279 281 284 285 289 297 306 312 314 311 316 324 330 335 336 334 333 336 339 337 332 333 336 340 340 335 330 325 324 322 326 335 340 337 340 340 340 341 338 331 323 319 321 324 331 337 338 332 322 314 308 311 312 312 304 309 314 313 315 313 308 298 274 261 288 292 277 256 265 262 244 237 235
133 133 133 133 133 133 133 133 133 133 134 182 225 241 243 235 207 225 229 241 248 257 267 273 274 273 271 272 278 283 286 288 294 300 305 306 303 310 315 324 328 324 324 327 333 329 326 320 321 330 332 333 333 333 335 335 330 331 341 347 346 348 347 346 343 337 331 325 324 328 330 330 328 327 320 310 303 282 296 291 296 283 284 294 293 289 283 277 273 271 291 301 296 280 275 276 262 258 262 259
133 133 133 133 133 133 133 133 133 133 138 186 222 215 209 203 223 249 247 249 256 258 267 271 272 270 263 265 271 276 280 282 290 297 301 297 296 303 309 317 319 312 308 313 318 311 305 305 312 317 317 320 328 334 339 338 334 335 344 349 350 350 347 343 339 336 331 327 327 331 333 328 321 316 307 292 281 253 246 254 279 268 280 288 291 290 286 279 288 301 308 304 296 286 281 274 270 281 274 263
133 133 133 133 133 133 133 133 133 133 133 137 187 190 217 242 253 257 257 258 261 262 264 267 268 264 259 267 265 271 274 281 288 293 294 289 300 304 306 310 311 307 304 299 297 301 304 306 309 312 315 320 326 334 343 345 342 341 345 348 350 348 344 339 332 326 329 327 325 331 331 324 318 311 308 308 302 281 225 225 253 268 294 302 308 305 294 291 304 311 307 294 287 286 284 286 290 288 279 275
133 133 133 133 133 133 133 133 133 133 133 134 159 196 235 247 246 254 257 255 259 258 259 257 256 248 256 256 264 268 274 281 284 283 280 290 301 303 299 300 306 309 306 294 298 319 328 329 329 327 326 324 329 336 344 349 345 341 340 344 344 345 341 332 312 294 309 308 314 317 315 294 296 285 275 277 251 208 215 259 269 282 292 299 303 302 301 308 314 308 295 269 282 291 297 301 298 293 289 287
133 133 133 133 133 133 133 133 133 133 133 133 141 211 230 232 231 241 243 244 250 248 252 250 238 235 250 249 258 261 273 278 270 274 287 298 304 302 291 298 306 301 289 284 305 323 331 331 327 318 318 317 323 328 338 343 333 320 326 337 330 340 345 340 328 272 252 261 262 250 246 236 227 225 207 178 153 144 154 173 200 238 253 250 262 280 295 308 310 301 281 245 270 288 293 295 293 290 285 284
133 133 133 133 133 133 133 133 133 133 133 133 140 201 203 205 216 224 227 234 240 242 249 247 233 231 239 234 248 262 269 263 270 281 289 295 299 295 282 292 297 288 280 294 305 317 322 318 317 303 296 297 302 311 328 335 325 303 303 316 309 333 339 326 302 234 176 146 145 138 139 143 140 137 134 133 133 133 133 133 134 151 169 160 164 195 224 252 276 280 263 219 265 288 282 282 280 282 279 270
133 133 133 133 133 133 133 133 133 133 133 135 165 178 203 214 227 239 241 239 241 247 252 251 240 219 223 229 244 251 251 258 274 278 279 281 286 284 274 285 286 275 290 302 308 313 315 304 308 303 280 287 299 312 324 331 326 310 283 262 284 317 304 258 203 146 133 133 133 133 133 133 133 133 133 133 133 133 133 133 133 133 133 133 133 134 136 149 188 228 209 205 256 258 252 261 261 259 267 258
133 133 133 133 133 133 133 133 133 133 133 137 166 206 210 223 233 240 244 246 249 253 254 250 228 219 234 234 237 240 244 257 266 267 266 268 273 272 268 279 279 270 286 298 303 307 312 304 290 293 266 281 297 310 315 323 325 316 307 251 232 238 188 147 134 133 133 133 133 133 133 133 133 133 133 133 133 133 133 133 133 133 133 133 133 133 133 133 135 139 146 186 209 205 203 215 222 221 235 240
133 133 133 133 133 133 133 133 133 133 133 150 205 219 218 225 233 235 234 237 241 244 246 242 211 231 232 235 242 248 252 258 258 257 256 255 263 262 262 269 271 265 279 290 300 305 307 301 272 263 256 285 296 300 297 307 311 295 290 240 181 139 133 133 133 133 133 133 133 133 133 133 133 133 133 133 133 133 133 133 133 133 133 133 133 133 133 133 133 133 133 137 157 166 168 172 178 185 193 203
133 133 133 133 133 133 133 133 133 133 134 155 202 216 219 223 226 221 212 215 215 216 203 203 200 207 207 215 224 228 238 247 246 245 242 246 255 253 253 253 252 265 284 294 302 297 285 285 274 229 268 286 287 283 281 289 290 280 231 176 134 133 133 133 133 133 133 133 133 133 133 133 133 133 133 133 133 133 133 133 133 133 133 133 133 133 133 133 133 133 133 133 135 148 159 166 171 176 190 205
133 133 133 133 133 133 133 133 133 133 133 136 163 225 220 214 200 186 177 178 181 189 203 211 223 235 227 228 228 224 219 228 230 230 240 241 240 243 255 261 272 273 280 274 278 266 257 250 246 221 251 267 260 251 261 261 256 258 206 138 133 133 133 133 133 133 133 133 133 133 133 133 133 133 133 133 133 133 133 133 133 133 133 133 133 133 133 133 133 133 133 133 133 136 162 189 196 191 209 235
133 133 133 133 133 133 133 133 133 133 133 133 161 223 199 178 179 195 205 211 222 234 243 233 247 258 255 248 256 247 238 233 241 246 258 271 274 268 286 296 298 289 276 252 241 229 233 231 231 216 241 252 241 233 245 237 234 229 164 133 133 133 133 133 133 133 133 133 133 133 133 133 133 133 133 133 133 133 133 133 133 133 133 133 133 133 133 133 133 133 133 133 133 133 136 185 218 212 231 254
133 133 133 133 133 133 133 133 133 133 133 134 183 202 165 187 224 232 236 242 249 252 255 255 255 261 263 259 260 255 261 256 255 260 256 270 278 279 286 300 307 303 292 270 249 241 224 205 214 211 234 244 237 225 227 225 221 184 135 133 133 133 133 133 133 133 133 133 133 133 133 133 133 133 133 133 133 133 133 133 133 133 133 133 133 133 133 133 133 133 133 133 133 133 134 142 190 228 251 258
133 133 133 133 133 133 133 133 133 133 133 134 177 167 197 229 233 236 241 246 249 253 259 265 269 271 271 267 266 265 269 265 260 271 270 271 281 290 296 303 305 302 295 286 272 269 251 195 203 237 249 243 236 231 213 212 192 140 133 133 133 133 133 133 133 133 133 133 133 133 133 133 133 133 133 133 133 133 133 133 133 133 133 133 133 133 133 133 133 133 133 133 133 133 133 133 140 194 233 237
133 133 133 133 133 133 133 133 133 133 133 133 142 173 208 209 211 221 228 230 235 241 252 262 267 268 266 266 267 268 272 272 274 278 281 280 283 291 299 300 295 290 274 261 254 247 233 185 203 229 231 209 200 204 209 170 135 133 133 133 133 133 133 133 133 133 133 133 133 133 133 133 133 133 133 133 133 133 133 133 133 133 133 133 133 133 133 133 133 133 133 133 133 133 133 133 133 155 215 208
133 133 133 133 133 133 133 133 133 133 133 133 137 180 186 192 204 213 226 241 243 243 248 255 261 262 257 257 262 266 270 274 276 278 282 285 290 295 299 296 286 277 265 249 237 223 210 193 177 199 207 184 198 220 170 133 133 133 133 133 133 133 133 133 133 133 133 133 133 133 133 133 133 133 133 133 133 133 133 133 133 133 133 133 133 133 133 133 133 133 133 133 133 133 133 133 133 134 167 188
133 133 133 133 133 133 133 133 133 133 133 133 151 204 209 214 225 233 239 247 248 249 254 260 261 255 245 248 257 258 261 269 271 274 278 283 288 294 297 292 281 267 258 264 265 262 254 245 210 185 196 200 229 161 133 133 133 133 133 133 133 133 133 133 133 133 133 133 133 133 133 133 133 133 133 133 133 133 133 133 133 133 133 133 133 133 133 133 133 133 133 133 133 133 133 133 133 133 143 209
133 133 133 133 133 133 133 133 133 133 133 137 164 200 222 228 233 234 238 244 244 246 251 252 254 249 239 244 250 252 261 264 269 274 278 281 285 291 294 293 287 281 267 243 263 267 263 255 222 167 172 177 164 133 133 133 133 133 133 133 133 133 133 133 133 133 133 133 133 133 133 133 133 133 133 133 133 133 133 133 133 133 133 133 133 133 133 133 133 133 133 133 133 133 133 133 133 133 134 175
133 133 133 133 133 133 133 133 133 133 133 134 153 167 206 215 221 218 220 232 232 233 235 233 240 239 229 235 246 260 270 273 272 272 275 278 283 287 289 286 281 278 262 245 220 214 186 167 176 166 145 133 133 133 133 133 133 133 133 133 133 133 133 133 133 133 133 133 133 133 133 133 133 133 133 133 133 133 133 133 133 133 133 133 133 133 133 133 133 133 133 133 133 133 133 133 133 133 133 136
133 133 133 133 133 133 133 133 133 133 133 133 133 135 167 183 195 192 199 210 213 211 213 220 229 225 229 236 246 253 264 266 265 272 278 282 287 290 290 286 245 190 182 208 170 144 133 133 133 134 133 133 133 133 133 133 133 133 133 133 133 133 133 133 133 133 133 133 133 133 133 133 133 133 133 133 133 133 133 133 133 133 133 133 133 133 133 133 133 133 133 133 133 133 133 133 133 133 133 133
133 133 133 133 133 133 133 133 133 133 133 133 133 135 174 216 202 198 210 208 204 217 228 232 235 241 246 254 258 258 261 266 269 279 285 286 290 292 282 204 144 133 133 133 133 133 133 133 133 133 133 133 133 133 133 133 133 133 133 133 133 133 133 133 133 133 133 133 133 133 133 133 133 133 133 133 133 133 133 133 133 133 133 133 133 133 133 133 133 133 133 133 133 133 133 133 133 133 133 133
133 133 133 133 133 133 133 133 133 133 133 133 133 135 183 227 222 205 220 229 225 219 228 240 251 258 258 266 271 272 274 278 279 283 287 289 289 277 220 134 133 133 133 133 133 133 133 133 133 133 133 133 133 133 133 133 133 133 133 133 133 133 133 133 133 133 133 133 133 133 133 133 133 133 133 133 133 133 133 133 133 133 133 133 133 133 133 133 133 133 133 133 133 133 133 133 133 133 133 133
133 133 133 133 133 133 133 133 133 133 133 133 133 135 185 220 225 217 218 225 233 234 207 185 225 258 263 269 276 278 282 284 283 286 285 280 257 177 133 133 133 133 133 133 133 133 133 133 133 133 133 133 133 133 133 133 133 133 133 133 133 133 133 133 133 133 133 133 133 133 133 133 133 133 133 133 133 133 133 133 133 133 133 133 133 133 133 133 133 133 133 133 133 133 133 133 133 133 133 133
133 133 133 133 133 133 133 133 133 133 133 133 133 133 142 204 211 197 225 231 224 162 134 134 190 202 195 213 220 242 249 210 192 210 223 172 141 133 133 133 133 133 133 133 133 133 133 133 133 133 133 133 133 133 133 133 133 133 133 133 133 133 133 133 133 133 133 133 133 133 133 133 133 133 133 133 133 133 133 133 133 133 133 133 133 133 133 133 133 133 133 133 133 133 133 133 133 133 133 133
133 133 133 133 133 133 133 133 133 133 133 133 133 133 136 170 138 135 192 177 141 133 133 133 136 133 133 134 134 136 135 134 133 134 133 133 133 133 133 133 133 133 133 133 133 133 133 133 133 133 133 133 133 133 133 133 133 133 133 133 133 133 133 133 133 133 133 133 133 133 133 133 133 133 133 133 133 133 133 133 133 133 133 133 133 133 133 133 133 133 133 133 133 133 133 133 133 133 133 133
133 133 133 133 133 133 133 133 133 133 133 133 133 133 133 133 133 133 133 133 133 133 133 133 133 133 133 133 133 133 133 133 133 133 133 133 133 133 133 133 133 133 133 133 133 133 133 133 133 133 133 133 133 133 133 133 133 133 133 133 133 133 133 133 133 133 133 133 133 133 133 133 133 133 133 133 133 133 133 133 133 133 133 133 133 133 133 133 133 133 133 133 133 133 133 133 133 133 133 133
133 133 133 133 133 133 133 133 133 133 133 133 133 133 133 133 133 133 133 133 133 133 133 133 133 133 133 133 133 133 133 133 133 133 133 133 133 133 133 133 133 133 133 133 133 133 133 133 133 133 133 133 133 133 133 133 133 133 133 133 133 133 133 133 133 133 133 133 133 133 133 133 133 133 133 133 133 133 133 133 133 133 133 133 133 133 133 133 133 133 133 133 133 133 133 133 133 133 133 133
133 133 133 133 133 133 133 133 133 133 133 133 133 133 133 133 133 133 133 133 133 133 133 133 133 133 133 133 133 133 133 133 133 133 133 133 133 133 133 133 133 133 133 133 133 133 133 133 133 133 133 133 133 133 133 133 133 133 133 133 133 133 133 133 133 133 133 133 133 133 133 133 133 133 133 133 133 133 133 133 133 133 133 133 133 133 133 133 133 133 133 133 133 133 133 133 133 133 133 133
133 133 133 133 133 133 133 133 133 133 133 133 133 133 133 133 133 133 133 133 133 133 133 133 133 133 133 133 133 133 133 133 133 133 133 133 133 133 133 133 133 133 133 133 133 133 133 133 133 133 133 133 133 133 133 133 133 133 133 133 133 133 133 133 133 133 133 133 133 133 133 133 133 133 133 133 133 133 133 133 133 133 133 133 133 133 133 133 133 133 133 133 133 133 133 133 133 133 133 133
133 133 133 133 133 133 133 133 133 133 133 133 133 133 133 133 133 133 133 133 133 133 133 133 133 133 133 133 133 133 133 133 133 133 133 133 133 133 133 133 133 133 133 133 133 133 133 133 133 133 133 133 133 133 133 133 133 133 133 133 133 133 133 133 133 133 133 133 133 133 133 133 133 133 133 133 133 133 133 133 133 133 133 133 133 133 133 133 133 133 133 133 133 133 133 133 133 133 133 133
133 133 133 133 133 133 133 133 133 133 133 133 133 133 133 133 133 133 133 133 133 133 133 133 133 133 133 133 133 133 133 133 133 133 133 133 133 133 133 133 133 133 133 133 133 133 133 133 133 133 133 133 133 133 133 133 133 133 133 133 133 133 133 133 133 133 133 133 133 133 133 133 133 133 133 133 133 133 133 133 133 133 133 133 133 133 133 133 133 133 133 133 133 133 133 133 133 133 133 133
133 133 133 133 133 133 133 133 133 133 133 133 133 133 133 133 133 133 133 133 133 133 133 133 133 133 133 133 133 133 133 133 133 133 133 133 133 133 133 133 133 133 133 133 133 133 133 133 133 133 133 133 133 133 133 133 133 133 133 133 133 133 133 133 133 133 133 133 133 133 133 133 133 133 133 133 133 133 133 133 133 133 133 133 133 133 133 133 133 133 133 133 133 133 133 133 133 133 133 133
133 133 133 133 133 133 133 133 133 133 133 133 133 133 133 133 133 133 133 133 133 133 133 133 133 133 133 133 133 133 133 133 133 133 133 133 133 133 133 133 133 133 133 133 133 133 133 133 133 133 133 133 133 133 133 133 133 133 133 133 133 133 133 133 133 133 133 133 133 133 133 133 133 133 133 133 133 133 133 133 133 133 133 133 133 133 133 133 133 133 133 133 133 133 133 133 133 133 133 133
133 133 133 133 133 133 133 133 133 133 133 133 133 133 133 133 133 133 133 133 133 133 133 133 133 133 133 133 133 133 133 133 133 133 133 133 133 133 133 133 133 133 133 133 133 133 133 133 133 133 133 133 133 133 133 133 133 133 133 133 133 133 133 133 133 133 133 133 133 133 133 133 133 133 133 133 133 133 133 133 133 133 133 133 133 133 133 133 133 133 133 133 133 133 133 133 133 133 133 133
133 133 133 133 133 133 133 133 133 133 133 133 133 133 133 133 133 133 133 133 133 133 133 133 133 133 133 133 133 133 133 133 133 133 133 133 133 133 133 133 133 133 133 133 133 133 133 133 133 133 133 133 133 133 133 133 133 133 133 133 133 133 133 133 133 133 133 133 133 133 133 133 133 133 133 133 133 133 133 133 133 133 133 133 133 133 133 133 133 133 133 133 133 133 133 133 133 133 133 133
133 133 133 133 133 133 133 133 133 133 133 133 133 133 133 133 133 133 133 133 133 133 133 133 133 133 133 133 133 133 133 133 133 133 133 133 133 133 133 133 133 133 133 133 133 133 133 133 133 133 133 133 133 133 133 133 133 133 133 133 133 133 133 133 133 133 133 133 133 133 133 133 133 133 133 133 133 133 133 133 133 133 133 133 133 133 133 133 133 133 133 133 133 133 133 133 133 133 133 133
135 135 135 135 135 135 135 135 135 135 135 135 135 135 135 135 135 135 135 135 135 135 135 135 135 135 135 135 135 135 135 135 135 135 135 135 135 135 135 135 135 135 135 135 135 135 135 135 135 135 135 135 135 135 135 135 135 135 135 135 135 135 135 135 135 135 135 135 135 135 135 135 135 135 135 135 135 135 135 135 135 135 135 135 135 135 135 135 135 135 135 135 135 135 135 135 135 135 135 135
135 135 135 135 135 135 135 135 135 135 135 135 135 135 135 135 135 135 135 135 135 135 135 135 135 135 135 135 135 135 135 135 135 135 135 135 135 135 135 135 135 135 135 135 135 135 135 135 135 135 135 135 135 135 135 135 135 135 135 135 135 135 135 135 135 135 135 135 135 135 135 135 135 135 135 135 135 135 135 135 135 135 135 135 135 135 135 135 135 135 135 135 135 135 135 135 135 135 135 135
135 135 135 135 135 135 135 135 135 135 135 135 135 135 135 135 135 135 135 135 135 135 135 135 135 135 135 135 135 135 135 135 135 135 135 135 135 135 135 135 135 135 135 135 135 135 135 135 135 135 135 135 135 135 135 135 135 135 135 135 135 135 135 135 135 135 135 135 135 135 135 135 135 135 135 135 135 135 135 135 135 135 135 135 135 135 135 135 135 135 135 135 135 135 135 135 135 135 135 135
135 135 135 135 135 135 135 135 135 135 135 135 135 135 135 135 135 135 135 135 135 135 135 135 135 135 135 135 135 135 135 135 135 135 135 135 135 135 135 135 135 135 135 135 135 135 135 135 135 135 135 135 135 135 135 135 135 135 135 135 135 135 135 135 135 135 135 135 135 135 135 135 135 135 135 135 135 135 135 135 135 135 135 135 135 135 135 135 135 135 135 135 135 135 135 135 135 135 135 135
135 135 135 135 135 135 135 135 135 135 135 135 135 135 135 135 135 135 135 135 135 135 135 135 135 135 135 135 135 135 135 135 135 135 135 135 135 135 135 135 135 135 135 135 135 135 135 135 135 135 135 135 135 135 135 135 135 135 135 135 135 135 135 135 135 135 135 135 135 135 135 135 135 135 135 135 135 135 135 135 135 135 135 135 135 135 135 135 135 135 135 135 135 135 135 135 135 135 135 135
135 135 135 135 135 135 135 135 135 135 135 135 135 135 135 135 135 135 135 135 135 135 135 135 135 135 135 135 135 135 135 135 135 135 135 135 135 135 135 135 135 135 135 135 135 135 135 135 135 135 135 135 135 135 135 135 135 135 135 135 135 135 135 135 135 135 135 135 135 135 135 135 135 135 135 135 135 135 135 135 135 135 135 135 135 135 135 135 135 135 135 135 135 135 135 135 135 135 135 135
135 135 135 135 135 135 135 135 135 135 135 135 135 135 135 135 135 135 135 135 135 135 135 135 135 135 135 135 135 135 135 135 135 135 135 135 135 135 135 135 135 135 135 135 135 135 135 135 135 135 135 135 135 135 135 135 135 135 135 135 135 135 135 135 135 135 135 135 135 135 135 135 135 135 135 135 135 135 135 135 135 135 135 135 135 135 135 135 135 135 135 135 135 135 135 135 135 135 135 135
135 135 135 135 135 135 135 135 135 135 135 135 135 135 135 135 135 135 135 135 135 135 135 135 135 135 135 135 135 135 135 135 135 135 135 135 135 135 135 135 135 135 135 135 135 135 135 135 135 135 135 135 135 135 135 135 135 135 135 135 135 135 135 135 135 135 135 135 135 135 135 135 135 135 135 135 135 135 135 135 135 135 135 135 135 135 135 135 135 135 135 135 135 135 135 135 135 135 135 135
135 135 135 135 135 135 135 135 135 135 135 135 135 135 135 135 135 135 135 135 135 135 135 135 135 135 135 135 135 135 135 135 135 135 135 135 135 135 135 135 135 135 135 135 135 135 135 135 135 135 135 135 135 135 135 135 135 135 135 135 135 135 135 135 135 135 135 135 135 135 135 135 135 135 135 135 135 135 135 135 135 135 135 135 135 135 135 135 135 135 135 135 135 135 135 135 135 135 135 135
135 135 135 135 135 135 135 135 135 135 135 135 135 135 135 135 135 135 135 135 135 135 135 135 135 135 135 135 135 135 135 135 135 135 135 135 135 135 135 135 135 135 135 135 135 135 135 135 135 135 135 135 135 135 135 135 135 135 135 135 135 135 135 135 135 135 135 135 135 135 135 135 135 135 135 135 135 135 135 135 135 135 135 135 135 135 135 135 135 135 135 135 135 135 135 135 135 135 135 135
135 135 135 135 135 135 135 135 135 135 135 135 135 135 135 135 135 135 135 135 135 135 135 135 135 135 135 135 135 135 135 135 135 135 135 135 135 135 135 135 135 135 135 135 135 135 135 135 135 135 135 135 135 135 135 135 135 135 135 135 135 135 135 135 135 135 135 135 135 135 135 135 135 135 135 135 135 135 135 135 135 135 135 135 135 135 135 135 135 135 135 135 135 135 135 135 135 135 135 135
135 135 135 135 135 135 135 135 135 135 135 135 135 135 135 135 135 135 135 135 135 135 135 135 135 135 135 135 135 135 135 135 135 135 135 135 135 135 135 135 135 135 135 135 135 135 135 135 135 135 135 135 135 135 135 135 135 135 135 135 135 135 135 135 135 135 135 135 135 135 135 135 135 135 135 135 135 135 135 135 135 135 135 135 135 135 135 135 135 135 135 135 135 135 135 135 135 135 135 135
135 135 135 135 135 135 135 135 135 135 135 135 135 135 135 135 135 135 135 135 135 135 135 135 135 135 135 135 135 135 135 135 135 135 135 135 135 135 135 135 135 135 135 135 135 135 135 135 135 135 135 135 135 135 135 135 135 135 135 135 135 135 135 135 135 135 135 135 135 135 135 135 135 135 135 135 135 135 135 135 135 135 135 135 135 135 135 135 135 135 135 135 135 135 135 135 135 135 135 135
135 135 135 135 135 135 135 135 135 135 135 135 135 135 135 135 135 135 135 135 135 135 135 135 135 135 135 135 135 135 135 135 135 135 135 135 135 135 135 135 135 135 135 135 135 135 135 135 135 135 135 135 135 135 135 135 135 135 135 135 135 135 135 135 135 135 135 135 135 135 135 135 135 135 135 135 135 135 135 135 135 135 135 135 135 135 135 135 135 135 135 135 135 135 135 135 135 135 135 135
135 135 135 135 135 135 135 135 135 135 135 135 135 135 135 135 135 135 135 135 135 135 135 135 135 135 135 135 135 135 135 135 135 135 135 135 135 135 135 135 135 135 135 135 135 135 135 135 135 135 135 135 135 135 135 135 135 135 135 135 135 135 135 135 135 135 135 135 135 135 135 135 135 135 135 135 135 135 135 135 135 135 135 135 135 135 135 135 135 135 135 135 135 135 135 135 135 135 135 135
135 135 135 135 135 135 135 135 135 135 135 135 135 135 135 135 135 135 135 135 135 135 135 135 135 135 135 135 135 135 135 135 135 135 135 135 135 135 135 135 135 135 135 135 135 135 135 135 135 135 135 135 135 135 135 135 135 135 135 135 135 135 135 135 135 135 135 135 135 135 135 135 135 135 135 135 135 135 135 135 135 135 135 135 135 135 135 135 135 135 135 135 135 135 135 135 135 135 135 135
135 135 135 135 135 135 135 135 135 135 135 135 135 135 135 135 135 135 135 135 135 135 135 135 135 135 135 135 135 135 135 135 135 135 135 135 135 135 135 135 135 135 135 135 135 135 135 135 135 135 135 135 135 135 135 135 135 135 135 135 135 135 135 135 135 135 135 135 135 135 135 135 135 135 135 135 135 135 135 135 135 135 135 135 135 135 135 135 135 135 135 135 135 135 135 135 135 135 135 135
135 135 135 135 135 135 135 135 135 135 135 135 135 135 135 135 135 135 135 135 135 135 135 135 135 135 135 135 135 135 135 135 135 135 135 135 135 135 135 135 135 135 135 135 135 135 135 135 135 135 135 135 135 135 135 135 135 135 135 135 135 135 135 135 135 135 135 135 135 135 135 135 135 135 135 135 135 135 135 135 135 135 135 135 135 135 135 135 135 135 135 135 135 135 135 135 135 135 135 135
135 135 135 135 135 135 135 135 135 135 135 135 135 135 135 135 135 135 135 135 135 135 135 135 135 135 135 135 135 135 135 135 135 135 135 135 135 135 135 135 135 135 135 135 135 135 135 135 135 135 135 135 135 135 135 135 135 135 135 135 135 135 135 135 135 135 135 135 135 135 135 135 135 135 135 135 135 135 135 135 135 135 135 135 135 135 135 135 135 135 135 135 135 135 135 135 135 135 135 135
135 135 135 135 135 135 135 135 135 135 135 135 135 135 135 135 135 135 135 135 135 135 135 135 135 135 135 135 135 135 135 135 135 135 135 135 135 135 135 135 135 135 135 135 135 135 135 135 135 135 135 135 135 135 135 135 135 135 135 135 135 135 135 135 135 135 135 135 135 135 135 135 135 135 135 135 135 135 135 135 135 135 135 135 135 135 135 135 135 135 135 135 135 135 135 135 135 135 135 135
135 135 135 135 135 135 135 135 135 135 135 135 135 135 135 135 135 135 135 135 135 135 135 135 135 135 135 135 135 135 135 135 135 135 135 135 135 135 135 135 135 135 135 135 135 135 135 135 135 135 135 135 135 135 135 135 135 135 135 135 135 135 135 135 135 135 135 135 135 135 135 135 135 135 135 135 135 135 135 135 135 135 135 135 135 135 135 135 135 135 135 135 135 135 135 135 135 135 135 135
135 135 135 135 135 135 135 135 135 135 135 135 135 135 135 135 135 135 135 135 135 135 135 135 135 135 135 135 135 135 135 135 135 135 135 135 135 135 135 135 135 135 135 135 135 135 135 135 135 135 135 135 135 135 135 135 135 135 135 135 135 135 135 135 135 135 135 135 135 135 135 135 135 135 135 135 135 135 135 135 135 135 135 135 135 135 135 135 135 135 135 135 135 135 135 135 135 135 135 135
135 135 135 135 135 135 135 135 135 135 135 135 135 135 135 135 135 135 135 135 135 135 135 135 135 135 135 135 135 135 135 135 135 135 135 135 135 135 135 135 135 135 135 135 135 135 135 135 135 135 135 135 135 135 135 135 135 135 135 135 135 135 135 135 135 135 135 135 135 135 135 135 135 135 135 135 135 135 135 135 135 135 135 135 135 135 135 135 135 135 135 135 135 135 135 135 135 135 135 135
135 135 135 135 135 135 135 135 135 135 135 135 135 135 135 135 135 135 135 135 135 135 135 135 135 135 135 135 135 135 135 135 135 135 135 135 135 135 135 135 135 135 135 135 135 135 135 135 135 135 135 135 135 135 135 135 135 135 135 135 135 135 135 135 135 135 135 135 135 135 135 135 135 135 135 135 135 135 135 135 135 135 135 135 135 135 135 135 135 135 135 135 135 135 135 135 135 135 135 135
135 135 135 135 135 135 135 135 135 135 135 135 135 135 135 135 135 135 135 135 135 135 135 135 135 135 135 135 135 135 135 135 135 135 135 135 135 135 135 135 135 135 135 135 135 135 135 135 135 135 135 135 135 135 135 135 135 135 135 135 135 135 135 135 135 135 135 135 135 135 135 135 135 135 135 135 135 135 135 135 135 135 135 135 135 135 135 135 135 135 135 135 135 135 135 135 135 135 135 135
135 135 135 135 135 135 135 135 135 135 135 135 135 135 135 135 135 135 135 135 135 135 135 135 135 135 135 135 135 135 135 135 135 135 135 135 135 135 135 135 135 135 135 135 135 135 135 135 135 135 135 135 135 135 135 135 135 135 135 135 135 135 135 135 135 135 135 135 135 135 135 135 135 135 135 135 135 135 135 135 135 135 135 135 135 135 135 135 135 135 135 135 135 135 135 135 135 135 135 135
135 135 135 135 135 135 135 135 135 135 135 135 135 135 135 135 135 135 135 135 135 135 135 135 135 135 135 135 135 135 135 135 135 135 135 135 135 135 135 135 135 135 135 135 135 135 135 135 135 135 135 135 135 135 135 135 135 135 135 135 135 135 135 135 135 135 135 135 135 135 135 135 135 135 135 135 135 135 135 135 135 135 135 135 135 135 135 135 135 135 135 135 135 135 135 135 135 135 135 135
135 135 135 135 135 135 135 135 135 135 135 135 135 135 135 135 135 135 135 135 135 135 135 135 135 135 135 135 135 135 135 135 135 135 135 135 135 135 135 135 135 135 135 135 135 135 135 135 135 135 135 135 135 135 135 135 135 135 135 135 135 135 135 135 135 135 135 135 135 135 135 135 135 135 135 135 135 135 135 135 135 135 135 135 135 135 135 135 135 135 135 135 135 135 135 135 135 135 135 135
135 135 135 135 135 135 135 135 135 135 135 135 135 135 135 135 135 135 135 135 135 135 135 135 135 135 135 135 135 135 135 135 135 135 135 135 135 135 135 135 135 135 135 135 135 135 135 135 135 135 135 135 135 135 135 135 135 135 135 135 135 135 135 135 135 135 135 135 135 135 135 135 135 135 135 135 135 135 135 135 135 135 135 135 135 135 135 135 135 135 135 135 135 135 135 135 135 135 135 135
135 135 135 135 135 135 135 135 135 135 135 135 135 135 135 135 135 135 135 135 135 135 135 135 135 135 135 135 135 135 135 135 135 135 135 135 135 135 135 135 135 135 135 135 135 135 135 135 135 135 135 135 135 135 135 135 135 135 135 135 135 135 135 135 135 135 135 135 135 135 135 135 135 135 135 135 135 135 135 135 135 135 135 135 135 135 135 135 135 135 135 135 135 135 135 135 135 135 135 135
135 135 135 135 135 135 135 135 135 135 135 135 135 135 135 135 135 135 135 135 135 135 135 135 135 135 135 135 135 135 135 135 135 135 135 135 135 135 135 135 135 135 135 135 135 135 135 135 135 135 135 135 135 135 135 135 135 135 135 135 135 135 135 135 135 135 135 135 135 135 135 135 135 135 135 135 135 135 135 135 135 135 135 135 135 135 135 135 135 135 135 135 135 135 135 135 135 135 135 135
135 135 135 135 135 135 135 135 135 135 135 135 135 135 135 135 135 135 135 135 135 135 135 135 135 135 135 135 135 135 135 135 135 135 135 135 135 135 135 135 135 135 135 135 135 135 135 135 135 135 135 135 135 135 135 135 135 135 135 135 135 135 135 135 135 135 135 135 135 135 135 135 135 135 135 135 135 135 135 135 135 135 135 135 135 135 135 135 135 135 135 135 135 135 135 135 135 135 135 135
135 135 135 135 135 135 135 135 135 135 135 135 135 135 135 135 135 135 135 135 135 135 135 135 135 135 135 135 135 135 135 135 135 135 135 135 135 135 135 135 135 135 135 135 135 135 135 135 135 135 135 135 135 135 135 135 135 135 135 135 135 135 135 135 135 135 135 135 135 135 135 135 135 135 135 135 135 135 135 135 135 135 135 135 135 135 135 135 135 135 135 135 135 135 135 135 135 135 135 135
135 135 135 135 135 135 135 135 135 135 135 135 135 135 135 135 135 135 135 135 135 135 135 135 135 135 135 135 135 135 135 135 135 135 135 135 135 135 135 135 135 135 135 135 135 135 135 135 135 135 135 135 135 135 135 135 135 135 135 135 135 135 135 135 135 135 135 135 135 135 135 135 135 135 135 135 135 135 135 135 135 135 135 135 135 135 135 135 135 135 135 135 135 135 135 135 135 135 135 135
135 135 135 135 135 135 135 135 135 135 135 135 135 135 135 135 135 135 135 135 135 135 135 135 135 135 135 135 135 135 135 135 135 135 135 135 135 135 135 135 135 135 135 135 135 135 135 135 135 135 135 135 135 135 135 135 135 135 135 135 135 135 135 135 135 135 135 135 135 135 135 135 135 135 135 135 135 135 135 135 135 135 135 135 135 135 135 135 135 135 135 135 135 135 135 135 135 135 135 135
135 135 135 135 135 135 135 135 135 135 135 135 135 135 135 135 135 135 135 135 135 135 135 135 135 135 135 135 135 135 135 135 135 135 135 135 135 135 135 135 135 135 135 135 135 135 135 135 135 135 135 135 135 135 135 135 135 135 135 135 135 135 135 135 135 135 135 135 135 135 135 135 135 135 135 135 135 135 135 135 135 135 135 135 135 135 135 135 135 135 135 135 135 135 135 135 135 135 135 135
135 135 135 135 135 135 135 135 135 135 135 135 135 135 135 135 135 135 135 135 135 135 135 135 135 135 135 135 135 135 135 135 135 135 135 135 135 135 135 135 135 135 135 135 135 135 135 135 135 135 135 135 135 135 135 135 135 135 135 135 135 135 135 135 135 135 135 135 135 135 135 135 135 135 135 135 135 135 135 135 135 135 135 135 135 135 135 135 135 135 135 135 135 135 135 135 135 135 135 135
135 135 135 135 135 135 135 135 135 135 135 135 135 135 135 135 135 135 135 135 135 135 135 135 135 135 135 135 135 135 135 135 135 135 135 135 135 135 135 135 135 135 135 135 135 135 135 135 135 135 135 135 135 135 135 135 135 135 135 135 135 135 135 135 135 135 135 135 135 135 135 135 135 135 135 135 135 135 135 135 135 135 135 135 135 135 135 135 135 135 135 135 135 135 135 135 135 135 135 135
135 135 135 135 135 135 135 135 135 135 135 135 135 135 135 135 135 135 135 135 135 135 135 135 135 135 135 135 135 135 135 135 135 135 135 135 135 135 135 135 135 135 135 135 135 135 135 135 135 135 135 135 135 135 135 135 135 135 135 135 135 135 135 135 135 135 135 135 135 135 135 135 135 135 135 135 135 135 135 135 135 135 135 135 135 135 135 135 135 135 135 135 135 135 135 135 135 135 135 135
135 135 135 135 135 135 135 135 135 135 135 135 135 135 135 135 135 135 135 135 135 135 135 135 135 135 135 135 135 135 135 135 135 135 135 135 135 135 135 135 135 135 135 135 135 135 135 135 135 135 135 135 135 135 135 135 135 135 135 135 135 135 135 135 135 135 135 135 135 135 135 135 135 135 135 135 135 135 135 135 135 135 135 135 135 135 135 135 135 135 135 135 135 135 135 135 135 135 135 135
135 135 135 135 135 135 135 135 135 135 135 135 135 135 135 135 135 135 135 135 135 135 135 135 135 135 135 135 135 135 135 135 135 135 135 135 135 135 135 135 135 135 135 135 135 135 135 135 135 135 135 135 135 135 135 135 135 135 135 135 135 135 135 135 135 135 135 135 135 135 135 135 135 135 135 135 135 135 135 135 135 135 135 135 135 135 135 135 135 135 135 135 135 135 135 135 135 135 135 135
135 135 135 135 135 135 135 135 135 135 135 135 135 135 135 135 135 135 135 135 135 135 135 135 135 135 135 135 135 135 135 135 135 135 135 135 135 135 135 135 135 135 135 135 135 135 135 135 135 135 135 135 135 135 135 135 135 135 135 135 135 135 135 135 135 135 135 135 135 135 135 135 135 135 135 135 135 135 135 135 135 135 135 135 135 135 135 135 135 135 135 135 135 135 135 135 135 135 135 135
135 135 135 135 135 135 135 135 135 135 135 135 135 135 135 135 135 135 135 135 135 135 135 135 135 135 135 135 135 135 135 135 135 135 135 135 135 135 135 135 135 135 135 135 135 135 135 135 135 135 135 135 135 135 135 135 135 135 135 135 135 135 135 135 135 135 135 135 135 135 135 135 135 135 135 135 135 135 135 135 135 135 135 135 135 135 135 135 135 135 135 135 135 135 135 135 135 135 135 135
135 135 135 135 135 135 135 135 135 135 135 135 135 135 135 135 135 135 135 135 135 135 135 135 135 135 135 135 135 135 135 135 135 135 135 135 135 135 135 135 135 135 135 135 135 135 135 135 135 135 135 135 135 135 135 135 135 135 135 135 135 135 135 135 135 135 135 135 135 135 135 135 135 135 135 135 135 135 135 135 135 135 135 135 135 135 135 135 135 135 135 135 135 135 135 135 135 135 135 135
135 135 135 135 135 135 135 135 135 135 135 135 135 135 135 135 135 135 135 135 135 135 135 135 135 135 135 135 135 135 135 135 135 135 135 135 135 135 135 135 135 135 135 135 135 135 135 135 135 135 135 135 135 135 135 135 135 135 135 135 135 135 135 135 135 135 135 135 135 135 135 135 135 135 135 135 135 135 135 135 135 135 135 135 135 135 135 135 135 135 135 135 135 135 135 135 135 135 135 135
135 135 135 135 135 135 135 135 135 135 135 135 135 135 135 135 135 135 135 135 135 135 135 135 135 135 135 135 135 135 135 135 135 135 135 135 135 135 135 135 135 135 135 135 135 135 135 135 135 135 135 135 135 135 135 135 135 135 135 135 135 135 135 135 135 135 135 135 135 135 135 135 135 135 135 135 135 135 135 135 135 135 135 135 135 135 135 135 135 135 135 135 135 135 135 135 135 135 135 135
135 135 135 135 135 135 135 135 135 135 135 135 135 135 135 135 135 135 135 135 135 135 135 135 135 135 135 135 135 135 135 135 135 135 135 135 135 135 135 135 135 135 135 135 135 135 135 135 135 135 135 135 135 135 135 135 135 135 135 135 135 135 135 135 135 135 135 135 135 135 135 135 135 135 135 135 135 135 135 135 135 135 135 135 135 135 135 135 135 135 135 135 135 135 135 135 135 135 135 135
135 135 135 135 135 135 135 135 135 135 135 135 135 135 135 135 135 135 135 135 135 135 135 135 135 135 135 135 135 135 135 135 135 135 135 135 135 135 135 135 135 135 135 135 135 135 135 135 135 135 135 135 135 135 135 135 135 135 135 135 135 135 135 135 135 135 135 135 135 135 135 135 135 135 135 135 135 135 135 135 135 135 135 135 135 135 135 135 135 135 135 135 135 135 135 135 135 135 135 135
135 135 135 135 135 135 135 135 135 135 135 135 135 135 135 135 135 135 135 135 135 135 135 135 135 135 135 135 135 135 135 135 135 135 135 135 135 135 135 135 135 135 135 135 135 135 135 135 135 135 135 135 135 135 135 135 135 135 135 135 135 135 135 135 135 135 135 135 135 135 135 135 135 135 135 135 135 135 135 135 135 135 135 135 135 135 135 135 135 135 135 135 135 135 135 135 135 135 135 135
135 135 135 135 135 135 135 135 135 135 135 135 135 135 135 135 135 135 135 135 135 135 135 135 135 135 135 135 135 135 135 135 135 135 135 135 135 135 135 135 135 135 135 135 135 135 135 135 135 135 135 135 135 135 135 135 135 135 135 135 135 135 135 135 135 135 135 135 135 135 135 135 135 135 135 135 135 135 135 135 135 135 135 135 135 135 135 135 135 135 135 135 135 135 135 135 135 135 135 135
