# 100 100
499 498 492 487 484 484 485 486 487 490 491 496 504 514 505 486 473 470 476 484 496 512 537 569 606 633 622 574 531 503 485 478 477 480 481 486 502 504 525 531 538 538 547 564 552 535 525 508 502 496 490 476 463 448 430 444 461 470 472 493 520 556 590 600 607 621 632 630 613 574 539 515 510 505 498 491 487 486 486 482 476 481 485 498 508 519 528 538 536 524 515 514 516 514 514 505 493 486 484 482
485 484 484 483 483 484 486 488 490 491 493 495 499 500 498 487 477 472 476 478 482 487 499 529 568 604 590 550 518 493 479 478 480 483 484 487 495 509 534 547 551 552 564 581 574 550 524 520 522 519 508 493 472 455 438 459 466 476 478 495 511 533 562 578 588 611 633 650 645 613 571 538 527 527 523 513 501 491 492 489 482 488 492 497 515 528 538 546 552 544 535 526 518 511 501 494 484 472 467 462
484 483 485 485 485 485 486 488 491 495 496 498 499 499 500 494 480 475 476 479 483 482 481 486 502 513 498 491 484 478 478 478 480 485 488 490 497 512 537 557 568 578 584 586 573 562 537 528 537 534 523 505 482 461 444 469 475 486 494 506 514 529 546 560 569 588 613 636 648 641 609 571 551 540 535 533 525 510 504 497 488 488 499 500 518 539 550 559 568 570 557 545 532 513 494 480 470 461 456 452
484 483 487 489 488 486 488 492 495 498 500 500 502 504 508 504 491 484 481 485 488 486 484 481 481 481 482 485 483 482 479 479 478 480 487 490 498 514 535 558 579 598 602 595 568 548 534 533 547 551 533 511 488 465 446 458 476 496 509 519 529 535 541 552 561 580 597 616 633 641 618 596 580 570 557 548 541 532 529 513 501 494 496 504 517 541 557 566 572 572 568 555 542 526 506 487 471 458 452 448
485 487 488 491 493 494 496 497 500 502 505 507 510 514 518 521 510 498 492 495 498 496 497 495 491 486 485 489 492 492 487 483 479 476 479 485 498 514 532 555 578 605 615 604 571 543 536 548 561 564 544 513 490 467 446 465 490 518 539 544 542 544 550 554 557 575 590 604 618 626 619 614 603 591 576 566 559 554 546 534 522 509 498 505 523 543 559 573 577 572 567 559 547 534 515 495 479 467 458 449
489 492 494 497 504 503 502 504 510 512 514 514 520 527 529 532 528 516 512 515 523 528 530 525 515 507 496 495 503 508 505 490 481 477 476 480 493 507 527 548 571 599 620 612 578 560 555 564 576 578 558 513 483 467 449 472 499 533 560 579 566 557 567 568 558 568 589 605 613 623 621 622 611 602 592 580 584 585 580 566 549 530 514 508 525 539 558 575 579 573 567 559 548 530 512 494 486 470 464 468
495 498 502 504 510 510 507 512 519 523 522 527 537 545 547 548 543 535 540 554 570 575 576 568 555 544 526 510 505 514 518 510 491 481 476 477 484 501 518 540 561 586 609 617 605 593 580 579 576 575 554 514 487 472 458 468 496 532 572 585 580 568 579 596 577 565 584 595 601 610 615 615 611 606 602 604 610 610 612 596 573 551 531 514 514 530 551 571 582 575 560 548 536 522 503 490 479 485 490 492
502 508 509 512 514 513 512 519 524 531 536 543 556 568 573 569 561 555 565 594 642 662 661 632 598 567 546 531 517 512 518 531 509 493 483 477 480 493 512 535 559 580 599 614 618 629 621 600 580 563 543 520 495 482 474 462 490 524 562 581 583 575 582 598 588 574 580 591 606 616 623 618 613 609 611 611 611 613 612 605 586 569 542 520 514 518 540 561 577 577 563 552 534 517 500 488 493 504 513 514
507 512 514 516 517 518 521 526 534 541 550 561 578 589 595 591 580 572 583 617 678 739 760 736 679 612 574 552 545 532 516 516 514 504 491 480 480 491 509 531 558 585 603 612 606 619 623 607 576 564 543 525 508 490 486 476 477 515 547 576 591 582 588 598 592 580 579 589 612 631 646 634 623 616 613 605 600 597 597 593 579 561 547 525 520 519 523 543 562 566 557 542 525 510 500 505 518 526 530 533
516 518 518 517 522 527 527 532 543 551 564 581 602 612 614 611 597 586 595 626 690 767 802 776 734 670 632 600 590 578 552 526 508 500 490 487 483 489 505 526 554 589 613 609 589 595 593 567 551 550 540 532 517 499 491 485 473 509 543 580 604 595 607 612 592 579 579 592 621 647 668 662 647 631 621 604 591 581 571 556 542 535 529 525 522 519 518 521 531 541 535 526 512 508 524 533 539 544 543 547
520 524 522 521 524 533 539 546 555 566 584 605 632 648 645 632 609 596 602 635 699 788 825 774 732 707 681 649 642 629 613 583 554 511 493 492 486 490 506 522 544 585 618 614 580 570 565 549 532 533 537 533 524 509 496 490 478 508 545 581 606 603 609 621 603 583 581 590 616 645 667 673 673 654 628 606 589 578 565 549 537 536 534 535 536 532 528 522 520 521 521 516 522 536 550 559 561 559 557 556
526 528 527 525 530 540 556 561 570 586 607 635 669 692 691 660 620 602 609 643 706 789 832 814 774 730 700 691 693 685 670 646 601 532 497 487 485 493 502 517 532 555 574 570 556 548 547 533 526 526 531 528 520 508 494 484 481 514 553 584 606 610 615 620 610 593 584 585 605 634 658 666 667 652 628 609 602 585 569 553 544 544 550 557 558 550 542 534 526 524 523 524 540 558 575 582 583 575 571 566
536 535 533 531 538 547 561 574 588 609 638 673 711 741 742 686 627 608 618 654 717 800 858 876 822 755 721 729 737 730 715 675 624 540 508 489 484 489 500 515 526 534 540 537 536 536 534 528 521 520 520 514 505 498 486 484 492 519 558 594 615 627 634 625 613 595 583 584 595 620 644 652 642 625 610 594 585 579 567 555 558 556 560 567 566 560 555 545 540 532 534 543 560 582 600 607 607 598 587 577
546 542 539 540 547 558 574 590 610 636 671 712 756 793 777 689 632 614 630 671 745 829 890 912 858 795 751 757 777 774 737 704 648 559 517 498 484 487 494 512 522 526 533 532 530 534 535 527 517 514 508 499 492 492 488 492 496 517 555 597 615 634 638 624 616 599 590 582 587 608 632 648 632 611 591 579 567 563 561 562 568 565 566 569 572 567 562 553 550 546 548 564 586 610 633 639 633 622 611 606
557 549 549 551 563 574 591 610 635 665 703 749 802 831 758 671 631 623 644 696 785 857 914 899 848 798 778 791 802 797 763 706 617 546 515 501 490 485 492 505 515 518 525 528 527 529 534 525 513 505 500 495 492 493 498 503 505 515 547 574 589 601 613 612 619 607 597 585 580 590 608 629 611 596 578 569 568 568 571 574 577 575 575 579 580 581 576 569 567 563 567 571 593 615 641 651 647 637 629 636
568 561 557 565 578 592 610 634 661 697 739 787 839 834 724 657 632 631 656 715 796 874 921 886 852 827 819 814 812 805 735 654 589 541 518 508 496 487 493 504 510 512 520 526 525 524 524 521 510 498 496 492 493 501 507 510 511 516 535 560 569 572 579 586 599 594 584 579 577 577 581 593 586 578 574 575 579 583 585 586 587 587 587 593 593 592 590 584 580 578 580 585 601 618 634 648 653 649 637 628
574 568 568 579 592 608 627 653 690 735 785 829 863 820 701 654 637 639 663 715 788 864 917 905 889 881 857 812 806 778 712 641 586 552 535 521 511 498 491 500 516 519 518 524 525 519 519 517 507 494 492 492 498 509 519 521 516 524 527 544 559 559 558 563 572 575 572 573 577 579 581 580 581 586 587 590 600 603 600 597 595 596 596 599 604 603 603 601 598 599 599 604 610 621 635 646 653 651 642 630
576 578 583 593 608 625 649 679 718 760 809 847 848 779 690 656 646 652 678 715 767 814 863 897 929 948 878 819 798 774 723 669 618 580 551 531 521 508 494 492 515 543 527 518 523 517 510 506 499 492 492 492 506 518 531 528 520 521 528 535 549 554 555 556 560 566 571 576 581 585 590 593 598 604 607 612 624 627 620 614 610 609 605 604 611 618 617 617 618 622 624 623 623 625 635 645 652 652 645 635
581 585 592 604 623 644 667 698 735 776 827 870 851 758 689 663 656 667 687 717 759 802 846 887 931 948 901 849 815 784 744 701 648 606 574 550 534 518 503 499 505 553 557 519 508 511 506 495 492 492 492 493 507 519 534 534 530 529 536 542 549 558 560 563 566 573 578 582 587 595 604 618 635 643 641 637 647 652 643 634 629 622 620 616 618 624 634 634 637 641 642 638 633 629 630 638 652 656 650 642
588 592 599 614 635 658 684 716 751 794 847 893 851 748 690 672 673 683 701 738 792 834 875 915 941 958 954 903 855 818 772 715 668 633 597 569 540 523 513 507 505 508 522 516 499 499 504 493 492 492 492 492 506 517 529 538 543 546 550 556 558 560 564 569 574 581 587 593 600 611 625 644 679 710 690 667 667 666 657 650 644 637 634 632 635 641 650 653 655 660 655 647 638 632 630 634 646 655 653 646
588 597 609 627 646 672 700 734 773 820 872 908 862 750 690 675 683 697 716 760 829 871 923 973 977 961 960 943 899 838 776 720 683 654 623 594 565 539 520 509 508 502 500 494 492 493 496 492 492 492 492 492 506 521 537 553 559 569 577 578 575 571 565 570 577 586 596 607 615 625 641 659 683 712 699 697 695 691 679 671 665 657 653 652 657 664 670 672 675 676 669 661 649 641 634 629 632 638 640 640
595 609 621 635 655 677 705 737 776 830 893 940 871 746 693 682 690 706 730 772 833 889 939 967 963 963 951 900 821 779 740 697 675 659 641 614 582 553 530 516 520 521 515 504 492 492 492 492 492 492 492 492 501 522 548 571 587 603 608 602 593 584 575 572 584 594 605 625 638 650 669 692 701 715 728 738 736 728 714 706 702 692 685 689 693 699 703 705 708 709 701 687 678 672 664 648 632 624 622 625
607 621 633 648 665 687 711 740 775 825 896 932 833 742 700 689 698 713 738 778 828 877 905 931 955 958 889 792 742 733 711 689 679 668 655 631 598 562 537 527 530 534 530 514 497 492 492 492 492 492 492 492 504 528 559 590 615 639 639 627 611 597 582 580 581 596 611 639 662 683 709 731 734 735 754 788 783 778 773 760 746 732 721 728 737 743 746 746 746 750 734 721 717 716 715 699 665 641 627 621
623 635 648 662 677 701 728 759 794 839 903 911 812 751 713 701 703 720 745 779 816 834 856 897 936 895 799 723 703 701 693 686 682 669 656 637 605 571 542 533 535 538 534 516 502 493 492 492 492 492 492 493 517 544 574 610 635 661 666 658 632 611 595 591 586 590 612 638 666 700 737 754 755 752 775 821 831 837 838 818 797 782 770 775 788 796 796 787 790 795 777 757 752 762 771 761 733 681 644 624
643 656 672 685 695 715 748 793 842 892 945 907 804 750 721 712 710 723 742 761 782 801 831 863 891 816 741 696 689 685 681 680 676 663 649 630 603 569 545 533 536 540 535 516 501 494 492 492 492 492 492 495 531 571 602 635 658 675 684 671 650 631 616 605 601 594 611 637 662 701 748 767 777 774 798 846 861 864 869 852 834 834 827 831 844 842 830 818 816 828 826 802 794 808 822 821 792 740 682 632
672 684 703 717 723 733 763 813 876 946 976 894 801 753 731 722 724 728 737 750 768 797 828 849 825 746 708 687 675 671 668 666 666 654 638 618 600 573 548 538 537 543 538 519 505 494 492 492 492 492 492 496 541 600 641 666 685 696 700 686 666 650 629 614 614 603 611 628 658 692 735 768 790 794 809 848 860 860 862 863 859 876 873 870 869 857 845 831 821 825 833 833 854 866 868 858 821 789 728 661
712 717 731 742 748 758 783 829 889 956 980 908 819 771 754 741 734 733 736 750 765 792 821 823 766 706 691 682 674 662 655 651 651 642 627 617 599 574 553 543 541 548 547 532 515 502 492 492 492 492 492 494 540 621 682 700 715 724 713 692 686 662 636 620 622 610 614 628 655 685 722 769 801 809 824 851 856 853 850 860 867 884 893 890 876 842 819 815 815 827 849 873 911 926 916 875 848 824 763 694
753 757 761 768 779 789 812 848 899 951 961 907 827 786 771 759 745 738 741 759 780 800 817 796 717 680 675 674 668 660 650 642 637 627 615 609 596 576 556 541 544 550 554 543 525 511 497 492 492 492 492 492 519 606 699 715 737 745 720 691 680 655 634 628 629 618 628 641 660 684 714 748 798 813 817 837 857 859 848 850 862 881 901 913 886 841 800 796 810 830 854 897 943 967 946 906 888 856 785 723
793 803 804 805 811 823 845 881 929 976 975 908 836 791 776 760 751 745 752 778 818 849 854 799 702 669 662 659 655 658 648 636 625 615 604 600 589 572 559 550 545 548 554 552 535 523 505 492 492 492 492 492 498 562 654 692 727 740 719 689 666 649 640 641 637 641 638 656 677 699 713 733 768 795 803 824 858 870 857 847 845 861 889 905 884 835 782 775 799 825 855 891 919 928 930 922 916 879 805 749
825 848 850 847 851 865 889 928 982 1026 995 915 838 805 782 764 758 755 766 799 843 882 899 845 725 679 658 650 649 650 638 628 622 608 598 591 580 567 559 554 548 547 551 546 540 528 504 492 492 492 492 492 492 506 603 663 715 730 718 685 660 656 654 663 668 666 659 655 680 710 738 738 747 772 792 813 850 875 874 859 833 828 847 865 845 805 767 755 775 806 848 862 866 868 883 901 908 881 832 793
843 885 898 898 904 922 948 992 1044 1058 993 916 854 824 796 777 769 767 779 812 853 891 918 891 758 693 662 652 646 636 627 618 617 608 599 590 580 573 565 560 555 549 544 542 536 524 501 492 492 492 492 492 492 492 523 595 673 722 726 696 676 673 675 690 706 701 685 670 673 707 744 757 754 773 795 813 843 874 885 883 847 815 806 806 800 780 758 742 747 770 801 815 822 826 845 852 859 860 845 837
824 875 905 923 944 971 1004 1022 1016 1021 997 933 886 849 817 796 786 785 801 832 871 907 922 872 778 728 689 669 649 634 622 610 604 608 601 592 587 583 578 573 563 556 545 542 532 516 506 493 492 492 492 492 492 492 492 523 597 678 726 716 699 697 701 713 734 739 722 688 669 702 745 764 770 784 813 830 842 874 895 912 879 826 801 787 776 763 745 731 725 732 744 759 769 778 794 804 818 835 851 853
798 836 867 899 941 981 995 937 920 933 958 972 935 887 844 818 804 805 825 854 888 924 939 857 790 756 719 682 656 641 626 614 606 601 598 595 596 594 591 581 571 563 556 547 539 526 514 495 492 492 492 492 492 492 492 493 536 619 709 747 735 726 726 736 759 778 771 713 675 688 747 769 781 806 817 835 844 864 891 914 893 851 823 806 794 783 764 736 714 710 712 722 732 746 762 779 800 819 835 851
784 811 840 879 933 975 945 867 851 861 909 964 969 932 880 843 826 832 852 875 902 932 933 842 788 758 725 693 669 652 635 623 613 606 606 607 608 612 608 594 579 569 561 556 545 529 514 496 492 492 492 492 492 492 492 492 500 569 656 746 766 757 750 757 784 811 814 755 695 678 699 739 768 806 830 843 850 860 885 912 914 893 860 838 833 822 802 772 740 709 692 696 706 721 741 761 781 800 816 830
793 817 849 895 940 971 913 840 813 814 849 891 912 909 891 864 851 866 886 904 925 954 951 851 791 756 720 686 670 658 645 634 626 624 627 629 629 634 626 609 588 571 562 560 546 531 516 502 492 492 492 492 492 492 492 492 492 511 598 715 801 797 779 782 808 846 853 791 722 690 690 707 754 799 823 848 871 863 874 912 945 936 896 871 868 853 834 820 796 750 701 682 682 694 711 730 749 766 782 794
811 842 877 917 946 950 890 829 806 791 788 804 837 843 839 839 856 894 920 944 968 993 987 906 822 766 728 685 671 662 652 647 644 644 651 652 651 651 646 632 605 583 564 555 542 529 520 510 502 496 492 492 492 492 492 492 492 492 548 656 782 829 809 813 833 873 885 834 750 708 703 708 741 795 819 852 868 857 855 893 938 946 914 901 900 882 869 857 811 754 701 679 670 669 683 698 713 723 732 741
815 836 880 914 916 901 862 818 795 770 753 751 769 781 782 796 836 882 924 963 1002 1037 1042 949 841 783 735 694 675 668 664 660 660 661 667 667 666 665 663 655 625 595 574 554 536 523 522 516 526 517 492 492 492 492 492 492 492 492 505 590 703 799 842 857 864 893 907 872 781 727 724 722 728 762 803 847 856 845 830 856 905 947 945 920 898 880 866 828 769 726 700 683 676 669 662 671 677 682 687 689
759 800 845 867 868 847 819 794 770 742 729 724 731 736 750 775 813 853 890 932 982 1034 1038 946 844 790 743 706 687 683 680 675 672 671 676 676 671 668 665 654 627 603 578 554 533 521 522 520 525 500 492 492 492 492 492 492 492 492 492 526 616 724 830 898 893 894 905 875 811 753 751 749 735 749 777 814 833 831 809 819 851 899 915 889 848 830 807 767 742 721 703 696 693 684 669 654 650 649 650 647
684 740 785 820 826 806 782 761 739 720 707 708 715 728 751 773 801 826 857 896 941 979 942 867 817 785 747 724 713 705 697 690 684 679 680 681 673 665 657 643 620 595 573 550 530 520 514 516 514 494 492 492 492 492 492 492 492 492 492 495 562 669 777 862 896 901 876 855 810 775 778 776 759 742 758 776 801 806 796 793 804 820 829 825 805 786 767 746 735 718 709 725 734 725 700 674 652 640 634 629
609 669 727 764 776 764 748 731 708 694 687 699 722 748 769 785 802 825 852 889 930 944 892 816 788 775 757 745 735 726 716 705 697 689 683 680 672 667 664 649 622 596 577 554 528 517 510 507 500 492 493 495 501 493 492 492 492 492 492 492 524 590 699 810 876 896 865 835 806 790 793 790 774 750 745 757 772 784 782 780 778 781 780 781 776 764 752 738 728 720 738 757 775 778 740 695 672 655 655 652
549 608 668 716 731 730 712 695 676 670 677 703 737 773 801 817 829 852 889 934 970 993 921 830 778 773 770 762 752 740 729 714 704 700 691 689 685 682 678 658 625 602 581 555 532 518 516 516 515 515 525 551 590 538 493 492 492 492 492 492 493 549 664 778 869 909 889 856 827 805 800 790 772 753 743 749 763 777 784 785 784 781 777 771 765 756 747 740 729 746 768 783 780 764 730 697 683 691 701 698
525 558 617 669 693 690 676 661 650 652 677 712 751 797 842 865 873 892 921 971 1018 1048 972 854 783 772 777 772 764 748 737 728 724 716 705 697 703 708 698 672 628 603 580 550 527 524 527 534 550 569 606 634 614 558 499 492 492 492 492 492 492 516 625 743 846 900 908 881 855 829 815 796 770 751 743 752 771 794 808 813 813 817 826 832 829 811 771 748 740 768 790 802 782 743 718 705 708 734 753 752
524 529 568 625 648 648 643 634 627 644 682 723 768 817 871 911 929 941 956 983 1018 1037 968 876 810 780 782 777 768 754 749 755 754 741 727 721 738 749 738 689 633 601 572 540 530 545 557 570 596 624 664 685 647 606 529 494 492 492 492 492 492 498 576 684 816 900 908 894 877 857 835 809 778 751 750 766 785 807 836 850 846 850 865 871 869 846 792 761 750 782 801 805 778 744 731 724 737 773 799 789
524 525 537 578 608 610 610 608 610 637 686 746 787 825 879 928 958 944 936 952 978 964 930 900 847 812 802 798 798 798 798 795 787 773 760 756 759 764 753 707 639 596 559 533 546 581 618 659 663 674 707 729 702 679 602 517 492 492 492 492 492 492 517 618 754 888 911 912 903 881 851 825 795 760 765 781 795 810 836 866 857 850 859 853 841 820 793 771 759 784 800 797 776 758 749 739 757 798 825 810
524 524 525 535 556 571 582 584 591 623 678 750 784 820 874 926 959 923 884 879 897 890 876 880 893 888 875 875 880 874 854 825 800 780 765 757 754 744 733 699 633 582 547 538 573 634 715 775 781 738 750 780 757 729 665 575 499 492 492 492 492 492 492 555 690 848 903 921 922 912 878 843 807 770 770 791 802 812 826 851 845 835 837 837 831 815 798 783 771 776 804 800 789 776 762 753 775 816 841 808
531 524 524 525 531 537 551 561 577 606 645 693 736 781 831 869 891 882 848 828 829 833 835 853 907 944 944 942 951 934 865 820 799 779 762 750 743 732 715 671 614 565 546 561 616 709 831 891 878 807 781 813 819 805 745 633 530 493 492 492 492 492 492 509 610 747 877 925 949 933 903 863 819 769 763 793 807 812 821 842 845 838 839 847 861 860 843 809 786 779 814 829 813 794 778 769 785 819 835 794
557 528 524 524 524 524 532 542 561 588 619 655 694 730 772 807 826 829 817 802 798 797 807 841 912 970 981 969 954 894 829 804 790 774 757 742 730 713 685 636 585 561 554 598 676 806 910 960 942 855 818 836 872 883 827 711 597 515 492 492 492 492 492 493 551 671 815 909 968 952 909 882 836 778 753 790 809 812 815 834 842 847 851 861 888 911 896 844 806 789 818 847 837 814 794 785 797 822 824 787
571 551 532 524 524 524 526 531 547 572 597 631 661 689 720 749 777 791 795 788 782 783 796 840 910 979 993 946 882 830 797 781 770 759 746 726 706 687 652 602 572 565 583 647 757 882 965 1004 970 901 864 863 891 921 886 791 677 577 503 492 492 492 492 492 507 589 701 816 938 958 914 891 850 787 741 784 812 809 798 820 832 845 852 868 898 937 937 874 822 799 829 876 869 834 810 804 815 838 843 803
591 578 561 541 530 525 524 523 536 562 585 608 633 660 680 701 728 749 764 770 770 778 802 853 913 972 977 919 842 804 788 779 770 764 756 727 689 657 621 593 592 596 634 721 834 929 1006 1038 990 945 913 903 910 936 911 842 771 642 552 497 492 492 492 492 493 528 615 722 839 942 923 902 858 784 732 776 812 790 754 762 763 783 832 869 904 941 953 890 835 807 843 915 901 853 826 821 834 861 871 822
615 610 595 576 551 530 522 524 532 552 574 592 613 632 649 667 686 708 729 740 753 766 798 848 897 942 958 911 833 799 788 793 786 777 763 729 680 640 626 613 629 633 691 798 889 964 1040 1078 1036 998 964 941 930 947 947 908 850 703 610 527 492 492 492 492 492 495 546 647 759 885 925 892 839 771 725 765 793 742 696 685 683 705 783 865 902 931 931 884 849 818 853 928 907 861 842 843 865 889 899 858
631 629 633 619 588 548 525 523 529 544 563 578 596 609 624 639 654 674 692 706 724 744 769 806 839 868 893 903 870 824 796 793 790 782 763 729 680 650 645 642 661 676 743 838 917 989 1067 1114 1114 1065 1016 977 964 964 978 973 918 793 698 593 510 492 492 492 492 492 500 577 695 808 883 869 806 761 716 744 750 692 648 643 648 682 766 808 878 906 895 871 856 830 871 941 915 869 858 867 891 912 909 866
660 655 657 662 636 568 528 521 527 548 577 593 596 600 608 619 633 648 661 677 695 721 747 772 797 823 855 902 914 875 835 810 798 791 773 737 698 668 661 669 697 715 771 850 928 998 1075 1135 1161 1143 1098 1030 983 968 998 1029 1015 919 797 666 557 495 492 492 492 492 492 520 624 733 815 822 788 750 704 714 711 656 625 628 648 727 847 840 837 883 874 862 851 854 915 960 935 889 871 881 904 917 896 851
701 697 690 675 645 568 525 517 521 553 602 629 628 625 619 620 621 631 644 659 675 696 718 744 770 805 859 927 950 932 900 875 856 845 813 762 710 681 682 697 729 758 799 849 904 966 1043 1128 1187 1188 1156 1095 1001 945 989 1068 1064 965 845 730 613 522 492 492 492 492 492 493 536 643 731 737 772 738 686 678 671 631 611 628 683 783 881 883 849 858 866 857 848 886 952 979 963 912 896 904 921 926 892 849
744 744 725 689 617 548 522 514 519 563 628 654 659 653 643 640 636 635 635 646 658 671 688 714 742 779 835 911 961 977 960 944 932 923 881 783 715 698 706 722 764 824 876 905 943 981 1038 1114 1195 1225 1196 1161 1039 931 944 1046 984 877 798 728 645 560 505 492 492 492 492 492 495 546 616 660 740 720 672 652 647 611 609 646 757 852 892 903 898 880 866 859 851 882 941 981 981 943 922 924 944 946 907 859
764 781 758 716 631 547 516 510 520 584 669 689 690 679 669 667 664 659 653 646 646 652 662 687 721 755 794 847 906 966 1005 1005 979 927 845 770 721 726 739 763 809 903 961 979 1008 1058 1109 1163 1213 1186 1120 1123 1023 901 896 983 973 853 786 752 687 614 551 499 492 492 492 492 492 499 537 596 690 702 658 626 622 595 611 682 801 844 868 904 926 923 904 874 857 873 924 972 985 971 954 961 980 963 919 873
761 815 803 744 654 552 511 509 522 598 715 724 716 700 685 690 696 696 688 677 661 652 653 667 692 728 766 806 860 929 1004 1012 922 845 787 749 764 785 805 847 879 962 1034 1064 1075 1123 1184 1219 1161 1106 1054 972 889 865 869 935 1013 935 883 863 791 716 622 535 494 492 492 492 492 492 496 542 632 674 643 605 597 587 621 692 765 794 823 884 944 956 939 904 871 869 909 956 979 989 989 1001 1010 976 929 885
765 810 818 765 670 555 510 509 523 587 729 749 729 709 701 711 726 734 727 715 698 679 670 665 669 691 725 768 825 899 961 938 866 790 763 799 845 876 908 951 973 1037 1114 1159 1170 1198 1234 1236 1075 990 945 897 859 855 857 901 1007 1056 1037 1000 902 814 706 592 520 492 492 492 492 492 492 505 571 631 619 585 575 589 630 683 725 762 797 846 932 975 959 925 886 870 892 934 965 990 1009 1027 1029 986 933 888
780 811 807 766 668 558 512 507 523 577 691 753 738 725 720 732 759 784 770 751 737 716 694 686 677 673 687 719 768 828 867 854 823 778 842 924 990 1019 1038 1048 1079 1113 1170 1203 1221 1240 1256 1241 1100 1002 979 918 875 858 855 872 958 1083 1112 1061 969 857 749 653 566 501 492 492 492 492 492 493 527 578 581 563 564 594 632 678 713 744 780 828 910 980 973 937 896 874 879 910 947 980 1014 1042 1037 987 933 889
784 829 813 778 676 558 510 503 517 565 669 762 756 739 738 753 792 837 827 789 770 748 722 707 695 682 677 686 711 746 777 794 794 809 869 935 1002 1063 1114 1145 1171 1174 1185 1205 1222 1240 1258 1267 1207 1122 1041 942 894 870 855 859 910 1037 1140 1109 1037 924 795 714 624 533 492 492 492 492 492 492 500 535 545 540 560 594 643 704 749 773 791 836 909 978 979 943 902 881 878 895 929 963 1010 1046 1031 983 934 901
776 819 818 793 661 547 507 502 513 568 682 789 777 758 755 772 815 867 875 838 805 777 750 737 723 708 690 685 690 703 724 749 771 797 831 894 963 1039 1108 1154 1180 1187 1201 1216 1227 1241 1254 1266 1266 1199 1067 962 902 875 858 855 876 974 1109 1130 1071 987 852 752 649 557 506 492 492 492 492 492 492 501 519 527 555 601 668 750 809 844 854 883 938 984 980 943 904 886 885 896 923 958 1005 1040 1021 981 942 922
763 801 822 786 635 537 505 503 518 583 695 806 794 773 772 794 839 889 916 892 839 800 785 778 766 749 730 709 698 695 701 711 732 758 793 849 928 1005 1072 1113 1134 1148 1197 1211 1224 1235 1224 1235 1251 1242 1110 956 908 880 866 855 861 924 1050 1095 1010 957 880 758 649 582 524 494 492 492 492 492 492 493 500 517 545 599 689 794 836 890 905 923 969 992 966 933 906 897 898 904 924 960 1006 1039 1028 993 958 939
740 791 815 718 587 517 500 504 537 614 730 808 803 789 793 820 873 922 955 932 864 825 824 841 842 824 786 751 724 707 699 702 710 724 748 795 861 932 984 1001 1027 1076 1136 1163 1192 1217 1192 1187 1211 1235 1121 955 913 892 869 856 857 894 988 1046 971 927 873 782 691 607 547 505 493 492 492 492 492 492 495 502 531 586 672 773 805 875 899 921 970 989 956 925 918 924 920 917 927 965 1014 1051 1046 1012 984 964
637 677 726 651 547 504 500 507 560 663 782 819 818 809 813 845 913 973 1003 961 885 852 873 915 940 919 862 813 768 736 717 709 711 712 718 743 799 863 909 943 985 1046 1095 1133 1171 1206 1180 1152 1164 1205 1088 941 913 900 874 856 857 881 942 1021 961 911 835 735 682 618 562 522 510 493 492 492 492 492 493 496 514 567 636 699 754 812 843 877 925 962 948 920 936 953 943 933 936 970 1016 1058 1073 1049 1032 1004
565 569 580 552 510 498 501 528 600 724 850 852 843 838 840 867 933 1015 1047 973 901 892 932 991 1025 997 949 902 845 795 761 739 728 727 724 724 752 807 871 923 954 999 1072 1134 1178 1178 1165 1131 1142 1200 1098 967 936 905 876 857 863 876 916 1008 997 917 826 725 645 596 559 534 525 510 492 492 492 492 492 492 501 547 599 650 704 759 795 823 857 896 915 909 953 973 957 946 961 984 1018 1057 1086 1092 1083 1041
543 533 526 509 496 498 511 559 649 782 863 875 878 882 884 899 939 1004 1044 980 932 951 1008 1061 1100 1067 1015 978 938 888 833 788 763 765 764 754 748 766 822 906 923 899 961 1027 1106 1094 1090 1098 1118 1191 1150 1048 989 906 872 858 860 876 907 977 1031 962 838 718 636 587 553 541 537 522 499 492 492 492 492 492 494 528 568 614 663 718 754 778 807 828 843 915 981 995 966 951 984 1018 1040 1061 1074 1089 1105 1086
535 520 506 497 494 497 523 599 715 812 797 834 903 931 946 958 970 1010 1054 1019 997 1008 1068 1128 1178 1148 1084 1042 1005 973 906 833 802 826 849 844 823 806 795 843 880 835 834 877 916 948 1018 1022 1105 1151 1069 994 925 873 860 854 849 875 899 954 1024 991 863 726 631 587 554 541 539 531 512 494 492 492 492 492 492 508 546 586 630 681 720 749 771 777 828 936 1012 1032 986 946 979 1034 1059 1062 1046 1064 1106 1119
533 514 501 495 493 496 535 653 764 746 741 802 922 991 1014 1029 1017 1046 1096 1100 1087 1093 1129 1190 1217 1191 1163 1111 1058 1002 923 858 834 902 976 968 931 899 858 868 885 834 788 776 798 828 873 899 1004 1070 1047 940 886 848 840 836 835 861 889 936 995 968 870 736 629 583 558 542 538 536 517 503 492 492 492 492 492 494 525 562 604 650 694 720 738 763 835 945 1033 1073 1021 954 931 994 1046 1041 1013 1042 1093 1057
534 510 499 494 492 494 515 584 643 673 728 803 911 995 1020 1029 1018 1073 1123 1152 1149 1161 1188 1199 1117 1078 1120 1150 1045 966 914 871 873 971 1072 1079 1049 997 940 930 969 948 871 794 754 753 762 776 817 888 965 929 859 827 815 813 825 858 879 922 969 940 846 729 629 579 557 545 543 535 526 517 499 492 492 492 492 492 507 545 585 632 670 691 725 782 855 959 1052 1108 1064 991 915 905 972 987 965 1009 1050 987
544 515 497 494 491 493 495 511 555 624 726 813 892 943 946 954 993 1063 1114 1131 1116 1131 1173 1164 1047 1031 1056 1098 1054 991 943 910 927 1037 1136 1145 1136 1097 1034 988 1015 1044 988 892 800 750 734 732 746 780 829 889 860 814 798 789 817 845 865 898 960 939 824 722 632 581 559 552 547 545 539 529 510 493 492 492 492 492 496 531 565 610 655 698 753 815 886 980 1073 1129 1099 1033 949 860 864 892 895 934 949 925
560 526 502 493 492 492 492 498 526 594 709 806 848 892 888 908 968 1037 1079 1081 1041 1050 1118 1120 1034 1016 1023 1092 1137 1084 1028 989 1013 1064 1144 1180 1179 1154 1103 1048 1048 1066 1066 983 889 797 745 728 726 735 765 815 842 824 776 763 796 822 844 865 922 917 781 694 630 586 567 556 556 560 556 548 531 507 492 492 492 492 492 509 546 596 649 698 759 832 916 1005 1092 1141 1119 1070 998 901 823 807 817 835 863 878
584 545 513 495 492 492 492 493 511 559 668 764 786 815 834 869 936 1001 1035 999 974 1001 999 983 978 992 1006 1097 1217 1204 1140 1102 1121 1132 1150 1180 1203 1197 1160 1098 1084 1091 1103 1078 1000 902 815 761 732 722 730 765 787 799 766 735 760 791 812 825 838 816 726 668 624 587 572 563 562 568 571 568 553 533 504 492 492 492 492 495 526 574 634 688 750 834 922 1004 1090 1138 1131 1097 1041 961 873 808 773 778 804 826
615 572 534 504 493 492 492 492 499 532 614 713 747 756 793 843 898 958 982 940 923 932 901 901 942 968 997 1112 1206 1157 1127 1136 1185 1216 1213 1209 1220 1228 1213 1149 1111 1112 1121 1139 1123 1044 925 837 769 727 719 730 742 753 741 712 725 748 766 774 767 737 685 649 617 586 575 569 573 576 581 585 570 549 527 497 492 492 492 492 503 547 614 675 739 821 907 993 1070 1116 1126 1108 1056 1000 948 872 808 763 753 778
646 603 564 525 501 492 492 492 494 512 573 637 702 710 755 804 858 913 930 888 869 857 862 890 921 945 999 1114 1124 1058 1058 1062 1099 1171 1238 1244 1236 1238 1236 1214 1157 1089 1069 1056 1043 1049 1016 920 828 758 725 714 711 718 709 691 698 707 719 725 716 687 647 624 604 586 578 574 571 576 583 589 575 554 543 521 493 492 492 492 492 522 587 660 730 801 883 983 1036 1054 1089 1111 1088 1042 1001 963 888 817 764 733
669 626 592 552 517 498 492 492 493 500 531 589 638 667 706 750 803 868 901 855 833 828 842 877 899 935 1007 1076 1054 1020 1024 1025 1052 1099 1201 1257 1243 1230 1223 1227 1150 1076 997 927 882 890 902 878 834 781 746 723 711 695 685 674 678 680 685 685 680 662 628 607 597 586 579 575 573 573 574 578 565 557 555 540 510 492 492 492 492 497 559 641 720 782 858 940 972 986 1043 1103 1055 1011 1021 1020 954 874 816 762
669 634 614 583 542 509 497 493 492 495 507 554 600 642 671 704 750 801 839 810 801 818 836 856 888 937 985 1004 979 972 975 991 1022 1077 1163 1232 1242 1231 1214 1204 1130 1065 943 852 835 836 846 839 822 797 769 740 724 709 691 667 656 657 657 655 648 639 619 597 590 586 581 576 577 578 577 573 562 561 560 554 533 501 492 492 492 492 532 619 702 764 825 878 914 945 1007 1049 975 961 995 1022 970 891 827 835
658 639 620 608 571 528 503 497 493 495 507 537 574 617 638 661 701 739 761 759 771 798 823 846 887 945 961 946 945 940 941 958 997 1066 1127 1210 1231 1177 1172 1180 1109 992 879 841 836 836 836 834 826 807 788 759 738 718 697 676 652 636 636 630 625 624 616 599 591 586 580 577 580 586 587 580 567 564 561 562 551 520 493 492 492 492 512 591 675 743 794 829 861 902 950 971 931 926 955 1005 973 924 897 924
644 635 623 619 596 553 516 498 495 494 506 530 563 589 615 637 664 688 712 725 745 772 807 844 894 941 955 921 902 904 909 935 989 1058 1129 1189 1166 1073 1055 1038 1016 1001 937 901 878 864 856 852 843 829 810 780 752 727 703 680 658 634 622 623 616 611 606 599 594 589 583 581 588 598 602 591 570 560 558 561 558 536 507 492 492 492 498 565 648 719 751 786 815 855 897 913 896 893 917 986 1008 1000 979 995
635 625 622 620 606 573 535 505 491 492 499 522 553 580 601 622 644 656 680 705 727 755 797 858 920 942 922 884 866 862 872 913 978 1045 1106 1154 1097 1046 989 940 943 983 1024 990 953 923 902 891 883 871 852 821 783 754 722 696 669 644 624 613 613 608 602 597 594 591 586 588 599 614 616 601 578 557 550 551 558 546 516 492 492 492 492 533 608 679 710 740 779 813 854 872 862 855 884 968 1031 1051 1045 1056
615 612 616 617 601 578 541 509 492 488 497 512 537 569 602 628 643 649 666 687 707 733 780 852 908 899 843 811 810 818 835 885 943 1014 1078 1127 1053 1022 967 940 937 961 1005 1045 1011 980 957 934 926 926 920 889 842 795 763 726 691 660 634 613 606 605 600 596 595 594 593 598 611 629 627 609 583 559 547 547 552 547 523 497 492 492 492 510 575 637 672 716 751 786 812 829 827 829 854 911 1004 1065 1080 1089
610 603 601 598 587 573 545 510 495 489 494 507 526 563 609 645 664 667 661 668 683 703 737 803 824 786 747 737 747 762 794 835 895 961 1003 1031 1055 1001 964 940 931 938 961 1017 1029 1014 1007 992 994 1014 1027 987 921 868 823 780 735 689 649 621 602 599 597 594 595 596 597 605 622 638 639 611 582 562 551 545 544 535 518 498 492 492 492 496 547 605 654 697 733 760 785 798 800 809 838 885 970 1038 1063 1081
607 597 588 576 566 552 533 504 493 487 494 503 529 569 615 654 678 684 670 653 656 666 679 699 709 704 698 697 699 712 732 763 803 851 882 923 978 986 959 927 919 915 919 939 970 984 1015 1038 1054 1089 1123 1091 1003 936 891 846 806 754 693 643 608 594 593 593 597 593 596 610 631 647 644 614 579 563 554 548 538 532 519 497 492 492 492 492 526 582 638 691 723 741 756 770 781 798 825 881 949 998 1016 1041
611 598 585 571 556 537 524 510 495 486 488 505 540 575 621 666 699 693 660 640 636 642 647 645 646 654 660 663 672 676 682 696 715 744 775 810 855 908 918 894 884 873 870 882 895 922 967 1033 1064 1084 1130 1150 1085 999 944 898 859 821 764 690 632 598 589 590 593 587 591 610 637 655 648 609 578 567 559 551 547 547 538 515 492 492 492 492 508 564 613 664 702 726 735 746 760 786 821 873 925 954 964 998
609 597 582 564 548 534 520 509 496 484 486 501 534 575 621 678 721 715 671 633 625 625 629 632 640 641 650 660 662 664 664 667 674 686 704 726 759 806 837 841 826 819 824 838 850 868 920 984 1016 1027 1069 1126 1140 1073 994 941 906 866 834 769 687 620 589 583 583 581 584 604 637 656 641 598 575 567 562 557 555 558 556 543 507 492 492 492 501 547 593 629 672 697 711 722 740 775 813 861 893 896 910 946
603 593 578 561 546 533 517 504 495 483 484 495 528 573 617 675 727 724 680 634 617 630 649 665 670 670 669 675 685 687 684 673 669 667 671 680 695 718 744 765 771 774 778 786 802 826 870 930 949 958 993 1053 1100 1102 1037 968 940 909 883 836 761 664 601 584 578 576 578 593 625 644 622 586 569 565 564 564 566 569 572 569 536 496 492 492 492 528 574 611 643 665 688 703 731 767 806 850 876 861 859 884
588 583 569 558 544 533 519 499 486 479 480 497 528 572 622 674 726 723 664 619 608 634 679 727 756 761 765 789 811 798 796 774 736 704 678 675 677 682 695 710 722 732 734 738 744 770 812 873 902 894 919 970 1009 1036 1041 984 956 941 925 896 838 724 625 587 578 576 573 581 596 612 598 577 570 570 572 574 577 579 586 589 563 517 492 492 492 502 548 586 612 640 664 693 730 767 813 857 883 855 821 825
562 562 558 550 541 527 514 498 483 475 478 498 523 566 623 681 727 724 658 604 596 618 659 726 790 838 857 887 929 943 941 928 870 815 763 731 704 686 682 685 688 695 700 704 706 714 740 775 811 824 838 886 922 952 962 931 926 940 949 935 888 765 649 602 582 575 571 571 574 581 578 570 575 580 585 589 594 591 593 604 593 553 501 492 492 492 522 557 588 615 649 689 728 768 820 869 898 859 805 785
539 541 542 541 538 527 512 497 480 472 478 494 513 552 622 700 731 707 651 612 593 603 629 684 739 790 846 906 958 1004 1045 1054 1027 982 912 843 787 751 715 691 679 677 679 680 683 687 694 713 733 751 771 804 839 871 888 879 878 896 935 951 872 737 653 607 586 577 570 568 567 568 568 570 580 589 598 607 613 607 600 610 614 593 540 495 492 492 496 531 579 619 658 692 728 770 824 881 919 870 810 772
513 519 524 531 535 530 520 503 483 471 474 482 498 531 599 694 740 697 662 634 605 588 610 641 685 725 775 847 905 947 997 1046 1087 1114 1082 999 914 846 793 746 710 686 674 673 673 675 676 681 692 708 727 746 768 795 817 833 838 855 886 907 867 749 664 616 584 573 569 567 565 565 565 572 585 598 612 624 629 623 612 617 630 628 593 530 494 492 492 510 566 616 652 683 726 780 842 900 945 908 828 790
498 503 511 522 532 532 523 509 491 472 470 473 487 512 568 662 727 706 680 660 636 587 591 613 647 682 716 770 832 881 927 982 1055 1129 1160 1147 1059 986 919 854 796 752 718 701 689 683 676 667 668 672 682 700 717 735 754 778 796 813 836 841 820 772 675 613 584 569 567 565 564 563 563 572 587 601 621 641 642 638 622 614 634 648 638 586 522 492 492 493 536 591 631 668 715 764 825 899 964 945 881 827
493 497 504 514 523 531 520 506 492 478 467 468 477 498 537 611 688 726 693 659 658 595 573 591 621 651 681 722 772 820 866 930 1021 1114 1177 1196 1174 1134 1077 996 929 869 815 775 743 718 701 682 664 656 653 663 673 685 700 719 744 766 781 785 776 746 682 618 583 567 564 564 564 562 561 569 586 598 621 644 639 644 627 607 616 650 652 628 565 503 492 492 503 563 611 653 699 749 813 893 969 986 953 918
492 496 498 502 506 513 513 504 492 481 469 465 469 483 515 563 659 712 683 630 611 572 554 575 601 626 657 696 738 783 834 903 992 1079 1157 1211 1192 1174 1152 1126 1082 1015 928 867 817 773 744 720 696 676 660 651 645 645 650 666 687 709 721 730 734 721 674 624 591 570 562 563 562 562 560 569 583 594 606 619 613 612 612 597 594 618 649 639 605 534 494 492 492 537 590 641 692 741 796 871 956 1018 1021 987
494 496 497 498 499 500 502 499 492 482 470 466 468 484 504 519 566 628 647 607 565 542 543 561 584 612 639 673 718 764 819 881 961 1046 1123 1167 1104 1103 1160 1152 1091 997 933 889 861 827 789 764 739 715 693 674 659 651 643 637 639 660 675 687 693 691 668 623 593 572 561 561 561 561 560 565 577 587 593 593 593 591 591 589 582 580 599 607 616 559 502 492 492 507 568 629 688 737 786 839 923 1013 1047 1027
491 497 501 501 501 496 493 491 486 479 471 464 465 489 505 507 518 543 569 563 540 532 534 551 573 597 623 656 696 747 800 856 928 1010 1079 1049 986 1029 1128 1143 1081 991 948 919 885 861 836 811 789 764 737 718 699 683 671 657 645 637 646 654 655 656 649 622 598 575 559 559 559 559 560 562 570 575 583 588 595 596 598 593 590 578 567 563 567 550 499 492 492 493 524 612 700 747 777 814 886 967 1015 1015
495 499 505 508 509 507 500 490 481 473 469 465 462 470 497 504 505 511 527 531 522 520 523 541 564 584 606 634 670 707 751 802 882 967 995 946 944 1017 1100 1112 1112 1053 1018 993 945 908 886 857 836 821 803 775 748 721 697 677 657 641 631 628 634 631 625 614 600 579 561 558 558 558 559 560 562 573 586 597 607 612 612 611 603 593 580 568 551 534 502 492 492 492 494 556 660 740 777 800 844 911 968 984
490 500 509 515 517 518 515 507 495 482 469 463 461 464 471 492 499 502 507 516 512 513 517 527 553 578 590 613 644 678 711 750 814 895 894 880 926 1016 1066 1071 1090 1085 1090 1082 1033 965 928 889 860 848 837 809 781 758 735 713 689 676 656 637 620 614 609 604 608 587 568 558 558 558 558 558 564 582 599 611 624 638 645 643 638 630 619 601 583 558 539 498 492 492 492 503 558 639 752 795 824 875 919 930
483 496 509 520 528 530 528 522 511 498 485 469 459 461 461 474 484 493 499 503 510 510 512 514 531 562 576 590 620 652 683 713 746 792 822 854 920 998 1015 1019 1041 1066 1088 1097 1076 1023 956 911 871 849 825 800 777 762 743 726 717 709 694 675 657 633 618 607 598 595 580 564 558 558 558 558 570 595 613 628 646 667 680 683 682 668 651 631 611 598 595 526 493 492 492 492 500 544 645 764 805 844 886 895
471 485 502 519 535 548 548 542 530 514 500 491 470 454 458 465 477 491 501 508 514 511 514 514 518 534 556 566 590 631 665 687 709 737 776 825 899 955 942 938 952 985 1026 1059 1063 1046 959 887 845 820 804 787 774 761 755 754 748 735 720 707 696 677 652 626 606 591 588 570 560 558 558 560 586 611 626 642 664 684 702 715 723 717 691 663 642 628 617 576 522 493 492 492 492 497 569 641 755 822 872 888
458 467 485 505 528 553 573 583 566 534 512 498 481 460 451 457 475 500 519 528 531 521 515 513 515 513 525 539 562 598 655 677 683 702 733 772 827 872 871 858 864 881 916 959 1007 1016 899 806 784 776 772 771 779 788 786 783 774 756 741 730 717 709 694 668 630 597 585 574 562 560 559 564 600 624 639 657 679 697 716 731 751 754 732 705 684 672 664 645 601 533 494 492 492 492 521 600 686 799 870 889
447 453 464 483 505 530 564 613 636 589 533 501 483 465 450 452 472 499 533 549 542 528 517 512 511 501 504 515 535 558 599 643 656 669 694 721 750 778 794 804 815 830 856 887 918 939 842 775 771 771 772 788 826 840 830 823 808 784 758 742 733 728 722 705 656 610 579 575 565 563 560 569 610 637 652 672 697 717 734 747 776 786 770 749 730 720 714 696 661 604 529 494 492 492 493 529 622 745 831 870
441 440 448 464 482 506 532 571 611 622 584 510 478 464 456 447 462 492 534 561 557 536 521 513 510 501 501 505 519 536 554 584 611 628 654 683 709 734 754 771 788 808 831 859 885 895 815 774 773 781 807 862 894 901 889 864 850 820 782 752 738 730 730 738 683 624 590 573 567 563 560 569 617 646 663 685 710 728 748 757 778 799 811 797 775 769 775 746 711 660 584 519 492 492 492 492 530 638 727 797
