# 100 100
471 460 454 437 398 394 381 363 343 333 329 311 289 282 278 279 283 279 268 251 242 232 225 227 224 238 279 280 255 267 289 283 259 227 221 239 233 232 208 191 178 174 174 174 170 164 173 192 219 228 224 211 193 179 174 162 157 156 157 156 157 165 193 165 154 155 155 157 160 171 180 184 186 186 184 182 180 176 169 161 158 157 153 152 152 152 152 152 152 152 152 152 152 152 153 162 167 162 154 150
473 461 441 423 407 378 346 324 313 302 291 287 279 273 264 270 282 278 258 240 232 228 239 251 253 239 251 259 246 243 272 283 272 244 229 246 234 224 214 203 192 192 190 196 182 175 170 165 178 181 183 181 182 178 184 196 183 170 156 158 155 162 174 160 154 156 159 159 159 162 170 177 185 185 184 183 181 185 180 167 161 156 153 152 152 152 152 152 152 152 152 152 152 152 165 169 166 158 151 151
500 497 486 473 455 418 371 327 293 287 281 271 269 262 256 256 262 263 253 246 239 244 256 255 242 227 221 223 218 203 208 225 235 246 263 266 275 241 227 210 209 214 227 234 229 236 217 168 169 181 174 175 176 172 173 192 198 188 168 154 153 154 154 156 171 166 165 168 168 166 168 177 186 195 197 191 186 183 180 177 170 160 155 152 152 152 152 153 152 152 152 152 152 153 170 172 165 156 151 151
525 526 518 505 483 458 420 352 297 277 282 271 259 261 265 254 247 248 244 254 271 273 273 270 243 213 194 187 180 172 169 190 213 219 233 243 261 257 245 225 223 222 213 212 213 222 220 181 163 174 182 191 195 190 179 171 171 177 173 159 154 154 156 167 187 183 176 191 200 196 198 198 213 219 215 209 196 190 184 180 176 167 160 153 152 152 152 152 152 152 152 152 152 155 171 173 160 154 151 152
554 541 534 529 509 480 441 370 304 276 269 268 271 275 269 252 247 250 252 267 291 303 302 282 258 224 194 174 168 167 175 196 209 207 210 204 203 207 207 204 216 230 237 238 240 225 208 192 170 162 165 170 174 175 171 162 157 155 158 157 155 155 162 172 178 180 196 216 244 262 256 237 225 223 230 238 224 210 201 192 185 184 173 157 152 153 156 152 152 152 152 152 153 158 159 159 155 153 153 154
594 553 536 528 519 492 434 362 322 288 264 262 277 276 272 267 270 278 281 293 302 299 292 285 271 247 209 174 167 174 178 181 207 210 205 186 176 175 173 178 180 180 189 207 225 236 231 206 181 169 163 157 156 156 155 155 154 155 157 162 169 171 169 172 173 207 249 270 278 329 350 299 264 244 244 250 254 240 222 213 202 191 181 170 161 157 155 153 153 152 152 153 155 165 167 154 154 153 153 156
630 573 539 519 505 480 418 349 323 287 264 262 272 269 272 305 297 305 328 347 336 292 262 245 234 209 182 167 166 166 177 181 180 181 181 183 184 168 169 176 174 166 167 170 175 182 200 205 208 192 165 159 157 156 156 155 157 168 197 212 207 193 183 178 192 260 310 312 326 384 430 374 320 293 263 271 282 280 252 241 239 222 202 192 190 177 173 161 159 157 157 157 156 161 161 155 155 154 155 159
602 572 539 504 476 444 388 337 313 289 267 266 282 273 283 310 329 357 368 374 341 292 250 215 192 175 167 166 166 166 176 185 172 178 174 167 166 166 166 166 167 181 189 179 178 169 168 171 175 171 174 187 186 186 182 192 203 224 234 231 220 202 203 202 218 293 377 358 388 402 445 444 392 346 316 286 292 292 282 269 269 252 235 220 225 207 230 208 178 170 168 168 162 159 158 158 162 164 166 167
548 512 510 487 442 406 364 333 331 309 273 264 279 273 287 313 351 375 378 361 331 286 242 205 181 175 167 166 166 166 166 166 166 166 166 166 166 166 167 171 180 181 180 176 173 171 180 192 180 177 197 232 262 278 274 300 351 330 296 254 234 229 236 241 266 306 400 410 408 453 451 503 481 410 372 328 299 299 317 304 286 279 276 253 232 222 259 281 233 208 201 197 185 176 167 165 175 180 175 170
506 445 457 436 395 367 343 340 325 307 288 266 273 280 300 327 357 368 353 319 276 234 206 184 170 167 166 166 166 166 166 166 166 166 166 166 166 167 172 187 195 195 181 177 177 189 216 243 248 248 265 291 341 380 394 459 455 420 366 306 268 266 290 295 321 357 370 422 437 449 480 484 508 508 421 367 321 312 319 332 311 306 304 279 241 255 274 310 338 285 240 227 218 206 191 183 180 183 177 172
470 418 404 396 362 355 343 347 334 309 275 263 271 290 312 332 349 338 315 282 246 207 198 179 174 170 168 166 166 167 166 166 166 166 170 174 185 193 199 203 203 200 191 185 196 227 263 290 306 325 346 384 433 472 489 501 455 425 384 340 301 287 301 322 343 368 381 386 436 466 489 489 490 515 482 406 370 326 321 333 341 319 305 283 264 284 310 313 344 381 348 281 249 231 217 210 201 195 188 180
436 389 361 335 334 338 336 335 322 300 276 268 277 308 328 337 332 305 272 246 220 200 195 186 178 175 172 171 172 172 173 175 181 192 213 234 237 237 244 241 231 217 209 219 249 300 346 375 386 399 417 455 480 484 468 456 418 375 339 319 320 337 323 324 346 354 365 369 373 424 465 469 453 454 462 440 390 363 333 328 333 335 309 287 272 290 331 346 361 365 405 404 323 266 256 238 229 221 210 195
410 369 330 311 311 319 319 317 300 281 278 295 296 321 346 346 319 276 237 210 199 193 190 196 187 184 194 200 196 184 187 202 223 253 280 296 330 322 321 317 300 281 270 287 332 382 430 457 475 488 500 504 493 459 423 400 380 362 336 317 341 369 360 351 387 400 390 360 351 343 369 394 397 416 427 465 421 381 364 330 321 320 327 303 284 302 330 381 390 400 398 426 434 345 286 273 259 241 224 211
365 335 314 297 292 295 293 284 275 286 303 335 316 326 348 340 313 274 222 205 199 195 196 203 198 213 233 237 230 219 223 245 277 315 351 368 370 399 406 389 371 370 346 387 426 468 500 523 534 543 547 540 520 471 426 389 359 341 328 331 338 353 367 396 439 442 410 391 369 334 317 327 378 403 411 434 453 415 372 359 322 311 309 307 298 309 330 361 420 438 440 433 441 423 338 297 274 263 248 231
330 313 291 283 282 282 284 282 306 345 360 362 317 316 321 311 282 248 214 206 211 212 211 215 229 251 265 275 266 252 270 299 328 368 409 420 403 407 423 431 441 449 430 475 515 539 546 550 546 539 532 509 477 441 406 375 349 339 354 360 359 375 420 437 424 404 393 393 385 345 322 311 321 379 384 386 406 431 390 351 339 314 303 311 335 331 361 386 402 454 463 460 441 404 384 337 304 290 276 267
303 299 280 281 290 314 323 339 375 426 432 373 315 323 303 286 257 224 208 209 231 247 239 252 279 297 314 322 303 283 325 349 376 399 426 446 449 446 466 492 520 541 536 555 581 580 569 546 527 510 489 470 444 415 379 362 347 355 383 382 390 401 401 404 406 389 381 380 372 348 320 306 294 305 351 358 363 384 388 366 330 319 313 324 363 355 379 415 428 424 454 466 463 444 415 402 339 308 297 297
281 282 287 311 355 378 395 422 453 497 473 381 327 306 286 275 243 217 224 238 257 277 276 305 327 348 372 379 359 314 365 396 411 435 462 492 513 526 543 562 594 609 614 610 603 603 593 567 547 518 493 459 431 402 376 376 364 362 380 385 388 387 375 368 353 345 351 340 335 347 337 298 290 286 276 307 335 356 390 411 370 330 332 329 359 380 393 423 451 453 434 458 478 489 473 429 394 340 308 297
284 291 334 373 430 462 490 509 521 539 482 384 354 314 264 254 234 224 249 272 290 311 320 350 376 412 441 441 413 351 409 457 472 494 530 566 597 618 635 651 670 682 678 652 632 638 623 590 560 544 509 487 460 423 423 438 439 394 375 391 384 387 372 346 332 326 313 297 284 299 309 305 295 287 276 263 283 343 369 386 409 397 367 348 352 404 414 431 455 470 469 447 476 505 515 496 450 433 376 320
320 351 416 463 516 542 546 553 545 500 424 403 378 308 243 227 228 253 301 321 320 338 358 401 443 478 505 495 444 379 451 525 551 579 623 661 693 710 719 719 722 720 683 648 646 630 621 592 560 526 511 487 469 440 445 453 466 453 401 381 381 366 341 331 333 330 315 295 285 275 297 301 290 286 271 268 254 291 344 357 374 405 397 369 351 368 414 448 467 475 481 486 475 511 536 524 501 459 424 372
400 446 503 542 570 579 586 593 531 491 404 369 358 297 245 226 242 294 347 362 364 366 392 455 511 544 555 530 452 412 500 589 631 664 691 724 738 744 744 739 721 701 682 632 611 596 581 561 543 515 496 490 466 442 429 431 439 445 430 391 352 330 313 309 293 288 287 281 272 266 267 273 268 271 260 248 247 248 289 312 338 381 416 379 352 344 365 409 460 472 479 489 494 497 524 528 499 483 453 450
490 538 565 579 582 596 606 599 543 447 382 318 272 236 229 232 270 339 400 427 427 433 453 506 552 592 599 551 458 450 534 632 690 719 730 738 717 700 703 695 688 676 667 622 570 545 530 527 528 511 482 467 443 429 417 412 414 409 412 412 375 332 337 331 309 297 290 295 293 294 279 261 262 264 258 251 242 240 238 262 302 353 388 385 365 351 342 368 412 441 439 445 461 484 483 488 489 482 503 513
570 613 596 595 584 602 599 567 488 390 320 267 229 225 229 236 287 380 452 484 489 496 520 557 591 620 621 560 466 491 582 675 726 754 721 686 667 646 639 635 632 634 655 612 549 504 484 482 486 480 458 440 420 419 406 394 399 392 391 389 369 332 308 297 284 269 267 272 269 274 264 261 261 280 310 290 273 257 239 235 262 319 356 372 345 326 329 335 349 367 392 404 413 443 468 481 475 519 514 527
606 633 628 593 585 587 578 513 411 336 263 235 225 228 233 256 301 384 500 578 574 570 573 584 625 648 635 574 494 536 644 715 752 763 683 638 614 602 589 582 575 577 582 572 522 481 442 424 421 412 408 409 393 389 381 364 361 365 376 370 366 359 340 335 325 316 289 268 274 279 283 271 261 274 314 311 288 272 256 242 238 272 314 350 365 331 297 297 307 315 327 345 363 377 413 460 484 512 539 511
614 631 623 608 576 582 548 465 355 270 232 225 225 228 239 272 321 392 499 602 605 602 594 598 634 666 633 569 515 573 675 741 773 764 667 598 566 555 547 534 525 518 515 514 486 444 410 380 371 369 361 359 353 342 342 329 322 325 335 339 335 331 322 326 328 333 319 292 296 304 294 279 262 264 289 306 295 277 263 243 230 235 264 298 325 326 295 266 266 272 282 292 311 333 356 382 429 486 505 516
625 629 620 591 563 548 510 420 309 239 225 225 225 237 262 302 354 417 486 578 608 621 619 609 645 691 653 576 545 617 701 761 787 782 685 608 541 515 505 493 478 471 475 475 462 429 366 341 331 327 324 320 315 309 307 294 291 294 297 305 307 297 285 297 312 315 315 304 294 300 297 293 272 262 268 289 286 273 271 262 246 226 229 248 267 275 272 254 239 236 241 258 276 295 313 331 356 398 453 476
621 621 610 571 545 503 427 343 264 226 225 225 232 268 303 346 396 452 511 568 633 643 645 640 668 710 679 607 577 643 700 746 792 785 710 637 547 526 519 505 482 452 437 442 439 421 369 317 307 308 306 303 302 307 305 293 281 287 297 298 298 294 279 267 292 306 316 298 291 296 285 277 275 268 261 272 283 275 265 262 257 235 219 221 223 226 234 220 216 216 217 225 245 261 278 295 314 331 361 407
603 586 564 547 516 479 380 290 233 225 225 229 262 308 363 407 437 473 519 558 624 656 659 675 702 740 724 658 613 650 714 763 786 753 708 640 559 588 607 590 548 497 434 406 396 395 386 333 297 302 308 310 315 317 307 292 277 281 284 287 294 292 283 260 273 284 291 268 261 259 252 251 252 249 245 248 247 248 254 251 234 223 216 216 216 216 216 216 216 216 216 216 219 233 248 265 280 295 309 328
545 531 513 501 496 456 361 267 232 225 225 239 296 359 424 458 477 500 544 580 605 658 675 689 733 774 785 725 681 673 699 768 776 737 703 641 580 638 705 695 632 561 482 432 390 356 359 339 289 283 292 300 306 308 298 283 273 273 283 276 290 301 294 277 247 249 236 229 226 225 221 220 218 217 218 217 218 219 223 218 216 216 216 216 216 216 216 216 216 216 216 216 216 216 219 229 244 264 275 286
494 476 462 452 444 425 333 256 227 227 232 253 318 397 480 512 496 527 577 604 630 631 677 687 723 784 822 778 756 754 731 704 722 734 689 660 632 684 763 769 701 610 537 487 405 342 323 308 277 263 275 282 285 286 283 270 262 270 283 270 273 290 297 284 251 235 221 219 218 218 218 217 216 216 216 216 216 216 216 216 216 216 216 216 216 216 216 216 216 216 216 216 216 216 216 216 218 235 247 257
448 438 418 405 389 358 295 239 225 226 238 279 350 429 504 538 541 534 584 610 609 610 636 682 696 733 781 794 809 800 708 641 656 713 699 672 688 742 800 789 734 647 578 523 467 360 302 285 267 265 252 257 258 265 269 267 254 247 255 248 250 261 271 264 241 226 221 219 218 218 218 216 216 216 216 216 216 216 216 216 216 216 216 216 216 216 217 218 219 217 219 217 216 216 216 216 216 216 222 239
410 393 381 366 344 310 258 226 225 226 259 310 382 453 507 534 547 543 572 615 603 585 597 628 655 689 722 755 761 715 646 583 596 663 722 747 759 801 829 751 677 653 603 543 440 355 297 285 264 270 253 245 245 245 256 256 239 225 224 225 222 228 242 248 243 224 220 219 219 221 221 231 229 235 229 220 218 216 216 216 216 217 217 219 226 230 236 232 230 230 231 229 226 220 217 216 216 216 216 229
387 369 350 331 308 273 234 225 225 233 288 354 411 467 501 519 546 548 571 602 593 568 574 581 605 643 674 716 730 682 608 545 554 619 699 775 814 838 798 730 638 603 574 510 389 309 268 258 251 245 240 230 229 227 224 221 219 219 219 219 219 219 221 226 229 228 221 219 221 227 245 264 265 243 230 229 229 228 229 225 234 250 265 291 298 286 276 263 252 241 242 238 235 231 229 225 219 217 216 219
381 360 335 310 281 254 230 226 225 253 318 391 438 464 487 497 529 543 574 589 576 557 554 557 568 597 630 665 686 642 568 511 525 583 658 718 769 766 726 668 620 538 515 427 307 254 250 251 241 250 262 233 222 219 219 219 219 219 219 226 236 238 250 241 234 223 223 224 229 250 258 259 253 243 253 272 281 284 306 298 291 304 329 349 343 321 306 285 285 283 270 261 250 239 237 237 233 224 219 218
395 367 342 308 271 242 231 229 239 284 346 421 459 471 469 481 493 516 552 581 583 566 551 553 552 558 583 611 623 581 513 477 512 569 638 661 685 667 647 647 569 476 445 349 264 254 280 301 275 240 237 250 239 219 219 219 222 227 227 245 272 287 300 278 257 224 223 234 248 253 265 276 272 280 308 331 346 352 362 364 362 371 382 397 394 361 332 317 311 305 303 283 273 259 246 243 238 233 227 218
436 399 357 318 274 242 234 244 265 312 370 432 463 473 473 475 474 503 537 569 593 575 556 551 556 547 549 563 565 522 481 467 502 550 597 622 600 594 608 607 524 404 344 298 263 275 318 327 282 246 266 251 240 221 220 226 239 259 260 280 321 334 332 272 245 227 232 257 278 288 302 298 314 331 361 386 406 416 425 427 422 424 432 431 437 398 357 355 352 343 334 323 298 278 262 254 249 246 240 232
469 448 386 335 288 252 247 264 297 348 401 433 467 469 460 452 461 496 529 574 585 586 578 566 554 532 518 517 526 497 467 458 489 521 554 560 538 541 560 541 453 345 292 272 253 291 317 297 260 277 311 273 242 235 243 240 261 305 333 351 374 376 341 299 248 228 249 283 326 351 346 346 347 379 412 443 465 476 498 518 512 492 482 448 423 394 388 387 389 386 376 364 347 319 296 282 275 270 259 239
475 462 407 348 299 270 266 286 340 388 439 445 450 465 441 436 444 482 514 555 571 582 590 581 562 542 512 483 483 485 461 444 461 487 508 499 496 498 532 543 429 331 274 251 250 266 267 255 280 292 310 303 290 311 318 296 303 338 390 433 454 438 357 303 248 241 274 327 387 421 412 421 390 411 456 488 508 536 566 582 576 551 502 457 421 413 419 423 432 428 416 404 388 367 342 313 293 274 266 260
485 493 438 365 301 277 280 308 358 400 436 441 436 432 418 411 435 475 499 532 546 563 580 594 586 565 528 479 447 443 436 436 442 449 460 458 452 449 481 474 446 410 319 256 249 249 251 265 287 291 334 358 370 388 363 394 407 374 413 462 486 432 347 279 256 263 302 364 446 476 470 460 442 434 477 522 548 582 611 627 619 577 513 470 434 439 450 453 465 472 460 438 404 369 355 343 321 295 288 294
494 515 468 376 302 284 290 323 366 397 410 420 436 408 388 403 435 486 489 506 516 539 566 575 586 574 535 488 456 426 405 418 429 436 439 422 407 398 418 427 406 365 309 252 249 257 263 290 297 288 307 341 375 385 392 439 470 427 439 456 463 429 338 299 265 302 333 388 466 507 523 504 484 470 506 544 583 615 653 665 626 572 510 467 450 471 479 507 529 537 505 458 408 361 357 358 352 338 325 314
472 485 452 384 315 295 306 334 364 379 388 397 413 390 361 378 418 462 459 463 486 513 527 537 542 545 533 498 465 441 410 382 394 437 453 426 371 353 381 388 368 307 261 249 256 256 291 328 339 337 345 362 398 409 441 464 468 451 475 474 428 405 349 317 283 302 351 416 476 523 549 528 527 522 535 571 611 662 703 699 626 575 513 468 492 531 553 576 591 581 551 499 425 375 372 374 370 374 350 320
430 452 428 363 310 315 324 353 376 375 374 371 376 356 341 353 384 418 423 429 444 475 486 497 497 501 493 476 442 426 396 376 363 400 445 432 357 318 343 325 309 292 249 249 254 251 299 349 377 411 458 488 483 507 521 488 473 492 497 455 407 369 337 316 294 295 344 405 462 508 542 554 569 563 566 603 649 698 717 678 611 552 500 503 534 591 626 627 601 571 553 514 436 384 362 350 357 361 342 319
385 402 390 341 321 347 352 362 384 390 358 348 339 318 311 323 342 354 364 369 395 425 443 452 462 460 458 440 408 380 365 351 335 359 382 378 329 292 306 279 254 249 249 250 250 252 311 370 423 482 541 562 561 575 554 508 526 550 541 458 390 337 324 304 291 313 366 397 440 480 519 564 589 578 588 634 690 717 664 617 564 526 540 567 613 647 673 659 625 562 498 459 411 355 329 311 313 319 315 301
347 352 342 326 359 372 365 369 385 381 355 322 299 288 285 289 297 295 301 321 346 374 392 407 419 421 426 421 396 353 324 308 304 318 324 306 285 265 269 256 249 249 249 249 249 254 299 369 435 487 535 578 590 565 539 538 556 566 555 448 374 312 291 291 291 308 351 380 418 472 509 559 589 593 624 690 712 667 604 558 538 564 605 644 692 705 688 648 590 489 428 396 367 312 282 269 282 286 273 256
316 320 320 346 383 373 376 382 382 350 323 294 275 270 261 258 260 258 263 275 305 329 346 358 370 377 388 388 359 314 292 278 273 273 284 273 262 249 249 249 249 249 249 249 249 253 300 382 457 507 543 592 594 571 554 568 593 598 527 440 352 296 291 291 293 307 336 375 416 462 507 552 589 621 669 734 731 637 566 539 567 618 679 714 756 729 665 631 554 443 387 358 319 281 254 253 261 255 246 234
316 322 333 346 348 341 357 368 362 314 289 271 257 250 249 249 249 249 249 249 268 291 308 320 328 333 326 319 298 273 262 262 254 251 253 252 249 249 249 249 249 249 249 249 254 276 330 423 521 563 591 598 589 582 589 615 631 614 520 412 325 291 291 291 291 305 336 375 417 461 501 548 602 658 702 737 684 620 567 568 612 671 730 769 802 747 646 611 547 449 376 340 312 265 286 297 259 239 235 240
325 336 332 317 316 314 312 310 293 264 253 250 249 249 249 249 249 249 249 249 249 256 269 281 289 290 284 276 266 253 249 249 249 249 249 249 249 249 249 249 249 249 249 261 290 334 390 462 558 613 650 652 605 604 615 635 638 560 489 365 299 291 291 291 291 308 333 373 415 458 501 561 613 654 665 685 698 633 586 609 665 730 775 823 837 762 605 582 521 436 365 339 325 269 318 338 312 261 257 279
320 323 313 296 285 284 268 256 249 249 249 249 249 249 249 249 249 249 249 249 249 249 249 250 253 253 252 251 249 249 249 249 249 249 249 249 249 249 249 249 251 250 257 289 324 372 425 486 562 605 657 668 634 633 655 651 621 524 409 328 292 291 291 296 299 307 330 364 405 451 503 553 587 616 632 655 679 644 630 693 764 813 855 882 833 741 589 537 488 418 365 331 281 257 316 386 357 342 313 309
305 296 287 274 257 263 253 249 249 249 249 249 249 249 249 249 249 249 249 249 249 249 249 249 249 249 249 249 249 249 249 249 249 249 249 249 249 249 249 249 271 277 299 325 359 401 452 512 580 614 657 671 662 669 685 657 566 471 386 315 291 291 293 317 318 338 350 353 391 438 481 527 554 579 610 638 659 639 684 761 833 894 941 907 806 734 597 520 466 409 354 301 263 257 299 368 415 439 385 353
287 276 261 255 249 249 249 249 249 249 249 249 249 249 249 249 249 249 249 249 249 249 249 249 249 249 249 249 249 249 249 249 249 249 249 249 249 249 249 252 288 313 348 372 393 424 468 519 577 620 653 675 669 667 653 608 512 428 394 325 291 291 305 333 342 362 383 370 368 422 465 501 533 563 594 637 669 705 756 828 918 977 963 885 809 739 621 515 483 420 363 281 258 261 283 348 398 431 437 423
273 261 249 249 249 249 249 249 249 249 249 249 249 249 249 255 252 249 249 249 249 249 249 249 249 249 249 249 249 249 249 249 249 249 249 249 249 253 265 271 307 358 413 423 426 441 475 514 559 616 643 640 612 609 588 543 468 403 372 316 291 293 323 348 370 387 416 413 402 398 434 482 525 563 608 654 717 785 837 910 969 929 911 860 779 724 590 499 470 416 347 270 258 272 281 316 359 395 440 478
260 258 249 249 249 249 249 249 249 249 249 249 250 260 285 292 288 267 252 249 249 249 249 249 249 249 249 249 249 249 249 249 249 249 249 254 267 281 295 308 348 404 460 469 459 460 477 507 537 586 627 601 525 505 499 471 432 376 329 295 291 298 336 370 395 425 453 461 454 425 419 476 525 584 643 680 729 790 850 927 947 854 836 788 708 661 573 478 441 389 328 269 261 281 292 317 355 408 465 502
260 253 249 249 249 249 249 249 249 249 258 277 293 315 334 316 302 287 268 258 259 264 259 257 252 249 249 249 249 249 249 249 249 254 270 290 308 317 334 362 404 468 512 516 489 474 480 495 520 553 569 525 464 427 419 400 364 321 296 291 292 306 341 378 411 453 501 511 502 468 425 460 516 590 660 713 759 807 861 930 936 844 756 702 623 564 512 449 409 359 298 263 265 291 304 323 358 412 472 516
281 251 252 249 249 249 249 249 250 277 314 357 396 395 370 340 324 317 320 326 328 339 323 306 283 262 254 251 249 249 249 253 268 283 306 328 345 358 385 422 471 526 553 551 517 487 478 483 493 499 475 444 399 366 345 320 300 291 299 312 325 317 340 376 422 479 532 584 568 518 467 451 505 578 658 730 784 834 869 875 853 763 670 595 545 496 454 417 374 326 279 261 259 283 312 351 384 429 476 505
318 265 251 249 249 249 249 250 279 332 396 448 489 460 423 367 355 365 381 395 399 410 411 381 335 292 267 263 258 257 259 272 291 309 335 360 378 403 436 480 519 556 582 564 528 489 474 463 451 431 402 361 331 312 299 296 301 318 344 378 392 354 343 369 421 484 582 652 630 564 498 459 500 556 628 705 773 819 846 835 796 707 603 540 494 462 462 472 422 354 279 256 254 283 331 388 437 482 537 535
305 260 249 249 249 250 256 267 327 394 462 524 544 509 440 393 387 403 429 454 462 488 481 433 358 304 284 283 287 282 281 289 310 334 361 385 412 447 484 519 549 578 594 569 515 473 440 418 393 368 339 317 305 304 309 328 350 380 425 467 452 397 356 363 415 478 593 664 665 605 523 473 498 545 618 694 753 781 795 780 745 680 570 511 483 502 542 572 492 397 294 258 253 284 340 397 466 519 572 595
261 249 249 249 249 259 288 305 369 455 538 557 568 539 473 423 415 432 460 488 515 541 530 465 364 307 302 306 309 305 307 307 329 353 381 411 449 487 522 553 578 588 573 537 488 445 407 374 351 331 318 315 323 341 369 400 423 471 513 521 455 399 350 364 412 476 579 660 686 641 557 494 497 533 594 656 703 743 785 786 702 639 563 517 534 573 618 609 507 399 310 258 253 267 329 388 460 523 591 644
249 249 249 249 249 271 319 350 398 480 525 562 574 555 517 456 435 453 479 509 544 567 555 469 365 315 318 325 335 341 343 337 351 378 409 444 474 514 551 586 606 589 541 499 454 416 380 350 338 330 337 350 381 417 471 506 526 589 609 549 457 395 348 369 420 483 580 691 726 678 591 523 498 530 576 629 680 729 774 797 712 630 578 554 582 628 654 587 470 379 324 258 253 260 316 375 443 507 589 667
249 249 249 249 249 293 357 390 417 470 518 555 573 590 544 479 460 470 492 521 555 579 541 452 354 327 340 357 376 384 386 372 385 411 441 469 495 529 565 611 626 577 516 473 429 392 366 354 353 370 400 427 472 535 593 628 638 669 637 557 462 390 349 370 424 494 592 694 752 710 629 549 512 540 595 653 711 762 802 821 782 708 638 608 621 669 688 564 437 366 322 259 253 256 301 368 438 506 590 668
249 250 249 249 258 316 377 405 430 464 504 542 572 583 544 502 491 492 505 530 559 579 517 432 356 340 360 386 403 425 424 410 422 451 473 492 516 542 577 621 617 564 509 462 419 387 372 375 394 436 478 530 594 653 687 714 720 688 620 545 460 382 353 384 443 518 604 682 739 728 653 570 528 564 608 669 733 787 831 842 798 763 706 669 682 715 702 582 456 370 306 258 253 255 302 372 441 522 607 649
249 249 249 257 288 340 379 413 444 472 508 547 578 581 558 544 526 508 515 535 563 572 485 405 349 356 382 408 428 451 447 444 464 485 498 512 536 561 586 620 619 575 514 459 423 392 397 424 464 526 577 625 669 704 727 747 728 647 588 532 452 378 361 401 461 541 613 668 727 741 660 585 551 600 655 680 740 797 832 834 788 769 728 693 709 735 712 617 488 388 303 265 253 261 306 372 435 519 605 630
252 249 262 285 314 350 392 424 452 477 506 552 584 583 611 623 575 531 523 541 573 578 477 399 356 373 400 426 456 474 468 480 504 517 525 535 555 576 598 628 642 596 524 472 438 409 434 481 537 602 643 670 692 721 751 752 682 613 559 506 435 377 369 401 479 552 624 689 767 754 674 605 580 634 704 730 763 798 833 818 795 782 749 738 742 717 700 617 476 375 306 267 253 265 310 379 441 525 595 613
262 275 328 357 381 392 407 435 458 483 504 549 582 603 649 668 614 563 542 560 588 571 477 403 368 391 419 447 480 490 495 510 527 539 541 551 568 588 610 636 651 602 540 490 454 433 475 526 581 630 665 685 703 739 771 751 663 598 542 484 417 377 375 410 485 580 664 752 803 780 703 633 608 659 731 777 788 804 817 819 809 803 805 799 784 743 699 663 546 453 313 256 253 265 312 386 453 536 618 632
312 349 409 459 459 442 435 440 462 486 508 529 566 603 639 652 619 578 565 585 591 548 475 406 382 409 440 476 501 511 516 532 550 555 555 560 574 597 622 647 660 613 559 509 472 457 498 546 599 641 670 694 721 759 788 730 651 602 538 466 400 373 387 427 510 610 704 801 838 809 734 661 632 670 727 780 783 767 777 815 833 816 808 827 817 769 717 610 588 532 327 253 253 267 318 384 453 549 639 660
364 425 494 569 580 514 470 451 463 486 507 521 552 596 626 632 613 578 591 605 565 494 443 400 396 426 459 497 533 532 534 550 569 577 585 577 582 599 631 658 680 641 584 535 503 482 511 554 602 644 670 702 739 784 798 703 628 581 525 449 389 379 403 453 528 620 722 822 869 836 767 692 659 678 722 746 720 694 715 748 778 787 742 738 757 706 649 545 500 435 308 253 253 266 329 387 457 558 654 660
435 509 567 653 668 565 485 457 465 491 515 535 544 583 604 613 593 594 615 603 536 479 484 436 420 441 483 527 572 570 554 565 586 605 623 612 604 616 640 666 691 680 618 562 525 505 520 557 600 638 668 691 727 773 775 684 610 565 502 435 385 390 422 487 576 656 722 817 877 849 796 736 698 716 740 700 640 640 657 669 701 706 637 633 631 580 534 455 400 358 282 253 253 266 343 401 471 573 662 631
507 586 649 698 662 560 487 460 474 499 527 545 547 570 592 594 593 617 620 572 508 524 559 476 444 456 504 567 624 607 574 578 600 630 654 665 643 637 651 678 706 711 655 597 551 523 532 563 604 635 661 679 703 737 743 653 590 544 480 418 387 404 453 536 647 722 764 842 880 861 830 775 740 767 743 659 592 585 594 611 654 636 568 535 519 464 417 376 328 299 262 253 253 274 348 407 495 594 684 622
548 631 710 719 637 548 490 463 477 508 549 561 559 560 581 591 617 638 622 554 526 591 591 494 455 472 522 607 681 671 600 590 613 644 687 700 673 658 668 692 723 751 690 629 578 543 545 580 612 639 658 673 688 702 700 645 580 523 459 411 393 425 495 594 706 770 810 871 866 850 841 818 802 786 685 608 554 526 533 555 584 573 533 475 439 396 340 306 275 261 253 253 253 288 354 415 517 620 686 630
576 659 734 717 621 552 486 463 481 519 564 600 593 574 585 618 659 663 621 549 557 620 611 499 463 487 536 622 707 696 620 601 620 653 700 731 694 677 685 704 737 777 722 650 596 560 564 597 630 648 659 667 676 678 662 628 572 508 444 406 410 456 544 651 744 818 875 899 887 837 825 835 828 737 636 585 542 496 483 495 499 493 470 422 374 332 288 260 253 253 253 256 269 314 375 446 545 634 698 626
611 694 760 725 614 541 481 464 480 524 577 653 643 608 612 665 726 693 607 546 576 619 604 515 479 504 548 606 695 705 638 613 624 655 700 735 718 691 696 712 744 778 740 667 625 592 598 640 656 660 661 663 663 660 634 604 555 488 431 412 431 491 592 690 778 868 933 939 890 805 761 767 762 683 613 564 516 470 438 436 434 429 407 372 328 288 259 253 253 253 255 266 289 340 405 479 572 656 684 619
650 731 789 736 631 544 486 465 477 522 584 652 665 660 670 718 759 699 597 545 575 612 598 540 504 516 554 608 679 716 669 634 631 658 706 767 771 709 702 717 746 776 756 688 659 641 662 717 698 673 660 656 650 636 612 583 532 466 426 426 461 530 629 715 790 868 896 866 803 733 707 695 686 641 600 549 502 456 416 386 389 378 354 314 276 257 253 253 261 270 286 302 314 368 437 511 596 674 668 618
678 763 827 777 668 567 504 465 475 518 581 644 673 703 724 751 759 700 598 555 569 612 640 584 535 521 546 606 691 738 726 671 641 662 713 777 796 720 711 721 746 780 780 728 739 755 747 765 731 685 659 648 636 613 589 563 523 472 440 446 494 569 659 737 796 839 835 772 736 691 661 641 626 606 566 518 468 425 393 360 344 333 295 260 253 253 253 265 318 361 386 388 379 389 463 538 609 668 642 614
698 786 832 759 669 576 501 469 477 520 585 645 691 731 748 760 736 658 599 584 584 618 655 639 590 537 534 596 678 742 748 694 657 665 711 778 796 738 719 724 743 778 818 793 801 792 774 770 737 688 653 636 615 590 571 556 547 506 468 482 533 604 688 755 787 822 768 716 678 642 614 594 578 560 520 476 437 407 370 336 307 281 257 253 253 253 264 320 380 438 500 487 471 414 465 555 617 658 629 622
709 782 768 680 613 554 496 475 493 556 619 664 709 738 745 755 729 636 579 580 582 615 695 741 673 548 526 579 662 737 785 749 691 677 707 771 799 773 724 717 727 760 812 797 767 753 754 762 748 714 653 617 595 575 568 574 575 538 503 513 579 633 701 748 776 790 724 659 627 595 568 548 532 515 485 448 414 391 348 307 275 261 254 253 256 269 319 383 435 486 545 557 552 472 453 552 625 660 638 646
732 776 706 635 577 524 482 499 537 602 654 694 735 763 766 754 729 636 586 547 547 611 706 781 689 556 517 568 647 741 796 809 756 712 741 780 800 796 748 713 707 731 753 725 696 664 679 707 713 715 655 606 581 572 585 592 589 561 532 535 582 645 705 739 759 728 655 608 573 547 524 505 488 468 446 422 386 354 314 280 261 253 253 263 294 334 392 443 499 528 562 603 613 508 455 533 605 671 652 666
753 729 658 593 532 487 507 559 602 654 695 735 781 830 792 754 710 618 564 525 536 614 715 779 670 555 512 557 634 734 792 809 792 784 781 791 816 807 760 717 684 663 646 628 613 596 603 627 654 683 678 629 586 573 587 600 605 575 551 548 593 664 716 739 725 662 611 565 527 503 473 449 441 425 402 377 354 331 294 265 256 253 256 302 361 400 451 492 555 560 604 665 658 532 462 511 578 662 672 698
712 662 608 549 492 490 568 670 725 705 735 786 841 869 834 752 675 585 519 491 531 605 710 754 658 557 511 546 615 695 773 823 810 830 820 804 816 805 743 705 667 630 605 590 575 561 556 563 578 611 646 645 606 588 581 581 579 557 540 548 601 679 727 739 698 630 575 522 486 456 431 418 424 437 421 396 387 352 288 256 253 253 282 346 419 453 483 520 544 569 618 661 656 547 471 490 569 649 679 713
674 619 568 513 486 540 649 756 792 752 768 828 913 934 872 756 652 573 494 473 520 591 693 743 650 565 517 529 580 630 711 795 823 825 791 801 816 786 731 699 664 631 602 580 562 545 535 530 526 543 587 633 623 608 578 550 531 519 509 548 605 689 730 730 663 595 541 490 450 425 416 424 471 484 462 453 426 354 276 256 253 257 314 381 455 476 484 507 529 571 623 655 627 546 487 483 586 697 717 744
651 586 533 492 505 586 698 833 839 806 806 876 955 946 886 785 642 539 479 462 517 594 679 756 677 599 539 515 546 590 666 751 800 814 759 772 806 789 742 710 678 652 624 599 576 554 537 519 507 509 528 576 613 617 561 521 495 482 493 551 619 682 719 705 637 571 513 468 434 416 419 461 508 532 510 499 435 341 266 257 253 272 341 413 453 461 473 499 521 574 643 677 626 550 488 484 578 692 786 820
621 559 500 495 544 633 741 865 903 859 864 907 945 905 857 771 647 526 464 456 509 599 683 755 716 628 568 511 515 550 608 688 768 775 744 758 806 830 774 731 699 676 648 625 603 578 552 524 508 495 492 517 559 582 538 503 483 463 491 571 647 682 699 693 628 559 502 459 424 410 433 489 536 566 544 512 416 323 262 258 260 298 365 421 443 446 463 490 516 560 634 682 643 566 490 484 568 674 793 864
532 522 483 512 571 655 771 909 972 928 899 914 876 854 849 741 626 525 457 449 506 599 696 778 752 651 582 512 485 496 545 642 732 734 728 777 833 852 797 759 731 702 669 654 630 601 570 533 508 494 480 483 507 537 528 475 463 455 502 584 665 699 695 669 619 550 495 443 412 406 441 507 549 570 549 488 395 307 260 258 268 320 385 421 432 436 460 487 519 555 606 660 656 570 502 476 546 645 738 811
440 427 440 493 570 647 759 893 967 894 852 851 776 766 832 725 608 533 461 442 496 593 719 786 758 656 585 518 482 455 513 604 671 683 714 795 861 877 838 797 767 752 731 712 673 629 586 548 513 488 474 461 467 482 482 458 450 452 511 591 665 699 674 642 599 534 475 424 399 398 442 506 544 563 541 467 374 299 265 259 276 331 375 403 413 434 464 499 534 558 584 645 675 588 508 468 516 613 710 775
389 385 398 456 537 611 720 826 848 767 732 762 680 688 774 722 611 532 464 432 490 593 726 793 765 681 608 546 501 451 477 559 601 644 734 821 888 888 843 818 800 809 796 778 737 683 617 572 536 502 475 452 441 437 433 428 439 464 523 596 648 647 636 620 571 510 448 402 382 391 429 493 536 562 533 454 366 305 272 259 279 333 361 381 401 436 474 513 551 573 590 644 677 601 511 463 482 582 668 740
375 364 375 399 475 561 669 749 744 659 605 609 573 595 698 708 613 522 458 422 477 576 725 800 765 717 636 555 499 445 457 526 569 645 748 832 878 854 805 768 755 767 790 794 786 763 691 624 579 526 487 464 442 425 417 414 437 478 550 605 605 579 578 580 539 488 430 390 376 382 421 486 528 555 548 463 382 321 281 259 276 324 352 371 396 435 479 522 559 580 620 675 700 614 519 470 451 547 627 706
386 364 354 363 413 488 567 612 603 553 502 489 487 515 616 665 599 515 437 414 463 564 709 803 756 691 608 544 484 434 432 487 570 658 757 841 875 821 773 702 671 697 737 770 782 764 734 687 643 557 503 466 445 424 414 413 448 501 535 523 535 513 506 519 505 458 411 380 367 376 425 482 529 564 571 496 409 332 292 262 267 308 336 362 391 434 479 522 559 590 651 726 717 625 532 473 436 512 597 703
402 372 356 337 354 405 438 449 442 421 400 399 417 455 535 606 579 519 438 407 451 551 683 789 724 642 566 506 455 412 422 492 590 689 780 842 864 806 728 665 632 648 685 704 707 709 707 697 659 583 515 472 440 421 412 408 427 449 440 433 433 436 438 454 454 431 390 366 351 375 430 491 547 597 582 534 443 348 307 264 265 296 328 354 386 432 481 526 564 614 688 761 718 626 538 478 433 483 561 653
439 394 360 344 325 333 347 346 344 340 334 335 352 394 445 508 539 510 442 399 436 534 654 753 682 595 532 473 423 393 418 488 580 695 770 811 837 810 723 659 617 614 627 638 649 651 648 645 631 574 516 466 437 419 414 410 411 407 401 397 393 392 400 408 408 397 370 347 347 378 439 506 579 635 638 563 465 353 303 265 265 289 318 347 386 434 483 533 572 630 716 764 704 621 541 481 433 458 525 603
487 431 377 346 326 311 307 302 299 292 292 292 298 319 360 405 461 472 428 384 421 507 638 696 661 576 497 434 399 385 425 508 624 704 745 780 810 813 727 657 612 592 590 593 602 599 587 580 567 535 490 451 431 422 421 418 423 427 425 422 418 403 376 365 364 366 351 337 349 384 451 522 595 649 655 576 465 358 302 269 262 280 308 342 386 437 485 539 591 655 725 758 694 619 542 483 439 438 500 568
540 479 421 374 340 315 303 298 297 295 290 286 282 281 293 323 352 365 358 349 389 449 523 550 547 503 464 421 373 381 449 511 599 689 756 795 804 813 754 677 628 596 572 560 564 561 540 524 511 493 468 442 436 439 442 441 446 452 451 445 437 422 397 364 342 337 334 334 355 400 466 535 620 674 642 559 465 371 312 284 262 271 302 339 389 439 488 538 599 665 728 764 693 614 543 485 443 423 473 548
601 532 469 415 373 338 316 326 339 342 327 310 297 290 282 279 295 310 307 306 332 371 398 419 432 425 407 379 348 400 491 585 666 739 801 826 817 810 775 731 667 622 585 550 529 520 505 489 475 459 452 460 475 486 487 480 474 475 473 471 463 447 418 381 348 328 327 338 375 424 484 554 644 691 627 542 456 376 318 294 269 264 294 340 390 441 485 541 595 663 727 762 679 604 540 488 444 413 452 520
676 595 528 464 417 375 371 404 416 417 401 373 339 313 297 288 283 280 277 275 277 292 306 319 333 336 334 312 335 414 515 627 704 757 796 810 772 756 724 705 703 674 637 571 528 500 493 492 489 480 483 510 533 542 539 526 514 502 502 502 493 476 441 392 350 325 326 351 392 442 508 589 656 694 626 529 436 358 326 303 270 261 289 341 395 447 488 542 603 660 723 749 662 595 541 486 442 405 437 497
774 704 607 503 439 402 433 489 538 527 483 444 406 369 340 327 310 289 272 267 265 265 265 266 267 268 271 274 306 375 468 563 647 686 656 725 688 663 642 636 664 694 687 627 550 503 509 524 538 554 547 566 606 609 606 588 565 551 549 539 522 499 454 393 346 323 326 355 400 465 531 613 675 677 613 511 414 346 319 300 270 260 290 352 415 467 500 549 607 664 717 731 648 582 535 479 433 396 423 466
852 768 632 523 437 430 496 575 651 661 596 534 483 444 405 368 339 308 280 268 265 265 264 264 263 263 264 264 266 306 375 447 534 577 527 606 624 569 537 550 585 646 697 666 571 514 506 548 602 634 635 641 666 700 705 704 646 619 621 601 573 510 448 395 352 323 324 351 393 458 543 622 685 652 583 495 400 345 310 280 261 260 303 370 439 498 536 567 621 674 714 705 635 575 530 473 422 388 415 468
864 764 603 492 435 478 555 655 723 754 695 626 573 524 466 401 352 314 290 284 275 273 275 275 269 265 264 263 263 265 297 357 415 445 435 477 498 482 445 451 511 572 626 627 575 516 480 528 627 673 698 684 691 726 761 773 730 699 697 670 606 508 444 408 371 328 321 344 386 435 509 598 668 647 569 476 402 345 295 265 260 263 314 390 464 531 581 609 635 676 711 680 617 566 522 468 420 382 407 458
805 723 580 483 452 515 600 711 807 834 785 719 660 596 508 432 364 320 318 323 322 325 330 330 320 303 286 275 264 263 265 282 318 347 353 377 386 387 370 388 438 476 514 533 520 492 448 468 571 621 658 671 685 715 742 762 767 746 735 697 588 503 458 428 389 342 321 340 371 411 478 562 641 627 555 483 398 356 307 263 261 270 327 407 487 563 620 649 661 682 689 652 602 555 510 460 418 376 399 446
759 677 590 489 480 558 651 756 875 907 871 803 716 612 517 424 350 355 381 393 409 419 419 411 391 364 326 305 285 266 264 261 264 270 279 290 299 306 311 336 369 400 424 441 446 423 401 393 467 519 547 587 617 653 694 709 718 718 722 694 591 521 483 447 403 357 321 328 355 386 447 522 580 613 552 479 408 344 305 263 260 274 339 420 511 583 638 672 688 701 670 617 585 541 497 448 407 368 388 431
721 638 547 485 520 609 712 818 946 959 883 806 716 592 499 407 361 420 476 488 518 539 527 509 475 424 371 334 312 285 270 259 259 259 259 259 261 264 272 282 297 315 335 343 348 341 329 327 368 416 455 491 532 579 618 636 636 654 682 687 628 569 523 476 424 376 335 319 336 367 412 465 512 551 541 479 416 341 283 264 261 278 349 430 516 580 634 673 702 707 666 603 560 525 487 441 394 362 382 416
685 586 518 515 578 666 771 889 1011 987 856 775 673 572 483 401 381 482 579 622 639 653 644 617 561 493 428 379 340 312 300 280 272 264 263 259 259 259 260 260 260 262 266 269 271 274 274 278 295 330 370 405 436 470 499 517 537 568 616 641 632 610 563 508 445 394 355 323 318 344 375 412 446 480 485 448 423 341 275 263 261 282 354 439 510 570 620 657 690 699 662 608 548 506 469 429 390 356 371 400
651 595 566 585 650 724 833 954 1047 978 844 759 643 554 480 405 400 502 619 698 755 770 744 682 624 554 483 421 372 343 350 347 334 317 307 288 279 266 263 260 259 259 259 259 259 259 259 259 260 269 293 322 350 376 399 415 438 475 511 547 564 557 542 499 456 397 363 333 310 324 347 372 396 413 420 402 369 323 276 261 261 284 352 430 496 558 606 639 680 686 655 601 538 490 455 420 387 352 358 377
677 699 674 683 717 781 889 998 1028 944 840 753 628 542 475 400 418 517 624 713 802 834 793 718 656 586 522 461 404 372 402 418 412 396 375 346 309 285 270 264 262 262 263 259 259 259 259 259 259 259 259 263 272 292 312 331 348 375 404 434 465 482 498 448 402 362 337 319 303 308 329 344 357 366 362 349 330 315 288 262 262 288 342 402 467 534 571 600 652 667 645 599 540 489 450 412 377 346 347 371
763 844 832 816 786 845 941 990 944 854 783 715 611 534 453 399 439 542 638 733 820 858 823 739 678 609 548 491 432 400 446 500 506 487 454 407 340 294 292 303 315 314 304 302 287 284 281 273 265 261 259 259 259 260 269 276 280 294 322 349 373 391 397 379 348 324 310 298 291 293 309 317 319 319 312 301 288 271 262 260 263 285 323 370 425 487 525 564 605 624 621 596 553 500 455 412 378 350 336 366
