# 100 100
441 437 441 451 464 484 512 544 573 597 594 525 481 468 460 447 446 477 517 550 557 546 526 513 507 503 500 501 505 519 535 553 573 593 615 642 676 704 731 752 774 795 818 844 874 879 852 822 828 859 903 942 969 952 941 913 893 870 807 764 735 724 713 723 693 633 594 570 565 564 562 569 611 650 667 686 708 723 734 740 758 787 824 840 828 817 834 805 758 709 645 569 507 492 492 492 492 528 600 695
443 435 430 437 454 468 487 514 533 542 541 537 489 461 454 436 438 452 486 517 540 546 531 513 503 504 500 498 499 504 517 535 552 571 590 611 643 680 710 742 771 797 822 852 892 918 952 962 971 981 1006 1005 1026 1006 983 958 936 899 821 768 733 710 692 689 685 641 598 573 567 564 561 565 597 637 653 672 690 699 707 718 742 776 822 873 886 866 889 877 822 761 692 624 553 503 492 492 492 493 520 590
452 438 421 420 432 458 478 492 512 535 537 521 493 462 445 437 429 436 450 472 494 512 515 504 495 497 495 496 497 498 504 517 534 556 584 609 635 667 702 730 762 797 825 859 906 953 1001 1047 1074 1071 1061 1062 1064 1048 1034 1007 966 883 823 771 739 708 684 671 669 646 605 576 570 567 562 563 592 615 630 650 668 676 687 709 736 772 816 879 928 919 937 961 910 841 761 684 612 555 516 492 492 492 492 514
438 427 414 407 412 439 466 484 505 535 539 506 476 449 431 432 426 429 440 448 459 471 482 484 479 481 488 489 494 494 493 502 516 545 594 646 674 685 711 739 768 803 837 873 919 973 1025 1072 1114 1125 1104 1101 1096 1092 1080 1045 956 884 833 783 752 719 690 667 658 642 612 584 573 572 564 560 585 603 611 631 650 662 684 715 751 791 836 889 948 968 966 990 999 937 858 751 667 609 581 521 494 492 492 492
410 406 400 400 402 426 447 470 489 504 507 486 457 429 424 428 435 423 436 438 448 455 457 458 467 481 493 494 492 491 491 495 501 523 571 674 730 738 746 771 807 845 872 899 939 970 1016 1055 1100 1139 1144 1141 1127 1131 1137 1074 964 902 857 797 769 728 697 671 654 640 619 595 577 574 565 561 574 588 601 617 639 663 697 736 775 825 885 933 970 974 954 974 1011 1011 937 827 728 686 650 581 518 492 492 492
385 390 403 402 405 401 422 442 463 467 463 453 439 433 433 429 427 419 425 428 437 446 453 458 471 489 506 512 506 495 489 490 490 501 528 594 703 790 796 818 855 896 924 941 959 960 983 1020 1069 1118 1155 1168 1159 1138 1132 1116 1044 952 878 810 776 741 706 678 658 639 618 601 591 578 571 561 565 589 605 621 645 672 710 757 803 848 902 932 955 949 924 940 981 989 990 901 788 734 720 664 591 529 492 492
384 384 394 387 390 387 394 411 424 437 446 453 457 460 460 454 444 422 426 433 436 447 458 476 493 502 517 528 533 516 496 489 488 489 505 538 603 725 828 856 886 934 972 1010 973 922 922 960 1022 1070 1103 1150 1165 1120 1038 1065 1092 995 890 820 781 747 715 689 663 639 613 606 589 576 568 564 560 583 605 615 641 675 720 767 805 842 861 881 912 920 903 902 928 948 987 947 854 795 767 739 664 597 512 492
385 384 384 384 384 386 397 423 432 427 434 444 457 470 482 481 455 424 418 433 435 444 451 472 498 520 532 543 559 560 532 501 488 488 489 508 547 632 772 846 884 941 982 1028 993 930 901 920 965 1012 1038 1082 1122 1072 995 989 1036 998 893 837 794 763 734 708 677 646 618 598 594 577 568 560 564 577 595 606 631 669 712 754 788 805 815 837 879 896 887 874 891 923 959 975 935 862 813 785 718 658 565 498
397 403 396 394 384 405 400 406 396 398 408 423 440 455 473 487 450 429 412 418 428 439 453 469 492 525 552 575 591 602 588 549 503 488 488 491 516 566 675 774 836 876 918 952 959 935 901 877 893 911 953 1007 1054 1041 978 953 950 917 870 839 805 780 758 731 696 660 625 604 596 580 567 559 558 576 587 594 620 659 696 721 749 766 792 829 869 878 866 844 864 894 920 954 989 934 856 802 754 695 619 536
415 414 401 393 387 384 385 384 384 384 385 392 408 423 444 461 452 442 418 406 416 434 457 479 495 520 560 598 628 645 656 621 543 494 488 488 495 529 592 676 753 809 831 862 881 911 902 850 840 861 887 922 958 981 973 937 912 896 868 849 823 803 785 764 725 683 643 605 585 577 566 563 559 560 580 585 610 647 681 700 725 751 800 844 873 856 837 816 846 871 899 944 1008 1015 931 858 793 742 688 597
454 461 446 435 444 411 392 384 384 384 384 384 386 392 398 424 438 428 405 403 406 425 445 471 497 519 560 615 662 696 717 707 628 532 489 488 488 502 538 620 693 723 743 765 790 821 846 821 800 820 844 865 891 924 962 943 903 884 889 884 860 850 837 809 765 712 666 622 591 577 573 567 557 550 571 579 598 632 664 684 713 750 814 860 864 828 805 791 825 857 893 941 1000 1003 968 894 838 808 750 667
473 483 471 466 469 448 425 390 384 384 384 384 384 384 388 397 410 405 393 403 404 414 434 448 475 509 554 622 689 739 768 782 713 587 513 489 488 488 506 546 640 684 689 689 702 730 764 778 773 793 815 836 861 892 940 968 934 872 898 924 900 876 866 847 804 744 686 643 605 585 578 571 559 550 569 574 588 616 644 672 707 754 818 859 839 803 784 782 825 864 909 946 973 950 955 971 925 872 810 728
482 482 490 497 513 504 459 417 402 388 386 385 384 384 386 389 391 390 391 402 403 402 413 431 450 488 533 605 674 737 812 820 771 650 557 508 488 488 489 509 554 627 642 642 649 668 698 724 739 766 794 818 845 874 924 985 951 881 848 882 895 891 890 871 840 781 710 668 636 599 578 568 557 551 561 568 582 602 629 660 697 743 801 850 824 783 763 780 815 865 917 941 917 905 934 988 977 915 847 779
493 488 494 511 539 555 526 445 430 415 401 390 384 386 386 387 389 387 397 401 401 399 399 407 429 460 507 557 621 691 778 853 831 785 623 548 506 488 488 489 513 562 613 607 609 621 650 678 705 746 782 812 844 876 914 954 923 878 828 830 849 868 887 894 851 797 726 688 661 616 585 575 559 545 559 566 580 599 618 645 681 726 780 833 814 770 754 778 807 855 898 904 872 872 912 965 1008 974 902 845
502 495 495 503 522 550 576 493 451 434 427 416 396 386 387 386 389 393 399 399 399 398 397 396 404 435 472 512 568 650 747 800 825 789 710 592 546 508 490 488 492 520 565 592 578 595 620 650 700 754 794 820 854 893 930 940 918 866 823 800 810 830 856 876 852 789 736 702 679 634 596 575 564 550 547 566 581 598 609 628 661 705 755 794 790 758 750 772 802 847 876 859 840 853 890 933 988 1023 956 891
509 503 500 501 508 517 528 513 479 456 455 449 430 412 403 397 397 391 391 394 398 397 391 386 384 406 437 466 515 600 672 758 819 805 711 635 589 548 514 491 488 497 521 550 558 573 611 656 709 764 817 856 883 918 955 948 925 869 829 790 782 794 815 824 820 769 723 694 672 642 602 575 558 555 543 562 576 590 598 615 637 684 733 757 760 747 749 762 786 818 833 824 819 835 869 907 964 1003 995 917
515 515 521 520 509 505 508 508 499 481 483 486 474 457 439 425 417 408 401 392 388 387 382 382 382 384 402 425 471 536 608 680 749 782 709 665 626 586 541 502 489 488 500 514 532 572 627 688 728 769 818 876 900 922 959 946 909 870 834 794 765 768 783 780 760 737 712 686 662 632 604 575 555 552 533 557 567 581 589 602 621 664 708 737 740 734 742 751 770 789 802 806 802 818 854 896 948 997 1000 926
533 531 541 543 533 530 522 510 503 500 509 523 525 502 476 450 436 420 409 402 391 382 382 382 382 382 382 386 423 477 526 598 661 693 649 632 618 589 548 518 500 488 493 502 515 559 636 724 777 807 813 850 879 875 928 931 888 861 838 801 761 747 759 752 723 704 695 690 669 641 605 577 553 537 524 546 570 591 608 615 623 647 684 708 723 722 719 735 753 769 776 787 789 821 865 909 961 1006 1015 959
561 551 566 581 589 579 553 534 516 513 520 537 551 565 540 486 461 449 435 421 404 386 382 382 382 382 382 382 390 431 466 503 552 587 566 554 543 529 520 518 508 493 489 492 500 530 596 708 780 826 826 807 821 821 884 921 880 848 829 796 763 729 738 728 699 676 680 689 682 654 619 582 553 525 525 550 583 622 645 645 639 642 665 687 701 705 700 716 737 750 759 769 784 823 869 914 954 993 1016 979
583 568 586 612 630 620 582 555 534 527 531 542 553 555 550 524 487 471 460 447 425 406 390 384 382 382 382 382 382 400 431 460 495 514 515 506 497 494 500 527 531 509 491 487 488 500 540 607 697 736 766 764 771 768 813 896 877 828 801 775 752 715 713 708 684 657 658 674 682 664 621 585 551 524 527 552 598 651 688 690 674 658 656 668 674 683 688 703 719 731 741 753 776 806 854 894 931 978 1013 976
600 588 608 650 691 699 649 592 562 548 549 558 560 572 587 598 551 500 483 466 442 430 407 392 382 382 382 382 382 383 399 426 449 472 481 477 482 482 500 529 549 543 512 489 485 486 503 541 597 653 688 710 721 727 754 838 861 811 776 740 726 708 679 685 672 642 639 653 671 664 620 575 538 530 514 542 590 656 719 735 716 698 678 674 683 671 680 686 698 711 726 745 768 793 835 883 926 978 1021 992
621 607 631 687 741 777 735 644 599 589 591 596 600 592 586 583 591 550 503 484 471 451 434 414 389 382 382 382 382 382 382 390 410 429 443 455 464 470 497 531 560 569 553 515 489 485 486 503 544 603 651 672 686 699 730 768 814 783 749 717 700 689 667 652 649 628 623 636 660 668 615 568 535 519 508 534 569 637 705 758 757 734 714 700 692 665 674 670 683 699 719 742 765 791 831 879 932 977 1026 1025
640 630 667 736 791 788 715 651 640 662 657 643 649 632 626 610 586 567 532 506 495 475 454 440 414 395 382 382 382 382 382 382 384 397 409 422 440 448 487 533 581 603 594 562 514 487 485 487 512 585 656 682 666 665 694 707 739 731 711 699 684 677 662 631 628 617 611 619 645 668 625 564 543 510 503 523 554 611 673 728 763 776 749 721 700 673 659 662 682 699 718 740 762 789 827 873 922 972 1013 1022
661 656 711 784 818 743 677 675 709 757 763 741 726 688 671 683 662 625 593 560 529 505 481 467 445 427 398 382 382 382 382 382 382 384 389 400 412 427 460 524 596 643 651 614 571 518 487 485 493 554 678 733 732 682 676 677 678 684 685 687 678 666 654 629 608 605 598 601 614 637 642 567 544 517 499 514 543 592 651 709 759 792 765 728 702 669 648 655 682 701 721 739 759 786 824 879 933 969 984 988
680 689 748 826 832 720 713 772 838 869 881 864 818 764 722 737 733 707 679 629 580 562 528 502 476 453 427 398 391 390 383 382 382 382 382 384 391 410 430 484 564 651 700 693 627 576 515 485 485 510 604 717 740 703 686 671 658 658 676 674 670 661 645 622 599 588 579 579 583 593 601 573 539 520 496 506 533 579 632 688 751 800 779 733 694 665 639 641 676 700 721 738 758 785 837 897 945 957 948 962
696 724 787 881 850 725 742 847 948 989 1012 991 906 812 788 796 778 757 746 711 629 588 574 548 512 481 456 429 429 428 413 392 384 382 382 382 382 391 410 444 499 589 697 741 667 615 570 502 485 492 547 657 703 707 679 658 633 629 652 658 652 652 645 621 591 571 560 556 558 560 564 553 525 510 494 500 524 564 612 662 724 788 792 738 691 661 639 626 666 692 714 734 752 787 851 900 938 936 920 930
736 770 842 933 877 756 762 855 960 1034 1095 1077 948 859 845 858 836 818 804 758 670 627 625 571 540 504 480 467 463 460 438 423 408 392 382 382 382 382 387 414 460 531 646 753 754 695 639 546 493 485 510 591 633 658 654 626 628 607 604 610 615 620 624 614 584 567 549 536 537 537 538 532 511 500 491 495 517 549 588 636 692 766 788 731 683 648 629 620 656 684 703 722 741 773 836 885 919 902 889 909
770 813 885 970 934 808 766 814 889 996 1079 1064 952 903 911 939 904 889 871 807 720 674 692 655 560 528 508 505 493 483 466 456 443 423 395 382 382 382 382 392 425 481 573 700 771 769 716 604 523 488 492 534 565 600 600 583 576 581 572 578 579 582 582 580 572 560 542 522 518 517 516 513 501 496 489 491 513 541 568 606 654 722 760 719 668 631 606 617 645 668 687 705 728 745 815 879 907 868 860 871
806 841 904 1000 1011 897 809 793 832 931 1049 1086 987 939 963 1006 1002 969 929 827 765 722 740 751 656 577 531 522 516 516 507 489 477 457 423 386 382 382 382 382 397 438 499 608 715 776 784 680 566 506 487 506 529 543 554 541 524 527 537 558 572 586 595 590 580 560 545 521 507 502 499 498 494 493 486 490 507 531 554 580 617 660 692 679 643 613 593 606 635 646 665 679 711 744 752 854 886 837 825 824
874 890 920 1031 1068 1023 901 825 811 876 999 1090 1071 980 987 1037 1082 1065 951 840 788 758 764 803 779 687 578 527 521 534 539 528 512 492 469 434 396 382 382 382 383 401 452 525 633 731 764 719 618 531 496 488 506 518 529 521 514 512 534 565 591 610 610 606 579 557 544 529 507 497 493 490 486 481 486 496 504 525 547 560 587 615 632 641 625 597 585 593 614 632 637 651 687 730 742 788 836 801 797 795
969 963 953 1042 1104 1049 945 866 828 869 951 1043 1085 1081 1046 1066 1127 1118 961 853 815 785 802 844 844 770 650 561 520 528 542 549 547 526 506 473 447 408 383 382 382 382 399 461 555 655 686 633 578 522 496 484 489 507 515 514 508 502 519 550 588 609 612 606 579 548 526 527 515 496 492 490 487 476 484 494 502 530 553 550 558 572 588 606 610 590 576 583 599 615 627 629 651 700 745 724 764 764 778 754
1039 1053 1029 1039 1118 1108 997 874 846 900 954 1007 1050 1088 1111 1129 1112 1064 925 870 841 822 863 898 910 856 724 617 555 519 521 524 535 528 527 489 484 442 398 382 382 382 382 409 500 591 636 611 548 489 471 472 476 492 503 508 506 499 505 526 551 584 615 595 586 551 509 494 502 495 491 489 487 473 478 482 496 531 560 551 544 553 558 570 581 581 571 575 589 606 618 619 625 668 734 733 672 716 753 745
1067 1100 1098 1073 1111 1140 1094 933 873 918 991 1061 1087 1098 1120 1100 983 974 916 884 859 874 940 969 968 919 819 704 611 554 518 497 489 492 494 482 473 453 414 391 382 382 382 387 442 523 588 577 495 454 446 452 464 475 487 497 498 496 502 511 522 540 573 568 563 542 509 484 485 489 490 488 487 475 468 471 485 514 551 555 550 538 543 548 555 562 566 566 584 601 617 630 636 638 698 720 631 642 656 667
1071 1114 1133 1117 1116 1144 1135 1005 923 964 1026 1093 1116 1120 1121 1014 940 943 919 892 902 964 1016 1021 994 932 869 750 659 612 585 531 493 464 459 450 442 430 407 401 385 382 382 382 402 442 459 466 452 437 428 441 454 455 469 479 484 491 499 507 518 523 526 524 514 507 496 484 483 488 492 493 492 491 483 469 472 494 523 541 546 536 534 533 535 548 553 562 579 598 614 634 661 687 671 628 606 589 586 590
1056 1114 1148 1157 1160 1179 1187 1071 979 1002 1086 1130 1141 1139 1137 1071 964 977 970 948 1014 1072 1070 998 952 892 825 750 707 693 669 589 516 486 453 431 419 408 397 391 385 382 382 382 382 392 405 413 417 419 426 429 441 442 444 460 467 479 497 516 532 543 545 533 519 494 484 481 482 485 492 500 509 516 514 496 473 482 497 516 531 534 537 537 523 534 553 562 575 594 610 626 645 664 664 629 608 615 612 598
1018 1096 1134 1136 1154 1190 1225 1170 1092 1074 1148 1178 1172 1161 1151 1141 1095 1101 1119 1099 1139 1143 1082 1004 947 907 862 819 780 743 672 589 523 485 463 443 425 408 403 391 387 387 383 382 382 382 391 391 397 412 425 426 427 422 421 445 453 461 481 503 529 552 566 548 525 502 485 480 482 482 487 500 514 527 538 530 483 476 486 501 515 529 541 538 521 520 546 562 580 595 606 616 634 642 635 641 664 695 705 678
990 1046 1071 1075 1098 1156 1211 1235 1197 1165 1191 1220 1211 1189 1167 1156 1172 1194 1188 1160 1175 1181 1128 1068 1004 980 959 915 856 784 681 607 542 495 461 442 427 415 407 400 390 389 387 382 382 382 382 382 383 391 402 411 408 407 399 419 434 446 462 480 504 534 567 565 528 504 486 478 483 486 486 495 510 527 541 540 493 468 475 489 503 510 523 531 519 506 533 558 586 600 610 613 615 629 647 669 692 725 734 710
975 1000 1016 1027 1048 1082 1134 1204 1249 1246 1226 1242 1243 1218 1192 1171 1170 1144 1106 1044 1043 1106 1067 1100 1082 1068 1029 972 911 825 714 631 561 513 476 450 432 426 419 406 397 393 395 395 388 382 382 382 382 382 383 387 385 386 387 392 417 440 449 462 476 501 538 567 548 503 482 473 479 487 491 493 501 517 535 539 505 463 471 481 490 500 504 510 513 499 516 544 577 597 597 603 601 619 655 687 722 755 775 729
952 953 949 952 972 1001 1042 1104 1147 1177 1224 1245 1248 1235 1213 1176 1134 987 919 909 929 981 987 1086 1125 1109 1062 992 914 826 739 659 579 526 492 467 448 435 423 412 404 400 402 407 416 410 398 390 384 382 382 382 382 382 383 382 388 419 437 449 455 469 494 533 549 511 476 465 471 482 495 502 501 506 515 526 505 467 463 472 482 495 499 498 503 499 500 524 549 568 568 576 593 628 668 697 727 742 724 688
898 903 902 899 899 931 977 1017 1064 1106 1146 1162 1195 1223 1215 1131 1006 844 788 810 853 896 954 1046 1099 1077 1029 967 908 832 741 665 595 543 504 480 466 455 437 423 419 420 427 425 430 432 428 423 421 396 385 382 382 382 382 382 382 388 416 432 443 447 460 486 516 527 482 458 458 469 484 498 506 512 506 504 498 465 455 469 481 492 499 498 494 496 490 509 534 553 564 588 618 647 676 703 731 709 649 609
838 853 866 878 889 925 975 1008 1032 1039 1042 1075 1123 1207 1214 1128 890 771 753 776 808 841 878 933 995 1022 1001 973 955 895 765 668 604 550 518 495 499 502 480 458 446 445 444 446 451 454 451 457 453 431 413 409 386 382 382 382 382 382 388 410 422 429 431 449 468 492 493 464 449 451 463 479 495 508 514 488 482 456 451 476 497 495 491 500 497 490 482 490 521 548 563 615 650 676 694 662 668 643 596 561
811 831 847 863 890 925 972 1007 1023 1036 1045 1070 1116 1190 1147 1054 875 781 759 757 765 785 811 838 877 919 929 920 912 883 771 673 608 558 532 517 542 556 542 510 486 473 464 462 472 477 478 481 482 464 441 438 423 406 384 382 382 382 382 383 388 403 413 421 439 452 462 461 449 439 448 458 472 487 500 489 469 455 444 467 501 501 490 490 492 487 479 473 503 536 559 614 668 691 703 654 613 582 560 542
802 825 847 874 901 930 961 991 1017 1032 1039 1055 1087 1115 1002 919 870 837 817 789 757 731 734 758 790 820 843 844 834 808 755 671 603 572 541 557 590 620 618 587 544 510 491 478 489 502 512 508 494 478 458 457 460 442 405 387 382 382 382 382 382 382 387 396 411 426 442 442 440 438 437 444 443 456 466 467 467 450 440 447 460 474 475 465 456 460 463 458 480 515 540 587 649 644 634 611 591 570 544 535
820 844 870 900 930 956 983 1001 1009 1017 1031 1069 1115 1134 1072 1005 940 924 902 858 809 753 712 706 723 740 753 756 748 728 691 631 590 566 567 602 653 688 694 657 617 564 517 492 490 508 530 541 525 488 468 471 464 453 427 412 391 387 382 382 382 382 382 382 384 395 422 423 428 437 435 436 423 421 443 446 443 448 445 436 444 443 456 456 451 447 454 455 455 484 516 553 586 573 566 555 551 550 535 536
838 866 898 932 961 983 1000 1005 993 987 1013 1062 1120 1157 1178 1157 1097 1066 1022 961 898 823 751 703 683 683 686 682 671 650 619 592 578 584 608 647 717 749 732 679 629 592 546 507 496 496 524 550 550 535 495 472 461 450 438 420 400 407 397 383 382 382 382 382 382 382 389 398 413 422 431 429 415 406 411 430 429 436 450 431 426 436 445 450 454 450 447 448 446 454 478 516 545 517 516 519 520 528 534 545
835 876 919 962 993 1000 973 916 872 851 885 966 1051 1107 1139 1155 1165 1170 1143 1076 1010 912 810 747 709 688 665 643 626 612 603 600 603 613 647 717 790 789 739 682 629 601 568 536 513 502 508 535 565 583 528 483 468 454 439 427 407 403 409 395 382 382 382 382 382 382 382 386 395 404 416 423 398 388 393 400 416 417 429 421 421 432 445 453 455 455 452 446 443 446 451 469 490 494 489 500 515 532 544 557
809 862 934 984 1011 1013 932 843 796 801 823 896 978 1027 1062 1103 1133 1152 1173 1164 1074 960 843 795 784 752 706 670 640 626 623 627 641 678 739 805 834 804 758 712 670 625 596 563 537 527 523 514 536 557 534 502 478 460 448 436 424 429 425 416 408 403 396 389 383 382 382 383 388 394 399 404 396 387 387 388 400 409 425 423 419 430 443 457 463 460 459 449 438 440 446 449 460 473 484 500 513 534 558 567
767 821 882 941 985 977 860 803 796 815 837 884 935 963 1010 1062 1097 1112 1135 1155 1068 957 875 873 887 839 780 737 703 688 688 704 737 797 867 903 883 842 806 762 711 668 639 605 575 556 544 531 525 534 528 512 495 480 470 461 453 449 444 443 438 433 427 419 401 382 382 385 390 391 391 397 388 387 387 388 388 397 424 435 427 422 437 449 468 471 463 455 443 434 439 442 448 460 475 492 510 523 549 569
741 766 799 843 898 854 777 775 794 812 830 857 894 931 980 1031 1053 1016 1032 1105 1106 1006 953 978 1004 970 891 837 801 792 797 814 859 926 976 977 934 889 854 813 770 735 703 660 627 597 580 565 550 547 543 531 522 510 496 483 473 466 460 456 453 450 443 437 424 397 407 406 399 393 390 389 392 392 397 410 404 389 407 428 434 417 430 442 453 469 476 480 468 439 432 436 440 452 467 482 504 524 552 574
726 736 748 767 796 780 752 768 787 804 821 840 871 911 951 1001 990 913 913 1009 1083 1096 1077 1093 1099 1035 976 944 914 914 937 941 973 1015 1052 1040 992 944 909 879 848 814 786 739 690 661 625 601 582 573 574 565 551 537 523 511 500 492 486 477 467 457 450 449 439 429 439 441 435 428 425 429 441 443 431 435 427 405 391 401 427 420 412 424 437 449 464 476 478 461 438 429 437 446 457 476 498 523 550 573
716 717 720 726 733 739 738 755 774 790 816 853 887 903 916 940 914 868 886 948 1027 1069 1020 1015 1062 1072 1045 1024 1001 1002 1028 1039 1053 1077 1104 1101 1060 1006 972 955 931 907 888 835 754 707 664 644 629 609 603 599 588 573 556 542 532 525 518 509 492 473 459 449 439 445 453 455 455 446 448 456 476 492 476 458 449 436 401 390 409 418 407 412 414 427 437 446 455 452 440 431 427 435 448 468 493 520 546 567
697 704 707 706 710 714 722 738 757 780 816 881 926 931 897 874 871 858 865 895 976 986 960 947 982 1054 1081 1081 1073 1082 1083 1060 1065 1076 1096 1124 1121 1066 1030 1025 1008 989 975 920 787 731 705 685 661 646 626 614 613 605 594 582 575 569 566 551 531 506 471 451 440 445 462 462 460 457 461 477 504 533 537 513 494 469 430 397 401 408 404 404 411 401 413 426 433 435 439 441 433 423 443 465 493 522 550 571
688 691 694 697 697 699 709 724 739 764 800 849 889 920 907 879 851 834 830 836 845 862 869 882 912 972 1018 1062 1087 1099 1077 1031 1018 1027 1049 1082 1109 1105 1086 1081 1066 1044 1024 930 799 774 763 745 716 689 657 627 610 610 611 612 613 617 621 609 581 528 475 449 444 443 460 477 463 459 465 487 517 555 591 580 542 509 475 445 430 432 429 402 399 394 395 410 424 431 431 438 441 420 439 461 492 526 559 584
675 675 679 680 682 686 695 709 723 744 777 813 849 896 927 909 868 818 798 792 786 798 819 843 870 913 956 1009 1041 1065 1052 1009 988 987 1000 1027 1051 1062 1084 1096 1097 1078 1032 902 837 838 830 800 774 762 724 674 631 601 591 601 625 643 646 633 586 508 473 454 449 446 450 471 466 466 477 499 528 566 602 621 599 566 539 522 515 488 468 443 413 408 396 394 406 419 429 425 428 417 435 457 489 524 559 589
668 661 665 667 666 672 681 692 706 724 757 793 826 872 929 948 911 840 793 773 768 772 789 818 850 880 924 962 992 1013 1021 1001 970 959 973 991 1002 1007 1053 1081 1091 1094 1039 935 908 916 900 871 840 818 777 723 668 630 595 573 579 590 599 586 537 482 466 463 457 448 450 458 468 471 490 513 546 582 617 642 639 630 609 593 592 589 540 502 452 436 422 408 394 393 400 405 417 411 439 466 494 527 556 581
661 650 649 654 648 654 664 675 690 718 752 787 823 854 895 948 951 872 805 766 751 755 766 792 825 861 905 933 953 969 982 990 965 943 944 956 963 977 1021 1049 1060 1072 1073 1060 1038 1012 982 939 908 878 832 752 692 658 625 594 567 553 550 533 495 470 462 462 453 445 452 457 462 471 489 524 568 606 649 673 677 672 676 652 637 661 629 564 502 469 450 432 409 392 394 393 400 405 433 483 517 548 569 588
639 642 637 635 628 634 646 657 686 720 760 800 834 836 843 859 842 791 759 737 727 731 744 775 812 865 912 937 923 926 944 961 956 924 910 919 923 941 981 1011 1029 1039 1042 1050 1060 1049 1012 978 963 931 844 765 724 698 664 630 599 571 546 523 500 472 459 453 446 440 446 460 462 476 497 532 592 636 688 720 714 714 732 719 666 658 652 615 581 544 517 507 455 408 393 392 393 401 424 472 540 583 593 596
609 612 614 614 610 612 626 649 693 735 781 803 794 776 764 746 719 683 673 681 689 699 715 755 805 866 925 947 917 892 904 930 956 940 896 874 875 894 929 978 1003 1010 1012 1020 1033 1035 1022 1024 1005 907 834 799 774 746 712 677 643 612 583 550 521 489 463 448 441 435 438 460 460 472 514 549 605 653 704 735 738 740 748 734 684 643 628 623 628 600 583 576 506 432 420 398 393 397 426 436 481 508 536 568
591 580 580 583 584 592 610 638 701 764 766 729 698 675 663 648 634 627 634 644 657 673 702 740 791 850 907 935 909 877 876 905 944 951 914 871 844 848 873 941 981 988 987 990 999 1008 1020 1039 996 900 875 856 834 804 766 727 694 668 638 598 552 513 480 455 444 433 429 448 454 456 507 551 594 629 679 720 725 738 729 679 640 619 607 603 619 643 645 643 555 459 428 411 399 392 424 438 443 470 494 530
570 562 554 554 557 570 588 615 691 720 681 634 613 599 592 590 592 597 609 623 637 661 695 735 785 837 874 893 885 862 846 870 906 929 907 868 831 811 835 907 969 993 992 971 960 976 1000 1020 1029 987 941 921 895 865 822 775 743 725 698 658 601 540 492 464 442 430 426 430 437 440 457 532 594 588 621 646 653 687 698 650 612 592 582 587 607 645 679 655 576 483 428 403 391 391 399 426 429 457 483 510
539 537 536 537 538 544 560 581 604 613 600 583 572 565 563 563 569 579 591 605 621 645 679 724 769 809 846 862 858 847 825 817 843 870 887 851 803 779 806 896 972 1004 1003 976 939 941 975 999 1015 1027 1016 987 958 922 875 826 799 791 767 718 654 580 519 475 450 436 424 423 425 425 424 465 579 537 531 554 574 598 636 646 601 575 561 563 583 621 669 659 599 492 426 406 400 390 391 397 412 444 473 502
522 520 524 527 530 533 541 556 569 575 574 567 562 561 564 563 565 571 579 589 602 622 648 687 732 760 801 835 830 826 818 785 782 803 822 822 782 751 779 873 971 1016 1010 966 898 863 894 947 975 1013 1034 1023 999 963 923 881 860 854 825 763 688 618 549 498 461 440 429 421 416 413 407 416 470 478 461 489 519 547 547 556 555 564 550 532 550 588 632 668 615 486 438 422 406 391 396 402 400 433 468 496
518 518 521 524 528 533 534 541 550 554 556 556 555 555 555 557 558 562 567 574 584 600 621 647 681 719 754 791 790 788 792 793 753 735 743 753 740 722 752 826 895 949 962 900 823 760 790 903 950 984 997 961 910 876 884 897 896 886 858 801 725 662 589 528 480 449 434 425 411 407 405 403 412 431 429 435 448 461 457 455 454 474 503 492 500 535 584 630 624 517 477 435 405 391 389 394 395 414 456 486
515 518 524 530 536 535 532 530 533 539 542 544 546 545 544 546 548 553 556 562 567 580 600 621 647 679 709 724 733 741 756 769 747 697 681 689 695 700 720 764 810 828 834 807 752 720 758 876 904 897 873 829 816 791 793 834 866 869 858 826 763 705 640 571 505 464 444 436 423 416 412 403 404 423 426 428 423 425 416 419 425 429 439 444 448 470 513 561 599 556 521 464 410 397 397 390 389 398 432 460
515 519 526 535 539 538 532 528 525 523 526 530 533 535 535 540 540 542 548 555 560 568 582 599 616 638 663 673 677 693 725 726 699 665 649 658 668 678 685 694 706 726 735 726 697 678 714 763 765 767 763 754 747 744 751 778 811 835 830 805 763 721 677 612 538 486 453 439 434 424 413 406 404 414 423 419 418 410 406 413 412 415 418 423 418 426 444 465 499 520 551 519 423 409 406 403 390 390 414 439
510 514 521 529 533 536 536 532 525 516 514 516 525 526 528 531 531 533 537 546 553 561 570 583 597 610 621 631 637 641 654 659 651 639 634 645 656 661 666 665 662 660 661 660 656 647 656 666 676 682 685 689 692 694 711 733 759 782 788 771 742 699 662 619 562 511 464 442 437 430 415 405 405 403 417 407 404 404 403 403 402 402 404 405 404 405 410 415 429 456 495 508 427 406 412 407 394 389 398 419
507 511 515 520 522 523 525 531 532 518 506 502 508 516 523 526 525 524 528 536 544 553 562 572 585 597 605 611 615 618 620 621 622 623 628 637 646 653 661 668 673 675 673 665 647 630 617 621 628 631 632 635 638 646 665 684 715 753 773 758 715 672 633 600 561 521 473 443 435 432 424 415 407 404 403 405 405 404 403 402 402 403 404 404 404 404 404 404 404 412 430 437 408 397 407 410 398 390 388 399
511 512 511 512 513 509 508 508 509 503 496 490 491 496 512 516 520 518 522 527 534 543 552 562 573 586 596 601 604 607 608 609 611 614 619 625 636 642 657 672 689 704 716 713 693 673 645 611 597 592 593 593 596 602 610 627 654 706 749 770 757 707 629 576 534 492 464 441 433 431 430 425 421 414 406 406 406 405 403 402 403 405 404 404 404 404 408 405 404 404 407 411 399 395 399 411 397 390 387 389
483 509 511 508 509 507 496 490 489 486 485 485 485 486 495 499 507 510 513 517 524 532 541 551 562 574 586 593 598 601 601 603 605 608 612 616 622 627 638 657 679 702 720 728 731 758 739 681 636 595 560 548 546 557 565 577 596 634 689 726 720 665 612 549 497 461 450 441 433 428 427 428 428 424 415 408 406 406 408 412 412 407 405 405 404 405 411 414 408 407 403 400 397 394 393 398 404 393 389 388
463 475 497 498 501 500 489 486 487 490 494 493 488 486 484 486 494 499 502 507 510 517 529 539 553 566 577 586 592 597 599 598 599 603 610 614 617 619 617 626 653 687 707 707 711 742 736 704 665 625 592 563 535 515 521 522 539 564 602 649 689 636 548 498 458 435 427 423 428 426 423 427 428 424 419 412 410 419 422 421 421 418 425 422 421 417 421 419 414 408 409 405 404 402 393 391 391 391 389 388
468 464 467 479 486 488 488 498 507 518 528 529 523 513 495 484 485 489 498 500 502 507 518 527 541 556 573 585 594 600 602 600 594 592 603 607 609 612 603 603 617 632 643 654 681 700 688 651 612 576 555 547 533 510 494 485 490 506 523 545 560 554 500 458 430 423 422 420 420 422 422 421 425 422 416 411 418 428 432 436 446 447 451 447 443 435 433 427 417 416 418 412 408 411 400 391 394 396 389 388
497 482 475 474 484 493 505 522 535 547 566 562 553 538 515 491 485 484 490 493 498 500 506 515 527 542 558 578 595 607 610 607 601 590 586 603 604 589 577 579 586 595 604 614 623 646 640 581 524 501 496 499 494 485 488 476 462 466 472 476 478 475 453 431 424 422 421 420 420 417 419 420 417 415 415 418 423 432 446 456 464 470 472 471 463 449 442 431 426 435 433 429 420 422 421 402 391 390 391 389
535 527 519 503 508 517 527 535 548 567 578 569 545 519 507 494 487 483 481 482 487 492 494 501 514 526 542 561 584 605 613 617 605 590 571 600 625 598 568 551 562 570 590 629 650 607 563 513 487 478 475 472 470 467 470 463 455 445 446 447 447 444 430 425 423 422 426 433 435 433 423 422 417 419 422 424 425 430 442 460 475 492 500 499 487 465 450 430 436 458 465 447 438 438 441 442 409 401 398 406
584 581 570 554 546 543 544 547 552 558 567 569 534 517 514 507 495 484 480 479 478 480 483 488 497 509 526 542 563 588 609 623 610 587 561 559 584 565 539 525 526 539 557 596 653 632 562 493 473 463 459 459 452 451 446 445 448 442 439 436 433 431 428 425 426 439 460 471 470 464 452 440 437 437 439 439 442 441 439 448 463 484 507 513 496 469 457 436 443 461 480 467 470 466 474 466 450 444 435 437
661 645 629 616 594 579 573 574 569 558 546 539 537 538 537 530 521 496 481 478 477 481 479 479 481 486 497 511 531 560 586 589 565 554 536 517 512 510 505 503 504 506 520 548 562 524 492 472 461 457 456 472 471 469 462 460 457 452 450 445 439 431 427 432 448 486 542 548 540 526 505 482 472 464 456 455 458 460 458 452 457 464 478 490 484 465 452 440 447 464 480 490 505 509 521 520 515 535 511 510
741 716 697 684 657 622 600 594 589 573 560 545 547 553 557 551 540 515 491 481 478 476 476 476 476 476 476 484 502 519 532 533 524 513 501 493 486 485 481 476 483 483 481 492 493 488 474 464 460 457 460 470 474 473 475 476 471 468 467 461 453 438 436 441 483 556 638 662 660 616 570 536 512 500 489 484 486 486 485 486 482 475 470 471 471 461 451 454 451 460 485 515 552 576 566 591 608 618 603 596
791 767 753 743 733 692 643 609 592 577 564 553 557 559 565 565 551 528 506 492 485 481 478 480 481 480 479 476 476 484 493 494 488 486 487 478 475 472 469 467 465 465 462 462 465 468 465 461 458 465 478 483 484 488 492 495 494 488 479 470 458 444 448 457 503 578 664 710 729 682 634 598 566 549 534 523 523 521 523 526 521 513 504 492 487 473 470 464 458 467 489 518 558 594 609 638 673 696 695 667
822 808 801 791 783 752 700 644 606 584 570 570 571 569 567 560 547 536 529 517 515 514 512 513 505 498 494 484 477 474 474 475 472 469 468 467 469 467 465 463 467 464 464 461 461 460 459 458 469 486 498 504 507 507 512 513 509 499 487 474 458 447 459 476 510 575 661 697 721 709 675 650 623 610 594 577 570 571 575 584 579 568 551 532 512 495 489 475 466 474 496 519 552 597 623 646 683 728 751 731
856 863 847 817 785 760 728 683 633 598 582 589 589 589 585 580 574 565 558 552 551 551 551 550 547 525 512 496 484 480 476 473 470 469 469 467 466 466 469 478 495 478 467 462 461 460 463 473 487 504 514 523 529 526 524 521 514 507 493 475 463 453 461 484 508 543 590 644 695 725 695 669 657 650 637 620 619 624 630 627 626 619 602 577 543 519 507 493 471 481 497 517 551 600 647 671 689 721 752 748
858 883 857 800 746 724 707 683 646 610 600 605 606 608 604 600 596 590 584 580 578 590 577 567 557 542 528 507 492 485 481 476 473 474 475 473 474 476 488 508 538 530 489 470 466 471 488 498 510 531 544 547 543 536 528 521 513 506 497 485 472 467 463 481 504 524 548 582 628 674 694 688 678 670 654 648 651 657 668 673 669 664 645 615 581 549 526 508 488 483 503 523 552 599 658 702 720 735 753 760
843 841 796 750 721 708 691 673 656 635 628 629 628 628 625 620 613 609 604 598 600 621 604 571 552 537 523 509 506 500 494 492 492 491 489 492 499 504 515 528 535 530 519 515 513 514 519 529 544 568 588 589 569 547 530 518 509 502 493 484 479 480 477 482 495 513 529 548 576 617 661 687 696 689 683 692 689 691 697 706 706 695 678 649 612 580 557 529 504 489 513 535 560 603 651 708 756 781 789 782
823 805 764 749 750 747 716 686 668 659 659 662 661 660 656 652 636 623 613 606 605 608 594 569 548 536 531 530 528 522 516 509 509 510 508 515 521 536 555 576 593 598 589 586 588 579 572 574 578 602 645 661 622 577 540 518 509 503 496 487 488 501 500 499 503 513 526 536 554 587 619 653 677 690 710 736 744 736 728 735 748 743 716 676 646 611 576 540 520 496 524 557 588 625 665 709 765 823 849 832
801 795 793 808 817 815 769 719 686 679 695 704 703 698 692 687 674 654 632 612 601 590 579 570 570 565 573 574 562 551 541 531 529 528 529 540 555 578 609 633 667 705 716 686 660 646 632 634 626 631 676 715 680 606 554 525 516 507 501 493 502 517 522 520 526 539 559 574 566 568 598 630 665 694 712 736 770 787 786 792 807 818 800 750 693 642 598 562 532 505 535 591 631 668 704 741 784 845 889 912
811 816 835 859 871 852 801 745 712 709 735 756 756 738 730 733 721 699 668 632 603 590 588 599 607 607 640 632 595 579 569 558 557 554 550 570 590 610 645 677 717 769 811 795 746 698 674 676 675 672 691 718 707 628 565 541 531 519 511 502 510 527 534 537 550 570 595 621 600 574 587 620 660 694 714 736 764 793 820 845 864 878 860 797 725 673 627 590 554 520 532 611 681 719 749 772 819 876 902 922
840 849 873 899 903 848 792 757 739 741 770 798 795 771 767 772 770 758 717 651 609 597 609 622 631 644 682 657 623 603 592 587 607 598 581 571 594 611 637 689 749 805 858 856 802 754 725 713 710 714 719 715 670 613 574 558 545 536 527 516 519 530 540 554 569 591 615 640 617 589 586 622 658 687 713 736 762 792 825 860 889 900 891 838 750 691 640 595 568 544 522 565 645 734 790 813 829 870 896 905
850 879 914 937 917 873 825 778 767 794 821 836 820 801 809 806 798 776 728 664 618 609 634 650 651 663 689 666 647 631 610 617 669 672 622 593 580 600 626 682 759 831 866 870 839 801 769 755 751 745 713 686 644 608 590 577 561 548 536 522 524 541 563 580 594 612 626 630 619 595 592 629 675 708 724 740 763 798 833 871 902 916 915 884 812 735 665 607 577 553 532 539 588 673 760 824 863 878 895 907
854 897 943 967 940 930 883 826 806 842 883 888 855 841 847 842 824 781 712 664 628 626 664 680 677 677 703 691 674 656 633 637 678 699 647 607 600 602 622 666 736 825 881 876 884 861 827 797 792 775 710 663 632 619 613 590 570 551 536 529 542 567 597 622 641 656 667 657 629 607 597 632 695 736 753 763 772 802 841 888 923 935 940 934 896 829 747 649 601 570 545 534 558 613 682 755 826 856 872 905
857 903 966 992 967 966 932 878 849 879 925 933 893 880 890 895 859 801 709 664 638 649 699 713 709 698 712 717 705 686 663 660 668 679 643 626 652 649 632 651 700 764 804 848 875 888 881 844 824 776 719 673 641 644 624 598 578 560 545 543 564 597 636 662 678 688 708 724 667 621 604 631 697 758 790 799 800 812 838 892 944 956 962 971 965 909 822 722 640 596 559 546 545 576 633 716 779 812 848 887
851 883 964 1010 982 988 975 926 900 918 950 967 930 923 925 909 827 758 694 654 650 688 748 756 738 728 749 771 767 746 712 687 676 668 647 671 704 701 665 653 668 701 738 778 831 858 873 840 788 756 720 676 684 674 640 613 598 575 556 562 591 634 672 696 707 716 734 760 716 647 616 630 685 775 830 849 851 858 863 885 945 981 985 997 999 971 872 771 679 621 590 562 551 562 598 671 748 775 807 844
855 839 890 962 979 988 990 957 947 956 969 975 945 928 913 834 758 726 682 662 694 754 776 773 757 769 800 835 837 822 783 734 704 683 665 692 731 732 702 678 670 677 698 730 773 812 827 788 759 738 700 707 743 710 662 636 613 592 568 584 622 671 708 730 740 746 754 765 723 664 630 633 676 755 837 884 910 924 920 908 932 971 1003 1014 1014 994 916 807 715 650 617 583 565 564 581 626 685 735 787 828
839 798 822 872 922 934 957 963 970 973 954 921 889 860 832 753 724 712 683 694 766 835 814 789 780 808 847 899 921 902 854 788 751 719 687 701 762 783 759 745 715 692 691 716 760 812 817 771 738 706 716 748 742 715 684 653 634 607 585 607 658 714 749 771 786 780 771 748 710 677 647 636 667 715 790 875 947 987 983 958 950 968 1003 1019 1009 959 867 793 715 678 648 616 588 569 582 613 676 759 795 831
791 761 775 818 858 866 889 935 957 940 905 876 848 816 774 725 713 704 701 760 852 886 854 822 813 819 846 902 956 986 940 866 799 763 716 701 740 780 813 816 792 737 710 716 756 793 795 760 728 749 766 775 750 724 695 671 647 614 614 635 691 749 790 806 819 824 794 756 720 701 665 643 659 694 753 847 947 1016 1035 1014 993 990 974 979 937 867 794 735 705 690 684 667 625 589 585 607 662 763 827 836
752 730 739 781 807 830 869 911 918 913 891 890 886 840 761 727 720 723 745 831 915 938 923 885 859 851 852 877 939 991 995 928 838 786 741 715 724 755 794 840 857 795 747 739 753 776 786 753 762 788 792 767 743 719 699 682 654 636 642 665 715 772 819 845 848 836 806 757 730 717 685 655 655 682 726 806 899 975 1030 1041 1034 1029 981 885 834 797 767 741 726 714 727 718 678 630 596 604 644 730 820 837
719 700 709 748 786 827 878 902 889 889 909 931 939 904 792 737 738 754 789 856 934 977 980 944 920 898 873 875 909 966 1003 929 849 796 762 740 730 743 777 833 854 819 782 780 789 783 768 763 788 813 797 761 735 715 703 697 682 668 670 692 738 801 856 883 883 841 803 755 737 726 700 668 656 677 707 759 830 902 982 1033 1053 1052 1017 860 796 806 795 775 758 751 765 778 740 681 633 602 644 743 852 849
687 678 711 770 822 848 868 860 843 849 885 933 965 945 855 784 780 811 850 888 941 987 998 978 953 930 907 896 902 935 985 942 865 814 803 789 761 750 779 830 831 817 813 813 811 799 772 777 801 823 799 764 740 735 735 726 716 707 704 725 776 836 883 893 886 846 802 759 748 740 716 688 670 675 700 737 790 850 918 985 1041 1058 1002 865 819 832 816 795 784 787 802 828 786 725 675 620 640 743 868 874
658 691 746 812 839 826 812 806 805 822 857 914 971 965 900 856 850 869 902 922 927 955 960 967 945 951 932 917 896 904 942 974 916 861 859 848 798 766 781 822 834 824 833 833 832 814 792 790 813 824 799 769 762 775 779 765 752 745 745 773 835 893 913 888 863 832 793 767 762 761 741 713 691 682 696 730 780 831 895 970 1028 1052 1039 955 897 878 851 820 809 826 844 829 776 736 694 660 641 727 860 904
665 715 775 825 829 783 764 767 775 801 840 903 969 989 971 934 926 935 934 935 928 916 920 922 919 945 954 939 906 888 905 956 973 928 908 882 820 773 784 808 823 825 828 835 843 847 831 811 819 825 797 780 794 817 829 818 802 798 806 838 907 955 936 887 844 812 788 780 781 788 772 744 717 698 703 731 781 831 877 946 994 1021 1033 1023 992 936 903 881 872 881 834 800 769 740 743 746 689 680 812 915
691 726 763 786 790 755 738 740 757 789 829 892 958 1003 1011 991 983 988 973 928 915 906 893 894 896 920 946 940 915 887 891 929 974 977 937 886 829 780 788 809 827 833 839 845 859 863 857 834 831 840 814 799 820 853 881 886 876 872 885 889 918 955 948 898 841 814 795 793 799 804 799 775 742 718 717 740 795 843 875 911 954 989 999 1002 991 959 931 915 900 887 826 793 780 799 833 833 749 684 740 876
713 724 729 734 735 727 714 718 747 785 828 885 946 1006 1010 995 989 991 969 934 905 894 888 891 893 900 926 930 914 889 887 919 956 968 931 880 830 790 799 826 853 848 850 850 849 860 866 858 845 849 834 830 861 875 896 923 936 934 924 915 918 924 918 892 843 829 812 814 819 825 821 799 760 740 739 760 809 865 893 912 948 976 980 975 969 958 942 934 916 894 850 817 840 853 858 848 787 747 702 822
725 714 705 697 694 699 692 707 747 794 837 884 937 990 981 946 933 960 956 926 905 885 883 881 889 896 910 914 901 884 878 908 952 986 949 890 845 811 814 840 869 858 856 856 853 851 862 873 860 849 833 842 858 876 904 941 967 981 968 946 929 921 906 884 848 836 832 846 854 850 840 836 785 760 771 796 818 859 896 913 933 961 979 966 961 962 960 951 931 908 881 860 897 903 878 849 819 785 712 790
