# 100 100
860 925 924 851 829 881 953 949 868 794 721 654 581 518 439 407 462 562 662 755 834 881 857 776 699 629 571 522 469 433 489 574 605 584 543 475 385 306 314 363 415 408 393 401 391 378 359 335 308 289 275 263 260 259 259 259 260 261 267 279 298 311 317 312 302 291 281 278 274 280 283 289 281 274 269 265 262 261 261 260 264 282 301 338 380 426 469 514 563 586 601 591 568 526 475 419 375 344 329 363
852 926 920 885 880 935 951 900 836 771 701 629 564 499 436 427 505 602 709 800 875 925 921 871 761 677 613 564 505 471 538 613 698 681 617 511 405 322 333 404 493 527 485 504 505 504 477 432 396 365 334 304 280 270 262 259 259 259 259 259 260 262 266 270 276 272 266 266 268 267 264 262 261 261 261 261 261 261 261 261 261 271 280 305 336 369 410 459 512 550 577 583 581 555 495 434 378 344 327 356
812 875 941 971 972 982 914 864 805 737 671 601 537 482 437 461 554 662 764 845 927 994 975 885 807 731 663 604 543 524 594 668 746 738 646 527 423 347 335 409 504 579 592 588 654 630 594 529 510 460 410 360 317 307 303 290 274 267 263 262 259 259 259 259 260 261 261 263 263 262 261 261 261 261 261 261 263 267 267 263 263 264 271 284 302 329 358 406 460 507 543 572 594 575 517 441 384 342 325 353
790 860 959 1036 1052 981 924 870 767 691 643 573 518 478 456 511 607 712 809 890 974 985 922 871 816 755 689 632 576 578 657 726 761 763 688 582 463 381 328 386 483 569 627 672 727 725 697 629 604 529 453 387 349 355 347 339 326 313 293 282 279 278 273 264 262 261 261 263 262 261 261 265 265 268 275 280 285 288 292 285 280 269 267 272 278 297 320 356 403 459 507 554 593 579 525 446 391 341 318 341
799 881 989 1099 1072 987 936 863 744 652 593 547 510 485 496 575 678 772 859 957 1014 954 901 859 817 764 700 636 605 647 720 756 751 734 674 591 485 400 331 376 462 540 644 719 750 750 736 707 613 525 456 392 396 410 411 409 400 381 356 344 340 330 320 305 293 284 280 274 271 273 277 276 284 301 317 328 333 335 335 330 315 297 275 267 270 279 297 317 353 405 467 513 558 573 529 451 391 342 311 333
839 924 1027 1133 1134 1035 939 894 779 633 578 540 507 506 544 634 734 841 942 1032 1032 958 900 853 812 760 695 642 663 720 784 782 738 678 610 548 482 400 334 375 458 561 658 711 745 757 751 712 601 516 442 409 441 476 497 503 485 458 436 432 424 414 399 386 366 333 311 312 319 315 319 319 331 354 374 388 394 396 393 384 366 342 319 297 282 276 282 291 310 348 403 466 501 535 516 452 388 336 308 326
902 942 991 1056 1115 1021 928 905 815 695 603 548 531 569 607 697 804 907 1025 1077 1018 969 910 853 809 756 694 686 738 805 846 809 716 633 562 510 452 382 336 378 459 552 640 696 728 746 729 658 567 492 437 435 491 549 584 595 581 552 531 534 533 518 486 458 418 371 338 358 381 384 390 396 406 419 443 458 468 470 462 444 421 396 370 342 313 291 290 286 290 305 338 410 459 485 491 452 392 341 307 316
884 861 888 924 987 988 976 919 878 779 646 569 601 646 686 748 838 933 1059 1093 1007 981 922 858 809 752 716 756 820 894 883 823 714 614 546 488 427 361 346 400 488 560 640 702 734 741 720 666 582 518 469 474 539 627 677 666 640 613 615 642 653 631 562 501 444 388 358 395 429 437 457 483 492 500 531 549 558 554 540 511 479 445 419 387 351 321 300 289 285 288 303 352 419 460 474 453 402 353 318 302
803 809 836 860 898 958 1035 953 892 790 662 605 698 768 813 809 862 960 1100 1088 1006 986 942 880 817 773 777 833 907 940 880 816 713 605 530 474 412 362 369 416 503 586 658 721 770 766 740 720 642 564 502 509 588 678 700 679 648 646 664 685 713 697 604 522 451 396 376 416 460 511 555 592 597 596 639 657 672 660 624 586 549 508 463 430 389 349 320 296 284 285 286 316 373 421 446 446 413 369 326 297
757 773 805 841 891 994 1047 974 861 747 631 622 737 834 873 859 893 993 1132 1121 1013 985 962 919 854 837 858 923 969 930 865 806 722 604 510 449 397 383 412 458 500 583 671 738 784 811 802 773 664 585 533 551 624 694 710 673 673 682 682 707 738 707 607 520 447 404 392 438 503 574 646 700 701 695 747 776 794 766 712 655 608 565 515 466 420 374 336 308 289 275 278 291 322 366 408 426 411 384 346 307
723 747 791 850 935 1058 1039 919 792 685 612 631 755 858 914 910 933 1026 1153 1162 1064 1007 1000 954 905 919 950 998 965 904 851 805 759 632 522 444 395 417 472 534 584 586 663 731 779 819 854 797 672 618 567 577 648 708 705 698 700 710 716 725 750 700 592 503 444 404 414 466 538 621 689 735 764 787 828 845 836 805 758 708 656 609 555 492 436 387 340 310 291 275 267 273 293 318 354 389 393 382 354 317
697 725 785 871 988 1013 999 906 750 662 614 654 776 885 970 999 1014 1116 1157 1091 1042 1016 1021 1033 995 1003 1034 1002 930 877 835 812 787 677 563 463 417 461 529 615 673 666 683 724 773 811 840 794 681 624 572 598 663 715 746 733 728 740 735 740 746 668 585 500 431 409 439 500 581 670 729 763 803 838 848 846 830 795 757 723 679 626 564 501 445 393 338 308 293 283 271 261 277 292 315 343 359 354 341 311
674 699 776 872 959 925 897 868 738 658 626 698 806 871 954 1035 1108 1197 1105 1028 988 976 984 1023 1046 1077 1041 959 889 846 822 820 804 692 593 492 435 487 568 665 730 725 732 745 767 787 819 805 705 633 588 620 677 728 772 773 776 768 754 756 711 635 567 490 427 420 464 536 638 729 781 804 853 871 852 829 805 767 729 702 661 604 548 493 438 381 337 317 311 298 278 259 253 268 285 302 312 313 308 295
645 676 762 857 950 891 839 818 733 660 629 669 750 834 934 1048 1192 1260 1148 1056 983 943 922 946 1019 1076 1015 943 893 851 833 861 857 754 624 526 448 479 569 677 753 777 771 779 797 820 828 778 698 641 604 636 681 712 743 780 796 789 774 742 677 614 546 479 433 440 494 579 693 778 820 843 877 900 850 793 760 726 693 664 623 577 526 474 416 362 335 341 344 327 304 275 249 245 254 271 279 278 275 267
617 659 747 863 968 887 806 778 744 646 589 619 705 805 936 1071 1191 1221 1129 1046 960 899 846 863 937 997 983 954 950 944 904 905 921 812 665 566 471 454 538 634 720 791 810 821 848 859 851 794 710 643 617 649 684 718 743 776 800 788 779 717 644 591 536 478 440 469 535 631 731 816 854 869 898 888 789 753 724 694 663 632 592 550 501 447 389 355 360 378 377 365 339 303 264 242 241 244 251 255 247 242
594 654 766 887 955 886 782 746 706 618 569 591 675 775 901 1034 1135 1114 1040 987 944 882 806 792 830 867 906 954 969 1002 973 941 908 817 716 600 492 442 495 581 678 762 794 832 856 873 846 823 767 713 658 657 678 715 749 787 780 783 756 689 625 563 510 461 466 513 588 680 766 860 899 908 918 829 759 722 693 662 635 602 565 521 469 414 374 383 407 418 421 408 378 336 294 256 238 235 233 233 232 231
591 668 784 875 894 850 764 715 671 586 554 586 664 762 866 981 1064 987 934 921 913 860 794 764 757 772 823 877 952 1007 990 958 884 828 752 633 512 447 465 539 626 716 746 798 834 852 827 791 774 738 691 663 675 707 748 784 769 756 723 665 603 538 485 477 501 559 640 722 809 885 943 961 919 809 750 705 672 640 610 579 540 488 434 393 397 426 457 476 473 449 409 360 317 268 239 234 232 231 231 231
630 707 812 844 802 771 720 661 601 547 543 590 675 775 872 960 993 922 910 903 886 841 791 760 731 717 752 815 904 968 960 930 864 824 771 652 540 465 453 510 599 671 719 765 797 806 794 772 780 751 700 664 696 719 749 770 756 731 689 633 570 512 492 514 549 613 689 765 842 903 960 917 870 819 749 700 655 619 589 555 509 455 415 415 443 485 527 543 529 491 439 384 328 275 240 234 232 231 231 231
670 758 843 818 747 669 641 598 542 519 552 615 707 819 930 1016 1004 935 916 899 870 839 794 751 710 690 703 755 829 916 938 915 859 810 775 670 555 486 453 492 563 635 688 729 766 774 748 742 762 739 673 664 695 719 748 776 772 708 655 596 541 513 528 564 614 678 749 797 848 903 916 833 807 786 739 684 636 601 566 523 475 438 437 460 504 554 590 603 574 524 458 389 327 274 241 234 232 232 231 231
728 799 838 806 701 631 588 538 506 513 574 648 742 848 973 1090 1084 983 941 913 883 857 808 751 703 678 673 696 747 821 889 901 853 804 765 705 592 514 465 481 533 602 658 704 735 734 716 713 726 710 647 646 674 695 713 750 782 728 650 587 559 552 586 640 694 746 785 822 857 908 889 790 764 749 706 664 619 582 540 498 460 455 479 519 570 614 653 653 611 542 461 384 317 266 242 238 246 252 250 245
738 802 816 763 673 608 551 509 482 513 595 690 787 882 985 1107 1180 1078 988 949 918 889 844 774 721 697 683 667 683 736 820 872 824 792 752 705 627 545 486 472 514 573 635 682 702 698 684 686 696 680 627 628 645 656 679 727 756 728 675 633 609 615 658 716 776 813 822 844 871 926 897 778 740 715 683 646 605 564 525 486 471 493 536 586 629 673 696 686 627 538 448 369 301 254 242 259 283 297 302 301
693 739 777 731 662 614 542 498 469 506 623 745 851 950 1063 1174 1257 1177 1062 996 956 928 885 814 744 711 695 676 655 669 741 804 792 780 748 710 644 561 495 476 502 549 616 666 679 667 654 666 674 643 614 611 622 628 649 701 736 724 708 704 685 688 732 804 847 866 868 880 880 892 849 757 722 694 668 639 606 570 530 498 506 550 607 645 689 711 713 676 610 516 434 353 286 253 260 300 333 367 381 384
602 670 738 728 665 619 546 493 457 499 633 773 882 952 1079 1221 1286 1222 1123 1049 1004 959 909 840 772 725 696 677 653 635 662 724 744 755 739 711 662 590 523 513 514 544 606 641 648 635 630 648 657 628 607 602 599 605 620 669 715 761 794 796 774 773 794 855 875 922 911 892 879 807 770 738 709 689 672 656 624 581 543 526 561 616 681 714 742 750 699 635 567 484 403 326 281 267 301 347 395 444 477 477
502 561 626 661 647 605 540 488 451 489 618 743 811 911 1056 1167 1185 1214 1155 1059 977 915 896 851 794 745 702 669 646 620 621 692 692 705 700 692 645 589 552 561 544 547 584 610 611 609 616 640 648 639 617 587 582 580 588 623 684 785 838 867 858 841 847 865 878 880 851 838 821 756 742 723 711 709 684 656 620 581 557 571 614 662 718 763 788 775 686 591 524 447 365 305 278 293 338 392 454 514 554 574
405 452 503 532 547 534 508 483 445 479 601 690 790 920 994 1044 1069 1108 1123 1054 962 870 854 836 797 754 701 661 629 598 588 642 679 701 676 670 627 590 593 581 564 559 570 579 580 581 605 632 651 660 643 598 573 557 566 599 658 760 828 876 912 880 865 842 824 803 782 765 741 720 733 773 806 824 729 645 616 593 586 613 644 683 728 769 787 768 671 558 483 404 329 290 283 320 375 436 502 578 627 642
330 369 405 439 460 451 440 447 431 479 577 663 778 855 894 941 963 1000 1064 1086 996 889 852 817 779 740 684 642 608 578 565 594 659 707 685 649 624 604 591 577 572 577 566 561 553 561 595 635 663 676 661 618 576 548 551 589 639 729 828 872 908 900 868 821 780 751 734 715 697 710 770 864 912 883 722 637 614 613 619 639 657 685 712 758 784 751 650 542 446 371 315 284 303 353 405 471 543 610 659 673
293 314 346 363 379 379 377 384 410 459 543 629 717 773 787 826 865 918 969 1009 1003 950 867 815 766 720 667 622 576 558 549 557 633 694 663 639 616 592 573 572 576 579 564 542 537 545 589 625 658 677 671 630 577 540 539 575 619 697 783 840 888 876 853 824 772 715 690 678 673 719 817 884 927 870 707 638 625 632 635 655 674 699 728 750 781 715 626 527 422 344 303 295 339 392 433 501 572 626 667 686
298 292 305 328 343 340 343 363 395 436 499 580 641 668 692 727 779 837 885 911 926 927 889 828 760 687 626 577 535 529 527 534 600 658 642 615 607 591 573 583 586 582 562 536 525 536 567 597 628 654 662 638 575 535 527 557 599 660 737 811 854 854 838 828 761 701 667 650 655 714 820 881 918 851 714 658 646 658 675 692 717 720 738 741 768 673 612 504 401 324 300 328 391 452 486 537 603 648 676 689
341 300 291 293 310 318 318 341 370 403 454 514 557 579 613 657 707 753 800 841 866 866 852 824 769 698 614 535 494 488 494 527 601 649 625 605 608 601 586 599 603 589 569 538 509 516 540 566 592 618 644 624 566 528 517 541 586 646 723 787 821 822 818 787 727 684 654 633 636 694 802 871 904 855 752 694 682 718 727 721 750 732 727 732 707 655 601 493 370 313 325 372 450 530 560 587 633 665 688 699
351 342 316 292 290 295 299 311 335 365 401 448 490 523 553 591 631 677 733 776 799 815 801 773 725 666 587 512 463 444 466 533 601 645 642 612 596 593 594 613 619 604 573 533 504 492 510 536 558 586 618 617 549 516 505 533 575 636 711 767 796 798 803 757 713 672 639 614 622 672 759 844 871 885 805 743 766 799 741 714 733 720 726 708 647 604 552 440 343 321 363 422 504 586 618 635 659 682 699 709
387 403 367 314 293 293 295 296 302 324 358 399 447 473 487 513 549 600 658 719 740 748 741 727 671 594 535 478 430 419 463 537 611 654 656 641 608 603 604 611 622 621 590 545 508 475 482 502 522 549 581 567 521 495 493 520 563 623 686 724 746 774 792 740 697 656 617 594 610 661 723 806 860 862 842 806 823 783 718 684 689 693 717 681 593 508 460 363 320 355 441 513 574 636 655 665 682 697 711 715
438 454 421 361 319 304 294 293 295 293 308 352 390 426 447 452 471 511 573 635 672 692 679 657 614 533 475 438 404 417 470 546 608 646 680 667 642 632 621 615 621 618 600 560 521 480 455 471 487 509 546 534 496 474 475 506 549 608 657 682 715 763 765 711 665 633 594 576 597 652 716 791 843 818 808 807 801 739 689 644 642 659 688 642 545 424 367 323 346 421 533 613 641 671 676 687 701 710 720 716
448 438 414 378 356 339 315 295 290 290 290 303 334 369 407 418 414 434 475 528 575 613 621 583 536 473 438 414 387 420 478 546 591 636 677 679 664 648 632 625 617 606 587 558 517 482 445 439 453 469 484 486 476 457 460 491 533 586 617 656 700 737 734 692 647 617 582 560 586 650 723 776 812 797 769 763 752 708 669 606 603 628 646 581 467 364 335 345 406 484 575 675 680 684 693 707 720 725 725 703
504 503 468 427 387 354 337 324 321 319 294 290 301 321 350 382 397 377 393 423 472 511 545 513 497 438 400 371 380 419 482 545 594 630 661 677 664 632 616 592 585 583 574 539 495 467 446 410 417 428 434 436 435 431 440 467 510 555 610 670 708 726 701 663 624 600 563 543 581 651 718 764 788 768 743 724 712 685 631 571 572 583 584 489 398 363 374 420 484 554 622 696 694 694 707 723 741 738 726 687
585 596 593 518 457 406 369 354 351 335 317 302 291 301 301 310 337 358 349 357 387 419 437 430 420 401 379 350 376 420 487 553 587 591 619 628 623 600 558 527 513 532 530 502 472 435 412 397 382 387 392 390 393 392 414 442 484 539 603 679 717 709 669 630 591 556 530 534 587 653 703 754 774 744 717 700 683 650 593 545 544 528 478 402 391 433 464 498 573 645 684 698 705 706 719 735 762 747 704 663
619 632 659 600 493 446 408 378 357 338 327 308 291 290 290 291 293 299 321 313 328 364 387 381 357 346 340 335 368 408 461 519 550 551 565 587 575 504 469 444 444 455 457 447 435 409 381 373 367 358 359 359 359 361 390 414 451 501 558 617 673 667 651 621 571 541 517 530 587 656 700 744 748 719 699 686 662 604 562 519 506 471 399 400 465 540 590 631 683 717 717 709 720 718 730 744 756 751 689 643
623 636 669 672 550 484 448 418 393 369 352 332 304 292 290 290 294 294 294 294 298 307 337 350 346 335 324 318 340 369 403 440 481 500 514 530 517 426 393 385 385 387 387 385 379 365 358 348 341 340 334 332 337 339 361 387 414 454 503 548 585 617 612 594 543 515 502 522 584 650 693 725 712 680 676 662 631 574 506 470 458 425 409 470 560 626 703 761 777 780 730 721 734 736 745 750 761 742 699 639
640 630 659 666 630 557 513 471 437 413 392 370 342 325 306 299 297 299 307 320 328 302 297 311 320 328 320 307 316 333 357 371 385 411 439 463 472 421 375 357 338 335 339 337 330 327 335 331 325 322 321 315 315 321 338 359 383 415 449 485 519 543 541 517 493 479 475 507 585 646 681 700 685 651 647 631 592 536 471 431 424 422 470 546 604 684 767 817 833 812 748 736 743 752 765 781 780 733 694 647
631 620 630 641 637 605 561 528 494 470 456 438 413 386 368 349 338 337 339 339 345 321 293 292 293 297 296 295 297 310 315 322 335 345 361 381 395 381 360 340 324 307 300 308 308 307 308 311 314 318 310 306 299 308 322 336 358 386 412 437 464 477 476 467 446 443 450 494 577 632 668 685 674 643 627 603 559 487 428 417 423 453 532 613 674 720 781 824 847 824 768 737 742 756 786 793 783 754 697 661
617 614 620 627 627 622 608 576 557 543 534 524 510 486 449 420 394 373 362 352 348 332 303 296 294 296 295 292 291 290 293 299 304 308 313 316 318 317 312 306 295 288 286 287 287 287 289 290 292 299 295 296 292 294 305 322 337 360 387 409 420 430 437 427 414 412 430 475 535 593 632 660 663 645 633 598 541 477 421 418 439 477 553 617 673 729 777 820 824 791 744 735 741 768 791 782 768 744 699 698
616 624 630 632 631 628 617 614 602 588 578 581 559 566 561 526 480 434 395 370 348 331 315 309 303 312 336 329 304 310 302 293 291 293 294 290 284 286 286 284 282 281 280 280 279 279 279 279 280 282 284 286 287 289 294 302 319 343 362 377 386 387 386 387 386 395 428 458 498 544 590 609 622 625 620 599 546 476 425 428 461 508 565 633 697 748 779 809 804 753 722 714 745 770 784 770 760 724 710 714
616 625 620 605 601 590 589 591 598 590 579 580 573 573 587 589 567 499 434 387 362 348 332 326 318 315 318 319 325 336 343 343 314 291 286 285 287 289 284 283 282 283 285 285 284 281 281 281 281 280 280 280 282 284 286 290 306 326 340 348 354 359 362 362 369 386 417 443 472 503 550 564 570 582 586 585 536 479 427 432 467 529 595 683 733 759 792 830 814 737 711 696 731 755 765 766 760 731 723 732
609 618 614 596 579 575 576 576 578 572 565 556 549 543 539 539 535 506 458 430 399 373 358 357 352 344 337 343 359 369 373 369 354 330 310 299 304 314 313 300 294 297 304 306 299 295 292 292 289 285 285 285 279 281 281 284 300 311 321 330 333 335 343 350 372 391 412 432 449 471 504 531 527 534 542 554 520 471 430 431 471 539 628 680 732 783 814 829 814 735 711 674 700 719 743 751 753 751 741 753
608 639 631 601 589 583 582 579 580 574 563 551 542 531 522 514 506 496 481 458 431 408 389 386 383 379 384 399 408 422 423 408 400 393 370 365 373 388 379 376 353 318 319 325 324 324 314 298 300 300 297 299 282 278 279 280 288 297 308 310 313 316 321 336 356 382 406 418 425 437 461 479 483 485 497 506 498 448 414 428 485 557 626 672 721 779 819 826 806 758 691 657 674 697 727 743 747 757 749 756
589 635 646 624 611 604 598 600 597 590 579 567 557 546 537 534 532 525 513 494 473 450 429 445 430 426 421 423 423 418 416 414 410 407 402 403 410 416 407 404 396 362 378 393 385 374 341 323 309 317 315 321 296 278 278 279 279 283 289 293 297 300 304 318 336 356 381 400 413 415 418 426 434 444 458 462 454 426 396 420 478 555 624 661 713 754 792 802 785 759 680 640 651 684 709 732 743 746 738 723
572 615 646 654 643 629 631 636 638 635 614 595 583 573 564 557 554 548 538 524 502 478 465 480 476 454 457 471 468 457 436 427 430 435 443 440 434 435 433 426 421 416 434 445 452 427 387 359 325 326 326 332 321 291 279 279 279 278 278 280 281 284 290 302 318 335 355 375 391 401 400 399 403 409 420 422 418 406 385 418 455 511 568 631 679 721 763 784 761 744 696 642 629 665 700 724 741 750 720 700
573 610 635 662 668 659 662 672 686 690 679 655 630 613 597 585 578 573 569 560 548 526 501 507 505 489 506 515 513 510 494 482 471 474 491 498 495 485 481 482 472 460 463 470 463 452 419 392 349 335 330 333 337 314 284 281 281 279 278 278 278 279 281 286 296 309 324 342 362 377 380 379 387 386 384 388 394 388 371 392 425 460 499 555 598 635 708 741 730 708 675 624 602 635 672 699 723 743 738 687
574 626 651 669 689 684 676 678 692 706 702 693 684 674 658 630 610 597 589 578 563 551 534 529 524 535 551 562 582 579 573 564 533 524 543 555 546 540 524 517 512 498 489 494 491 477 453 418 401 376 346 332 334 327 297 288 287 282 279 278 278 278 278 279 279 284 295 308 327 345 360 361 360 361 364 363 366 363 362 372 393 421 450 485 519 567 619 666 691 684 653 619 588 599 634 678 704 732 735 690
560 622 665 694 705 704 703 700 700 717 727 724 723 725 711 691 663 640 616 604 597 574 561 548 541 558 573 590 610 615 613 606 585 569 580 583 576 561 545 545 539 529 526 533 526 516 501 472 449 438 392 349 337 333 322 314 307 304 296 288 281 278 277 277 277 278 280 283 293 309 331 347 347 345 346 354 357 356 354 357 377 394 415 440 469 507 546 595 641 651 641 619 581 574 601 645 684 712 711 679
540 601 661 720 735 733 734 736 725 729 750 756 757 761 759 748 727 701 670 632 617 606 591 578 564 569 583 596 605 607 602 600 599 596 600 598 593 583 571 563 560 556 557 563 561 549 530 501 476 459 411 396 392 378 366 343 338 343 339 328 309 294 282 279 278 277 278 277 278 283 299 316 328 333 337 341 348 348 349 351 366 379 395 415 436 465 489 532 591 615 605 582 562 554 574 617 663 690 680 663
529 572 641 706 763 784 781 766 762 759 771 774 785 792 785 775 759 738 704 672 649 637 625 607 590 583 588 599 606 604 603 605 608 610 611 611 609 602 592 585 578 574 573 575 565 563 544 514 485 465 450 450 448 433 408 376 387 391 388 372 358 334 316 294 281 280 278 278 278 278 279 288 306 318 327 333 339 341 342 346 357 371 384 397 411 428 455 485 534 578 595 577 547 537 557 593 642 663 645 640
521 546 606 680 748 798 822 820 809 811 813 810 800 811 804 787 766 740 716 695 673 660 640 623 607 592 598 605 611 616 619 620 624 628 629 627 622 611 596 584 577 578 581 584 570 547 537 523 514 490 484 485 483 473 451 418 423 451 448 420 393 379 362 341 319 297 287 283 280 279 278 279 287 301 312 321 330 335 339 338 349 361 376 390 406 412 428 448 480 520 548 561 533 506 534 571 615 635 625 623
521 531 560 631 708 779 837 858 862 868 867 851 836 824 815 786 763 740 717 700 680 662 646 633 620 606 617 627 638 644 650 654 658 661 662 662 661 649 626 601 584 574 572 571 563 552 550 546 538 526 518 516 515 509 496 476 441 486 508 494 446 425 410 396 372 345 321 314 307 293 282 280 278 286 299 308 318 327 329 328 339 362 381 387 392 400 411 428 447 469 486 504 496 479 506 544 581 590 600 607
535 523 533 576 651 733 814 871 903 918 925 883 821 800 772 765 750 735 722 703 690 672 655 648 637 627 639 654 667 682 702 706 711 709 713 719 722 703 677 650 621 594 574 569 568 567 563 562 556 551 552 550 549 544 534 517 489 489 528 533 513 483 459 440 426 417 394 366 345 331 301 286 281 278 290 298 305 311 317 313 327 346 366 377 385 385 394 405 417 434 449 463 463 454 477 505 538 548 565 592
562 524 523 537 592 675 776 872 939 964 942 874 807 783 767 758 749 733 721 715 701 699 677 670 655 642 656 677 709 752 785 782 773 766 763 775 765 739 707 677 648 617 588 588 591 588 591 592 587 581 579 581 578 571 560 546 521 505 544 562 575 560 535 507 494 476 445 416 386 368 348 318 297 283 280 287 288 295 301 299 310 326 343 358 368 374 377 387 395 408 422 432 439 431 453 480 496 516 540 569
598 549 519 519 544 611 708 815 904 951 909 836 803 790 770 768 756 748 737 731 728 727 713 692 668 658 669 695 748 805 847 859 854 828 820 814 793 775 737 699 663 627 603 614 620 623 617 621 625 623 615 611 607 605 595 575 552 526 559 579 600 600 584 556 539 527 494 462 433 412 386 361 333 308 291 281 276 279 282 286 296 314 327 342 352 360 364 370 378 386 393 406 414 411 431 453 465 500 529 556
647 587 540 511 516 557 641 739 831 901 856 802 793 796 787 791 792 790 782 769 754 748 725 706 688 672 681 708 761 835 906 942 963 936 885 841 826 792 751 715 674 631 619 636 646 657 657 662 666 664 661 652 636 624 615 594 574 564 577 590 603 615 616 598 592 578 554 521 501 477 449 418 383 351 318 296 281 273 273 275 286 297 312 326 338 341 354 358 358 361 373 382 393 390 419 429 447 487 523 544
705 629 566 520 502 522 587 680 777 837 789 774 773 790 815 835 841 850 843 817 781 758 744 732 708 685 692 718 771 858 930 964 952 928 898 871 847 808 773 735 697 646 638 671 693 694 704 719 726 723 708 687 664 639 620 609 600 594 595 604 613 622 631 631 630 611 586 569 555 541 524 496 463 414 365 328 299 285 271 269 272 280 296 307 321 322 332 340 337 340 345 353 364 371 392 412 433 460 488 503
746 671 592 537 501 500 542 627 723 782 741 739 753 793 844 888 937 932 883 843 814 800 778 755 739 711 703 726 771 862 962 1000 955 901 865 841 828 796 765 733 698 662 659 718 770 760 759 780 788 772 739 706 678 659 645 635 625 618 616 621 625 632 641 644 642 635 619 606 597 588 578 563 544 507 444 392 354 321 290 275 269 269 275 290 303 305 313 313 319 322 328 331 335 353 377 397 417 439 457 469
790 729 638 554 507 493 515 593 684 736 709 718 754 824 909 967 979 966 948 913 900 885 833 793 763 739 719 733 770 849 965 1034 959 895 855 830 800 773 751 731 700 658 694 766 816 825 819 825 822 797 763 728 704 687 671 657 647 638 632 636 640 645 652 657 652 647 640 633 626 621 618 612 600 578 532 465 428 388 347 304 283 269 269 279 289 290 293 300 305 309 311 312 317 339 361 382 404 425 442 454
830 750 656 574 518 484 487 551 634 685 691 716 778 899 1002 1067 1030 986 983 996 1012 929 861 834 795 758 738 738 776 851 962 1027 961 898 872 842 803 777 778 754 728 707 734 822 866 902 897 857 836 805 779 760 740 718 700 680 666 653 643 646 650 654 660 664 662 656 650 647 645 645 645 644 637 619 588 540 498 455 405 357 315 290 274 267 275 277 281 284 295 299 300 299 298 322 346 370 395 419 428 444
842 734 655 590 524 480 472 514 587 656 685 736 832 954 1037 1065 1038 1008 999 1005 1034 971 891 853 818 781 748 744 780 852 956 1020 943 913 923 872 840 819 824 792 765 770 792 855 908 942 930 876 834 816 795 775 757 743 730 710 685 665 652 651 657 661 667 673 671 667 664 662 663 669 670 670 668 650 619 598 571 536 494 448 395 335 306 283 266 266 271 275 282 296 301 291 284 307 337 367 382 408 421 427
795 714 649 590 535 481 461 487 556 623 695 773 891 993 1016 972 960 939 934 954 995 1028 971 881 831 799 760 745 780 853 953 1030 961 919 914 899 910 878 878 827 792 809 845 878 930 972 934 885 848 832 814 794 777 764 752 732 701 682 660 658 663 667 672 681 688 686 681 678 685 695 695 699 694 671 640 629 623 607 577 523 478 421 352 308 280 261 258 261 264 269 276 280 272 289 319 347 357 375 392 406
758 697 641 594 539 489 456 468 551 631 724 820 918 966 936 910 884 870 885 916 959 1034 1006 918 852 818 764 738 777 850 957 1006 933 903 925 958 967 944 899 851 824 844 891 906 943 975 928 891 878 868 860 825 809 810 784 742 709 690 675 668 674 675 675 680 688 689 686 686 697 708 718 731 707 662 643 642 649 634 633 604 530 480 411 333 288 267 251 250 252 251 250 250 253 263 292 321 340 347 360 379
696 676 628 583 535 488 452 460 553 668 771 863 929 921 883 867 849 840 858 891 941 1013 975 915 873 812 752 729 766 847 939 947 889 872 897 945 978 974 923 874 865 906 938 929 960 984 935 878 880 898 914 875 849 842 803 748 712 692 685 681 683 678 670 673 679 678 676 680 694 697 711 714 678 649 638 646 641 633 634 634 581 517 447 356 293 265 253 248 248 248 247 245 246 247 267 299 311 319 323 334
601 606 591 557 515 475 442 450 544 666 773 872 912 875 842 828 818 814 834 865 916 970 964 901 865 791 741 716 742 817 885 883 856 847 859 881 928 987 964 930 908 951 978 955 978 941 878 843 841 886 901 906 879 855 811 759 728 709 691 693 685 674 662 663 659 655 659 668 673 669 670 669 650 636 619 612 603 611 602 597 562 493 452 396 314 262 249 246 244 245 245 243 243 243 246 270 288 290 298 299
542 531 522 508 482 455 429 437 511 632 735 827 869 843 818 798 781 774 795 829 877 914 920 864 823 767 736 709 709 753 832 847 830 824 830 845 879 971 997 979 959 972 966 964 990 924 816 782 792 835 864 894 892 866 831 774 734 711 695 687 681 666 656 649 635 625 627 635 639 630 620 624 614 602 578 540 533 534 512 518 482 437 405 381 322 256 245 244 243 243 243 243 242 241 241 246 261 270 271 280
548 521 494 471 448 430 416 421 462 581 691 769 821 818 797 773 746 735 751 787 830 860 865 813 766 730 722 700 674 696 793 824 802 793 801 823 856 927 975 944 929 964 903 901 936 922 832 768 751 770 801 869 874 859 825 796 754 720 690 665 668 669 668 652 635 602 584 586 590 579 574 569 562 548 507 463 442 434 422 431 405 378 358 351 304 252 244 243 243 242 243 241 241 241 241 241 241 243 246 250
578 547 518 488 456 426 407 408 429 499 613 684 709 720 732 735 704 686 703 741 780 815 821 781 740 713 694 673 643 660 762 795 780 762 774 799 840 904 870 824 833 896 855 826 821 848 846 780 733 728 750 798 831 848 831 806 780 759 709 662 662 672 674 671 650 615 557 522 526 521 517 506 492 481 432 393 369 361 352 350 346 344 312 314 295 247 248 244 243 243 243 241 241 241 241 241 241 241 241 241
617 569 532 494 458 426 405 400 408 433 493 549 565 572 600 629 626 631 648 677 718 759 786 762 708 687 669 633 609 647 738 754 740 732 749 769 810 859 801 779 783 794 775 778 780 798 841 786 731 695 707 730 780 824 808 805 822 795 721 661 630 654 672 682 657 619 569 498 460 460 455 443 438 408 370 337 319 313 298 310 301 296 280 282 271 246 247 247 246 244 242 241 241 241 241 241 241 241 241 241
663 600 554 516 484 447 414 397 396 405 421 456 474 490 510 522 531 550 574 601 639 681 721 730 688 644 607 587 585 650 711 716 707 705 722 741 770 792 767 747 742 735 727 736 749 771 808 782 709 671 673 688 724 783 803 798 825 813 738 665 609 603 608 657 655 614 555 494 427 404 394 383 375 352 325 307 294 268 259 262 261 258 253 251 251 245 253 260 267 252 242 241 241 241 241 241 241 241 241 241
684 623 580 548 522 479 434 406 392 389 398 408 427 439 454 465 476 489 514 536 565 601 640 669 651 597 556 547 582 656 695 697 685 679 693 712 738 751 736 718 708 702 698 704 717 739 771 752 697 660 646 657 683 744 783 781 760 760 727 669 609 571 531 586 617 604 548 462 401 359 344 319 304 299 291 284 269 252 247 247 247 246 246 246 249 253 264 272 278 284 274 244 241 241 241 241 241 241 241 241
671 656 635 608 571 524 475 439 413 395 386 385 397 405 411 422 432 439 461 482 500 522 550 583 591 547 524 532 591 668 687 683 658 663 667 686 709 731 725 707 685 674 667 671 685 707 738 732 688 650 623 637 656 698 746 743 716 700 702 659 595 552 499 522 554 550 537 485 392 337 313 288 266 260 261 258 254 248 247 246 247 247 252 262 275 280 298 297 290 307 309 277 250 246 247 248 242 241 241 241
699 698 697 691 657 587 526 488 454 422 398 388 380 381 386 391 394 397 408 426 435 445 467 483 500 484 486 522 589 662 692 664 631 638 646 661 686 703 704 689 672 654 643 644 657 674 702 713 676 624 602 612 631 662 685 697 690 670 659 637 568 510 469 466 489 491 477 451 387 334 307 279 253 250 250 249 251 252 259 268 263 267 280 308 320 324 321 329 316 308 304 300 300 283 272 270 261 249 248 248
745 761 777 789 736 652 576 539 501 456 425 405 387 377 375 373 374 378 380 381 384 393 408 419 439 447 454 502 569 629 644 632 612 609 625 643 664 686 685 668 653 638 624 622 629 642 658 671 646 605 574 581 600 624 636 640 642 641 633 590 539 476 419 429 443 433 419 376 358 343 338 286 252 253 260 270 285 285 319 349 340 328 340 365 366 360 359 351 350 351 336 326 333 328 308 308 302 288 262 269
805 849 887 886 800 687 614 573 534 494 468 436 411 392 385 382 377 369 366 364 364 366 371 378 391 410 421 456 515 559 560 576 577 592 612 639 641 660 666 659 644 629 610 598 598 609 623 614 581 549 532 539 560 584 597 601 597 600 614 587 519 464 384 394 423 404 369 333 303 286 285 274 277 277 294 310 331 337 380 414 415 432 446 455 467 449 419 391 392 397 390 378 369 364 355 346 333 314 290 283
882 934 946 882 805 694 639 599 577 543 514 489 451 420 409 407 405 394 384 373 365 360 358 358 361 370 379 402 428 463 471 499 527 565 596 625 627 630 653 657 646 625 587 573 561 560 564 556 538 524 511 509 524 546 556 559 557 563 570 557 498 440 380 357 382 362 328 302 281 283 310 331 347 349 388 406 418 406 438 477 493 512 518 526 531 525 490 456 447 453 451 450 450 431 406 385 368 344 332 309
947 951 908 844 759 698 657 642 639 614 570 529 495 469 454 447 450 444 434 416 399 383 371 362 357 356 358 361 371 391 406 431 481 524 566 595 599 615 625 640 637 617 574 541 530 512 524 515 500 498 491 491 501 518 521 517 523 530 528 510 462 405 353 325 319 307 307 283 279 307 352 383 409 438 474 495 496 475 493 522 543 558 558 556 567 562 526 519 522 522 519 515 512 512 497 458 418 386 372 354
947 909 858 794 734 694 697 724 720 691 637 580 548 526 500 495 500 494 483 468 448 428 408 391 375 365 361 357 353 360 369 389 422 466 511 532 541 571 587 588 589 573 566 530 490 465 481 487 502 497 485 471 473 482 484 480 479 484 478 471 445 386 355 308 293 284 279 272 293 337 383 429 466 495 516 532 531 513 544 569 586 582 574 574 577 574 565 564 573 568 572 567 548 539 530 512 477 469 433 388
874 832 791 749 723 729 775 806 795 761 710 640 594 564 538 539 555 557 542 528 510 487 460 438 411 391 377 370 359 354 355 359 373 398 428 449 468 494 499 483 490 475 475 468 463 443 452 471 489 488 466 446 447 453 452 448 450 448 441 429 410 354 310 280 284 276 279 291 323 370 427 477 513 537 561 577 576 558 582 619 640 633 607 595 593 593 592 595 605 607 620 619 572 550 534 529 519 503 477 439
804 774 748 750 770 804 829 859 850 824 774 693 638 601 578 577 616 637 617 591 580 558 528 497 464 437 412 392 380 367 355 353 353 358 372 390 403 409 410 404 400 403 410 415 406 405 421 439 456 462 443 428 426 429 423 414 411 410 402 383 359 332 287 275 276 281 300 326 362 410 463 510 547 573 603 627 607 590 621 665 701 696 654 624 614 616 623 631 640 652 672 664 606 572 559 556 559 556 530 499
761 751 771 816 839 862 864 871 875 863 810 732 679 639 614 609 662 721 702 668 658 640 608 569 532 496 462 428 406 390 375 360 355 354 356 361 363 364 361 357 353 359 362 364 368 371 384 410 427 438 438 427 402 401 401 399 394 394 375 353 320 293 278 279 284 296 327 364 398 441 502 554 599 621 629 638 631 624 650 692 724 748 717 665 642 632 641 651 658 668 689 690 645 605 595 596 597 586 570 548
761 776 831 875 886 904 898 879 883 879 845 769 712 674 645 644 684 750 771 747 727 717 689 649 601 554 514 476 446 422 403 385 370 359 346 344 342 340 335 333 329 325 326 332 336 342 352 368 391 404 409 399 372 374 375 365 354 346 321 303 290 291 305 313 311 317 345 391 430 475 536 594 648 699 716 708 673 672 699 733 771 790 785 709 666 662 660 659 664 673 675 669 665 644 635 636 633 615 594 575
801 844 888 906 931 946 935 908 900 897 887 821 757 717 687 680 705 761 815 806 787 776 755 725 683 625 571 527 495 468 446 420 400 384 365 345 335 331 327 322 323 322 319 318 319 320 322 326 340 358 370 375 366 347 338 313 300 298 297 304 312 327 337 345 344 349 354 406 453 509 573 638 687 739 779 782 737 724 738 765 783 804 758 705 690 694 699 688 681 692 690 678 674 666 668 673 666 641 618 591
881 938 991 1005 1019 1027 997 966 944 914 917 887 825 779 736 718 724 765 819 846 839 817 798 780 746 678 614 567 532 504 478 461 443 421 399 377 362 347 341 342 343 341 334 330 325 321 321 321 318 320 323 333 336 323 311 312 313 315 326 339 352 362 367 372 375 377 374 421 478 553 620 688 739 794 833 823 775 762 764 798 839 877 799 717 719 731 732 729 733 748 750 723 697 690 695 695 680 659 634 608
877 980 1071 1085 1093 1124 1075 1029 1001 956 944 930 881 831 784 751 749 766 801 840 857 848 838 822 795 724 640 583 548 521 511 499 484 468 451 436 419 410 402 399 392 389 389 382 374 363 358 353 349 350 339 328 328 336 342 348 356 360 367 382 389 398 406 407 413 417 409 429 505 588 680 758 825 855 864 854 824 791 795 830 900 965 886 753 744 758 763 763 778 813 818 779 734 718 726 723 706 684 661 637
805 885 965 1016 1079 1150 1126 1069 1041 1018 1000 1000 931 869 814 785 767 774 798 828 859 868 860 856 833 740 642 592 556 548 543 536 531 527 523 512 493 481 478 482 472 460 458 449 438 434 424 413 407 400 398 393 392 398 410 404 408 419 431 440 441 445 450 455 462 460 441 449 527 606 684 755 808 824 836 836 829 821 850 862 937 987 895 809 796 807 798 799 818 852 868 827 779 757 769 779 758 720 691 661
739 784 850 935 1022 1115 1153 1110 1075 1053 1022 1031 987 912 832 796 784 784 800 821 851 885 885 862 809 690 639 595 573 574 578 581 589 594 595 590 583 574 569 566 561 550 542 547 536 515 497 497 478 468 473 475 476 476 474 467 470 483 492 501 502 506 511 520 518 504 476 463 524 588 649 710 756 782 791 790 807 845 905 911 960 1002 890 837 855 864 854 847 865 894 885 850 809 798 810 820 793 745 704 669
688 719 789 890 980 1087 1153 1149 1109 1068 1025 1016 1015 952 850 801 789 791 804 821 851 882 902 866 769 682 625 598 590 600 616 637 655 669 674 675 675 649 639 631 627 624 621 631 639 618 586 581 573 557 566 564 556 545 524 518 530 538 547 552 559 569 576 585 575 540 508 490 521 577 621 666 715 736 738 755 789 840 896 928 991 1013 908 867 886 911 910 887 912 949 911 858 837 834 842 846 801 755 709 665
644 675 753 877 988 1088 1159 1164 1126 1072 1020 989 994 983 843 792 787 792 802 819 838 870 890 822 721 681 630 609 614 634 668 686 714 736 742 749 727 683 674 679 672 676 682 689 701 702 683 673 658 659 655 660 643 610 571 559 571 587 604 613 625 640 652 650 618 571 538 532 530 573 611 642 671 688 703 728 776 828 877 930 980 998 952 918 918 942 930 921 952 1004 945 876 873 874 884 893 811 748 696 655
621 643 732 863 975 1087 1174 1157 1119 1057 1012 975 953 959 858 794 786 789 797 811 823 844 848 759 695 658 621 623 651 686 718 750 776 788 788 782 744 713 705 719 717 732 738 752 747 749 737 732 717 729 733 733 710 666 608 597 619 647 670 687 705 716 719 700 648 596 566 566 559 575 606 630 651 669 698 729 780 834 876 904 937 942 960 975 978 994 962 961 1004 1051 954 908 935 924 931 909 823 748 690 664
608 636 722 848 962 1088 1188 1172 1128 1073 1028 964 934 922 859 796 788 786 781 792 802 818 790 707 655 627 621 655 706 736 771 815 851 836 819 801 769 731 726 748 751 773 802 822 805 787 783 772 773 768 796 787 741 659 641 659 691 719 747 764 770 778 778 739 673 624 592 585 583 592 615 627 644 669 711 749 803 867 887 860 856 878 923 1011 1067 1066 1040 1039 1104 1116 1000 953 967 966 984 931 834 754 696 646
583 633 726 849 967 1093 1165 1119 1124 1100 1059 978 937 901 858 804 793 786 777 769 777 785 748 659 624 621 639 694 748 784 829 863 876 851 821 806 779 737 741 780 808 819 844 880 867 826 818 821 815 813 832 800 719 674 695 725 755 779 804 823 820 828 814 749 693 653 623 608 611 611 623 628 638 669 729 797 848 895 866 819 806 837 914 1001 1051 1085 1067 1039 1046 1089 1078 1031 1005 1002 1028 957 849 757 687 633
572 633 738 860 980 1084 1089 1012 1022 1089 1071 988 939 912 861 826 810 786 779 758 755 753 696 631 619 633 670 736 809 838 881 888 895 866 808 783 745 717 741 798 846 859 864 902 910 895 859 867 874 857 852 791 722 713 744 774 808 838 861 877 872 860 815 749 708 674 653 638 636 637 628 624 633 663 744 833 891 904 827 791 780 804 872 950 982 1036 1053 982 964 1031 1082 1102 1107 1039 1015 951 849 743 682 628
570 649 752 875 977 977 933 897 913 1010 1064 1006 943 902 873 835 813 790 772 746 724 715 681 631 625 656 713 788 858 881 893 900 895 877 780 732 701 690 727 781 820 856 877 904 913 900 885 880 897 895 857 778 737 752 792 835 860 894 920 919 897 866 804 753 725 697 680 666 665 669 650 627 630 651 720 839 926 903 810 765 759 778 832 900 970 1031 968 878 885 956 1041 1099 1148 1058 973 932 855 755 670 626
574 664 767 885 963 907 870 875 909 980 1062 1035 952 884 841 819 802 787 766 743 696 679 660 634 655 701 766 832 876 896 902 891 867 832 752 688 660 663 701 758 806 850 878 885 888 888 907 899 904 908 873 796 787 807 863 921 944 952 965 940 904 858 797 766 750 726 708 689 693 699 681 643 624 640 686 787 905 879 787 742 744 774 825 909 988 1016 905 834 839 880 973 1082 1152 1072 982 957 875 773 663 637
580 676 787 890 931 881 861 876 914 967 1040 1049 959 865 803 794 795 783 768 742 687 651 631 634 672 728 787 840 876 891 881 859 831 784 721 653 637 659 696 745 804 846 857 849 850 858 887 917 913 917 861 830 837 875 939 989 1022 1040 1022 963 910 855 810 795 783 756 725 707 722 736 718 673 637 635 662 726 833 836 757 731 749 798 853 919 1000 971 866 815 813 851 923 1021 1074 1089 988 940 858 730 660 652
590 690 812 906 905 868 846 866 915 986 1026 1000 904 818 788 784 793 789 771 741 691 650 622 612 651 717 778 832 879 902 889 840 796 718 667 632 630 657 698 759 815 817 811 805 814 827 861 896 931 944 886 856 893 975 1025 1062 1091 1105 1060 972 937 896 846 820 800 766 733 732 751 783 760 699 667 644 649 692 777 788 737 730 767 835 900 950 1011 935 833 792 794 838 897 954 999 1011 961 917 910 738 658 652
601 711 826 908 876 840 820 848 911 981 992 942 871 818 790 784 798 814 794 756 711 663 616 593 620 686 748 817 882 913 921 857 768 675 639 616 622 654 703 778 836 805 767 755 769 797 842 900 949 974 931 919 941 1001 1040 1085 1134 1148 1066 992 968 999 945 879 815 772 747 753 781 841 826 740 693 673 660 671 732 758 721 739 799 875 949 989 972 902 810 777 779 818 863 900 942 967 930 923 925 825 668 652
602 703 803 865 837 807 786 828 895 936 932 904 882 833 791 775 788 826 829 787 739 677 623 586 600 657 723 795 859 897 900 869 774 660 616 598 606 639 691 778 822 787 736 723 737 771 836 891 935 944 898 914 945 966 989 1033 1098 1125 1080 1025 998 999 1008 963 853 794 762 765 804 865 880 781 720 690 679 672 695 726 710 753 833 912 974 989 894 817 772 758 759 787 816 835 875 926 927 927 893 767 656 652
