# 100 100
150 150 150 151 152 154 154 155 155 153 151 150 150 150 150 150 149 149 149 149 150 150 149 150 150 149 151 155 163 166 171 172 173 175 174 172 175 185 186 192 197 197 192 187 189 192 192 195 194 190 185 183 189 193 193 185 181 185 189 183 172 170 168 160 153 151 150 150 165 178 184 195 212 215 217 231 244 244 244 243 238 225 215 216 214 225 228 222 214 206 189 187 201 219 241 262 264 261 269 280
151 150 150 150 150 151 151 152 151 150 149 149 149 150 150 149 149 150 150 153 162 160 155 155 154 155 159 164 172 175 174 173 176 178 177 180 191 198 198 194 196 198 196 194 198 199 199 199 198 195 192 195 194 190 184 179 181 187 191 183 173 171 164 154 152 153 152 151 163 176 190 207 214 219 224 236 242 247 245 239 233 218 213 210 216 227 228 229 226 215 188 191 206 227 248 260 268 272 284 292
151 150 151 150 150 149 150 150 150 150 150 150 150 150 150 150 150 151 153 162 164 163 162 162 159 162 166 172 180 183 184 187 188 190 188 191 196 196 198 201 202 202 199 201 204 203 200 196 193 196 200 203 195 184 181 183 184 187 185 177 170 162 156 158 160 157 152 165 175 185 193 205 217 220 222 229 240 244 241 235 225 213 209 208 220 227 233 241 236 210 191 187 208 231 249 263 272 284 294 305
151 151 151 151 151 151 151 151 151 156 162 166 157 157 161 165 165 165 162 165 165 171 171 168 165 169 185 190 192 191 190 194 197 200 200 196 196 202 210 213 214 214 208 206 206 206 206 203 205 207 205 196 191 186 183 185 186 183 177 171 161 167 173 168 152 151 162 174 186 195 202 207 210 212 215 226 236 238 235 232 222 211 212 210 217 226 235 242 229 204 190 192 213 231 250 265 277 289 303 318
154 153 154 156 154 154 154 157 168 178 178 169 166 176 181 177 171 170 169 173 179 191 189 176 177 189 194 200 197 196 197 201 203 208 205 206 214 218 217 217 215 215 215 222 222 215 206 204 217 212 204 200 196 188 182 179 180 178 171 168 163 174 170 156 154 166 170 175 188 196 201 203 201 201 209 222 228 233 232 223 214 216 218 210 214 223 229 229 216 202 190 200 218 228 248 261 271 287 299 324
159 162 165 165 166 171 174 178 193 194 177 167 174 181 183 178 184 183 181 182 186 190 182 183 200 204 204 202 202 206 208 211 214 214 209 215 220 221 223 229 227 220 215 226 227 213 202 200 203 206 208 202 195 195 196 190 182 174 172 171 166 157 154 155 160 169 171 178 189 196 199 192 188 196 202 214 219 225 218 211 216 218 216 208 209 219 224 220 212 202 189 205 214 226 242 252 265 278 294 324
162 168 174 175 177 181 183 188 193 185 173 175 176 183 190 198 200 196 200 194 185 186 193 210 214 210 209 212 214 213 215 221 223 217 218 221 222 224 227 231 230 230 224 217 210 207 205 203 201 200 199 201 203 201 192 185 178 174 168 159 160 165 165 170 166 166 165 170 180 184 185 182 183 192 196 204 204 208 204 210 217 214 210 205 207 222 224 215 208 203 191 205 212 222 236 242 260 271 293 320
165 174 181 182 185 189 191 191 186 178 182 189 194 202 204 203 198 200 201 195 198 207 219 224 217 216 219 225 222 218 224 228 229 227 230 231 228 236 241 238 245 244 229 218 213 209 207 204 203 204 205 204 201 192 187 181 175 168 159 169 175 177 173 172 173 163 163 165 168 171 174 177 179 182 188 193 193 193 198 208 220 208 211 206 211 232 222 213 206 198 197 213 218 222 236 237 258 267 291 315
166 174 183 193 197 195 188 186 187 193 202 204 206 203 201 200 201 209 213 211 221 231 232 227 224 225 231 228 226 240 242 234 235 241 240 234 236 244 246 241 235 234 226 222 215 209 207 202 199 200 200 200 195 189 186 180 171 160 168 175 180 178 173 175 174 168 169 177 181 177 181 184 188 193 201 201 193 190 198 196 202 205 207 207 208 218 211 205 199 198 211 219 219 223 234 237 249 262 287 306
171 176 189 201 200 198 196 199 206 208 213 211 212 219 213 209 213 218 222 229 239 241 233 230 231 234 239 236 240 241 239 242 256 255 240 239 240 241 240 236 229 225 220 215 208 200 198 195 195 190 195 191 187 187 181 168 159 165 172 174 175 173 174 175 176 186 196 189 182 181 183 188 191 192 200 201 193 196 202 202 204 212 213 212 212 211 213 207 204 214 209 210 214 224 232 240 246 259 279 292
177 186 201 209 213 216 217 219 222 223 226 227 223 221 221 224 234 244 240 239 243 240 236 242 245 249 250 247 246 247 250 258 258 248 245 247 245 243 239 227 219 217 212 204 200 201 198 188 185 183 184 180 180 175 163 165 164 170 173 174 174 173 174 183 195 201 195 185 182 192 192 194 199 211 213 200 199 207 211 212 215 224 223 228 225 217 223 215 206 206 206 215 218 224 230 241 245 260 273 288
192 193 208 226 237 236 233 233 236 238 239 236 234 242 242 246 258 255 246 246 243 248 256 260 262 257 253 252 256 251 253 258 257 250 248 247 244 238 229 216 212 207 202 201 202 204 196 183 178 183 185 181 176 163 172 173 174 176 175 174 174 173 190 206 201 193 189 193 192 191 195 201 220 226 212 201 204 209 215 213 218 223 236 235 230 238 230 220 221 223 215 215 219 220 229 242 245 265 275 287
209 220 221 239 252 255 252 251 254 255 256 256 261 263 252 252 255 254 254 262 269 272 270 268 267 260 259 257 259 252 253 257 250 248 248 242 236 232 224 212 204 201 200 197 196 195 192 179 181 187 185 175 165 170 179 177 176 176 176 175 177 190 208 209 194 191 205 205 193 194 198 215 220 222 216 209 208 215 216 218 227 236 245 238 247 245 226 229 227 235 226 213 218 230 232 241 246 268 276 282
234 246 242 243 256 266 262 263 269 275 278 279 277 269 262 263 267 274 280 280 279 277 275 273 268 261 258 259 256 254 253 247 240 243 243 237 230 226 217 209 200 196 196 191 191 189 185 182 185 175 171 169 177 179 181 179 177 178 177 180 196 212 217 203 193 216 221 206 196 202 202 208 218 233 215 209 211 212 221 226 239 248 259 245 242 244 237 235 241 239 236 224 217 230 234 234 249 266 274 276
262 258 254 247 258 271 267 274 282 286 286 281 276 272 273 280 286 291 288 285 286 283 279 273 267 261 261 265 257 253 248 242 238 239 235 225 219 214 209 207 199 193 194 184 184 174 171 174 170 173 179 182 184 183 181 180 178 178 188 202 212 214 212 196 208 222 219 211 201 204 203 215 236 231 211 213 217 213 225 235 247 258 259 256 254 259 243 253 251 239 237 223 218 230 234 234 250 262 268 272
283 266 265 258 262 277 274 275 278 283 281 276 276 279 289 293 295 295 293 291 291 284 276 269 265 264 263 261 256 251 249 240 225 225 221 211 207 212 206 204 192 191 185 177 175 178 182 179 178 185 188 189 187 183 184 183 182 188 211 227 232 222 207 196 201 220 230 220 214 209 213 242 248 228 214 223 219 225 233 245 258 263 257 266 264 262 253 259 259 245 240 224 223 231 234 236 247 256 263 271
289 276 289 289 277 279 275 271 271 273 282 288 289 292 297 295 298 297 294 292 289 285 275 267 265 265 260 256 252 247 243 229 223 219 211 205 205 202 204 200 185 179 174 172 177 186 188 191 195 201 202 195 194 198 200 195 188 207 233 239 230 214 210 206 218 240 235 224 229 220 232 253 238 224 229 228 223 231 243 254 259 262 263 267 269 259 264 265 263 252 242 222 231 234 237 237 245 248 259 269
310 306 302 298 288 281 273 271 272 277 290 293 295 297 299 299 298 295 293 291 292 287 270 262 264 263 253 250 244 239 234 218 211 213 204 198 199 201 194 180 175 175 178 180 190 193 198 206 209 212 205 200 217 220 221 202 202 231 242 235 220 221 227 221 225 239 229 233 239 229 224 232 225 241 247 233 234 233 250 264 267 262 271 268 267 264 271 271 270 259 244 224 234 236 241 239 243 247 255 268
347 310 303 295 283 284 280 272 276 280 287 291 296 296 298 297 295 294 292 288 285 268 262 258 262 256 243 236 238 230 225 208 204 205 197 199 201 189 177 177 179 184 188 195 200 205 209 210 208 206 200 207 230 232 221 204 214 230 237 228 222 238 245 234 239 250 235 248 243 231 231 236 243 259 253 239 244 239 243 260 272 266 267 270 266 272 273 273 269 256 251 228 233 238 237 239 243 245 250 265
437 375 313 294 286 282 285 283 287 288 286 292 293 292 294 293 290 286 280 269 261 257 256 250 249 238 239 228 228 223 207 199 206 199 198 199 185 178 180 185 190 198 213 212 213 213 217 213 211 207 205 230 243 243 227 223 222 239 241 229 248 258 256 246 252 256 246 248 243 240 248 253 255 252 247 248 252 254 247 258 273 268 267 272 267 275 270 270 264 256 248 231 232 234 234 237 247 246 248 263
486 449 381 317 298 290 287 292 295 295 293 296 294 291 288 287 282 270 258 254 247 249 249 243 238 231 225 214 215 211 199 199 196 195 197 186 181 182 193 201 210 215 217 224 221 217 219 218 215 213 219 237 251 250 233 233 240 246 242 251 258 261 265 263 261 256 258 264 259 259 260 266 267 259 252 251 262 260 258 260 270 265 268 270 266 272 268 264 258 252 243 236 235 228 229 236 244 249 253 261
523 478 441 386 340 319 299 293 294 296 297 298 296 291 287 279 268 258 250 244 241 237 233 225 222 219 211 205 202 204 192 189 191 193 188 185 181 196 208 215 222 228 229 229 227 222 225 231 228 219 230 243 247 248 238 247 252 252 257 265 270 266 272 269 263 265 266 270 268 281 282 276 270 260 259 261 265 266 277 272 271 265 268 267 268 270 268 262 251 249 245 238 238 227 228 233 243 245 252 259
507 502 460 444 410 367 334 307 296 294 297 299 296 292 283 270 256 244 241 233 229 223 216 209 207 211 202 200 197 192 187 193 187 184 184 186 205 223 224 233 237 237 237 235 229 234 240 244 238 227 242 251 255 257 245 261 266 263 274 277 281 276 280 280 280 290 281 284 293 294 290 283 273 268 279 284 273 288 287 285 273 265 266 269 273 272 267 264 255 254 254 243 242 227 227 230 241 245 250 259
476 467 467 461 448 414 371 336 307 298 296 296 293 286 275 261 246 234 231 226 221 209 206 200 209 199 197 192 187 187 196 196 193 195 199 211 226 238 246 251 249 246 241 237 237 254 257 255 251 241 251 263 267 253 259 274 275 277 286 288 288 296 297 291 290 293 296 310 308 301 294 289 282 284 293 286 280 294 290 282 279 270 266 273 281 277 269 269 267 264 263 250 247 232 227 228 239 247 251 261
480 460 447 446 438 420 385 347 325 302 294 290 284 275 262 249 235 227 225 220 213 204 200 192 189 190 191 187 188 196 197 195 197 201 213 228 240 248 254 253 250 247 243 239 246 260 265 264 259 256 264 272 263 266 271 280 286 290 296 302 307 307 313 309 303 303 315 319 311 307 301 299 293 299 292 287 289 288 291 286 285 275 271 277 286 281 275 276 275 273 265 254 250 241 232 229 232 242 252 261
431 434 438 418 413 401 384 368 341 314 294 286 276 263 254 240 227 218 213 209 202 194 194 189 192 192 192 190 193 196 199 203 207 216 230 242 247 253 255 253 249 246 253 247 249 257 271 272 265 272 280 276 271 277 281 283 302 306 304 319 324 319 322 324 324 324 330 319 314 318 308 306 298 302 289 295 293 293 295 288 278 275 271 272 277 274 277 278 275 275 270 259 251 242 235 233 242 245 252 258
354 366 380 396 385 384 379 373 359 336 310 292 276 258 245 234 222 216 213 208 198 196 195 194 195 194 195 197 197 199 205 206 215 232 240 246 250 253 254 254 251 252 251 252 258 267 281 279 282 283 289 286 276 291 295 297 315 321 329 336 342 339 331 338 337 332 332 334 326 316 318 317 302 295 290 297 297 297 293 285 276 272 270 268 264 264 263 262 264 262 260 257 248 243 234 244 243 235 233 239
301 318 333 345 349 355 363 369 375 359 333 308 285 271 255 242 222 217 212 201 200 196 192 196 199 197 200 204 201 207 208 209 225 240 247 249 253 253 256 260 261 258 264 265 269 280 288 289 294 294 298 297 296 302 315 325 331 343 348 344 352 349 351 348 349 337 341 337 336 323 319 312 302 306 298 296 298 297 290 284 279 271 269 270 266 269 260 253 253 251 247 243 242 238 234 240 235 230 231 233
266 280 294 304 310 324 337 349 361 368 355 334 306 282 259 236 220 210 205 197 200 196 194 199 199 196 202 205 206 208 210 216 231 248 256 254 260 266 263 264 262 272 273 279 285 294 296 302 309 310 312 315 320 325 334 341 349 356 355 359 362 357 359 359 353 348 349 345 335 327 316 308 305 310 300 296 300 297 288 284 280 274 274 280 272 270 266 260 260 260 252 249 249 245 240 241 241 234 231 231
251 257 265 275 283 299 314 325 331 342 357 346 315 289 262 234 214 204 200 196 196 195 196 198 197 199 205 208 209 214 226 227 237 253 261 264 278 271 266 262 269 275 282 295 303 307 314 322 327 324 330 341 342 343 345 348 359 362 362 366 367 364 363 365 357 354 345 336 329 318 309 304 308 312 299 297 300 293 294 292 292 283 278 280 274 269 270 276 272 267 260 258 253 251 254 249 247 240 234 233
242 247 252 261 272 290 303 309 309 310 324 343 311 276 250 225 208 202 197 196 194 194 196 199 201 204 209 210 212 223 234 233 247 263 268 282 278 274 269 268 275 288 299 309 319 329 333 335 336 339 348 355 351 353 352 354 364 368 366 370 367 362 363 361 353 343 320 317 321 316 306 307 312 308 300 299 295 290 295 296 291 285 283 279 279 279 282 280 274 272 273 265 264 265 261 256 254 251 240 238
228 238 249 261 273 285 294 300 297 289 291 304 304 274 243 218 205 201 198 196 195 195 196 203 204 210 210 212 217 235 235 246 262 275 279 285 278 271 272 277 285 300 315 326 336 345 343 348 346 346 350 354 357 352 354 357 367 372 364 368 357 344 345 343 333 325 318 314 318 314 309 322 320 314 306 300 297 297 300 297 297 296 293 291 288 287 287 283 282 279 276 272 272 268 265 259 257 255 253 254
223 233 248 263 275 281 288 296 295 284 264 260 264 260 230 209 204 202 200 198 201 201 197 207 205 209 216 216 229 233 240 253 268 286 286 284 274 274 283 291 305 318 328 336 345 355 352 356 352 352 355 360 355 350 349 356 368 358 354 350 343 335 328 327 326 324 325 326 320 322 324 333 331 319 310 304 307 306 304 301 305 299 300 298 298 298 297 295 296 290 287 282 276 274 270 266 266 259 257 257
220 224 238 253 266 274 281 286 285 282 267 241 225 218 215 209 205 203 201 200 201 204 205 208 208 211 215 217 223 234 247 261 280 290 289 281 275 279 292 306 315 324 338 345 348 354 360 351 355 356 357 355 349 345 346 351 360 347 344 344 335 332 332 328 333 331 332 329 328 334 332 334 327 322 316 315 317 315 313 313 309 305 311 309 315 312 309 311 308 302 300 294 292 282 278 273 268 267 266 263
218 218 223 238 251 254 260 267 267 268 266 255 240 224 213 209 205 203 203 201 203 206 209 213 211 212 214 218 230 244 256 271 286 290 286 278 283 290 300 313 326 334 350 349 353 357 354 350 356 359 350 346 344 344 346 344 349 343 341 341 337 342 334 338 337 337 337 333 340 343 337 337 331 331 327 329 328 329 329 324 320 320 323 324 326 323 323 323 319 314 310 304 297 290 292 281 274 272 272 267
223 217 216 222 229 229 232 241 246 248 250 253 249 231 217 209 205 204 202 201 206 208 212 211 212 211 213 220 234 248 262 275 284 289 286 279 289 298 310 320 334 344 351 353 361 357 350 350 354 357 349 346 345 345 347 345 347 347 347 350 349 348 340 350 346 344 349 347 351 352 352 350 345 344 344 343 344 345 345 342 338 337 337 337 338 337 335 333 328 321 313 307 304 301 294 287 283 279 278 274
244 226 218 211 213 215 211 211 219 224 228 231 230 227 213 209 204 205 205 207 210 213 214 215 215 215 215 222 238 251 265 276 284 286 285 291 299 308 322 335 340 347 354 358 360 355 349 353 353 354 350 354 347 352 351 348 350 356 356 360 360 353 352 360 360 359 364 365 364 365 367 367 367 365 364 365 366 363 362 359 355 350 350 348 347 347 346 343 336 328 317 312 307 307 298 295 293 288 286 283
296 248 231 216 209 208 206 205 204 206 208 210 211 209 207 204 207 208 209 212 218 220 216 216 216 219 221 224 243 252 264 277 284 287 289 300 307 314 326 342 345 347 356 361 361 356 352 357 355 360 354 355 355 352 353 352 357 366 369 370 365 361 368 373 378 379 381 382 380 382 386 387 388 386 385 385 383 379 376 374 370 363 360 355 353 349 346 342 336 328 319 315 307 308 303 294 296 295 290 286
308 287 268 242 221 210 207 206 205 205 204 203 205 205 204 207 213 216 219 222 223 225 222 219 225 238 225 225 240 249 261 272 281 289 293 307 315 322 332 347 350 357 362 365 363 359 359 369 362 365 366 361 362 357 362 363 368 374 377 381 377 377 386 391 395 396 399 400 400 402 404 403 404 403 400 399 395 392 388 386 381 374 370 365 359 355 343 333 331 328 327 321 319 310 302 295 289 290 291 288
306 305 306 265 222 211 209 207 205 205 204 204 204 205 208 213 226 230 229 227 229 228 227 232 253 242 228 234 247 254 264 275 282 291 297 312 322 331 342 349 358 365 368 369 368 368 363 371 374 376 374 370 372 376 378 377 379 382 391 393 393 398 403 408 411 413 417 417 416 416 416 414 414 412 409 407 404 401 398 395 389 384 380 373 365 355 345 351 348 345 338 334 334 326 319 308 294 286 281 277
289 286 283 246 216 210 208 208 207 207 212 213 209 211 224 232 242 246 247 250 253 256 257 259 252 261 250 234 252 263 270 282 289 295 301 315 329 337 346 357 360 368 374 372 376 380 372 377 383 382 385 382 385 392 393 390 390 394 404 407 415 417 421 425 426 429 430 430 428 427 425 423 420 417 414 408 405 401 398 393 387 382 375 369 362 357 364 363 357 353 347 340 335 333 328 319 309 301 294 287
266 251 250 226 213 213 212 211 210 219 239 273 249 240 266 279 278 285 293 293 291 293 282 275 261 282 268 242 258 269 278 290 296 301 313 322 333 342 352 364 365 375 379 378 379 389 387 391 394 397 397 395 401 406 405 405 404 411 418 427 434 434 437 438 438 440 439 437 436 434 431 428 423 419 416 411 407 404 400 396 391 384 379 376 376 376 377 376 368 363 359 353 347 339 332 326 320 313 307 303
235 224 221 218 217 216 215 214 219 241 276 316 337 308 310 326 333 341 331 325 326 323 288 280 297 299 279 253 260 283 288 295 301 305 320 333 342 353 364 372 376 388 392 392 397 401 403 403 405 409 412 408 415 417 419 420 418 427 434 442 446 448 450 449 449 450 448 445 442 439 435 430 426 424 421 416 414 413 410 404 401 400 397 393 389 388 388 385 379 375 372 367 362 356 347 338 330 323 318 315
234 245 240 230 228 224 223 223 240 267 306 351 388 409 393 379 379 381 367 353 345 321 297 325 325 316 298 278 259 290 299 300 306 314 330 341 352 367 380 382 393 405 407 411 413 411 409 412 413 420 421 423 425 428 432 434 433 438 449 454 459 462 464 461 461 461 457 455 451 447 442 437 436 434 431 426 423 422 417 414 415 414 412 407 403 400 398 394 389 387 386 383 379 372 363 356 347 339 334 330
268 282 280 266 249 248 241 248 278 302 342 381 410 431 449 444 427 405 380 358 329 307 349 368 364 346 324 306 282 279 294 310 321 329 343 354 365 383 394 401 412 417 418 419 420 418 417 420 425 431 432 435 441 449 454 457 455 451 463 466 471 473 473 475 477 475 472 468 464 458 453 449 448 447 442 440 437 432 430 425 428 424 421 416 413 409 406 402 398 397 399 397 393 387 380 372 365 360 355 350
292 305 308 310 292 281 262 271 320 367 394 412 427 443 452 461 460 412 364 339 319 374 411 423 408 379 350 328 314 316 315 320 336 352 365 375 386 397 409 420 428 431 428 426 426 428 427 430 439 443 449 456 469 481 484 482 473 464 474 477 484 484 487 490 491 489 485 481 478 474 470 466 464 460 456 452 448 443 439 436 437 435 430 425 420 415 412 407 403 402 403 403 402 398 392 386 381 377 375 370
310 322 344 339 325 322 284 300 344 389 427 453 458 461 459 449 434 413 367 320 352 435 453 444 430 398 375 358 356 354 336 327 351 373 389 396 406 409 422 432 439 441 437 435 435 433 436 443 454 462 472 487 502 509 507 499 486 475 482 488 495 496 502 506 507 504 501 499 496 493 487 482 480 475 471 464 458 454 450 447 447 443 440 435 429 422 417 409 401 397 393 392 396 396 391 388 388 387 386 382
346 343 348 345 341 332 326 331 358 404 423 448 461 472 465 440 416 391 356 318 359 439 475 460 439 416 399 396 385 382 360 336 366 390 407 413 419 421 434 442 446 444 441 441 444 447 454 460 471 484 496 514 528 531 525 513 500 488 496 501 508 511 518 523 528 530 527 524 519 513 504 499 495 490 485 477 471 469 464 461 457 454 450 445 436 432 423 415 409 401 393 387 381 383 379 377 379 380 383 384
388 365 357 349 345 344 368 392 393 397 421 434 446 450 445 433 416 391 356 319 368 416 454 462 464 436 421 420 421 409 387 366 387 406 420 429 430 429 439 448 450 450 451 455 463 467 473 480 491 505 520 537 547 545 534 523 510 504 513 519 525 527 534 542 554 561 562 558 552 543 531 524 518 510 504 495 491 487 482 476 471 467 462 455 449 443 436 430 424 415 406 397 392 384 377 367 358 354 359 370
429 401 382 367 357 372 398 414 423 414 410 426 436 435 434 430 426 400 369 333 360 415 441 463 485 459 432 434 444 438 419 397 400 420 431 439 437 435 444 453 457 464 469 475 482 488 492 499 512 523 537 548 555 551 540 530 516 520 529 535 539 542 550 564 574 585 594 602 595 581 566 561 552 538 529 522 517 510 503 495 487 481 476 469 463 457 450 445 437 429 420 415 409 401 394 384 375 365 353 341
508 490 454 411 391 411 428 430 432 437 428 421 430 431 430 427 421 401 374 342 355 404 441 457 478 466 439 441 463 470 446 423 410 426 439 444 446 444 452 459 470 481 489 493 500 503 509 520 531 542 550 557 561 556 545 536 524 533 542 550 556 560 564 580 590 602 620 632 625 611 610 604 589 573 563 555 549 538 528 518 508 500 491 484 478 469 464 459 452 443 434 426 417 412 404 398 389 378 368 353
549 538 501 473 439 439 438 457 462 451 438 428 426 426 425 421 420 390 365 341 369 404 431 452 458 447 442 452 467 480 473 453 437 429 442 453 456 455 460 469 486 499 506 515 519 523 531 538 551 562 567 570 567 558 550 543 533 548 559 567 573 577 579 594 606 617 629 636 630 623 627 625 620 615 605 590 581 569 555 540 530 521 509 501 494 485 481 474 466 456 446 438 430 426 419 410 400 392 379 372
527 528 505 490 479 465 457 468 466 456 445 431 414 412 411 409 392 370 352 346 394 421 430 445 452 442 442 454 476 491 497 480 461 448 443 455 469 468 470 481 499 513 523 533 540 548 556 563 577 584 586 580 570 559 554 547 542 559 573 582 588 591 594 609 622 629 630 627 624 622 627 632 634 635 627 616 608 597 582 567 553 538 525 517 509 504 499 491 481 472 463 454 447 443 434 424 417 409 404 396
509 511 515 508 495 491 502 500 479 451 437 426 412 411 400 379 375 366 343 353 402 430 445 459 457 447 450 456 483 495 506 509 492 475 471 459 476 480 484 495 511 527 541 551 560 573 583 589 603 607 601 589 577 566 559 550 552 570 586 596 605 611 611 624 638 642 636 626 618 613 622 630 629 626 624 626 622 611 599 587 569 552 541 528 523 517 510 501 492 487 481 474 466 458 449 441 434 428 425 418
549 528 535 536 531 537 542 540 522 472 441 420 415 424 417 387 361 354 346 366 419 448 458 467 461 455 453 465 482 507 530 541 529 504 503 497 476 483 499 508 523 544 568 605 616 616 609 610 622 625 617 602 588 580 568 559 567 583 600 613 623 630 627 635 646 651 642 628 618 608 609 616 615 613 614 617 613 603 595 583 574 562 546 538 535 527 516 508 503 500 493 484 475 466 460 453 446 442 440 434
624 582 591 611 613 592 597 591 562 492 454 430 414 418 415 398 384 380 358 383 423 444 453 460 461 461 461 470 487 518 560 576 565 549 530 530 498 479 501 521 535 559 610 676 696 686 635 629 644 645 637 622 603 590 581 578 584 594 611 627 635 638 634 638 644 648 639 627 616 605 599 608 607 602 599 598 592 586 580 575 573 565 557 546 537 531 519 511 510 508 497 483 472 466 465 463 459 454 450 445
691 665 676 688 691 665 646 637 604 528 487 454 429 421 419 412 413 416 382 364 403 427 437 449 457 464 471 472 487 511 550 588 597 593 577 560 530 494 495 526 544 567 625 693 724 727 672 658 673 677 668 654 633 609 594 597 608 611 624 633 632 629 629 630 635 639 633 621 608 594 597 610 607 599 587 580 576 571 568 569 572 577 575 564 545 531 520 514 507 502 488 480 478 483 481 476 470 462 457 449
678 680 685 671 653 654 657 634 608 567 533 486 439 426 425 421 427 433 408 371 377 404 420 434 449 464 476 479 486 507 537 581 608 615 605 587 557 522 502 521 549 573 612 659 692 733 738 734 746 733 704 682 663 638 614 622 634 642 642 638 632 626 618 616 622 630 627 617 605 583 604 617 613 604 589 574 562 557 553 557 568 579 582 573 552 531 517 508 500 494 497 497 502 504 498 489 481 469 457 448
647 645 643 622 595 598 607 595 581 578 572 536 463 433 426 432 440 433 424 403 376 392 408 427 444 466 482 490 496 504 525 552 585 606 609 603 580 545 521 518 554 586 616 654 703 761 779 785 786 749 702 670 658 643 632 653 666 670 662 651 641 630 619 611 604 612 610 608 594 576 609 624 618 607 593 571 552 544 541 550 568 583 581 569 551 526 510 501 491 501 511 516 523 524 518 507 497 482 462 443
620 606 593 570 553 551 553 549 545 549 557 569 525 464 435 435 442 443 430 417 395 383 394 410 440 462 481 500 507 513 515 528 546 570 592 601 585 556 533 525 550 602 627 666 727 783 771 787 790 743 685 649 632 626 632 665 690 690 680 667 656 642 629 614 601 591 579 580 567 578 615 626 615 595 576 556 541 532 529 543 566 581 571 554 533 509 497 492 485 506 523 531 536 539 536 519 497 475 451 430
602 577 550 532 523 518 517 516 515 516 523 529 525 497 463 442 445 442 437 430 408 396 393 418 425 451 474 499 523 526 521 518 526 538 564 592 590 555 526 538 566 612 647 675 723 747 746 768 763 717 672 649 617 604 625 669 701 707 696 683 672 658 641 627 614 597 574 550 554 589 618 614 597 576 557 541 530 522 519 529 542 546 540 529 513 496 480 473 469 497 525 535 539 540 535 515 474 441 419 404
613 578 533 512 506 498 495 494 497 497 499 502 499 495 491 473 456 445 443 441 416 406 395 416 436 444 462 491 521 534 530 522 515 522 543 571 575 542 515 550 600 633 664 693 714 723 710 724 727 717 696 658 599 578 613 675 715 719 707 699 686 674 662 651 635 606 573 543 541 575 604 605 582 561 543 529 520 515 509 515 521 523 517 506 493 477 457 446 446 478 506 516 523 519 500 457 421 400 388 376
626 558 526 535 545 532 514 485 481 480 479 483 488 490 492 489 458 434 436 433 420 416 399 414 436 443 458 477 504 532 544 533 515 509 521 536 537 514 511 559 628 653 692 733 739 719 660 657 672 709 708 653 578 561 601 684 731 737 726 716 703 687 690 681 664 623 579 545 519 545 586 591 573 550 532 521 513 511 506 501 499 504 500 487 470 451 433 422 421 448 469 475 475 458 424 400 384 373 362 353
600 543 547 571 606 590 530 485 478 472 469 469 468 473 480 474 455 438 427 428 415 405 403 423 437 445 466 481 482 500 533 540 527 511 505 512 507 490 519 577 628 669 704 740 740 706 642 599 599 648 677 618 561 549 593 689 745 755 743 730 712 713 717 704 666 633 590 552 525 511 556 566 553 535 525 518 516 518 516 508 500 490 483 468 453 456 453 432 408 410 421 420 410 396 383 374 365 358 355 342
572 555 577 608 644 647 558 510 490 511 514 490 472 463 460 461 458 443 427 422 416 406 413 430 439 449 481 504 487 473 490 520 528 520 501 489 479 471 517 583 627 663 691 713 720 695 646 596 559 574 614 582 544 538 585 674 745 749 730 725 733 745 744 692 614 593 571 543 531 501 534 551 533 518 511 500 515 525 524 515 504 496 487 468 471 478 466 440 417 400 394 388 380 372 365 357 346 341 335 329
566 577 613 644 675 681 620 553 519 574 607 556 506 477 465 455 446 438 429 423 414 412 419 434 445 458 487 510 507 491 472 486 504 513 504 480 458 458 498 554 604 628 637 664 690 695 684 609 552 540 570 547 529 531 584 679 746 726 689 700 736 761 734 628 570 560 544 524 511 487 503 526 513 492 482 481 511 523 529 523 509 496 484 468 483 493 475 435 412 397 379 371 363 357 350 344 341 333 334 355
579 603 657 696 698 699 644 581 549 582 654 649 576 520 494 479 455 448 439 434 420 423 430 434 442 459 479 495 506 505 489 469 475 492 493 478 450 444 469 504 544 562 572 610 648 671 677 586 535 513 531 519 514 527 584 677 716 683 649 670 716 752 701 586 546 533 514 502 492 471 465 465 473 463 456 477 492 497 508 518 510 489 473 471 492 499 470 425 398 380 371 364 357 353 350 348 339 337 363 381
587 631 703 743 742 736 692 637 590 579 656 721 660 591 582 530 468 447 441 433 428 436 451 452 451 458 468 477 485 491 491 481 467 471 474 470 450 434 448 466 487 501 514 557 594 659 664 555 511 488 497 498 498 521 587 656 650 637 615 647 710 743 722 609 522 502 486 475 457 444 453 455 444 432 429 442 452 458 463 479 477 464 459 467 489 492 462 420 381 370 362 356 352 349 345 337 345 368 391 410
597 650 730 777 779 761 731 692 645 611 674 739 718 660 657 568 483 451 442 432 437 454 480 492 486 480 477 472 471 475 477 474 469 460 457 454 449 437 432 437 442 448 461 488 533 602 589 518 484 468 476 483 488 515 568 597 589 593 596 666 719 724 714 661 512 474 457 436 432 456 480 491 483 473 455 440 426 416 412 419 422 412 433 449 471 481 454 398 371 362 356 350 347 342 340 351 371 394 419 437
620 680 743 791 799 759 716 680 650 655 706 752 748 715 697 592 492 454 438 435 456 490 527 547 555 542 516 497 488 483 479 473 469 462 454 451 448 445 443 411 403 403 408 431 465 509 513 486 464 454 462 479 487 501 526 540 542 557 609 675 693 666 669 648 510 457 430 417 452 500 532 519 507 489 471 466 451 451 446 431 420 416 399 415 439 461 418 373 362 356 354 355 351 346 355 370 395 424 443 454
642 714 786 817 790 734 693 677 688 707 727 759 721 669 639 579 492 447 438 452 486 537 579 608 635 633 590 557 535 518 507 499 496 480 460 457 454 448 437 422 441 439 413 392 416 447 462 456 448 451 470 486 485 485 496 507 515 558 611 650 640 600 627 624 519 449 413 424 504 586 590 558 526 495 479 472 477 484 479 467 453 440 429 400 395 400 379 372 365 361 359 358 350 353 367 389 423 449 456 460
662 731 793 812 763 722 707 722 743 749 747 739 653 607 574 540 489 445 451 476 519 596 654 690 700 698 678 643 614 600 570 559 542 502 473 463 451 432 418 442 464 457 439 415 386 398 427 438 438 462 480 494 485 475 478 485 506 539 566 588 579 545 555 528 474 417 402 435 520 592 600 592 535 499 491 500 511 517 510 495 479 464 446 428 409 393 382 373 367 363 361 356 353 364 381 407 448 466 466 466
691 771 818 798 778 760 760 789 805 788 716 649 597 553 524 497 466 449 470 512 576 670 728 751 732 717 696 655 629 627 602 581 550 511 483 465 445 429 435 454 470 469 455 432 408 383 388 414 446 474 494 495 482 471 465 480 498 516 519 514 506 488 482 463 423 397 405 448 510 552 590 612 543 505 519 549 570 559 541 525 516 492 463 438 414 392 376 369 366 364 361 354 360 373 395 424 458 472 475 475
713 787 839 834 822 815 785 772 777 750 671 597 549 505 483 467 458 462 494 552 634 725 766 756 714 695 667 630 608 594 581 563 535 507 480 458 442 447 474 486 472 463 455 440 415 394 372 398 450 485 508 500 480 466 454 470 485 484 479 472 466 455 440 417 395 396 424 480 517 543 578 604 538 512 556 618 627 610 583 566 556 524 479 438 405 383 371 363 361 362 359 356 361 377 405 434 453 466 473 474
733 791 841 869 874 827 712 672 668 652 612 553 519 485 469 467 476 505 547 597 668 740 775 745 689 661 638 609 592 575 557 540 515 492 469 450 460 498 528 520 495 465 441 433 423 399 370 384 437 475 501 500 481 463 441 448 452 451 449 448 444 429 409 393 394 410 462 519 539 556 583 597 556 523 566 631 646 639 624 620 610 569 496 437 400 380 367 361 359 360 360 360 366 386 420 442 453 463 469 467
763 805 849 882 838 776 656 602 585 573 541 503 482 488 513 526 554 586 616 638 683 747 774 742 691 658 628 593 571 555 538 521 498 473 458 471 512 569 613 569 511 476 444 419 408 401 371 361 409 445 470 486 481 457 431 406 409 408 412 414 414 407 397 390 402 443 507 553 566 583 608 617 585 539 558 601 623 633 652 659 645 604 519 448 407 381 365 361 360 363 368 371 378 399 431 450 458 462 464 457
777 821 838 827 777 701 623 559 535 521 502 490 498 528 571 609 662 690 681 674 693 742 736 707 677 640 608 581 557 537 523 505 478 463 474 514 568 639 668 626 547 483 450 425 397 380 374 352 378 414 437 454 455 438 409 375 359 361 370 379 386 389 392 401 428 473 513 542 567 588 616 624 605 561 566 591 603 614 643 661 642 593 531 474 417 377 362 360 362 375 383 387 394 414 450 468 467 460 452 438
841 847 782 744 724 698 625 561 518 510 521 531 554 587 641 717 782 773 713 699 705 702 668 642 626 602 581 560 542 523 502 483 479 486 512 556 617 661 666 624 540 476 443 422 402 377 360 350 350 381 403 419 426 417 387 355 339 367 387 410 420 417 421 429 443 471 500 529 560 576 594 598 591 572 580 585 583 592 621 632 608 575 533 475 405 369 360 360 368 394 402 403 407 425 460 466 445 428 420 406
909 880 747 695 652 631 604 556 559 575 594 596 633 676 717 763 822 806 733 725 721 695 641 618 600 578 561 545 527 509 493 497 519 539 560 603 659 683 668 594 517 467 433 411 393 377 355 343 335 350 361 371 379 380 365 340 336 381 421 463 488 478 459 448 449 464 494 532 568 576 588 585 575 573 584 572 568 575 604 618 603 573 529 457 399 368 361 362 378 408 413 416 425 448 456 447 429 414 407 395
884 832 694 639 610 588 574 602 644 675 692 670 718 770 798 804 834 769 705 693 684 659 624 601 583 563 548 529 512 505 517 540 561 582 602 642 681 687 625 551 495 453 427 404 379 360 348 348 339 329 328 326 331 340 337 328 330 376 425 476 512 517 494 447 439 460 492 526 554 570 579 578 566 561 564 562 554 555 578 591 584 567 522 450 405 377 363 363 383 406 411 421 444 467 465 444 422 414 410 396
825 799 691 617 616 619 624 668 743 769 743 741 800 855 858 844 849 763 692 669 651 627 605 586 567 550 533 526 523 527 554 590 605 619 635 653 675 671 590 520 469 439 419 392 364 356 375 391 391 373 360 354 340 325 318 313 317 358 403 435 452 457 449 427 425 453 481 510 536 562 571 576 570 548 545 542 532 530 546 546 538 520 478 439 411 381 365 364 378 396 406 415 437 472 475 438 418 427 420 399
803 775 707 642 638 662 695 757 823 788 764 794 855 896 860 825 812 737 678 651 626 605 586 568 551 538 546 563 561 551 592 627 639 658 666 660 658 648 569 505 454 429 406 372 362 390 420 430 430 418 400 382 371 362 354 335 309 333 376 407 424 427 420 411 409 431 459 489 519 547 559 567 557 538 526 522 514 507 504 496 485 470 443 419 397 376 367 366 372 382 389 393 411 437 420 405 413 424 417 390
777 766 702 672 690 724 781 852 843 792 803 856 904 856 774 740 723 683 653 632 610 584 574 560 551 557 584 603 594 574 617 653 667 679 686 675 648 592 526 470 437 416 387 371 410 447 463 465 462 447 433 420 396 378 360 349 329 312 351 381 399 405 403 396 393 405 431 460 492 526 545 555 546 531 514 505 499 491 483 473 460 441 421 402 386 378 372 366 365 367 371 374 382 382 377 377 386 380 367 348
776 807 761 752 774 822 866 858 851 841 866 920 896 797 727 698 675 653 635 617 594 582 565 564 571 596 629 649 625 599 632 665 690 698 707 700 620 533 480 442 415 396 379 406 466 530 542 524 509 482 457 439 422 398 371 344 323 304 330 355 374 386 389 381 378 382 404 428 456 488 509 525 532 524 507 492 490 499 504 494 484 453 423 403 411 415 398 373 351 347 351 353 356 361 361 358 353 345 332 321
739 823 807 798 832 917 928 890 878 903 940 944 897 786 721 684 649 629 616 608 614 605 582 594 619 656 688 702 651 618 643 671 700 713 714 664 556 509 459 409 392 387 404 450 527 627 654 613 565 521 481 451 432 414 393 366 327 296 298 321 346 362 366 370 369 366 382 401 426 455 484 503 514 511 491 485 489 513 519 503 474 446 428 428 455 476 453 403 368 341 331 331 337 347 356 355 341 328 315 303
692 789 814 823 885 960 964 938 941 977 984 943 851 789 740 683 632 613 608 627 647 625 605 642 695 742 747 722 656 633 652 677 702 725 718 617 518 472 433 405 402 410 441 498 588 675 688 651 598 549 500 457 433 416 401 387 356 324 305 294 302 325 337 342 347 351 367 386 406 430 460 489 507 504 490 486 483 503 504 484 452 441 442 443 454 473 466 430 381 337 321 316 322 335 353 360 342 328 317 301
650 739 790 790 807 894 983 1010 1031 1043 960 906 802 736 701 653 622 612 629 667 675 635 623 669 732 792 781 714 663 648 663 684 708 741 748 631 505 441 412 407 424 443 489 564 653 712 698 662 625 567 501 456 430 412 396 382 364 341 323 300 293 287 295 307 314 318 340 367 388 407 428 460 486 486 481 474 472 486 483 462 446 444 446 443 444 454 448 419 357 318 310 308 310 324 342 348 343 344 334 298
612 679 732 712 734 847 979 1042 1090 998 924 858 745 689 653 626 614 636 676 713 685 633 636 682 739 798 798 713 668 662 678 692 710 741 745 620 499 434 410 440 493 513 551 638 714 743 699 650 605 540 483 449 428 411 393 371 354 339 333 328 315 307 289 279 290 284 310 339 366 383 401 417 430 441 448 448 451 479 482 459 447 455 445 432 431 444 419 376 320 307 305 301 302 306 319 325 329 335 314 287
572 631 666 671 719 854 971 1021 1062 956 843 772 710 673 636 622 630 680 740 764 683 632 660 703 744 792 804 721 673 673 695 708 717 733 699 601 488 427 415 473 571 621 642 709 744 735 665 598 548 504 467 445 434 430 417 394 372 351 364 356 347 344 331 307 284 275 276 308 336 358 375 386 394 404 407 410 416 437 439 436 437 451 444 423 418 420 384 330 301 295 293 294 296 299 301 303 304 300 293 300
543 592 619 655 717 829 909 978 1039 992 812 721 711 687 649 647 684 760 821 769 664 638 698 747 759 784 796 729 680 683 717 731 745 723 643 562 468 423 421 487 596 681 718 714 713 701 648 570 521 486 471 464 455 443 429 412 393 371 389 389 383 380 385 368 343 310 272 271 287 319 343 358 366 372 376 377 383 392 393 392 388 390 392 387 378 361 334 310 293 288 288 294 298 299 298 297 294 294 297 293
521 579 635 695 762 837 913 972 939 934 850 748 757 719 697 701 768 858 868 749 654 649 717 793 808 807 826 744 686 694 735 771 787 757 648 535 462 433 422 488 592 711 741 686 652 630 599 546 509 503 496 485 478 458 431 423 407 384 399 411 406 407 405 400 376 353 318 276 260 263 290 317 337 352 353 349 357 367 365 362 354 348 343 337 331 320 308 298 288 283 288 305 325 326 325 336 321 316 304 297
535 629 719 785 831 883 937 932 865 855 857 819 832 755 717 762 855 935 884 737 651 662 725 807 856 848 856 768 698 701 747 813 807 766 700 580 495 435 434 486 600 727 763 690 630 585 549 526 530 535 527 510 521 492 439 428 421 408 416 427 425 420 416 409 397 386 365 335 306 276 254 258 287 314 325 324 327 333 333 330 325 318 309 304 300 295 291 286 283 287 305 355 385 362 359 363 358 351 320 308
534 636 740 799 831 861 892 853 818 802 833 886 897 821 801 854 938 965 845 717 684 681 757 835 884 895 893 812 722 712 769 804 760 721 688 607 524 436 432 515 636 748 795 729 668 588 538 536 555 562 561 541 540 503 443 426 424 432 442 448 444 432 423 414 407 402 394 377 349 322 293 271 249 262 283 291 293 299 302 304 304 299 293 289 285 282 282 281 281 294 325 370 384 361 349 339 342 333 305 307
524 621 714 773 778 762 760 770 770 770 810 884 945 947 953 1005 1014 943 800 732 732 726 764 823 882 927 889 849 804 767 806 788 729 677 604 528 462 424 449 538 673 770 792 751 670 576 550 555 576 607 612 571 548 501 444 429 433 446 469 494 495 467 431 412 410 400 394 383 367 359 337 318 287 252 243 254 259 264 270 280 282 284 285 286 283 281 280 280 283 305 323 348 368 359 341 322 312 305 296 304
504 605 688 725 704 696 705 715 726 754 810 897 979 1049 1082 1072 981 858 753 750 785 786 801 823 857 867 822 808 819 836 849 795 727 645 562 482 436 434 483 577 704 794 816 732 645 589 608 599 606 653 644 612 558 494 448 433 447 473 508 547 566 526 458 415 405 404 396 384 375 366 360 347 330 303 277 247 233 237 247 256 262 277 284 287 288 282 281 280 283 295 310 324 352 360 342 320 296 290 292 303
473 549 609 627 625 636 671 699 728 770 838 929 966 982 1001 949 879 791 719 745 806 832 829 819 830 820 787 793 844 848 797 777 744 656 567 476 427 481 550 614 720 807 827 773 656 645 700 655 644 693 669 658 556 479 445 438 463 509 561 586 581 536 472 426 405 398 395 388 381 381 379 374 356 342 325 300 272 249 229 231 238 249 268 289 289 286 287 289 290 287 298 306 323 341 335 321 297 285 292 310
442 493 536 563 598 651 696 724 752 793 847 883 866 903 954 872 801 737 698 739 787 809 809 797 780 769 761 787 831 786 729 710 730 676 528 446 431 489 573 657 724 761 776 797 726 742 759 692 683 728 720 692 573 474 439 444 479 537 589 608 590 558 488 435 406 399 397 396 390 379 373 374 382 369 347 326 314 288 256 233 220 226 231 244 263 285 292 279 267 275 301 306 303 299 293 291 289 280 295 329
406 456 532 592 660 718 746 761 772 793 796 776 780 822 893 836 759 708 679 726 772 807 805 780 754 738 741 767 779 717 668 652 651 644 560 455 442 465 533 599 657 699 754 793 772 772 797 766 736 750 730 639 548 471 438 449 493 564 633 626 609 587 537 467 412 397 396 399 399 397 399 376 366 367 381 377 359 329 295 262 239 222 215 215 222 223 227 242 267 264 265 279 288 272 263 261 260 268 289 321
412 478 576 679 756 797 810 808 798 772 710 696 714 742 804 786 721 674 675 716 770 824 822 779 743 722 725 748 761 677 618 593 580 567 536 457 442 462 507 549 602 676 734 752 706 704 751 811 818 788 696 577 502 452 440 459 503 579 637 628 603 583 555 497 431 390 391 398 408 413 417 403 384 369 343 344 344 310 283 270 249 228 213 210 212 211 219 236 245 250 255 256 248 253 252 251 259 269 282 298
411 481 594 695 757 794 832 845 823 750 669 650 668 685 735 758 691 649 660 699 753 816 845 819 759 709 701 720 759 681 579 531 521 507 472 444 453 466 487 516 551 596 628 643 638 656 715 776 800 754 637 541 476 444 449 481 528 593 659 642 611 602 589 552 481 398 372 384 394 407 409 408 410 400 340 297 293 271 237 221 225 217 208 212 210 210 240 261 264 252 246 248 251 233 265 284 282 280 286 295
