# 100 100
683 752 859 943 1003 960 911 894 902 956 1054 1090 1089 1137 1102 1028 973 909 867 857 859 845 801 752 719 691 670 663 664 676 683 635 574 519 466 425 399 373 354 336 328 314 287 252 241 241 241 241 241 241 241 247 282 332 388 451 525 594 645 702 774 804 815 809 803 802 813 820 813 779 746 719 690 670 665 654 634 608 575 604 650 704 750 766 786 814 815 800 795 796 786 731 684 669 676 682 684 678 652 619
698 771 880 968 1026 1053 974 914 919 972 1069 1169 1193 1180 1112 1037 963 903 898 904 909 894 839 790 757 732 704 685 675 666 656 633 593 545 503 462 425 391 368 361 352 335 311 276 244 241 241 241 241 241 241 241 268 311 366 427 498 572 631 677 724 750 783 800 817 831 841 816 785 759 741 722 696 670 650 634 620 597 566 580 624 666 707 728 753 788 808 805 801 781 760 714 682 679 687 691 694 693 677 647
717 798 882 968 1018 1056 1013 944 944 975 1045 1146 1193 1175 1126 1070 988 946 970 978 961 924 862 826 804 784 745 715 693 675 656 639 616 577 534 494 452 416 389 386 375 357 336 305 269 242 241 241 241 241 241 241 262 300 343 399 473 543 602 653 684 717 743 762 778 783 794 775 752 733 720 719 703 677 657 632 607 584 561 556 597 634 669 698 729 764 780 779 772 742 704 675 665 680 687 691 702 706 689 662
761 817 889 941 972 1033 1072 1032 1012 997 1030 1092 1081 1156 1124 1040 991 994 1086 1063 1011 943 905 878 873 850 797 752 720 693 671 654 634 602 556 519 482 444 421 424 406 383 362 337 303 262 241 241 241 241 241 241 249 288 322 366 439 501 566 613 642 675 700 731 739 735 739 728 721 711 704 708 702 680 662 646 622 594 570 541 575 613 652 690 723 749 741 725 708 683 657 643 652 673 687 693 703 705 694 678
792 829 862 897 953 1047 1120 1150 1108 1030 985 1009 1018 1076 1141 1058 1030 1088 1170 1133 1061 1013 981 958 946 916 858 798 753 720 693 668 647 618 577 538 506 468 461 471 459 422 393 364 336 300 252 241 241 241 241 241 241 263 305 345 406 466 527 576 601 625 656 687 696 694 696 690 686 683 685 696 701 691 676 656 631 601 572 536 570 614 654 690 707 712 693 675 660 640 626 623 641 672 702 706 702 699 694 693
805 815 827 869 941 1030 1127 1176 1105 1001 938 922 958 1022 1105 1121 1116 1176 1255 1207 1132 1103 1062 1011 964 923 878 834 792 753 716 689 659 630 598 564 530 491 492 508 516 484 442 400 362 330 289 245 241 241 241 241 241 246 283 326 380 435 494 548 560 585 616 637 653 660 660 656 652 651 658 679 694 697 684 659 632 599 566 527 564 607 653 680 681 666 650 638 627 614 609 609 633 672 710 731 721 710 700 711
790 792 802 852 930 1019 1113 1142 1045 975 917 873 888 956 1070 1166 1239 1278 1311 1261 1195 1159 1088 1011 967 929 896 856 820 780 740 705 674 642 612 581 554 512 524 541 559 545 511 453 395 351 316 269 241 241 241 241 241 241 260 306 360 412 468 522 534 554 580 605 620 632 634 627 620 619 630 654 673 681 673 649 621 592 561 519 557 601 638 660 649 635 614 606 599 595 593 604 631 667 708 745 749 728 712 713
781 780 784 837 919 989 1053 1121 1035 967 915 855 829 883 1008 1138 1236 1308 1261 1185 1151 1141 1106 1047 995 960 918 875 831 797 761 727 691 652 623 598 569 532 553 568 604 589 544 520 442 380 334 295 252 241 241 241 241 241 248 290 336 382 440 488 507 523 548 576 594 610 619 609 597 590 604 627 648 662 657 636 608 580 548 510 549 591 619 628 621 609 589 576 579 579 584 602 631 667 714 749 768 744 722 711
790 781 772 823 887 944 1026 1117 1082 1003 925 838 793 839 944 1088 1191 1242 1198 1083 1046 1054 1096 1084 1042 988 923 885 850 818 784 749 713 672 637 613 577 557 577 590 614 599 552 526 474 418 360 310 273 241 241 241 241 241 241 261 300 334 387 435 472 486 516 543 565 581 582 576 569 565 580 604 624 641 641 623 598 567 531 496 537 576 603 602 593 586 567 561 566 569 583 609 642 682 726 766 782 772 741 703
773 755 768 835 916 987 1067 1123 1108 1043 933 808 768 816 924 1057 1124 1176 1142 1038 983 973 1040 1060 1019 986 921 882 856 827 799 763 728 693 659 627 580 589 603 608 609 594 563 538 490 446 391 328 284 247 241 241 241 241 241 242 266 295 336 387 427 453 485 514 540 559 546 539 539 537 555 576 595 613 618 613 587 555 523 487 525 555 579 575 567 562 552 547 555 572 595 623 659 703 744 778 787 770 742 691
726 727 764 847 937 1015 1089 1109 1084 1050 917 808 759 794 914 1006 1079 1145 1133 1057 945 920 945 941 924 909 890 863 842 821 800 773 742 711 671 623 609 623 625 621 615 600 576 551 516 470 411 345 299 252 241 241 241 241 241 241 245 269 298 343 383 419 449 476 500 511 504 497 502 504 522 539 556 576 582 580 564 534 503 475 504 529 545 548 543 542 533 542 568 596 618 638 667 712 744 764 758 755 737 694
696 714 766 854 935 1020 1081 1070 1040 987 871 786 740 779 882 980 1065 1138 1078 1000 891 876 887 890 878 867 858 842 824 810 796 778 752 716 674 640 655 663 670 652 624 607 584 559 526 484 432 372 323 271 241 241 241 241 241 241 241 243 264 308 346 387 412 434 454 464 464 455 461 473 485 499 515 533 538 538 529 507 481 459 483 505 515 519 522 517 527 556 591 622 637 648 669 696 719 723 723 727 714 689
680 721 779 866 946 1007 1010 993 1007 938 828 757 724 775 872 967 1039 1081 1042 981 875 854 858 869 861 848 833 821 809 795 778 761 736 699 680 694 716 741 753 709 662 629 601 574 544 505 455 401 358 310 260 241 241 241 241 241 241 241 243 268 304 342 377 395 407 419 424 424 423 432 445 454 473 488 494 497 494 481 457 440 461 483 491 496 496 499 529 566 606 645 652 648 665 677 687 688 682 682 676 658
673 724 808 888 951 966 938 926 990 923 805 732 715 793 886 941 987 1036 1100 1034 896 855 855 862 857 853 834 814 795 777 758 741 730 739 745 749 772 823 846 757 704 660 629 597 566 523 478 433 390 342 298 248 241 241 241 241 241 241 241 241 251 286 325 351 362 376 387 395 397 392 396 408 424 444 454 458 457 449 430 418 442 461 466 473 472 494 526 562 602 636 639 642 651 651 651 649 645 644 648 646
667 711 790 865 907 899 886 909 956 880 792 714 718 796 864 909 976 1051 1151 1154 1012 914 916 915 895 866 834 807 793 780 770 767 778 791 801 814 844 874 902 812 755 703 660 624 586 549 507 470 424 373 326 279 243 241 241 241 241 241 241 241 241 245 266 292 307 322 339 354 358 355 354 362 375 392 404 412 414 411 405 399 421 436 444 444 456 483 516 550 584 605 618 631 644 640 630 623 618 616 621 629
664 705 751 792 821 839 877 883 820 762 723 673 702 773 843 920 991 1067 1162 1221 1100 1041 1034 1032 965 878 830 816 811 799 797 802 813 832 859 877 895 923 933 875 812 753 691 644 606 575 546 501 453 403 359 314 267 241 241 241 241 241 241 241 241 241 241 243 252 268 277 290 304 305 309 312 319 340 352 362 366 367 358 378 396 411 419 423 442 471 502 533 563 591 610 627 641 634 618 607 598 596 601 612
663 704 739 774 820 871 920 861 790 742 690 640 659 744 839 911 971 1042 1119 1121 1127 1122 1130 1127 1014 890 858 850 843 831 831 835 851 871 904 927 940 960 960 915 854 789 717 669 637 616 578 538 487 435 387 343 299 257 241 241 241 241 241 241 241 241 241 241 241 241 241 243 248 256 262 266 272 287 304 313 325 330 318 346 364 382 395 406 430 460 491 527 571 600 612 622 631 621 604 593 583 580 589 605
669 732 779 826 900 956 975 923 823 761 705 649 617 686 821 908 958 1022 1069 1016 1095 1198 1197 1162 1047 957 941 919 897 879 882 892 911 914 948 988 1007 1025 982 929 876 815 749 709 698 663 615 571 525 469 418 371 326 287 250 241 241 241 241 241 241 241 241 241 241 241 241 241 241 241 241 241 242 246 256 269 281 292 293 311 333 351 373 392 417 451 485 537 591 625 624 615 621 607 594 577 569 571 583 603
686 759 824 872 950 1019 1032 972 858 786 722 664 608 646 759 848 901 982 970 951 1031 1179 1231 1189 1101 1077 1028 994 945 934 952 964 973 975 987 1048 1088 1084 976 918 855 801 776 774 758 708 656 606 558 505 451 401 354 311 273 243 241 241 241 241 241 241 241 241 241 241 241 241 241 241 241 241 241 241 241 241 248 258 264 278 296 320 348 372 401 439 479 541 602 637 638 602 599 592 583 565 555 565 586 607
701 779 853 912 971 1033 1044 942 868 801 735 672 609 629 721 805 890 950 900 918 1011 1163 1217 1205 1159 1113 1059 1011 968 975 993 1001 1008 1029 1041 1084 1116 1076 974 913 863 836 829 836 811 750 690 645 599 549 495 441 387 340 300 262 241 241 241 241 241 241 241 241 241 241 241 241 241 241 241 241 241 241 241 241 241 246 249 254 265 290 320 349 380 416 462 520 580 604 613 600 581 587 575 558 548 564 585 610
709 791 856 903 941 1003 1043 981 896 812 742 679 618 598 672 803 908 908 863 918 1029 1149 1144 1166 1190 1145 1081 1008 973 990 1006 1016 1044 1055 1066 1081 1063 1037 994 945 922 898 886 881 853 798 730 684 647 600 546 492 439 387 344 304 262 241 241 241 241 241 241 241 241 241 241 241 241 241 241 241 241 241 241 241 241 241 242 242 248 267 295 322 347 386 427 458 511 548 568 573 555 563 560 538 537 561 580 600
682 775 820 847 902 974 1029 1016 941 827 746 680 626 586 636 795 857 841 862 951 1070 1123 1083 1111 1131 1102 1009 950 941 992 978 960 999 1030 1032 1021 991 969 970 967 946 922 896 867 839 810 764 720 683 649 607 554 497 442 392 347 305 261 248 243 242 244 247 250 250 245 242 241 241 241 241 241 241 241 241 241 241 241 241 241 241 242 261 287 310 348 392 418 447 485 524 549 532 523 527 510 531 554 572 593
625 714 769 814 879 937 990 999 931 824 744 678 615 573 628 731 782 820 883 995 1068 1042 1017 1045 1054 1049 967 904 898 936 948 907 927 987 997 987 952 923 908 902 899 895 879 843 798 783 766 735 707 681 652 612 561 507 451 396 349 305 277 266 259 266 277 299 316 322 302 286 273 263 253 244 241 241 241 241 241 241 241 241 241 241 242 254 277 306 350 388 412 433 464 490 495 484 488 492 519 543 563 584
585 665 744 798 850 893 943 899 810 753 724 669 605 564 628 704 759 823 918 1017 1053 966 926 968 988 1022 966 895 859 855 855 865 879 959 994 975 931 872 845 853 857 845 825 794 759 743 743 732 721 714 693 660 619 579 520 458 399 344 305 291 281 283 299 333 369 396 404 397 377 366 332 311 291 272 247 241 241 241 241 241 241 241 241 241 251 273 308 346 374 394 424 441 450 449 455 481 503 525 546 568
558 621 696 745 780 826 885 828 756 719 686 646 586 563 639 723 789 853 941 1029 1003 886 858 889 925 982 974 901 838 797 783 802 856 940 988 961 896 848 827 815 809 800 783 758 728 711 714 716 723 734 723 699 676 636 581 521 460 398 336 298 285 289 315 363 411 455 472 474 480 477 447 418 398 376 325 282 253 244 241 241 241 241 241 241 241 245 268 303 327 351 379 404 410 423 440 461 487 508 530 562
543 570 622 674 713 757 824 802 747 708 663 611 562 571 657 770 841 898 962 1022 966 844 816 839 877 952 986 896 821 762 749 790 848 912 953 947 902 864 840 803 776 760 739 714 693 677 674 674 685 707 720 729 711 681 638 577 513 452 384 324 288 293 325 375 431 493 524 537 553 554 533 513 508 495 451 401 333 302 270 247 242 241 241 241 241 241 242 259 278 297 319 351 382 406 427 447 473 499 524 562
539 537 554 595 648 700 766 797 755 704 648 589 547 581 672 812 900 951 990 998 948 846 804 809 832 889 941 879 798 742 726 785 839 878 916 949 929 894 857 812 779 756 741 723 701 671 646 632 638 654 681 711 724 712 675 621 560 497 427 352 295 287 322 375 437 499 527 551 581 581 563 543 554 562 544 510 448 408 360 309 270 249 241 241 241 241 242 244 254 265 279 303 340 388 412 435 461 492 516 563
548 527 522 541 585 640 716 775 761 704 637 574 530 579 670 806 898 947 963 952 930 869 799 776 801 839 882 863 786 719 701 751 799 834 862 908 950 927 883 841 807 785 760 745 721 685 648 612 590 603 627 660 708 720 685 646 602 537 460 374 305 281 313 369 432 491 506 521 554 565 547 521 549 571 572 567 526 504 467 421 372 307 259 243 241 242 246 245 251 256 259 267 307 358 387 415 440 460 485 526
569 535 519 512 539 581 658 751 755 695 617 547 517 576 655 766 829 876 912 890 876 847 782 748 763 791 823 825 775 702 679 731 779 808 852 898 948 941 913 877 850 817 791 771 731 673 637 603 571 575 599 639 698 720 695 662 615 548 456 372 314 280 297 346 402 455 460 467 487 473 451 460 485 502 518 535 529 524 516 495 460 387 315 274 252 248 246 244 249 253 256 253 276 318 355 384 408 429 455 496
605 562 533 511 510 534 589 694 729 662 577 505 510 568 641 736 791 805 846 834 819 837 781 734 723 748 779 760 709 671 655 711 762 791 837 892 938 910 911 932 909 875 850 812 741 675 636 586 552 567 601 646 702 720 717 666 611 560 480 393 325 289 276 308 342 373 376 402 399 376 374 385 397 417 438 457 472 484 500 507 498 449 383 336 298 259 251 248 246 254 252 249 252 285 322 349 379 404 433 474
679 622 571 533 508 502 534 610 660 602 527 470 494 540 601 676 728 726 769 778 776 794 773 732 688 702 742 727 673 636 652 722 766 792 849 888 881 852 843 875 913 899 829 754 703 660 622 575 539 561 616 663 689 696 686 649 606 565 508 428 351 300 272 269 281 291 298 303 301 302 308 317 327 346 368 394 417 437 460 478 494 483 450 411 366 311 269 256 252 246 245 248 247 259 296 319 353 383 417 448
749 706 633 559 514 477 502 520 534 518 478 438 449 492 523 528 575 605 670 721 735 727 708 691 668 650 697 679 641 613 654 727 745 776 838 831 795 772 765 811 864 827 755 689 635 597 569 541 512 544 601 606 600 614 622 619 618 587 538 460 369 303 274 259 255 257 256 257 256 257 260 264 270 285 308 334 360 387 413 435 459 477 481 469 435 403 345 289 258 252 243 244 242 239 265 298 323 353 385 419
677 658 607 547 493 465 457 473 466 459 435 402 395 412 423 429 443 476 525 597 642 661 670 655 629 607 653 643 609 589 636 692 717 754 797 748 702 683 693 742 780 776 724 660 597 551 519 498 486 515 499 502 521 519 523 548 582 589 539 458 383 319 279 257 258 259 258 256 255 253 254 253 251 253 264 283 305 334 362 392 419 446 470 483 480 458 422 370 309 260 245 239 237 235 241 275 295 321 348 372
501 484 483 473 443 421 427 438 435 423 407 382 362 359 360 359 368 385 414 457 520 557 577 616 606 591 570 592 567 588 637 671 694 724 733 696 656 635 638 677 695 687 661 625 562 515 471 446 455 430 402 410 429 439 442 468 504 552 544 478 403 339 292 264 258 262 261 259 257 255 254 253 251 249 254 259 272 295 324 354 382 413 445 473 497 506 483 435 383 313 254 238 237 240 238 258 275 293 318 335
396 387 384 393 402 394 412 447 453 415 382 359 340 333 329 327 326 330 338 363 399 429 460 496 519 555 529 510 529 614 659 673 663 651 673 669 629 592 582 604 608 591 555 522 497 487 453 415 421 390 359 358 384 377 362 380 434 495 531 517 442 355 315 280 259 263 262 261 260 259 257 256 256 251 250 251 258 265 293 321 350 381 422 455 490 513 521 494 441 386 295 249 245 244 236 246 264 270 286 306
330 329 330 335 353 369 377 421 458 431 372 338 324 324 322 322 319 318 317 318 327 342 367 392 421 478 506 473 548 637 670 651 621 593 557 578 594 556 486 489 506 509 465 423 381 364 363 351 344 329 297 295 299 303 304 305 370 435 468 486 477 366 307 275 262 268 267 269 271 279 282 276 262 259 255 255 250 247 262 293 323 357 399 440 476 518 545 553 487 437 342 280 246 240 232 239 250 262 268 284
325 324 324 324 326 337 345 358 380 396 384 343 320 318 318 318 317 316 316 317 316 319 320 323 339 376 427 434 489 522 574 588 563 531 462 456 479 477 401 380 385 398 382 346 317 297 296 295 294 296 308 326 321 352 360 314 306 353 381 379 402 370 317 281 267 276 278 300 310 337 353 364 334 300 283 265 255 252 246 262 298 339 374 409 457 503 533 547 522 466 399 315 259 235 231 232 238 247 261 265
331 331 330 327 325 325 326 326 328 333 339 327 318 318 318 319 323 324 325 327 328 345 355 324 316 319 334 353 380 420 457 478 458 430 378 368 365 360 337 320 307 305 301 299 299 299 297 300 304 316 332 355 386 400 404 352 288 290 300 311 303 296 292 277 293 308 298 325 343 374 402 426 450 385 336 300 275 263 256 246 263 304 350 392 434 471 494 511 504 462 424 370 293 237 231 231 233 234 251 251
397 394 392 377 363 358 344 326 322 324 326 321 329 338 343 356 369 389 398 399 367 361 353 337 324 320 320 318 325 343 373 413 420 367 340 326 313 308 304 304 304 305 305 310 311 312 318 340 362 372 390 426 468 456 422 386 322 290 282 282 281 290 304 332 366 382 367 374 384 386 431 454 479 436 408 366 314 291 274 257 244 272 316 361 408 428 438 450 446 447 400 386 337 264 234 231 230 228 229 232
535 520 512 489 455 434 410 375 343 337 338 343 379 414 437 454 459 464 468 465 427 415 396 366 349 342 353 340 324 318 322 331 348 345 330 321 312 310 321 327 332 335 335 338 347 361 388 421 450 451 472 515 573 530 456 410 369 335 325 330 348 370 390 416 441 440 422 419 426 408 434 464 480 447 428 403 373 322 295 269 253 250 290 322 357 378 397 380 394 369 336 322 297 279 246 230 228 228 229 229
675 653 642 628 575 529 491 451 416 392 392 430 474 517 546 553 560 548 545 547 548 505 452 415 398 380 370 372 362 353 332 328 325 323 316 314 312 331 341 367 377 388 397 408 431 464 487 518 544 561 563 556 594 595 520 491 461 438 436 425 438 456 475 497 507 495 476 459 458 453 432 456 470 464 454 436 405 373 330 289 262 244 274 299 313 329 328 320 316 299 294 276 272 257 240 230 229 230 229 228
767 780 767 749 701 631 578 532 489 441 466 512 565 625 645 652 641 630 622 627 632 574 530 503 489 467 452 440 430 413 372 360 343 337 333 329 356 386 414 441 461 493 500 523 553 580 600 635 648 652 635 633 632 628 635 634 590 560 556 542 546 558 573 588 569 552 531 502 483 476 458 466 471 473 473 460 440 411 372 324 288 248 265 278 281 285 281 275 274 264 263 251 244 234 232 229 231 230 229 228
823 851 852 821 767 691 626 571 517 466 505 568 631 683 724 737 697 696 699 712 735 694 635 598 589 574 558 525 490 453 420 392 378 363 369 399 445 481 509 517 556 605 635 665 672 705 751 778 769 750 722 706 690 709 752 789 723 684 679 693 688 669 681 687 644 610 565 531 505 484 484 486 484 482 483 482 474 452 415 369 318 270 246 247 249 250 250 254 253 250 249 239 235 234 233 234 233 231 229 229
860 855 806 749 699 649 603 572 542 507 562 576 642 719 755 771 752 762 776 796 821 799 731 709 704 699 684 646 586 515 466 429 440 457 472 492 535 591 600 602 626 682 734 755 764 806 863 917 898 839 788 752 754 779 831 890 869 833 799 801 795 760 752 722 667 615 581 552 514 518 515 511 510 509 501 505 508 499 472 423 372 317 272 252 243 239 239 239 238 236 234 233 233 236 254 252 248 240 237 231
863 812 751 707 678 663 648 634 604 548 617 637 645 737 789 813 818 822 845 871 898 893 843 807 786 749 700 654 605 552 503 461 489 558 585 597 640 689 679 674 691 739 807 839 858 907 936 922 884 843 814 807 814 837 880 926 938 887 804 777 761 731 706 674 639 608 580 555 549 548 544 541 538 537 540 544 547 541 535 507 439 385 332 289 268 247 237 236 236 237 239 246 255 260 265 266 265 260 256 246
819 780 748 745 763 764 741 703 641 585 670 687 667 743 825 875 891 903 919 949 951 922 886 828 776 736 688 637 591 548 505 505 507 541 602 653 718 757 743 739 744 778 844 919 965 990 971 931 901 872 857 860 882 903 909 928 916 847 779 742 720 697 674 646 620 594 583 582 581 583 577 569 560 554 557 564 568 562 551 535 493 438 395 351 310 274 248 243 242 245 253 272 283 283 289 286 288 286 285 282
799 791 816 854 891 890 828 726 644 627 720 754 724 725 800 911 968 979 958 952 928 902 871 838 808 780 726 659 610 561 532 566 592 582 587 604 667 764 793 791 795 810 865 951 1034 1061 1022 994 969 928 921 917 949 951 916 882 833 785 747 722 706 681 652 628 616 615 618 618 618 614 599 580 565 560 565 568 568 562 557 545 505 437 397 364 332 297 265 261 260 273 289 308 321 326 332 330 331 337 344 354
821 847 881 920 948 932 828 726 648 672 764 821 824 810 808 914 1007 1034 992 973 942 909 875 835 799 761 705 656 616 569 584 634 673 682 668 658 651 734 821 850 846 854 896 964 1047 1096 1073 1068 1044 1011 981 974 1006 1003 932 864 790 738 719 705 685 661 648 644 651 659 665 667 661 643 611 579 558 551 554 555 552 546 537 512 472 425 386 359 328 298 276 286 303 322 329 347 366 378 385 389 396 413 433 453
852 881 911 945 959 884 789 720 666 713 777 853 888 877 850 930 1014 1058 1048 1034 1001 907 820 786 755 723 684 644 617 626 635 689 743 750 732 708 677 724 798 851 880 900 939 984 1032 1066 1083 1102 1082 1058 1018 992 992 946 881 811 759 719 698 684 679 679 684 692 699 708 715 716 711 676 625 589 564 547 538 536 533 521 502 472 436 409 378 354 319 299 312 336 352 367 383 398 416 431 440 453 466 485 509 547
859 882 910 937 947 857 773 700 711 782 799 844 920 937 923 976 1055 1118 1104 1052 998 871 793 765 735 708 691 683 685 699 685 723 794 796 776 747 715 720 764 799 827 861 906 958 1004 1029 1032 1062 1073 1040 968 914 873 815 780 742 718 717 724 725 721 724 728 732 736 749 764 765 744 695 642 603 575 552 533 522 517 502 480 454 423 397 370 338 315 329 362 393 425 448 464 476 485 486 490 497 508 529 552 580
843 853 871 909 904 830 760 713 763 845 870 863 931 988 1004 1048 1102 1144 1075 1007 958 846 793 764 752 752 751 756 756 755 737 741 828 845 816 785 761 753 749 773 808 839 870 915 970 995 993 1000 1007 978 901 826 789 755 743 745 757 774 782 774 763 767 764 759 760 780 799 797 768 716 665 616 584 554 525 507 491 478 461 435 407 379 353 327 335 369 408 447 483 514 538 553 556 550 544 540 547 556 579 598
817 815 820 841 838 795 752 760 821 891 938 941 971 1028 1048 1053 1079 1101 1013 961 918 842 792 791 816 840 846 848 822 818 803 781 834 895 867 840 819 810 793 800 849 882 905 924 972 980 958 943 926 897 837 791 777 771 781 801 828 853 855 817 805 821 809 788 783 803 813 802 772 734 686 637 600 562 529 503 482 461 445 422 400 377 353 338 361 396 435 471 506 534 555 571 580 589 588 583 584 577 577 582
781 778 776 773 767 768 782 832 892 949 992 1017 1032 1029 985 969 989 1047 983 921 897 847 814 851 918 957 947 916 905 891 859 822 835 933 936 909 881 858 832 830 898 936 937 946 978 976 940 900 873 845 826 816 813 830 861 889 915 918 896 861 848 839 827 800 797 812 811 789 764 741 703 654 606 567 532 506 482 464 445 424 403 384 372 352 388 426 459 487 514 537 549 559 572 591 600 601 609 609 575 553
745 743 738 727 742 788 847 905 951 994 1026 1044 1026 963 921 912 935 1001 987 936 952 907 859 903 992 1033 998 982 985 949 889 844 857 947 986 983 946 894 856 857 927 989 987 981 1002 1014 991 941 914 898 886 875 891 949 972 956 937 920 902 886 860 827 815 799 784 793 786 766 748 730 696 652 602 561 530 506 492 487 470 448 427 401 391 364 412 454 489 511 522 531 531 537 549 569 578 575 573 567 548 528
717 718 712 719 766 841 911 959 977 991 992 994 966 908 871 866 896 960 986 1014 1031 957 900 941 1027 1062 1036 1035 1034 973 902 864 904 955 1012 1031 964 914 885 894 972 1062 1054 1030 1042 1059 1061 1041 1005 973 933 916 954 1001 989 930 880 855 861 866 864 823 802 783 751 743 736 721 709 697 672 635 594 564 550 530 507 492 474 458 434 413 401 382 431 476 522 571 568 552 537 528 530 543 551 553 546 533 520 508
690 694 697 732 798 884 943 974 963 934 913 928 913 864 840 833 862 911 943 993 1016 954 937 977 1037 1074 1056 1035 1019 956 900 910 972 991 1033 1047 973 941 926 937 1012 1112 1125 1083 1082 1107 1126 1112 1054 979 933 924 958 987 954 881 839 818 815 831 844 809 776 754 726 712 702 690 672 662 642 618 599 580 571 549 514 478 454 442 435 437 415 384 438 493 543 599 634 598 568 544 530 519 518 520 517 511 500 492
673 677 698 739 797 868 930 953 928 887 867 888 903 859 826 809 818 846 881 939 981 982 994 1011 1047 1068 1034 1000 968 931 913 966 1034 1054 1074 1080 1016 988 980 993 1050 1128 1162 1110 1083 1107 1134 1094 1018 958 914 898 924 952 931 863 817 793 788 823 849 817 778 739 718 707 695 678 656 643 640 636 613 597 581 553 526 488 468 448 448 461 424 391 447 504 548 592 634 627 613 601 560 526 510 500 496 496 492 492
658 667 697 737 779 834 897 925 902 863 836 851 875 845 812 788 787 805 851 923 986 1031 1049 1050 1074 1080 1018 980 955 943 951 1001 1061 1103 1122 1123 1107 1085 1064 1070 1102 1128 1112 1056 1030 1063 1076 1046 998 943 893 863 890 914 904 853 802 771 771 821 865 841 787 734 726 720 706 688 664 664 681 665 630 597 572 549 538 522 490 469 448 446 428 399 458 505 541 564 584 606 638 663 638 582 544 514 501 502 506 513
646 666 695 730 770 817 873 897 877 840 811 814 823 810 788 771 768 797 863 940 993 1034 1071 1092 1079 1060 1017 992 970 978 992 1032 1083 1120 1115 1108 1122 1114 1098 1113 1110 1063 1037 1003 983 991 995 989 960 907 865 836 860 896 877 838 789 751 755 805 860 844 797 764 782 773 740 705 688 690 705 676 631 589 570 566 559 547 522 486 451 433 414 405 461 495 516 533 548 574 613 659 682 649 603 559 534 528 532 538
642 663 690 722 760 805 850 870 850 814 783 778 789 776 760 750 756 805 885 932 957 987 1023 1054 1025 981 969 988 1006 1005 1013 1056 1098 1109 1079 1074 1076 1050 1039 1064 1059 1029 976 954 946 939 915 905 892 861 831 813 851 878 853 810 769 742 733 764 834 835 826 815 810 805 770 737 720 720 741 674 620 588 583 593 588 578 551 513 469 430 400 418 450 486 513 531 546 562 590 635 674 665 625 593 565 557 564 576
639 663 687 714 746 788 828 840 828 794 758 746 750 746 733 726 759 823 874 893 906 938 964 994 975 934 919 937 995 979 976 1018 1075 1075 1042 1046 1031 991 982 988 1022 1011 955 908 919 915 864 838 835 829 803 789 842 852 818 779 757 741 728 724 765 797 823 810 789 809 791 778 749 750 759 691 623 593 599 612 605 584 558 518 459 413 413 415 438 484 520 539 555 569 590 625 664 657 616 602 590 596 620 629
637 660 680 705 735 771 804 817 814 787 742 718 717 714 701 717 767 830 843 844 864 892 906 931 941 903 881 895 929 925 929 957 1021 1029 1008 1015 1010 957 930 938 978 995 920 881 898 911 867 815 794 782 769 761 802 822 789 754 736 728 718 709 708 739 779 768 761 793 795 775 757 742 750 701 646 609 601 616 606 572 541 495 444 439 417 414 433 468 508 543 569 587 605 635 669 678 624 606 614 635 662 658
634 653 671 693 723 759 789 803 797 773 735 702 693 684 687 714 763 811 810 806 819 844 856 874 901 880 850 849 861 878 887 926 990 1004 969 961 950 918 881 892 927 943 887 856 866 895 875 825 790 765 746 729 748 765 752 722 711 703 697 692 688 714 741 730 731 764 754 725 713 710 719 704 662 619 591 598 575 540 503 462 476 481 436 419 430 456 492 538 586 615 639 656 679 689 648 631 634 650 668 651
628 642 662 687 714 746 775 786 773 747 717 684 674 662 677 712 764 807 794 776 779 792 808 829 862 858 830 814 812 827 855 913 965 982 947 908 891 851 833 857 885 900 866 837 836 862 870 836 783 739 712 695 691 698 689 676 668 663 660 658 660 673 686 692 695 729 729 685 666 669 689 694 673 617 579 558 531 496 469 478 521 493 449 424 432 459 492 530 579 613 641 667 688 681 669 653 660 666 659 620
611 630 653 676 705 734 758 762 742 715 687 662 653 648 678 730 785 831 810 771 755 752 761 780 814 826 809 791 785 802 852 888 928 958 926 879 831 793 825 862 866 869 855 823 802 810 807 756 712 687 671 662 657 655 648 642 635 634 629 629 632 636 638 639 639 655 666 641 625 630 641 652 656 598 555 525 496 477 499 510 520 499 475 442 440 462 497 531 561 606 667 668 678 698 703 687 687 700 688 641
601 624 646 664 691 719 735 734 717 687 658 635 625 654 693 753 805 854 836 787 755 736 731 738 761 775 775 766 771 806 831 831 868 928 903 859 790 766 830 879 874 866 863 813 769 734 714 692 681 680 683 684 670 641 629 623 619 616 618 616 617 610 607 607 595 584 582 580 577 589 595 595 590 575 536 504 484 527 555 535 547 542 532 472 453 477 495 532 570 596 645 682 699 708 700 704 721 748 710 661
608 631 647 659 680 708 718 713 694 663 637 608 628 660 712 774 825 858 855 807 761 737 718 712 719 729 737 738 756 802 782 783 822 868 844 810 763 740 782 848 864 856 841 806 751 719 707 713 723 736 736 707 675 642 628 628 633 626 628 622 614 607 599 594 594 606 597 586 574 563 554 550 539 526 508 492 490 554 585 593 602 608 582 508 470 476 493 528 568 587 616 656 708 716 704 715 741 771 746 697
607 631 647 666 690 713 711 695 670 640 615 592 619 665 729 805 855 869 856 817 773 745 715 702 697 702 709 714 735 761 747 749 773 802 795 759 730 716 746 789 820 837 815 778 766 764 773 785 791 796 776 714 675 640 648 661 667 669 666 658 646 638 630 618 617 627 629 629 627 620 592 559 536 519 509 503 523 566 623 668 665 681 634 556 496 473 489 513 547 583 616 639 680 689 691 706 735 746 743 739
590 620 648 681 712 726 709 678 642 614 582 587 612 665 732 805 860 885 876 836 792 766 733 709 694 687 688 694 711 722 715 718 730 758 761 725 700 701 727 754 788 815 812 820 824 832 838 838 823 796 748 686 653 670 702 725 731 723 719 705 690 679 671 668 664 666 666 666 673 656 628 581 550 532 520 516 540 569 631 681 691 689 644 600 569 505 481 503 534 586 602 621 642 656 673 681 702 720 756 790
582 617 655 694 723 730 706 656 618 589 562 581 604 659 720 788 848 896 898 872 839 806 770 741 709 683 676 676 687 690 686 691 699 715 726 701 676 721 778 762 769 806 852 864 846 837 832 812 774 725 681 661 689 733 777 793 791 787 773 770 759 747 738 732 732 732 729 728 722 686 643 606 570 548 534 524 536 568 605 644 658 655 633 616 601 539 485 497 522 553 581 599 623 640 659 687 715 723 788 820
583 618 655 692 720 728 698 637 591 560 553 574 613 675 735 790 838 894 921 903 881 857 815 776 733 699 673 657 661 662 657 662 670 677 695 680 660 734 824 813 818 842 866 860 827 798 775 743 709 680 679 708 751 796 823 840 852 857 857 853 853 854 847 833 826 832 826 810 778 728 691 654 610 564 540 523 529 560 591 622 632 623 608 585 555 518 497 496 515 532 558 594 637 669 690 729 763 760 790 820
578 614 651 680 706 713 687 618 567 535 546 577 631 696 752 787 806 861 910 923 903 888 843 805 774 734 693 660 641 642 635 631 636 643 650 645 642 702 815 872 896 887 867 830 787 753 726 699 684 702 748 776 808 848 880 900 925 953 971 977 979 981 979 973 950 934 912 875 817 767 715 678 638 578 533 511 524 552 579 605 614 607 596 568 529 516 520 503 523 537 563 601 644 693 726 765 800 793 771 787
560 601 644 670 672 674 646 593 546 522 540 575 627 684 726 754 784 829 884 919 914 899 868 842 815 777 729 676 647 628 615 607 612 616 617 619 649 710 802 868 918 906 854 807 755 721 704 690 708 742 779 810 852 906 950 979 1023 1069 1107 1111 1092 1072 1060 1046 1018 990 929 874 825 780 731 675 630 563 516 504 518 542 569 590 605 607 596 570 533 518 518 510 516 539 581 621 673 714 729 749 762 748 742 768
530 576 621 664 652 627 600 552 520 511 540 574 613 656 692 727 769 818 861 899 898 901 898 882 843 807 759 707 661 631 618 600 584 593 598 637 680 720 773 829 893 893 849 805 743 729 708 702 719 739 770 825 879 955 1016 1070 1144 1178 1162 1119 1066 1057 1053 1009 973 928 854 803 777 752 703 646 602 557 510 495 508 529 560 578 585 592 586 561 538 519 508 503 506 528 582 633 674 690 692 722 745 719 727 768
483 541 584 622 635 604 563 520 498 506 538 572 607 647 688 725 766 814 851 869 857 883 900 884 847 813 767 714 671 643 625 610 584 568 619 671 687 696 750 813 872 871 843 810 788 765 718 712 715 729 759 829 899 983 1069 1120 1146 1124 1083 1025 964 966 969 936 900 857 800 758 725 694 663 619 578 544 519 496 496 516 543 566 568 568 554 546 546 530 511 500 500 520 573 625 653 656 669 702 717 713 729 751
452 494 541 580 596 587 538 501 484 504 537 569 608 657 710 748 769 809 836 826 823 838 865 863 846 815 778 736 693 665 638 610 572 555 605 657 658 673 741 807 837 820 807 801 807 777 729 703 688 706 743 826 910 984 1033 1026 1013 996 964 917 881 898 904 879 835 805 773 736 693 640 606 583 556 541 519 505 487 503 526 556 561 553 538 535 531 515 503 499 500 520 552 598 623 626 657 696 714 713 744 752
473 448 496 532 546 544 524 497 475 493 522 559 598 649 707 734 762 791 812 796 788 796 820 837 846 837 803 758 711 678 643 613 569 533 581 627 632 657 721 779 785 780 763 753 776 771 723 685 665 692 743 810 881 916 926 905 880 863 852 829 819 820 831 831 810 790 752 712 666 621 583 558 537 527 513 501 484 491 514 541 555 543 529 524 508 506 505 499 503 520 526 571 596 604 648 692 714 705 724 719
479 465 441 485 502 497 491 484 469 479 508 542 577 620 670 704 735 774 777 770 756 765 782 804 830 839 805 749 705 674 645 621 588 532 534 582 601 649 717 761 745 752 733 723 739 730 693 652 645 671 717 768 793 796 803 794 770 766 767 762 760 755 775 792 809 781 751 728 697 659 606 568 541 515 503 491 475 493 505 521 536 531 519 523 508 517 514 509 501 498 504 539 560 591 637 681 703 686 688 670
467 474 453 433 465 472 466 457 450 466 492 520 553 584 621 660 702 743 756 743 736 735 755 779 807 823 796 745 713 688 666 632 593 554 505 537 579 641 724 742 721 725 704 684 689 678 645 623 622 639 663 696 722 726 719 711 687 689 697 698 690 682 696 712 725 732 721 729 680 631 590 563 527 511 490 477 469 495 506 506 511 507 508 509 508 509 510 509 504 484 490 510 536 578 628 669 691 679 654 641
451 462 463 442 422 437 437 438 434 456 477 498 524 554 587 633 688 742 746 713 702 705 730 758 800 825 806 758 738 713 685 643 593 562 502 504 564 634 716 695 698 710 673 639 633 619 592 588 595 608 625 645 652 658 697 671 635 633 636 642 636 622 618 618 615 620 622 608 578 551 537 524 499 483 473 466 462 473 486 492 493 491 492 500 508 498 503 506 488 469 476 495 528 565 605 645 677 686 662 620
440 458 455 440 419 406 409 410 425 442 462 478 497 527 566 620 683 741 738 695 661 670 699 732 775 788 776 744 721 699 657 625 586 561 520 478 552 630 686 654 667 669 628 600 590 570 547 550 563 584 600 591 594 619 652 651 619 593 585 601 590 567 553 549 548 552 548 534 525 510 502 495 484 458 449 444 443 453 456 458 471 475 469 473 488 493 490 487 473 459 465 486 511 544 579 612 640 658 651 608
422 446 456 443 420 401 393 394 410 426 440 455 470 494 534 586 662 725 711 656 618 623 657 690 717 729 734 702 674 651 619 591 564 548 518 467 538 598 639 637 632 624 578 550 542 514 506 518 540 570 572 572 581 604 609 611 592 566 552 548 537 522 509 501 492 488 486 485 479 475 478 474 465 453 445 433 426 432 435 434 440 460 461 455 462 479 486 473 462 449 462 472 486 513 551 578 599 613 607 582
403 422 439 439 431 410 388 380 388 404 416 431 443 461 490 533 592 647 650 606 575 583 614 641 650 671 692 685 663 632 595 567 535 520 500 460 520 564 616 620 599 566 528 494 486 468 465 498 524 549 546 556 592 603 611 623 595 552 528 521 513 508 495 487 488 486 486 481 481 486 485 481 482 485 475 459 438 425 419 417 418 422 441 445 441 452 457 453 447 434 450 461 460 481 515 540 556 566 561 546
383 399 412 419 421 416 398 375 371 381 390 406 414 434 447 480 517 554 582 555 536 546 570 583 590 611 649 677 675 639 584 551 522 491 470 451 496 537 591 588 543 506 472 432 424 424 434 470 511 525 534 550 569 577 601 618 611 572 525 527 511 492 499 519 532 532 525 508 510 513 505 511 519 517 516 500 480 463 442 427 417 412 413 416 425 433 438 441 436 427 424 450 449 446 470 507 514 516 512 555
367 378 387 395 404 409 404 378 364 366 371 378 388 396 414 433 465 489 505 506 497 503 519 530 532 550 591 623 646 622 571 525 509 490 448 435 467 498 555 553 468 440 419 389 378 393 414 453 492 505 522 542 564 571 577 554 527 530 521 497 481 501 534 543 567 592 576 576 583 567 538 531 528 520 516 506 495 482 457 431 424 423 418 413 411 410 414 418 415 408 404 427 440 426 424 461 467 479 531 565
349 361 361 369 379 386 392 379 358 356 356 356 361 369 379 394 414 432 443 440 434 446 459 471 471 475 518 545 581 586 523 514 527 506 471 407 428 463 487 459 418 386 379 367 362 381 407 447 460 502 508 524 538 528 513 493 495 496 502 475 490 524 556 572 584 590 601 608 604 592 567 534 521 522 520 516 506 485 463 446 449 444 441 426 402 399 397 389 387 386 381 394 403 404 399 412 438 486 545 564
341 344 345 349 356 362 362 359 352 348 347 345 344 345 351 359 366 375 383 383 380 382 396 406 403 404 424 451 466 495 479 474 514 521 492 419 386 431 437 396 376 362 363 359 347 361 384 413 422 458 475 494 487 491 457 463 468 470 481 473 509 549 581 571 564 556 554 567 580 562 536 517 515 514 510 506 503 487 473 482 491 487 475 447 420 392 376 366 357 357 353 361 370 372 373 376 411 453 501 503
341 341 341 341 342 345 345 344 344 343 341 341 341 341 341 342 343 343 344 345 345 345 348 351 353 351 354 362 369 381 392 404 435 462 456 394 362 385 397 370 350 342 340 339 339 346 363 374 383 397 424 443 440 439 429 434 443 460 474 486 532 573 569 546 517 488 488 496 499 490 494 497 499 504 504 501 490 483 488 513 524 516 508 483 440 418 385 354 331 335 333 333 347 350 347 350 377 407 425 440
341 341 341 341 341 341 341 341 341 341 341 341 341 341 341 341 341 341 341 341 341 341 341 341 341 341 341 341 341 343 351 353 363 393 404 373 350 346 350 339 336 335 335 334 335 335 337 343 345 349 369 385 388 391 412 423 423 444 456 496 553 560 538 498 462 446 438 436 444 447 457 470 476 484 490 496 494 499 515 526 537 539 527 489 442 405 370 344 322 326 335 326 320 327 333 333 334 361 382 393
341 341 341 341 341 341 341 341 341 341 341 341 341 341 341 341 341 341 341 341 341 341 341 341 341 341 341 341 341 342 346 347 346 351 356 349 343 342 340 337 336 335 334 333 333 334 334 334 334 336 341 354 357 367 406 419 419 422 443 507 521 507 468 446 433 421 411 398 403 410 421 432 442 454 462 467 484 498 519 536 545 534 498 443 412 374 346 328 314 312 322 322 313 308 312 320 317 316 345 360
341 341 341 341 341 341 341 341 341 341 341 341 341 341 341 341 341 341 341 341 341 341 341 341 341 341 341 341 341 344 345 345 344 343 343 342 340 339 337 337 336 335 334 333 334 333 333 333 333 333 333 334 341 353 399 403 406 417 448 465 477 458 429 417 409 404 394 369 368 374 385 394 407 420 430 436 450 467 484 506 513 492 445 402 374 353 332 321 313 304 307 310 305 302 302 301 308 307 313 332
341 341 341 341 341 341 341 341 341 341 341 341 341 341 341 341 341 341 341 341 341 341 341 341 341 341 341 341 341 341 344 345 345 343 342 341 339 338 337 337 336 335 335 335 334 333 333 333 333 333 333 333 333 338 377 380 385 404 436 424 421 431 407 396 390 396 377 353 348 356 360 371 377 386 393 400 411 426 436 448 450 437 399 369 348 339 332 321 313 300 291 295 295 294 298 294 290 292 296 307
341 341 341 341 341 341 341 341 341 341 341 341 341 341 341 341 341 341 341 341 341 341 341 341 341 341 341 341 341 342 341 345 344 343 342 341 339 338 345 341 337 336 335 333 333 333 333 333 333 333 333 333 333 334 345 344 342 384 387 382 389 381 377 380 380 375 366 356 337 345 346 342 350 363 367 367 375 381 390 392 388 381 368 344 320 317 320 320 317 301 287 286 285 281 283 288 283 284 284 293
341 341 341 341 341 341 341 341 341 341 341 341 341 341 341 341 341 341 341 341 341 341 341 341 341 341 341 341 342 344 344 341 341 341 340 339 339 352 369 362 352 344 344 351 350 341 339 333 334 334 334 333 333 342 357 346 345 347 344 357 361 356 359 365 366 365 359 355 345 331 333 323 324 331 338 341 347 347 353 352 351 347 337 317 303 297 295 296 294 288 282 279 279 279 279 279 280 280 279 280
359 350 343 341 341 343 343 342 342 341 341 341 341 341 341 341 341 341 341 341 341 341 342 347 355 359 365 366 369 365 361 357 362 376 404 377 374 383 392 398 392 392 409 440 458 415 371 339 343 346 345 336 333 342 362 368 391 379 342 340 352 350 357 354 342 341 337 335 328 317 314 316 313 310 308 313 320 322 324 320 314 313 305 292 286 284 281 279 279 279 279 279 279 279 279 279 279 279 279 279
390 383 367 358 352 348 351 354 360 359 357 354 353 350 343 342 341 341 343 344 348 362 383 406 438 453 446 466 451 430 418 417 434 462 528 502 455 449 446 458 453 446 470 521 529 486 428 389 360 354 352 345 337 347 370 383 398 381 358 339 337 333 330 323 322 320 321 323 310 304 301 302 302 297 296 299 303 299 296 292 288 284 282 281 281 281 280 281 282 286 288 288 288 280 279 279 279 279 279 279
424 413 400 385 364 359 360 376 388 393 391 389 384 374 361 352 350 350 360 366 378 401 429 477 526 533 530 546 534 497 488 486 500 530 614 618 530 502 507 516 507 489 512 548 549 502 454 398 361 358 357 349 338 359 378 390 394 378 375 370 370 360 345 325 325 328 315 308 307 305 298 295 293 293 292 290 290 290 289 288 287 288 287 291 291 294 300 311 319 323 326 325 334 317 296 280 279 279 279 279
462 442 425 410 386 373 372 389 415 435 425 418 418 407 396 376 369 363 375 393 411 435 479 534 596 607 616 613 604 563 542 538 547 575 634 649 586 563 570 576 558 541 548 578 592 539 478 407 373 367 362 347 340 367 389 390 386 374 380 384 399 392 368 332 329 330 328 330 321 318 303 297 295 294 292 293 293 291 290 292 291 302 310 323 332 343 355 368 372 370 372 375 365 358 334 315 297 286 280 279
485 465 445 428 405 388 381 398 427 460 461 458 453 440 419 399 385 378 393 413 442 472 529 585 645 661 678 674 674 628 579 564 576 605 656 676 630 622 620 620 598 592 586 611 624 578 506 428 403 382 368 349 343 362 387 398 391 376 380 385 389 390 362 339 329 325 331 341 322 309 299 297 299 298 299 303 306 311 310 314 321 333 352 367 382 392 401 410 417 415 408 405 399 403 400 362 336 313 296 289
488 478 459 433 420 399 395 406 436 466 491 498 479 453 431 405 394 399 416 439 475 513 565 629 682 694 716 722 718 667 617 592 604 630 670 699 662 660 663 653 639 644 631 648 659 603 553 475 432 407 384 358 348 373 399 421 405 383 379 378 378 378 349 340 335 332 323 317 306 300 301 305 312 314 316 319 324 334 338 347 359 369 388 404 422 436 446 463 466 454 448 441 436 439 427 381 347 336 345 346
