# 100 100
287 289 298 321 349 367 367 339 338 354 332 302 280 263 276 260 276 287 292 298 304 320 342 363 384 406 386 356 367 390 405 412 451 497 459 418 395 364 332 306 297 280 268 265 280 297 326 351 395 456 469 473 515 528 524 492 457 429 406 389 378 377 369 355 346 350 357 365 371 385 396 402 413 422 418 415 420 429 438 441 442 431 415 404 394 382 380 429 494 498 483 544 554 553 554 551 534 511 498 501
268 286 315 329 364 370 357 303 311 351 319 270 252 246 257 281 296 311 325 333 345 363 375 387 399 427 459 435 413 387 375 398 445 494 510 481 470 428 366 315 284 275 265 263 281 313 352 402 473 520 519 511 529 542 538 533 545 533 503 479 451 411 378 351 336 344 352 364 378 405 424 423 427 432 437 432 430 437 443 449 448 438 423 412 406 396 382 400 453 501 500 543 575 573 561 551 540 523 503 493
296 323 358 351 356 348 347 281 283 304 297 251 253 277 285 305 338 352 348 356 355 356 365 379 398 427 463 484 478 458 426 410 412 459 475 414 414 442 390 318 287 279 266 259 275 297 330 382 468 520 525 528 526 513 512 533 549 552 539 518 494 446 370 339 342 363 366 364 378 407 439 454 453 449 456 466 452 447 452 457 455 447 436 428 421 408 397 388 421 455 464 505 572 582 579 562 543 532 521 513
340 345 358 345 329 284 260 229 228 231 234 232 265 280 290 304 319 321 311 327 342 364 372 382 401 416 432 444 456 463 462 459 444 447 473 413 348 391 401 344 289 283 279 258 269 280 305 347 410 476 510 523 529 505 496 540 539 538 531 521 478 441 380 334 340 364 376 388 387 395 415 442 477 485 490 503 490 476 467 466 462 456 449 442 434 421 407 395 410 430 450 475 533 575 583 581 575 558 546 538
361 344 341 298 251 217 229 255 274 284 271 247 241 261 277 289 295 285 310 334 349 360 363 366 378 382 362 374 401 416 428 447 475 488 481 436 350 332 344 347 301 275 277 263 262 274 299 329 365 456 497 511 520 506 466 518 526 510 475 463 421 378 348 319 334 360 383 412 417 399 410 429 468 493 502 501 497 495 494 481 472 467 460 454 446 435 420 403 414 453 482 491 518 552 560 570 574 575 572 566
349 303 288 219 214 243 289 320 333 353 350 311 255 242 250 258 260 267 285 304 310 317 322 321 316 322 356 376 372 375 390 413 461 463 421 369 344 316 299 296 290 271 260 261 252 268 284 303 331 394 475 506 486 446 405 451 466 434 404 361 351 321 312 330 352 358 384 404 419 412 408 437 465 485 498 497 492 490 492 494 486 476 469 463 459 446 431 412 412 441 466 489 519 553 558 557 555 558 567 571
320 258 238 207 248 292 334 351 351 378 403 379 303 274 260 269 288 308 304 299 309 307 311 321 330 327 341 381 410 407 434 438 475 465 416 381 348 332 330 321 302 274 258 249 252 268 281 295 313 357 426 486 488 419 351 355 360 331 313 297 304 319 339 377 369 379 380 393 412 421 414 439 460 474 481 485 484 488 495 499 495 485 478 470 467 459 444 424 416 441 490 518 527 554 559 561 562 556 547 547
259 218 202 227 269 297 305 292 298 342 382 396 352 319 291 280 294 313 333 339 348 359 374 391 387 365 331 369 416 448 466 486 494 493 481 449 382 410 415 391 362 314 268 245 252 265 279 288 301 327 365 409 455 423 327 304 290 284 286 320 353 365 365 389 393 397 401 400 413 425 419 434 445 454 461 468 475 485 496 498 499 497 494 488 478 472 464 449 432 427 470 500 516 533 549 547 549 548 546 542
198 194 195 204 215 238 241 278 310 329 348 359 361 343 319 309 322 337 358 380 389 386 381 408 388 370 331 345 400 429 451 464 454 442 483 493 479 474 451 418 396 349 286 244 247 262 273 278 292 304 326 355 378 358 300 276 272 286 324 387 436 449 428 403 413 413 417 418 418 426 427 430 440 449 458 466 477 492 504 512 516 519 527 518 494 485 489 478 453 438 440 461 487 516 535 538 540 538 534 531
188 219 250 254 235 227 221 239 292 309 313 308 315 314 315 322 334 343 356 382 406 421 391 400 353 305 305 325 371 396 393 367 363 389 448 487 495 489 439 377 364 355 315 254 239 252 261 269 279 286 295 292 301 286 266 275 287 306 361 442 485 482 472 446 428 434 436 432 431 444 440 442 444 454 465 479 509 526 521 523 533 544 544 538 524 515 512 512 485 469 452 461 485 509 527 537 540 541 541 538
185 231 304 339 332 317 286 233 236 263 265 247 253 264 294 308 317 311 333 362 386 397 375 374 321 272 312 333 346 353 316 342 364 368 378 418 440 443 427 351 320 321 329 285 239 243 252 259 269 271 269 263 263 257 261 281 307 315 333 402 453 455 454 448 448 448 457 444 443 451 463 457 455 467 477 484 504 526 541 542 554 562 556 553 549 547 538 529 518 508 472 489 513 532 534 540 544 537 535 540
187 247 304 341 361 366 360 319 264 240 251 294 310 284 264 272 283 291 318 343 370 369 307 295 310 249 281 301 298 295 325 383 402 355 311 326 346 347 406 390 320 298 311 307 245 238 243 252 258 261 256 248 251 253 269 308 332 336 339 356 382 390 427 453 452 454 459 461 453 454 471 480 467 463 483 492 501 526 541 553 569 560 552 557 557 548 531 523 517 509 497 476 521 527 526 529 546 539 528 520
193 240 268 286 302 325 370 401 361 321 317 340 371 350 312 284 284 285 324 358 386 378 302 243 275 240 244 256 289 320 348 359 372 363 319 273 283 342 387 394 359 301 284 282 257 232 234 243 245 245 243 246 252 265 301 342 365 357 356 353 380 430 442 460 463 463 467 470 471 465 468 484 488 476 478 488 498 527 559 555 559 548 543 549 547 535 518 511 513 504 495 478 505 516 513 515 543 546 525 517
198 208 221 230 248 283 334 376 398 394 382 382 400 388 371 339 316 288 298 344 377 335 240 211 217 222 250 282 301 307 306 304 300 288 281 270 254 292 321 343 352 334 283 263 252 233 236 242 238 243 250 255 261 276 318 377 418 389 365 368 382 446 469 465 464 468 475 481 484 479 471 476 482 496 495 492 499 514 543 556 550 539 532 534 530 518 504 504 514 506 495 486 490 501 503 502 513 533 531 513
232 259 274 289 284 280 315 351 378 395 395 385 384 383 382 366 351 318 276 303 356 280 203 213 213 206 227 243 254 246 236 229 220 217 218 219 227 247 266 285 296 301 293 262 240 239 244 246 245 243 257 263 268 286 314 369 445 415 374 394 425 427 443 455 468 481 488 489 487 488 478 468 476 497 513 508 505 506 519 541 545 542 537 532 523 512 507 503 510 516 506 495 491 492 493 494 498 512 528 528
272 279 304 324 328 332 341 378 391 385 366 352 367 362 355 341 342 341 303 263 310 265 202 224 266 234 209 206 209 209 212 226 245 257 262 248 222 225 241 254 263 258 236 237 244 252 257 257 255 249 249 267 273 292 315 366 443 428 386 405 455 474 466 475 482 482 478 478 478 482 477 465 465 480 500 513 510 503 504 518 539 550 551 551 544 533 518 510 496 496 494 496 500 495 496 495 497 505 521 529
264 263 266 298 327 354 364 369 356 343 312 336 355 345 317 322 335 348 335 270 250 245 199 238 275 266 234 251 249 255 275 300 324 344 348 324 279 237 224 225 227 234 249 254 260 266 272 275 270 258 248 264 274 286 310 379 454 452 399 440 481 491 472 470 478 483 471 463 460 463 458 461 461 464 477 497 509 504 499 495 517 536 547 551 557 547 527 515 494 474 476 490 511 518 521 518 513 508 513 528
197 222 222 268 300 322 335 343 325 289 302 331 321 304 316 333 328 317 284 240 206 201 200 233 252 260 247 246 272 293 297 309 322 336 357 370 357 307 257 242 249 265 272 270 273 277 280 287 286 277 260 253 276 284 302 360 427 456 440 484 506 514 488 476 473 464 460 458 458 454 445 448 455 454 457 466 486 499 496 491 489 512 529 530 545 542 532 514 491 469 467 481 511 528 536 539 534 525 514 516
155 165 169 190 225 256 257 280 290 259 306 322 283 291 333 329 285 224 198 194 198 215 234 232 272 298 300 279 268 280 284 291 297 306 326 344 354 346 288 270 296 299 312 303 305 295 292 301 308 299 281 259 271 283 295 330 376 442 507 511 520 522 493 487 488 479 471 466 470 474 454 442 444 444 445 449 454 470 483 485 481 477 508 505 514 527 529 515 483 470 462 457 479 504 524 540 544 539 530 519
155 156 155 157 165 180 194 228 244 230 258 292 268 274 301 295 231 189 215 240 245 269 286 263 256 294 311 313 306 295 289 292 298 308 324 343 349 353 323 294 338 351 361 346 331 310 306 314 332 319 294 273 263 281 293 318 371 445 505 521 510 499 488 493 500 496 497 499 496 484 464 452 438 432 436 441 443 447 465 469 468 460 482 487 485 503 519 510 487 478 472 461 454 462 489 525 535 539 541 534
156 156 156 156 157 158 164 178 200 210 203 230 227 244 237 219 190 201 247 316 332 336 355 332 283 285 288 299 312 321 314 308 306 312 319 333 345 352 350 319 365 418 412 367 347 328 320 326 336 328 306 283 264 281 292 311 372 452 507 507 495 487 488 495 509 520 522 520 506 485 465 447 433 424 427 434 435 430 436 446 447 447 455 463 470 476 495 503 502 491 485 471 456 443 444 473 510 531 536 530
161 157 158 159 162 158 158 161 170 182 191 198 199 195 188 191 213 242 241 322 378 372 359 355 334 346 320 312 339 340 334 342 333 324 329 337 345 352 360 358 384 438 451 403 359 351 343 340 341 325 303 278 267 282 291 307 373 453 506 510 506 497 494 508 517 524 531 524 511 495 467 438 424 421 422 427 425 422 422 427 434 437 447 460 464 465 465 473 482 490 489 473 459 443 436 444 468 516 541 541
192 173 161 161 187 181 161 158 160 169 178 187 182 181 202 241 285 301 268 311 345 324 328 345 363 395 372 339 348 358 352 378 386 360 352 355 362 372 380 385 405 453 496 445 407 404 387 360 333 311 294 271 274 288 295 311 365 450 507 527 517 501 504 534 539 533 533 529 525 516 488 454 435 426 420 417 417 416 414 421 426 430 450 476 474 463 461 461 466 473 477 463 453 440 440 450 451 463 524 548
238 208 180 164 182 218 191 165 159 167 169 172 170 188 220 243 275 295 296 303 305 310 343 371 380 399 368 333 336 349 365 392 432 427 399 388 390 406 408 407 423 468 510 503 468 421 383 345 319 301 280 272 286 295 301 318 383 453 509 526 510 498 506 529 546 540 534 534 538 537 531 514 479 452 432 419 409 409 409 415 417 425 440 464 476 472 464 460 460 464 464 454 441 431 436 442 440 438 485 530
237 218 193 175 166 197 233 203 167 162 169 167 166 171 187 223 248 264 271 273 274 306 345 369 365 353 327 324 335 356 393 439 487 507 480 453 454 457 447 431 444 503 523 504 448 393 350 327 311 298 277 286 295 304 310 322 370 458 513 525 509 504 511 530 544 546 545 544 542 531 519 510 498 474 451 426 410 401 403 408 413 419 430 441 459 472 477 483 478 464 450 438 432 435 427 426 433 431 458 500
259 262 223 191 175 177 223 253 197 166 163 162 163 165 169 190 221 229 235 234 270 302 346 361 319 302 317 332 353 383 426 478 557 569 552 542 549 532 513 473 468 516 513 472 409 363 335 317 298 284 282 298 306 319 326 336 377 469 523 530 520 512 510 514 522 535 545 551 555 545 522 507 500 482 455 432 414 403 397 401 410 416 422 427 435 465 484 484 477 470 462 450 443 444 438 412 420 434 448 470
293 281 234 193 184 174 204 261 250 201 168 161 161 162 163 165 181 193 202 214 252 280 317 325 281 302 330 336 348 364 392 457 557 562 552 552 559 550 546 541 518 508 474 416 371 338 315 297 304 307 290 304 341 357 357 355 375 447 515 529 526 528 530 521 518 525 534 545 559 559 547 527 508 483 460 439 422 402 395 394 404 410 415 420 425 435 456 477 468 455 447 444 449 439 434 418 402 420 442 457
296 235 215 207 197 185 190 224 226 239 214 183 171 165 163 163 172 182 191 204 227 247 260 263 267 292 315 324 344 375 417 484 564 560 541 525 533 524 522 534 515 491 455 394 351 325 305 307 333 342 310 306 353 404 422 395 398 418 487 532 528 532 550 553 542 532 532 536 549 564 551 532 511 489 461 448 432 407 398 391 395 402 405 411 418 422 435 458 475 454 438 427 415 418 419 417 409 431 430 440
241 249 274 233 220 196 186 212 240 241 250 239 216 193 171 164 166 177 184 192 209 210 226 250 268 284 306 329 352 387 419 474 536 561 548 516 492 482 484 495 480 459 424 374 337 317 308 337 403 413 352 313 317 375 403 418 450 464 472 520 545 555 553 563 572 565 548 531 534 553 545 517 484 456 435 433 427 421 413 402 395 391 396 405 412 418 426 437 452 451 438 424 409 403 403 399 407 438 429 430
263 321 338 274 251 218 187 208 258 267 269 284 271 259 224 175 164 166 172 183 194 208 227 267 298 300 319 330 340 363 408 467 534 553 553 530 480 451 454 485 465 440 416 370 328 309 334 364 391 466 434 363 330 325 341 365 409 446 472 484 503 540 562 570 571 560 556 537 523 531 538 515 481 449 470 487 467 438 425 414 403 392 384 396 405 415 423 431 438 437 428 419 412 410 400 390 382 416 425 417
300 357 380 331 287 254 204 190 215 254 287 315 307 303 286 229 173 166 168 175 190 222 237 288 323 311 306 317 329 352 415 493 540 538 534 524 502 466 421 474 464 450 419 359 320 321 389 465 449 454 507 451 392 354 333 331 355 392 421 431 435 466 498 535 544 543 562 569 534 519 526 506 472 481 506 512 492 454 441 423 399 387 380 394 402 408 415 433 446 448 441 432 422 420 413 401 381 377 400 400
353 355 343 331 310 302 254 215 195 200 227 273 289 291 314 289 207 168 166 168 175 200 226 291 324 296 284 307 332 343 384 456 528 525 487 468 465 448 414 425 434 404 373 327 316 350 459 525 501 455 508 544 510 444 388 360 358 354 370 388 401 418 447 473 473 515 561 580 562 522 515 503 507 514 506 502 489 463 447 426 395 379 378 389 392 396 407 426 474 476 467 462 444 427 419 408 390 371 375 382
409 375 338 298 266 258 263 254 215 210 228 232 235 256 315 322 256 186 167 167 170 180 207 264 252 259 276 298 322 337 366 439 527 527 486 442 420 408 396 387 412 368 339 342 322 365 475 537 533 486 508 545 574 560 501 431 390 382 366 358 384 402 432 440 450 516 557 565 563 539 522 533 536 530 510 500 480 453 435 416 396 380 372 375 381 382 392 406 447 491 499 480 463 441 423 411 390 368 361 367
444 415 367 320 280 246 223 215 226 260 280 294 267 251 283 301 277 221 174 168 168 176 193 216 239 263 282 291 308 333 368 425 516 529 492 470 435 412 394 372 368 350 388 390 334 340 418 514 549 544 529 532 559 578 585 526 442 419 405 379 369 393 407 425 451 508 541 546 547 538 535 543 548 536 515 505 483 450 431 409 394 380 372 371 367 372 379 393 418 445 483 480 463 437 413 399 382 368 363 356
446 408 372 354 317 276 228 234 226 269 326 347 326 262 286 313 264 227 188 172 169 172 185 203 239 284 316 313 315 331 364 430 520 540 529 522 496 468 438 400 362 378 431 427 353 329 380 481 548 565 556 541 549 559 578 583 510 454 422 398 373 404 422 435 468 520 551 565 557 551 548 550 545 531 518 507 488 456 437 417 395 379 380 382 377 362 362 376 399 423 457 474 454 438 405 383 374 384 391 374
397 394 352 305 281 252 234 278 248 247 277 340 349 278 296 329 304 274 223 183 170 170 177 187 221 272 314 340 340 339 354 407 505 542 520 489 462 436 410 381 367 404 451 442 380 338 370 469 546 569 580 568 567 572 573 575 543 468 427 393 376 400 450 483 501 545 562 560 563 567 568 559 547 534 523 503 479 454 437 417 394 384 383 380 375 367 360 359 382 405 429 456 455 414 374 357 363 376 390 390
292 286 269 251 245 257 285 316 260 273 325 344 373 319 341 352 331 316 272 202 173 171 175 187 200 230 268 304 343 362 380 434 520 543 527 515 486 452 430 396 384 421 456 430 380 344 363 450 541 562 578 584 588 592 578 556 512 458 414 384 382 402 487 543 550 559 552 548 549 554 549 540 533 533 520 494 467 444 431 415 395 393 392 387 384 378 368 358 358 374 385 390 384 366 349 342 350 367 373 373
293 320 326 259 289 321 309 278 262 278 361 395 405 374 370 357 314 281 248 209 184 172 174 190 204 215 232 263 312 347 377 441 516 547 545 535 526 506 462 394 411 457 468 449 397 357 357 405 481 537 553 571 590 582 560 530 496 446 404 385 390 427 528 558 568 567 550 548 552 558 551 540 533 525 504 480 460 442 421 415 426 423 409 401 394 386 376 364 356 350 350 349 345 346 353 349 336 345 360 362
327 386 372 271 301 349 322 335 319 277 317 379 392 347 313 277 254 262 241 221 204 174 175 187 202 218 233 260 287 310 328 367 454 534 547 520 469 458 423 410 434 480 477 450 415 364 379 401 444 501 544 560 580 582 564 540 503 438 405 397 413 437 504 537 560 578 580 588 575 570 563 551 541 517 489 463 445 433 434 438 450 444 429 416 405 396 386 367 362 357 364 372 377 390 404 388 361 337 335 344
316 375 396 295 301 363 385 397 386 331 347 369 359 306 273 295 308 303 250 249 224 176 180 196 199 220 237 252 272 290 312 347 417 521 553 535 475 448 443 459 465 492 475 447 401 386 440 474 522 521 544 556 573 587 580 557 477 427 408 425 458 478 479 516 541 557 594 602 589 569 557 544 525 501 468 455 461 474 473 471 468 461 447 431 418 408 397 381 395 391 401 408 412 426 441 427 386 353 333 326
334 393 423 322 298 359 401 414 427 405 389 373 318 298 324 362 340 270 263 295 236 176 182 199 208 214 232 248 262 281 328 379 443 530 563 544 517 502 486 503 512 502 480 455 411 379 423 470 515 552 556 559 565 583 591 557 464 421 422 460 517 514 507 542 549 560 606 590 577 571 558 543 529 495 486 513 521 514 505 499 490 478 465 445 428 415 406 387 420 451 448 446 433 418 405 400 386 365 343 330
358 436 456 380 306 320 344 360 391 422 374 319 332 361 382 385 316 282 327 333 233 175 182 194 212 226 232 250 263 279 316 380 430 465 515 557 554 539 531 530 525 511 488 458 420 380 390 427 495 563 592 589 572 586 600 556 458 435 434 489 557 540 528 549 560 570 596 581 567 562 558 548 528 495 519 522 512 502 493 488 485 484 471 444 427 415 398 401 423 452 471 473 456 431 414 402 394 377 355 346
345 373 418 435 358 354 329 362 411 396 331 355 401 416 405 357 301 320 369 339 224 176 179 193 224 250 261 291 301 294 311 355 397 446 472 523 562 562 548 534 521 510 489 458 415 376 381 450 528 569 601 600 584 593 605 558 473 445 456 530 574 558 537 555 572 581 590 583 569 559 560 562 545 506 524 523 511 505 499 490 478 466 456 449 443 426 409 426 437 451 462 469 467 454 437 427 412 391 373 364
374 398 376 424 448 426 371 369 409 374 350 387 445 431 382 338 353 368 384 327 212 176 177 197 231 270 289 330 336 320 326 341 380 461 509 524 553 562 550 532 516 500 475 437 403 369 370 425 507 571 597 608 598 604 608 564 484 453 484 543 590 578 559 548 565 586 589 585 575 566 565 569 550 528 538 542 528 516 509 495 478 475 470 461 445 426 424 432 443 452 460 466 472 474 469 457 444 416 393 384
393 447 415 392 456 486 419 407 422 401 405 390 441 415 378 374 391 395 360 281 200 177 179 208 241 278 301 345 349 339 379 371 363 415 494 535 554 566 559 543 522 503 486 455 402 364 367 448 512 567 583 593 602 617 613 577 491 464 502 577 592 596 583 572 579 600 590 582 576 570 562 559 556 553 553 555 543 525 513 498 491 488 486 471 448 444 440 435 441 448 451 457 475 485 481 468 448 427 405 394
442 473 476 425 430 509 489 474 473 453 466 431 441 423 412 404 390 367 274 243 197 179 183 202 238 280 309 344 358 363 425 434 407 394 451 502 544 561 564 544 532 514 496 462 392 353 372 463 520 563 584 597 610 623 613 576 501 490 560 577 585 605 600 588 586 595 594 579 573 569 564 569 570 566 555 544 536 524 520 511 501 490 482 473 467 461 453 445 439 439 438 447 485 489 481 466 448 426 405 383
511 520 526 446 447 530 551 537 529 497 478 427 386 336 360 393 341 306 277 294 222 182 183 193 217 265 307 345 373 371 428 474 462 431 426 464 498 526 526 521 528 519 497 449 391 355 358 402 452 520 559 586 614 625 609 585 523 509 559 580 573 587 615 610 597 596 598 588 576 574 576 579 583 572 553 545 543 536 526 510 495 490 487 488 489 478 464 452 440 430 428 429 455 467 477 463 437 417 398 372
504 519 530 454 481 541 525 540 550 495 419 369 350 322 287 346 361 341 324 335 258 197 183 189 210 242 286 338 386 392 395 447 503 501 472 459 471 483 494 502 522 527 510 439 390 351 344 416 504 516 541 587 617 624 614 613 571 538 558 590 581 585 605 619 617 609 607 598 585 583 587 591 587 568 552 554 553 546 523 512 516 515 506 503 505 496 476 459 442 425 419 418 416 427 461 455 428 401 380 359
456 493 540 523 522 499 428 432 503 481 449 430 399 328 266 314 367 374 367 366 301 220 190 182 194 221 266 332 390 405 403 428 489 547 544 508 491 493 499 509 519 525 505 434 376 346 335 414 538 550 553 582 610 628 622 619 597 582 601 619 628 621 619 625 631 627 618 602 591 589 596 594 584 570 557 561 563 553 532 535 534 528 524 519 517 505 488 466 447 433 427 417 409 405 415 429 409 382 375 375
509 555 584 535 474 437 384 369 434 486 474 456 413 316 258 296 352 375 381 367 320 234 193 182 183 205 242 292 364 409 421 425 461 524 579 577 553 543 531 536 527 495 481 441 378 342 330 413 543 581 590 590 608 633 634 627 606 598 611 626 641 654 647 640 642 638 634 620 604 596 600 594 584 575 561 556 556 548 537 534 532 524 518 505 497 497 493 475 461 457 463 458 431 404 396 395 385 377 404 390
527 557 554 482 460 433 401 342 352 414 422 385 379 335 270 244 279 276 294 313 293 216 208 194 183 193 232 268 326 397 439 437 454 489 559 590 587 578 570 554 531 469 422 419 383 338 325 404 507 574 587 592 609 632 637 631 616 615 621 630 641 651 652 643 647 641 637 630 613 598 594 588 583 571 558 549 545 541 538 522 514 507 503 487 471 478 486 482 479 476 477 477 458 425 404 406 402 393 393 378
452 494 471 431 496 483 449 400 334 328 374 319 284 261 247 231 224 224 221 225 234 210 244 214 186 186 220 255 292 336 385 416 486 503 545 581 577 561 561 545 495 446 395 371 359 333 318 375 437 527 576 585 604 628 632 635 630 630 627 631 636 642 648 642 629 626 622 619 612 598 591 587 584 577 565 552 548 550 541 523 494 488 487 472 452 455 460 463 469 469 463 468 469 453 425 410 406 409 385 367
413 423 407 418 458 474 472 445 384 307 316 307 267 284 261 235 256 270 241 235 217 224 280 229 188 187 218 249 279 306 352 401 460 547 570 589 584 558 547 525 451 401 358 342 327 318 312 388 490 558 576 589 597 617 618 629 631 627 615 617 619 623 630 635 613 605 603 605 601 593 583 580 580 580 569 552 539 536 532 517 500 482 471 455 437 436 439 437 442 441 434 442 466 462 410 383 366 387 361 356
374 393 423 422 438 447 431 406 407 350 293 293 321 302 255 234 292 331 261 281 251 227 289 246 190 187 209 235 278 329 386 431 437 522 565 586 595 569 541 514 436 388 376 367 344 320 306 369 469 524 548 573 579 599 601 612 622 606 599 598 603 605 611 619 614 593 590 597 585 575 573 572 570 568 555 538 524 517 511 492 477 466 452 439 421 437 444 436 422 414 406 401 432 435 383 340 329 350 339 331
436 415 430 455 452 435 388 313 328 325 331 327 292 252 243 279 334 345 281 328 298 234 255 262 200 188 198 212 235 293 367 429 470 502 545 562 580 573 545 519 468 413 433 421 365 325 300 339 380 412 450 506 544 568 583 590 604 590 592 593 592 596 605 614 622 604 588 587 573 557 559 564 560 550 532 519 509 502 489 470 452 429 417 400 422 442 446 442 439 423 416 397 372 387 353 320 312 312 314 313
493 481 452 448 415 384 341 288 263 258 260 255 243 254 304 357 385 347 335 370 319 246 249 293 228 191 190 198 206 230 288 358 457 533 552 549 552 554 533 513 486 469 492 465 394 327 294 310 325 341 359 399 445 490 548 555 575 567 586 598 594 593 604 615 623 617 594 592 578 552 540 549 553 543 531 520 513 502 482 480 462 431 396 381 397 407 421 432 442 426 397 382 349 334 318 313 313 311 310 309
476 495 490 467 433 359 285 286 306 300 269 256 288 295 372 428 416 383 364 319 255 247 293 313 281 216 191 191 192 205 231 292 395 496 556 548 543 546 532 490 491 496 497 471 403 325 292 308 380 435 446 421 414 421 446 486 502 528 576 598 613 609 613 616 615 620 594 584 569 546 530 528 536 531 520 507 499 491 484 481 468 451 426 397 377 375 376 388 398 389 356 355 334 317 315 315 315 312 309 308
407 432 455 475 397 291 307 374 408 387 314 265 318 332 383 454 445 400 341 287 249 297 354 361 317 255 222 196 194 193 201 244 324 443 538 550 527 538 475 409 402 417 445 436 395 319 285 321 413 507 517 521 513 511 492 488 520 577 597 603 620 613 602 612 605 605 586 571 556 537 516 505 518 523 510 501 498 499 499 491 483 472 449 416 371 346 342 347 345 343 325 321 317 317 317 320 330 326 312 310
422 434 442 446 339 289 369 458 471 417 330 270 306 368 383 449 468 416 346 273 258 294 362 393 363 297 280 231 203 198 201 221 275 383 500 543 521 493 427 387 361 346 357 363 358 310 279 334 445 479 467 497 528 567 571 554 553 584 603 599 588 608 593 601 599 600 578 565 552 525 502 482 490 507 499 495 494 488 482 465 449 439 423 384 344 334 331 326 323 321 319 318 318 319 319 342 376 362 331 325
486 484 468 411 309 301 411 495 437 338 284 283 338 372 417 444 454 378 295 304 303 267 299 340 393 348 327 269 217 198 208 219 253 342 466 519 512 499 477 412 378 338 308 303 304 288 282 348 394 408 400 414 459 506 563 563 551 566 582 582 569 584 589 580 588 586 561 551 545 524 502 474 460 478 478 469 450 433 427 412 409 406 390 363 332 329 327 324 322 321 321 333 353 342 327 335 370 356 338 331
500 499 468 381 300 321 437 469 368 332 332 317 347 414 421 437 402 314 312 368 331 276 340 377 416 395 358 291 216 206 216 222 244 317 425 503 511 479 441 368 341 312 282 277 273 275 290 296 304 310 328 352 374 416 490 536 529 529 557 561 547 555 569 551 566 571 549 531 531 527 512 493 457 440 463 436 402 385 386 381 379 371 361 349 329 327 328 335 344 340 361 396 401 400 374 333 367 359 362 377
421 414 386 350 305 358 457 426 353 388 421 395 362 413 420 373 347 327 349 360 292 290 351 429 461 415 353 280 207 209 217 220 245 304 393 474 492 446 368 313 287 261 267 278 291 285 295 304 308 300 301 304 308 337 386 432 456 469 534 540 530 524 545 525 526 546 534 503 510 520 509 501 476 427 436 407 365 361 364 357 349 341 338 334 329 341 374 404 424 401 415 424 407 399 400 357 352 391 398 426
415 389 353 322 363 421 468 423 357 419 496 483 445 424 424 368 356 381 376 317 290 350 349 417 467 373 300 260 210 203 213 225 245 292 356 406 404 354 295 267 256 277 300 318 335 329 343 362 382 398 372 336 321 323 330 368 403 425 486 512 503 486 507 517 515 506 491 468 473 482 476 480 468 435 399 378 360 355 348 344 343 345 337 335 341 373 414 438 448 448 436 444 408 382 375 348 369 430 429 451
483 456 373 345 439 503 513 423 377 435 524 547 543 495 435 424 426 414 369 298 317 432 446 465 434 363 339 267 209 206 212 221 245 280 314 328 307 276 256 255 285 314 356 387 403 402 425 425 475 486 416 338 365 373 336 347 363 408 452 466 453 452 469 488 515 513 497 458 445 441 434 427 421 418 400 374 361 359 356 358 360 365 352 353 372 399 426 447 447 449 430 416 395 361 352 344 400 462 456 464
531 465 373 380 465 537 530 429 440 450 514 575 594 558 487 483 468 418 338 295 331 432 515 531 449 432 390 287 220 206 230 230 231 257 271 264 249 242 248 289 341 337 378 406 443 472 521 525 530 486 411 346 397 430 394 351 345 366 393 424 427 436 444 468 491 485 463 444 442 431 415 402 395 389 377 382 385 387 397 392 381 387 372 368 388 411 427 437 437 434 424 396 368 351 340 352 403 446 454 476
504 422 404 420 482 534 508 451 508 479 497 571 618 612 563 555 513 414 322 306 344 401 489 545 523 511 431 310 227 205 233 269 244 234 232 232 238 253 284 316 376 378 416 447 459 537 566 560 529 464 409 357 396 482 478 421 378 365 369 382 400 417 424 429 447 446 435 439 451 454 450 433 413 390 394 409 413 422 437 426 405 415 403 392 407 424 431 424 423 420 414 401 369 354 343 350 383 431 449 475
477 440 446 469 514 536 492 473 555 529 499 565 622 647 639 629 551 410 328 332 350 372 439 504 536 548 441 312 228 209 225 302 304 282 260 247 255 273 296 329 356 410 470 511 518 557 570 558 541 506 428 363 401 483 499 499 467 444 402 385 399 406 406 407 431 444 448 454 467 475 460 423 394 392 417 444 458 450 441 426 417 427 425 427 433 427 420 409 408 399 394 378 356 347 357 365 376 418 437 454
511 512 503 511 544 545 491 485 566 596 574 612 663 660 652 637 538 456 367 372 411 393 393 447 506 532 424 327 245 209 219 307 367 353 305 284 261 277 325 383 389 406 515 560 562 557 554 534 497 487 402 363 417 527 543 537 529 499 435 458 429 409 402 404 426 455 466 467 451 445 432 408 396 416 448 468 462 449 437 433 438 446 451 451 443 422 421 420 398 375 364 356 351 358 377 386 384 399 423 450
584 581 565 556 594 570 504 509 572 645 672 682 692 674 641 603 531 470 447 452 478 448 419 499 524 509 446 346 256 214 218 292 392 391 330 324 269 297 364 449 431 421 516 558 548 542 534 483 431 408 372 387 464 562 579 568 557 527 471 531 532 491 439 417 415 431 434 436 425 416 411 411 419 436 449 457 458 452 451 456 465 474 476 469 446 423 416 411 388 363 362 370 367 373 394 402 409 414 433 452
675 655 611 594 648 594 527 553 573 660 714 718 704 674 596 525 465 392 400 493 533 483 459 525 522 467 410 343 262 221 222 278 392 408 364 338 274 314 384 476 472 438 499 536 513 494 510 467 400 380 419 468 521 581 586 571 551 541 520 543 570 569 499 456 453 462 447 434 428 425 429 430 447 464 470 476 488 484 491 498 509 507 492 476 459 418 409 413 396 381 395 397 401 393 404 423 427 425 439 465
727 720 667 658 675 591 552 601 621 690 718 707 678 577 467 405 371 346 370 465 558 547 538 562 533 478 431 385 287 223 218 256 355 424 418 356 282 316 404 498 514 481 504 518 489 463 442 404 393 409 485 537 550 591 596 575 563 550 566 556 571 585 536 514 523 543 533 489 487 485 472 452 473 491 488 495 512 506 515 524 527 514 481 470 454 408 382 376 373 395 415 429 433 421 415 436 448 451 447 452
690 662 626 681 685 613 612 672 701 730 728 694 673 571 434 356 330 322 354 450 567 604 591 573 546 533 514 455 320 231 214 249 316 412 442 377 292 309 383 467 530 536 536 511 482 466 439 401 449 480 528 554 562 597 617 605 607 594 580 567 574 573 575 579 568 566 560 538 523 506 476 483 494 501 505 511 521 511 509 506 504 494 473 469 449 403 378 401 419 429 436 445 451 443 436 456 470 475 457 445
686 564 518 582 672 670 685 751 772 763 732 693 696 573 480 400 342 308 321 400 513 594 600 584 567 556 552 459 333 231 212 239 295 365 403 374 320 304 349 404 477 532 547 527 515 504 449 412 497 552 562 570 573 604 632 631 645 643 613 569 577 597 624 602 580 568 559 541 519 495 486 522 520 518 525 520 513 510 504 494 485 474 472 459 429 395 387 427 440 444 450 458 462 455 455 476 491 484 461 459
678 554 471 500 607 674 716 767 785 774 726 716 729 641 557 475 415 340 299 348 436 527 588 579 564 547 518 414 291 223 213 230 293 325 359 394 374 341 323 360 418 502 552 550 545 504 437 416 522 579 579 581 585 608 638 649 654 658 621 575 583 609 616 594 573 558 539 526 507 500 518 537 538 533 533 531 521 523 524 504 484 479 488 474 428 383 410 450 454 458 464 468 467 468 473 486 490 479 478 480
714 608 489 445 531 639 745 788 803 787 772 757 771 718 613 560 495 396 314 309 376 430 485 522 496 468 424 324 253 225 214 223 265 311 375 421 434 405 356 347 405 489 560 558 552 502 441 419 508 581 584 595 595 609 639 647 654 652 617 582 584 614 611 587 564 538 530 523 517 527 541 543 544 543 546 538 527 537 538 511 491 491 487 465 410 385 428 465 471 482 493 483 476 477 479 485 491 490 490 490
731 620 488 421 483 604 720 783 790 769 797 791 715 649 588 531 492 433 344 289 322 354 372 380 356 326 288 246 227 220 218 222 258 313 362 393 449 453 404 354 383 458 532 553 540 503 454 426 482 576 582 595 591 603 638 633 638 637 611 587 595 617 616 593 577 548 534 533 537 553 553 554 550 550 549 545 541 540 536 512 500 494 478 445 401 392 464 495 493 486 494 486 485 486 487 496 504 501 485 468
614 535 451 398 461 558 647 683 656 632 733 740 634 530 465 426 396 371 338 302 281 290 295 289 269 245 227 224 234 253 253 237 236 289 359 386 408 436 432 403 388 418 486 550 558 538 486 434 463 545 564 567 582 586 615 585 606 635 625 619 599 627 636 627 595 574 562 553 551 562 570 571 563 560 560 557 552 538 522 506 492 478 452 427 401 403 475 516 508 501 506 512 504 484 475 480 483 470 448 442
605 509 430 379 406 480 545 547 514 564 668 640 619 539 483 450 424 399 397 374 317 269 255 251 236 230 254 291 321 344 325 276 241 241 290 317 319 331 366 404 430 435 491 519 523 529 493 446 445 488 490 500 524 547 569 507 584 632 634 632 602 618 637 643 610 595 588 582 564 562 566 563 561 555 549 546 543 538 518 513 510 489 456 431 407 416 477 534 519 506 520 532 530 504 488 473 459 453 437 406
622 536 451 385 365 400 442 443 466 513 547 537 601 612 570 537 505 489 477 435 345 268 251 237 245 297 354 415 455 475 420 339 275 239 238 244 249 253 277 327 373 409 419 405 441 534 524 474 443 445 451 455 457 472 488 489 571 622 617 605 611 608 634 639 629 599 595 589 568 560 559 553 543 525 520 518 515 509 487 491 489 474 450 416 413 429 455 490 498 498 513 535 527 512 521 522 497 474 453 420
624 549 496 448 375 349 367 366 370 385 414 450 530 591 592 562 528 507 474 393 301 254 245 245 296 394 467 529 580 583 513 412 301 244 272 267 286 286 261 261 292 320 331 354 419 496 537 514 449 461 527 518 496 482 468 480 558 605 613 584 615 628 624 643 655 616 598 590 572 556 549 545 531 520 526 519 498 479 458 448 440 430 428 430 464 477 475 497 513 506 514 538 534 527 536 540 527 503 473 450
669 621 589 536 442 365 326 322 318 319 330 349 386 437 480 474 449 430 402 338 266 248 245 271 346 453 562 609 639 618 524 408 293 242 306 339 350 347 311 271 258 261 280 312 349 399 467 446 393 457 565 590 565 537 518 479 511 575 571 560 588 641 639 656 673 649 611 598 587 563 548 540 536 539 541 534 514 496 460 438 446 474 490 507 516 506 493 517 535 528 534 562 554 542 541 538 523 502 497 489
730 696 603 525 463 401 349 337 316 303 300 297 308 317 339 340 329 317 300 270 253 255 269 309 396 504 623 654 649 599 488 380 271 245 304 384 413 413 370 340 308 281 262 262 288 323 353 349 420 479 519 569 583 574 561 520 486 524 511 533 557 592 628 641 665 663 629 598 584 575 565 548 551 561 554 529 494 466 454 474 507 541 546 551 535 513 508 524 534 530 539 555 557 553 546 524 509 510 521 502
697 651 552 469 408 391 412 416 364 329 327 314 296 289 285 283 274 267 262 261 269 282 305 371 453 550 655 659 563 491 420 319 247 256 310 385 393 393 413 419 393 347 304 274 262 276 307 370 470 521 526 525 573 597 582 539 497 516 571 579 571 577 604 624 648 653 621 590 583 584 580 569 567 565 553 522 472 457 483 519 544 564 564 557 534 526 535 541 544 543 544 550 555 559 551 527 507 512 522 498
617 587 482 435 427 458 499 442 379 384 395 380 329 320 319 314 306 287 286 297 308 335 357 381 477 570 651 618 534 419 322 262 249 267 307 349 394 404 449 440 469 425 367 324 282 260 289 361 463 537 570 564 588 609 597 551 507 556 615 614 598 599 626 656 635 653 633 595 599 605 601 592 573 561 545 509 476 470 507 539 558 572 569 558 538 548 558 559 556 550 551 552 552 551 546 531 520 515 502 482
524 500 463 479 529 570 520 421 405 449 467 421 385 391 402 396 381 341 339 367 385 387 447 410 431 505 586 549 468 358 278 250 265 300 327 416 460 441 479 471 510 493 436 384 326 271 273 321 410 524 591 582 597 592 572 540 525 538 612 639 632 619 625 663 663 661 654 609 607 607 605 593 569 553 540 503 476 490 517 550 570 582 576 561 544 555 563 564 559 557 557 556 555 551 546 539 530 517 502 485
501 528 530 576 638 628 522 439 453 518 506 452 480 499 504 478 453 418 417 467 483 448 500 511 514 534 566 486 381 294 251 252 287 356 378 412 477 484 519 517 547 540 473 411 359 291 267 307 386 494 583 598 596 577 566 578 557 535 577 634 643 627 628 647 654 646 628 598 592 585 583 573 547 540 518 495 489 503 533 559 584 593 586 569 554 555 572 582 575 569 568 567 561 550 540 528 522 509 496 483
561 609 617 644 674 653 576 534 546 577 569 539 584 617 610 559 541 505 476 547 573 554 556 608 622 607 522 411 316 260 251 266 319 421 481 497 543 527 555 593 591 557 472 395 348 305 271 297 362 478 590 611 598 594 602 607 583 549 551 600 622 611 623 638 630 616 601 588 579 574 565 558 546 534 522 526 518 520 551 579 597 598 593 586 566 566 583 602 598 588 585 575 565 555 538 518 501 495 487 490
562 587 617 630 638 656 660 656 668 674 680 649 683 711 682 676 652 595 547 577 645 654 656 677 681 573 451 343 269 252 258 287 362 480 587 616 607 583 572 598 596 573 509 435 371 307 273 294 358 466 556 587 603 617 608 601 577 551 551 568 598 628 623 644 640 618 602 587 579 576 569 573 559 548 550 552 555 545 557 589 604 601 606 599 576 577 595 620 615 605 587 566 562 553 534 515 495 485 485 486
516 532 556 590 620 634 672 722 754 762 768 752 751 740 722 736 729 698 645 622 666 716 690 655 614 508 377 290 254 258 268 313 411 516 626 666 656 628 579 519 472 441 411 365 322 291 273 297 362 418 479 589 610 615 604 581 563 555 559 575 611 657 655 651 659 641 622 607 591 589 579 577 558 558 567 569 573 563 561 583 606 610 611 598 590 592 612 626 620 599 567 547 547 542 526 507 482 469 463 458
495 504 521 561 634 670 694 754 801 800 779 759 748 727 731 750 754 754 751 724 698 688 589 513 494 432 325 264 257 265 281 329 406 486 568 658 681 663 618 521 437 374 334 317 320 310 290 274 318 360 446 553 594 604 591 584 585 574 560 571 624 675 683 666 663 650 641 632 604 588 578 569 559 570 579 584 590 580 578 588 611 619 613 612 599 594 611 620 620 589 551 528 521 510 491 464 435 433 424 418
494 508 534 574 636 704 732 763 799 790 758 742 736 742 747 763 782 789 786 774 655 616 554 439 387 343 276 262 261 277 309 345 355 400 482 579 664 679 608 521 455 387 346 366 379 362 324 285 276 310 381 453 523 584 602 599 598 583 557 558 614 666 691 677 660 658 643 618 595 579 570 569 576 582 592 601 603 600 595 598 609 612 602 597 594 589 595 594 590 572 534 505 481 462 439 422 413 412 422 409
495 513 547 595 639 681 730 762 783 778 752 747 755 765 764 775 798 814 814 800 688 546 470 384 329 288 267 264 268 301 367 423 404 377 420 497 588 668 608 521 470 417 403 442 463 435 393 335 283 278 311 365 435 518 575 576 567 546 524 544 612 662 690 685 650 644 626 604 588 575 573 581 598 598 603 610 617 616 603 600 597 593 583 577 583 584 583 573 559 529 495 464 438 425 418 417 416 420 424 422
510 526 549 587 613 633 666 719 768 780 757 753 769 785 779 783 805 822 828 805 674 530 415 374 319 280 271 267 288 349 453 527 493 431 406 425 511 628 661 599 540 485 441 493 556 524 476 406 330 281 277 313 370 452 503 528 471 414 417 527 640 678 693 682 637 626 611 592 584 579 593 610 614 614 619 626 631 623 601 588 580 570 561 563 574 564 548 538 524 488 456 443 434 433 439 437 437 454 476 473
518 526 535 551 568 588 619 676 719 750 748 744 758 785 790 792 814 833 842 810 716 578 476 407 332 284 273 281 322 420 536 619 575 522 490 450 489 610 677 659 596 523 509 475 570 615 565 496 412 336 281 279 309 367 401 437 383 364 421 498 620 693 702 694 651 615 607 591 593 597 613 630 632 634 639 648 642 618 592 570 562 552 543 538 538 526 509 502 488 469 455 463 477 507 508 479 480 504 516 506
506 512 507 518 539 566 600 648 675 685 687 701 750 799 815 822 834 853 863 849 806 717 580 493 377 305 281 306 366 478 574 660 662 626 579 506 492 603 685 670 634 611 577 504 542 622 625 584 492 406 323 279 280 303 323 340 347 414 492 525 597 692 711 709 671 614 606 596 613 624 632 647 648 651 645 640 629 605 580 567 560 554 550 541 527 503 496 487 474 472 488 523 549 556 535 506 513 522 524 511
472 489 491 501 524 562 597 622 623 613 614 641 719 795 845 853 861 874 885 872 832 765 675 613 445 332 290 319 385 475 542 604 673 708 651 557 508 593 688 676 661 646 625 563 545 541 523 512 482 446 375 297 283 281 290 308 351 439 521 567 600 681 714 715 683 625 607 609 641 657 645 649 647 644 634 621 619 612 597 583 575 569 570 563 559 547 539 527 509 521 547 573 578 562 537 533 543 538 517 492
435 456 467 483 509 545 573 579 573 562 579 619 692 762 824 869 879 894 897 880 832 789 742 701 527 364 314 322 357 405 457 556 646 726 697 611 586 614 698 691 678 651 608 540 459 421 409 396 376 364 355 322 316 301 288 308 338 389 461 537 618 672 724 723 681 631 610 627 663 680 655 646 642 635 629 625 629 629 615 598 586 586 588 581 585 583 574 552 545 546 566 584 578 562 553 553 550 530 503 497
408 420 444 466 494 526 539 538 540 548 582 626 666 719 784 828 874 899 903 858 779 744 713 698 529 396 368 383 396 376 417 504 602 687 732 705 693 687 713 701 671 642 530 445 428 423 411 391 401 386 367 349 323 296 290 329 381 435 437 491 573 637 701 721 686 642 640 652 680 695 663 657 652 650 642 639 637 641 627 605 596 601 605 596 604 599 583 567 567 568 571 584 582 571 570 560 544 529 517 523
393 401 421 453 480 500 504 504 515 549 588 622 659 703 740 780 816 840 846 816 742 691 647 549 462 438 470 488 484 428 384 431 518 616 693 746 742 718 696 679 647 622 584 521 514 533 515 505 497 465 434 392 319 289 302 397 469 529 514 492 525 565 655 718 701 666 659 670 688 694 668 664 666 656 645 644 645 649 634 619 616 617 622 613 613 602 587 580 580 583 581 585 584 579 574 564 553 540 538 529
366 382 400 428 455 475 479 483 490 520 570 623 664 686 707 732 765 766 762 750 716 677 638 605 578 556 607 622 584 507 433 392 439 525 609 686 735 724 707 686 661 642 657 641 627 608 599 587 527 458 420 372 301 289 313 433 553 615 619 589 601 600 653 702 692 671 659 657 666 669 650 653 654 645 632 630 629 633 635 632 631 628 636 634 622 610 599 594 589 593 590 588 584 582 580 575 564 554 534 502
