# 100 100
371 415 477 487 462 406 353 339 344 372 382 356 333 316 306 305 295 271 300 317 307 308 311 303 281 255 235 220 209 206 230 242 251 250 242 238 226 226 244 265 283 290 289 305 333 366 394 418 408 348 389 443 507 555 575 570 489 415 460 450 463 467 472 492 558 644 706 725 699 671 659 640 658 677 666 626 585 626 642 639 614 580 564 543 513 491 509 543 569 588 623 652 697 744 764 763 740 697 661 628
386 413 469 489 447 391 348 346 363 386 384 364 343 333 328 324 308 276 295 324 320 322 319 308 289 267 242 224 213 208 240 253 271 271 262 250 236 232 239 262 279 289 286 307 340 395 426 418 372 368 423 490 540 561 565 558 511 425 432 455 431 444 459 494 585 659 713 739 725 706 685 662 666 695 693 671 629 637 672 659 619 603 589 555 523 499 519 524 556 594 625 662 683 724 741 739 713 684 653 614
398 421 470 473 415 363 349 361 374 391 391 378 366 356 350 341 321 292 281 320 333 332 322 315 301 278 244 218 211 221 247 265 291 285 274 258 251 241 233 255 269 280 282 303 356 422 447 374 362 431 495 537 551 549 545 530 495 436 479 481 452 439 454 504 601 652 689 718 733 732 712 686 681 707 727 714 676 649 705 689 632 624 604 569 535 513 536 545 560 629 673 711 719 723 727 710 682 652 625 600
406 429 463 460 392 358 368 387 396 393 401 402 392 378 368 353 327 301 282 305 335 333 330 322 310 288 252 215 220 227 254 276 304 297 283 267 263 252 240 237 260 274 286 299 357 421 429 359 385 452 504 542 540 528 519 506 480 447 480 472 452 443 456 521 595 642 667 690 716 729 729 721 717 719 752 760 726 690 736 712 679 642 610 591 563 544 567 566 557 637 689 719 728 714 696 670 667 670 655 624
423 447 455 435 381 374 414 434 432 415 417 417 407 396 381 354 325 301 280 301 333 343 338 328 315 296 262 216 219 233 261 283 312 306 290 278 274 258 252 239 260 272 283 295 335 382 414 381 365 412 454 492 513 502 498 490 473 453 461 456 461 467 477 524 575 610 640 664 688 709 734 748 753 755 768 787 780 762 764 729 707 660 618 630 597 583 612 602 569 624 718 731 710 683 652 642 656 668 669 620
446 465 454 415 376 393 458 474 464 458 455 443 420 401 377 349 317 289 276 301 336 352 345 334 320 300 270 231 211 230 258 284 305 300 293 288 281 265 257 253 244 256 281 292 321 370 427 437 374 367 393 434 464 476 482 477 462 455 455 460 471 519 547 531 593 627 631 647 667 689 715 742 757 764 767 778 794 792 764 710 695 663 647 658 630 633 666 666 608 609 713 733 700 668 641 638 655 659 653 641
478 479 445 412 382 396 457 485 490 499 484 452 414 388 363 334 305 286 278 301 335 354 352 338 324 306 278 248 218 227 251 283 297 298 297 297 288 269 260 263 264 260 263 287 306 350 420 450 462 426 384 381 412 459 476 465 453 464 479 484 483 540 594 575 558 606 647 671 683 700 703 712 721 730 736 741 753 742 715 707 669 662 664 656 639 676 726 707 674 605 684 709 679 652 627 639 658 665 679 686
512 507 468 418 391 388 437 464 487 497 463 430 399 367 337 313 297 285 282 303 335 355 354 338 327 313 281 254 235 215 244 276 298 303 304 305 292 276 268 273 278 267 250 282 299 331 392 454 495 498 445 449 401 416 434 450 462 484 497 525 525 503 556 619 612 579 632 658 672 701 712 703 695 697 693 690 698 678 673 707 644 637 639 623 628 687 730 713 680 636 634 678 637 616 617 634 648 662 689 683
513 486 447 407 388 385 442 476 493 483 439 411 386 358 341 326 311 299 287 302 330 353 355 343 332 317 297 273 256 221 231 272 297 309 306 309 298 283 275 282 289 279 254 272 292 316 354 408 448 433 451 470 475 505 463 460 480 502 530 576 602 560 515 571 653 626 614 644 678 688 692 686 678 676 659 650 657 642 641 674 624 605 604 604 638 681 699 703 697 663 623 629 611 615 642 647 649 661 681 671
463 430 411 403 394 386 431 484 499 497 458 423 397 383 370 348 329 306 286 297 321 348 357 347 339 329 309 284 267 228 222 272 301 314 309 316 302 291 282 291 298 291 272 260 279 303 329 359 379 414 469 490 515 517 501 471 489 524 582 635 659 654 581 539 649 681 673 683 711 722 699 687 677 657 630 616 624 621 611 620 593 572 574 609 653 670 680 678 690 674 634 614 602 636 677 674 659 665 690 680
446 432 437 425 408 393 410 447 474 491 464 442 426 412 390 365 336 302 286 292 312 340 356 352 348 335 318 300 273 225 231 280 301 310 312 316 303 294 291 303 309 300 278 260 269 290 311 335 371 408 452 508 509 508 520 479 506 557 615 665 701 708 666 573 619 703 707 722 747 757 727 697 684 663 637 605 596 605 618 588 568 561 576 629 651 661 677 672 661 665 643 614 599 645 684 682 665 662 692 703
455 493 504 470 427 399 403 436 464 477 479 466 443 426 402 376 338 302 291 294 310 328 347 357 351 336 324 311 277 219 244 287 305 312 314 316 309 298 300 313 314 302 276 266 266 281 299 319 368 421 463 485 466 443 458 462 539 599 635 682 725 740 719 649 607 686 718 747 781 796 764 715 683 662 637 625 601 588 592 572 558 556 591 633 631 646 675 681 658 644 648 619 601 651 673 666 646 644 668 686
490 536 547 489 427 397 413 451 462 460 456 445 422 396 385 359 329 309 304 293 304 318 341 358 351 336 326 313 281 222 243 291 305 308 313 318 313 302 307 316 313 297 272 273 271 277 293 314 348 397 431 414 392 401 447 512 579 619 644 684 723 739 723 681 633 696 730 755 789 804 778 737 694 662 649 651 636 623 592 563 550 550 590 614 606 632 669 685 666 637 617 597 595 636 660 655 631 626 637 651
501 524 513 459 413 401 434 463 464 451 438 421 399 368 348 338 336 330 306 295 297 314 339 357 353 339 324 314 289 233 231 293 303 303 303 320 316 308 310 314 310 289 272 275 282 279 292 305 331 374 390 354 371 431 488 536 573 591 642 669 702 728 720 688 659 692 719 756 780 792 784 766 727 687 677 676 674 656 627 592 553 543 571 584 602 641 672 677 657 641 614 586 608 649 653 646 617 606 611 605
486 483 457 427 408 423 469 485 478 464 449 433 405 389 381 379 368 335 307 297 296 312 336 357 355 342 324 309 291 252 221 282 297 289 289 318 321 311 310 309 304 276 281 278 288 287 291 298 317 335 336 388 445 431 453 505 552 624 681 715 719 724 720 688 665 680 706 744 756 760 772 779 763 738 722 708 690 662 629 591 556 542 544 574 614 654 675 666 628 608 593 580 622 661 663 633 604 578 571 558
500 463 439 425 416 448 479 489 481 471 452 435 427 420 419 402 372 331 323 305 297 310 335 354 359 345 328 311 297 266 221 266 282 277 280 307 320 310 311 304 295 274 283 282 287 297 297 305 311 318 365 446 499 503 500 540 590 640 682 717 743 739 725 699 672 675 697 725 733 738 756 775 787 790 773 737 681 636 604 572 546 535 541 575 616 648 671 670 635 602 584 575 605 635 651 611 582 554 530 525
499 466 443 423 426 442 469 484 487 475 455 442 438 431 418 379 350 351 342 315 301 309 330 350 362 350 333 315 297 259 223 251 277 287 281 301 312 312 313 303 288 277 286 287 287 300 301 314 335 354 367 404 472 513 534 560 596 637 674 708 750 772 749 712 678 670 679 694 706 725 746 756 776 796 786 728 660 612 581 558 540 531 538 579 621 642 660 671 653 609 580 569 585 615 610 568 556 558 569 576
490 458 435 427 438 448 462 485 487 471 452 430 415 403 389 379 383 382 349 311 296 306 327 346 362 356 335 316 296 253 222 264 296 295 285 296 304 317 315 301 283 281 289 286 293 300 306 320 348 391 443 425 406 455 529 565 592 621 659 706 762 793 772 735 685 665 666 672 689 713 719 722 748 773 781 747 697 657 622 581 546 531 528 568 613 625 634 646 642 605 576 564 574 593 574 560 571 586 606 613
481 446 432 442 448 449 453 470 479 474 458 442 427 409 403 406 404 399 359 314 295 300 320 338 351 355 333 312 284 240 225 278 301 291 292 300 305 322 315 300 286 285 287 289 306 315 310 324 355 407 471 500 483 439 473 512 546 592 648 716 780 790 761 726 688 665 652 657 677 686 691 729 742 740 744 746 723 682 647 611 582 546 524 542 585 605 608 607 607 590 568 558 556 559 558 568 584 598 617 635
460 440 446 455 450 444 442 451 458 468 455 444 426 416 407 396 381 369 337 303 292 291 316 327 326 331 321 292 267 220 247 298 303 292 301 305 310 326 315 301 290 287 289 296 316 330 325 323 359 425 491 533 550 524 490 540 582 620 663 721 777 790 752 718 689 669 656 644 646 652 690 726 737 715 693 725 730 686 639 626 622 570 527 523 566 601 609 590 579 570 552 548 548 550 557 578 597 613 628 630
446 446 456 459 449 440 429 432 430 436 429 407 386 380 375 356 330 314 307 314 292 292 324 331 328 304 275 257 227 235 285 312 307 296 305 315 316 328 321 305 297 289 295 303 329 344 347 344 351 425 501 547 577 585 545 565 626 671 701 728 753 769 754 735 704 686 680 668 654 637 658 695 713 695 663 698 721 698 637 604 607 561 525 515 556 598 614 586 561 554 543 547 560 573 584 604 624 638 638 614
463 458 456 455 447 434 419 415 398 380 383 366 350 340 327 323 326 341 339 314 284 319 336 342 331 293 237 227 237 262 302 312 310 297 312 322 318 331 324 310 302 292 306 319 332 354 381 400 343 392 467 521 564 596 603 583 650 701 726 725 720 725 741 751 725 710 710 700 694 680 639 633 675 670 626 649 684 695 663 606 572 543 519 509 545 592 612 580 550 541 552 582 608 622 628 632 651 660 625 598
478 463 450 444 437 428 416 401 378 352 345 343 344 342 353 365 377 371 338 295 286 331 345 350 322 261 225 262 268 257 261 306 301 309 326 333 331 342 328 313 305 298 319 335 343 359 409 454 363 356 399 454 520 573 614 616 655 704 712 701 680 685 699 723 746 745 741 742 744 722 683 628 619 619 594 590 635 675 668 625 591 545 512 506 539 584 584 563 541 551 584 616 643 665 673 667 659 635 615 599
479 461 447 437 429 424 415 402 373 366 381 386 379 391 403 410 395 363 316 283 286 334 350 340 309 250 243 297 283 301 283 267 287 326 341 347 352 352 332 317 307 300 323 349 363 376 425 463 411 361 362 387 444 531 606 654 672 688 686 666 639 640 665 697 734 768 783 785 783 747 699 656 609 596 572 558 583 622 599 566 544 516 501 503 533 566 563 550 539 585 617 642 665 680 682 677 649 614 595 586
470 455 445 435 428 421 412 396 371 405 417 407 400 409 412 402 366 324 291 268 291 331 339 325 275 235 258 309 298 319 330 280 289 323 341 360 367 360 336 323 309 302 320 352 378 401 447 481 462 404 380 395 405 463 566 650 693 697 672 641 613 614 640 677 722 761 799 818 801 755 699 656 638 651 624 595 550 550 537 516 503 497 496 505 533 557 547 534 538 587 626 649 663 663 663 662 633 602 583 569
453 444 439 428 420 411 401 382 383 411 421 414 412 413 392 359 321 292 271 257 273 299 302 264 231 244 294 322 320 330 346 332 295 281 294 329 365 368 345 334 317 306 321 345 370 414 488 505 431 430 452 428 440 439 521 621 683 700 677 643 603 597 627 672 729 764 779 800 811 773 700 667 669 685 675 663 619 569 544 514 500 495 493 507 541 562 542 525 532 577 614 633 645 639 631 636 622 599 577 562
437 433 428 418 410 401 392 389 400 421 423 418 418 408 375 335 298 269 241 238 235 236 238 236 265 303 336 355 335 345 375 370 359 339 305 290 320 369 357 350 325 308 325 348 379 429 488 521 448 502 549 500 496 452 475 579 663 698 689 651 602 594 625 667 719 750 759 758 777 782 744 719 713 716 713 711 688 645 603 555 506 492 491 509 547 571 543 518 526 570 605 619 627 618 599 602 605 604 579 554
426 423 417 413 408 403 398 399 410 425 423 416 414 396 353 317 279 240 246 267 271 265 266 267 300 342 367 367 340 369 399 401 389 370 350 328 304 369 379 365 335 311 330 358 404 483 554 567 482 515 610 609 575 485 458 508 611 665 672 628 581 582 610 635 672 706 730 751 762 772 781 778 764 749 738 724 701 652 604 564 519 494 489 505 534 560 534 508 520 555 584 593 601 596 580 584 602 609 571 543
411 418 416 410 408 405 401 399 409 423 416 406 396 373 332 297 257 238 276 307 316 321 326 293 316 364 383 383 363 376 422 442 421 389 372 352 307 378 393 379 340 314 334 370 422 505 594 633 552 539 610 594 568 504 472 475 530 602 598 589 558 558 587 628 682 725 745 760 767 762 772 798 811 789 756 721 667 633 609 580 538 505 485 493 510 526 516 501 515 548 569 576 580 578 570 577 590 581 556 533
395 405 411 405 399 398 395 391 399 410 403 391 379 353 309 269 240 258 309 337 350 359 358 308 349 404 417 400 389 402 417 461 443 407 383 338 325 382 413 386 344 316 336 374 454 516 598 656 629 609 576 584 584 551 526 525 538 546 549 538 533 549 596 638 677 720 752 761 754 743 745 769 801 808 772 710 689 685 668 636 583 536 493 483 492 498 498 496 514 551 575 568 561 561 551 554 552 538 526 524
381 387 397 394 387 384 387 381 387 396 391 375 359 330 290 251 242 277 325 356 369 379 367 322 389 439 445 418 408 434 419 467 465 435 402 326 336 393 420 389 349 324 336 382 475 568 615 630 626 607 553 590 642 620 616 614 642 599 558 530 523 533 580 630 666 700 736 754 751 731 713 720 748 772 772 738 722 718 701 679 630 560 508 479 483 490 486 498 523 556 574 562 548 536 523 521 517 515 517 531
365 375 383 377 372 371 370 366 368 383 375 355 332 304 262 240 255 285 324 365 397 417 394 372 420 465 477 452 431 446 431 465 494 467 429 353 332 393 434 401 350 329 339 384 506 587 592 593 587 570 526 559 608 648 638 669 710 686 632 573 532 520 555 610 650 681 701 735 752 736 710 684 697 709 722 726 712 717 707 693 659 581 519 481 477 481 486 499 524 553 566 557 537 517 506 507 510 515 526 542
354 358 360 361 358 355 345 341 339 346 334 319 292 262 240 246 263 292 342 398 445 455 437 439 438 494 518 499 478 477 459 457 501 489 458 393 325 382 421 416 354 331 344 365 465 543 525 530 545 514 487 592 610 617 611 661 720 723 678 604 546 515 533 579 623 650 676 715 736 728 700 665 650 668 675 658 643 647 662 669 654 590 522 482 475 479 485 497 520 542 547 538 523 505 505 521 532 530 529 536
353 352 343 339 346 341 326 308 294 289 273 258 243 238 244 259 285 333 385 438 477 482 494 497 461 514 545 540 531 526 495 476 491 479 458 408 327 365 409 424 373 345 333 345 410 424 395 394 413 428 452 581 640 622 599 625 675 704 691 630 572 524 515 552 588 615 656 703 725 726 698 673 657 635 637 608 581 579 586 607 622 593 527 481 475 475 478 490 520 539 534 515 507 501 519 542 565 555 534 530
346 336 325 317 320 316 294 273 255 246 240 241 244 250 270 298 341 410 474 504 502 499 517 526 517 547 562 554 550 546 524 504 485 459 443 418 347 352 408 445 393 362 351 338 351 348 346 349 354 365 405 497 577 592 583 587 627 686 694 668 619 548 506 530 577 625 679 716 741 747 731 717 695 652 613 586 551 536 536 549 564 549 514 482 475 475 475 486 522 535 520 504 499 500 523 549 575 560 544 551
326 316 306 298 289 281 259 244 242 244 251 261 280 304 337 361 408 484 517 504 487 488 509 535 559 575 558 530 531 531 524 500 474 445 431 411 353 347 415 458 433 394 377 353 360 382 420 430 385 357 370 432 536 551 571 627 670 677 672 659 630 565 504 526 581 626 662 694 731 753 758 759 738 704 676 648 589 535 517 519 527 515 497 480 475 475 475 481 519 531 517 501 497 496 517 543 561 556 560 576
300 290 285 279 271 259 244 247 255 264 286 331 346 366 389 420 455 490 500 496 475 480 524 561 571 551 535 516 502 524 509 480 457 437 438 398 347 361 403 437 454 454 465 442 449 503 531 528 469 379 360 405 506 538 595 648 670 654 620 613 590 557 507 508 564 603 627 657 694 727 753 775 769 746 721 686 633 559 519 507 503 495 490 484 477 475 475 476 499 521 517 499 492 494 510 529 545 548 559 575
280 278 276 270 262 246 250 267 280 309 359 383 374 382 395 432 464 479 489 487 468 485 540 545 546 542 492 473 505 519 495 456 434 432 429 366 346 370 394 404 450 467 503 524 538 579 610 573 512 405 364 419 531 587 613 642 637 634 597 560 533 515 500 484 519 563 587 629 655 685 731 771 775 762 736 695 641 586 535 515 511 514 515 508 490 477 475 475 481 507 513 499 490 490 498 516 531 539 547 559
276 277 271 258 246 253 266 315 321 314 355 381 373 372 388 419 444 458 473 471 461 491 528 495 493 496 454 487 527 515 484 439 432 430 400 388 395 355 361 371 394 426 453 477 513 569 628 604 519 418 371 456 574 620 627 631 589 582 576 547 517 497 488 475 481 510 562 601 619 670 721 753 759 746 715 684 654 600 551 534 544 554 555 534 504 483 475 475 476 503 515 502 489 484 500 519 535 541 545 551
270 270 263 249 259 271 293 314 344 333 351 356 353 362 382 399 417 445 462 454 446 483 511 492 446 430 450 485 493 479 458 429 439 431 396 419 417 380 395 372 416 493 550 549 599 610 646 616 545 432 376 468 558 579 588 601 563 530 537 527 502 482 472 468 467 483 516 557 614 675 712 717 712 697 653 648 645 603 565 555 577 600 596 558 521 497 478 475 475 498 522 498 479 481 500 523 547 560 560 566
258 257 254 256 262 277 285 282 327 344 348 350 342 348 366 385 414 439 459 436 447 479 493 472 437 408 429 434 431 429 427 430 438 433 431 447 458 406 423 382 457 519 575 626 657 648 631 583 505 414 383 439 506 504 514 534 535 498 488 480 472 463 462 461 461 470 490 542 610 666 685 676 656 637 607 611 621 600 576 563 585 619 620 586 548 517 488 475 475 482 501 479 475 481 506 531 556 575 579 586
257 261 265 273 271 289 312 308 289 343 343 341 330 340 359 383 405 433 452 427 449 473 465 427 404 414 420 426 442 462 467 472 461 464 458 488 483 433 475 414 411 522 627 676 686 609 573 573 536 451 400 438 451 450 453 463 477 468 462 462 464 466 470 464 458 464 490 543 603 640 650 638 619 592 569 582 596 580 567 551 564 598 596 596 569 530 500 480 475 475 475 475 475 488 512 535 556 577 591 604
284 288 292 286 288 331 356 334 295 320 334 316 330 343 369 404 427 460 469 441 429 478 456 398 435 467 452 450 487 526 547 549 517 505 503 511 528 496 547 509 411 454 572 653 686 636 557 498 468 442 431 465 497 480 461 460 471 484 488 495 493 487 486 473 459 458 501 571 605 613 608 598 586 560 534 538 554 544 532 528 535 548 542 565 560 526 502 478 475 475 475 475 483 504 519 536 552 568 593 617
307 314 305 291 310 353 364 345 310 287 296 300 336 342 367 421 459 503 511 476 403 437 425 393 449 494 477 470 500 534 578 607 587 550 561 535 597 567 585 588 480 420 468 527 589 614 557 502 512 516 528 510 553 566 522 491 518 555 570 566 551 521 497 477 459 455 507 598 622 589 563 557 548 531 508 511 516 508 499 502 516 520 508 518 530 507 483 473 475 475 475 476 493 509 520 530 536 550 570 586
325 320 304 296 336 365 363 345 304 326 325 306 327 349 368 412 480 529 545 491 415 373 386 402 445 486 498 511 543 558 567 622 647 609 621 569 623 648 623 636 578 479 454 494 523 589 582 598 618 574 627 613 620 626 580 529 551 609 623 622 591 541 499 476 457 451 484 552 596 578 548 527 520 503 491 493 495 482 478 483 505 516 496 484 496 486 462 453 471 475 475 477 486 496 505 514 528 542 550 561
328 315 298 326 362 370 359 338 306 337 349 323 318 349 362 387 449 507 493 461 407 375 442 450 465 493 514 527 545 583 594 628 671 663 665 601 640 695 684 672 612 504 500 577 616 646 601 654 679 645 707 710 712 679 630 583 557 607 625 620 593 542 503 479 458 448 460 502 532 550 566 528 500 490 481 477 479 472 466 468 489 508 494 466 468 463 448 442 446 472 486 501 503 503 510 526 544 554 559 568
337 315 313 351 370 368 357 342 313 337 349 338 310 325 339 364 412 460 426 403 365 411 477 494 484 511 523 517 512 556 596 634 665 677 677 632 640 699 717 696 592 523 533 623 674 677 621 692 721 731 746 729 704 690 655 611 552 550 577 580 582 551 517 489 463 447 447 469 488 516 552 513 490 498 489 475 464 460 457 455 465 476 467 449 447 444 440 437 450 482 521 541 549 544 535 541 557 578 588 594
336 313 328 359 366 363 358 341 317 338 350 347 335 314 316 332 358 384 393 343 387 465 509 519 506 517 522 494 448 482 548 594 603 601 625 652 661 680 717 714 639 564 529 629 704 708 641 702 749 758 718 659 633 617 609 582 541 516 536 553 579 575 537 502 472 451 443 450 464 480 495 486 525 526 511 492 474 461 451 448 453 453 444 437 432 432 434 445 464 488 518 550 578 580 572 567 577 598 614 629
335 315 334 357 364 363 352 345 329 338 355 358 351 333 337 349 346 333 333 334 395 460 503 514 518 514 502 426 404 413 455 505 512 531 543 623 690 699 724 698 595 536 555 655 714 707 676 706 743 745 734 715 681 636 592 559 526 497 515 531 556 569 535 502 472 455 444 441 443 453 463 486 539 551 536 518 498 475 457 442 443 439 432 428 431 438 443 454 468 489 512 534 558 578 589 596 609 632 661 679
338 329 332 354 365 364 357 356 343 333 358 363 363 351 347 370 391 399 367 332 378 421 472 516 532 519 466 388 451 464 425 423 439 460 515 605 686 721 746 729 631 556 620 693 731 736 735 712 719 718 718 728 706 634 572 537 506 487 492 505 516 517 497 482 469 455 447 443 438 445 451 464 492 521 533 537 522 496 462 444 432 428 426 429 438 444 451 459 468 485 499 513 529 543 559 578 601 638 669 681
351 340 331 355 365 367 369 367 355 338 350 368 373 368 359 371 395 412 423 356 346 354 384 475 509 440 387 385 470 511 493 466 459 443 500 599 673 713 750 755 660 577 657 742 778 769 757 718 690 675 672 664 619 548 522 516 499 495 491 480 481 477 469 466 463 454 445 440 437 438 448 462 476 487 496 515 516 503 471 443 429 424 429 438 443 449 460 474 478 476 485 494 503 510 519 532 565 606 619 652
363 347 335 354 367 376 377 373 357 361 353 373 383 383 379 384 397 417 445 382 404 426 360 387 396 362 400 427 413 494 525 527 525 485 477 577 624 671 713 731 686 597 653 750 815 813 785 742 706 686 667 655 604 542 583 583 519 541 543 498 479 498 497 481 464 472 468 446 437 436 447 471 497 497 483 477 479 477 456 438 425 424 437 446 446 457 474 496 498 493 488 500 521 539 543 539 541 560 575 614
372 347 350 366 374 379 380 370 375 378 383 364 391 399 397 405 418 435 461 417 432 493 427 373 358 400 510 524 449 483 548 559 554 528 472 539 580 630 631 661 692 631 687 760 825 831 786 736 705 678 669 654 617 595 650 613 536 569 572 507 512 544 542 515 502 530 517 468 441 434 444 469 501 504 484 471 459 450 439 429 422 425 455 465 458 461 483 519 524 509 503 514 540 571 585 576 571 584 596 605
365 343 368 381 383 385 380 377 389 393 392 373 392 408 414 432 453 466 490 490 438 498 518 483 435 440 558 563 480 460 530 562 569 559 502 481 549 578 561 595 656 681 739 803 843 848 806 767 738 703 703 699 701 701 688 613 540 571 554 512 564 574 556 538 545 558 523 472 445 433 439 454 478 486 486 479 463 446 435 425 421 441 507 506 477 466 485 509 525 525 521 521 543 578 611 626 634 652 646 641
349 359 381 389 389 389 382 389 396 406 403 384 379 398 429 457 498 536 552 547 505 512 593 568 472 453 544 558 535 487 468 512 560 579 577 513 493 519 538 588 665 729 770 804 828 847 832 798 749 740 724 690 684 670 629 575 552 584 539 536 594 579 568 571 563 529 484 459 447 436 430 441 458 474 479 479 467 450 436 425 419 448 498 529 502 473 477 493 505 524 538 538 547 580 631 669 675 675 667 643
351 374 387 391 393 392 393 400 408 415 410 403 407 392 425 481 546 592 600 577 542 559 610 595 532 518 582 607 603 559 509 511 519 566 598 574 510 550 575 588 661 718 750 764 779 817 829 815 782 778 745 686 622 601 603 611 610 579 532 558 606 611 614 597 563 502 481 487 471 447 430 433 447 461 470 473 467 455 438 425 418 437 472 507 516 503 489 480 485 505 527 541 563 601 649 665 649 630 648 627
357 377 390 396 400 405 413 416 419 422 418 422 433 437 406 471 540 574 595 536 521 556 586 603 607 607 643 660 632 575 562 577 546 532 578 579 524 571 607 619 641 678 714 711 749 755 801 822 824 800 717 646 618 666 679 645 587 558 587 610 634 658 665 621 556 526 530 517 503 479 442 427 435 449 462 468 463 454 437 424 418 428 454 480 515 530 525 511 492 490 504 526 568 619 653 641 606 601 613 595
363 372 382 398 412 422 435 436 436 437 436 454 481 497 461 426 494 551 567 500 528 543 532 556 575 577 618 644 647 589 622 628 610 574 553 573 529 562 603 633 655 681 708 675 688 724 750 815 839 781 695 654 661 722 697 612 582 629 665 666 663 665 658 636 595 597 581 551 532 505 458 429 428 444 458 462 459 449 435 429 419 422 445 466 492 514 530 540 517 498 498 523 577 629 647 628 587 574 578 584
371 380 394 401 408 422 447 448 450 456 462 493 528 552 537 452 445 490 501 469 481 488 497 501 509 529 542 562 617 638 626 663 637 592 578 591 544 536 576 615 635 669 700 665 658 682 748 804 824 807 757 740 720 754 705 613 647 694 688 676 666 642 608 606 651 662 626 574 533 503 470 438 424 439 459 464 456 442 429 423 417 422 440 454 469 482 511 548 538 516 520 525 584 622 626 608 576 560 571 588
380 388 402 406 410 418 436 448 460 487 503 510 544 577 590 543 477 445 471 521 553 571 589 577 547 566 592 591 574 635 674 666 603 598 614 612 565 559 570 586 615 664 694 671 634 691 736 762 801 843 837 811 779 756 707 680 711 714 683 648 641 643 624 569 636 687 662 619 573 523 480 444 424 433 462 474 466 444 426 419 416 423 439 450 458 471 492 534 542 537 544 529 553 572 563 561 553 571 601 606
393 397 395 405 414 422 432 448 466 500 535 535 564 601 617 604 570 539 570 611 625 641 640 633 589 591 633 651 622 596 661 664 624 646 640 623 573 594 596 601 619 652 666 656 625 661 690 737 795 835 854 830 787 761 754 757 742 704 649 598 564 588 587 545 625 698 685 635 575 506 464 438 424 425 455 480 470 440 421 415 415 433 455 467 472 480 492 514 533 556 573 566 542 543 547 546 553 582 601 610
407 407 401 413 422 433 453 475 488 505 538 553 559 590 606 608 601 585 600 607 612 618 604 602 552 581 631 679 675 636 665 691 663 675 660 631 581 608 612 625 651 662 657 627 610 644 698 738 765 796 812 810 811 800 780 751 706 676 632 564 525 518 528 529 607 671 618 562 511 467 446 433 424 419 435 472 465 435 416 414 423 455 483 491 492 498 497 506 538 586 616 604 586 588 575 558 559 578 581 584
421 415 408 419 430 450 499 528 535 551 553 560 539 543 546 560 563 549 571 564 567 556 550 547 548 612 663 700 710 682 709 714 679 654 658 613 567 589 602 625 656 674 661 628 600 635 674 685 718 749 743 793 816 811 782 695 639 607 582 559 546 521 499 501 554 597 566 495 465 453 462 464 437 418 419 449 455 428 413 416 438 473 502 495 489 491 489 507 548 607 636 621 606 597 577 557 544 550 543 542
432 419 414 427 449 483 545 575 575 593 582 541 499 489 492 504 499 504 535 531 549 528 512 515 560 608 644 691 715 715 708 690 634 597 625 583 549 565 581 605 636 653 646 631 597 617 632 659 695 681 708 743 751 785 785 741 698 653 615 607 585 548 508 486 488 509 504 470 461 483 527 511 463 428 416 421 428 416 413 423 442 468 481 471 469 475 487 509 546 598 621 596 580 562 547 537 524 518 508 501
431 419 421 439 476 524 575 604 610 616 595 541 487 459 455 467 467 491 510 505 521 506 501 514 536 561 591 658 669 662 645 601 615 558 585 551 536 548 567 585 608 630 627 619 592 599 629 660 666 645 699 676 677 742 774 787 756 697 641 599 590 589 567 528 496 481 475 473 496 551 573 543 503 450 421 415 413 412 415 429 438 449 454 458 470 483 494 508 533 565 584 559 526 515 509 512 508 497 490 481
418 425 440 450 499 557 589 607 603 601 595 562 509 447 445 452 455 473 485 482 487 498 533 539 566 590 608 652 626 575 597 549 566 528 522 529 562 569 568 583 604 624 625 605 588 598 632 644 635 635 680 635 633 661 733 790 763 667 634 647 665 654 637 618 569 533 502 490 543 597 605 583 547 488 435 416 412 411 427 443 453 456 453 463 484 500 508 513 522 536 549 534 505 494 492 493 495 489 483 472
420 445 472 461 488 527 551 583 558 534 553 558 517 442 467 503 491 472 471 484 490 530 575 598 611 624 597 614 590 529 564 525 504 502 551 601 620 606 602 601 609 627 634 616 587 602 630 624 598 622 640 608 591 642 706 740 726 691 718 723 716 699 686 680 640 585 519 490 531 577 587 582 561 520 455 419 412 414 452 468 476 472 455 473 494 508 516 519 519 521 532 539 520 501 486 480 482 482 487 478
423 458 500 495 488 499 524 561 553 499 484 507 482 435 489 530 522 517 523 531 519 536 577 618 635 585 537 573 558 511 526 496 487 518 597 652 657 640 631 617 599 623 642 633 599 593 614 588 583 603 606 587 585 647 652 679 717 758 781 757 711 676 675 674 652 589 509 479 484 512 529 541 532 503 454 419 411 415 471 494 497 477 449 471 495 505 520 525 516 514 539 561 564 523 492 478 471 472 478 471
417 458 516 534 533 536 547 546 533 506 455 452 433 452 514 542 548 550 560 571 574 555 586 630 630 544 507 534 515 487 481 482 506 521 550 607 652 662 646 619 591 604 630 639 617 579 572 554 562 575 573 564 568 592 617 664 729 780 800 763 694 625 601 580 572 539 496 475 465 461 464 470 470 457 438 419 411 411 467 511 503 473 445 457 487 512 530 528 510 514 559 588 593 554 501 479 467 461 461 455
397 431 488 525 531 541 556 530 482 463 429 425 459 499 513 537 559 576 579 587 605 614 617 633 623 541 489 491 478 469 481 510 546 575 571 568 619 674 654 616 586 582 597 625 621 599 572 565 557 538 539 550 569 578 609 674 730 755 769 752 702 640 606 582 530 508 515 512 482 469 457 446 437 431 424 417 412 409 447 492 477 454 438 453 491 525 537 522 494 521 581 611 597 558 516 491 472 464 459 447
362 405 457 488 488 518 543 522 459 413 435 495 522 495 481 501 527 559 557 571 593 607 606 578 586 549 482 466 468 501 533 561 585 592 625 614 607 653 657 615 579 566 577 595 604 597 589 602 590 551 531 580 617 620 633 667 700 715 733 736 701 675 659 626 547 562 600 593 548 524 489 466 468 444 428 419 411 409 424 447 445 440 434 463 503 525 521 493 488 532 592 624 603 569 537 503 475 471 468 446
337 367 427 452 467 504 521 499 431 422 477 517 513 467 468 479 489 511 519 547 565 585 595 555 518 516 474 458 491 536 578 619 652 655 643 616 606 623 641 617 577 557 563 580 578 577 579 601 593 549 524 584 638 660 654 642 629 654 691 712 721 718 683 627 573 590 638 626 591 554 507 505 512 479 443 426 414 409 412 421 428 427 434 471 500 495 476 476 512 552 598 622 599 565 528 494 475 465 458 442
365 350 398 421 457 483 481 469 412 418 474 506 490 447 488 518 515 502 526 553 570 596 589 538 484 477 457 461 486 509 545 603 642 664 651 606 567 578 619 618 587 564 551 566 562 558 567 587 589 549 520 595 658 680 669 637 590 598 630 659 686 716 697 634 639 638 660 635 571 543 555 555 533 502 476 439 421 411 408 410 415 419 438 471 473 462 467 503 549 584 607 605 563 532 504 495 484 466 451 442
381 337 380 414 441 467 448 433 397 389 410 435 439 457 506 545 551 526 517 555 548 579 572 522 478 455 459 515 551 566 587 576 592 608 590 574 550 588 609 619 593 564 544 555 551 545 557 577 591 562 521 600 656 677 668 640 604 564 566 591 622 672 657 660 689 688 681 642 620 621 618 596 558 519 490 446 424 414 408 408 409 414 435 448 443 456 492 532 570 587 594 588 540 503 499 513 499 469 449 445
377 342 366 398 408 432 425 390 386 438 461 457 465 519 544 547 528 506 496 524 515 548 551 496 468 449 491 532 565 590 576 558 610 613 559 538 549 579 618 629 591 556 536 543 545 536 546 566 581 558 521 604 638 651 650 633 607 579 548 538 576 605 580 663 703 715 711 688 673 661 648 622 586 544 500 454 428 417 409 408 407 409 421 429 444 479 523 550 562 556 566 564 514 489 516 529 505 463 446 447
408 367 341 356 361 369 368 403 480 529 534 530 518 530 551 530 495 486 478 492 508 544 540 500 454 456 485 497 533 545 540 580 619 614 554 549 561 595 633 640 591 552 532 528 533 530 559 576 555 539 512 585 609 611 609 617 597 573 563 531 535 537 570 632 665 724 736 706 669 638 615 623 603 570 530 482 444 422 412 409 407 407 413 429 464 511 545 550 529 515 540 549 499 489 532 532 492 453 446 453
443 408 364 344 393 392 415 459 499 529 559 572 551 511 522 521 488 464 469 493 516 539 532 485 446 453 479 510 517 542 589 625 633 598 537 544 570 610 646 644 598 551 529 516 522 549 580 594 578 547 506 542 580 578 571 588 583 558 558 549 520 509 537 582 665 730 740 708 661 598 567 584 609 593 547 502 466 433 417 409 406 406 411 426 459 515 548 543 508 486 501 503 477 481 510 501 468 447 448 469
495 442 393 346 399 415 437 458 481 524 563 567 537 490 495 502 472 458 481 495 500 522 523 478 440 461 488 528 566 601 633 638 617 569 525 534 577 627 659 644 591 544 521 513 544 572 598 604 594 570 515 517 561 560 546 552 549 533 548 560 549 508 512 568 631 683 705 701 682 640 584 535 585 595 544 503 475 448 430 416 406 406 408 419 444 483 509 506 475 452 453 451 448 455 462 456 447 446 457 493
535 470 396 345 383 403 424 458 504 545 560 538 499 472 471 489 461 463 495 486 487 509 495 457 441 483 510 544 585 607 628 618 566 523 522 568 612 641 659 640 579 527 508 532 576 607 623 615 603 574 525 501 534 541 530 526 512 505 538 568 569 533 497 526 575 613 639 678 672 641 577 509 557 594 563 523 496 475 449 420 406 405 407 414 427 441 454 447 436 433 433 435 438 440 441 444 446 448 469 499
537 469 399 347 388 425 440 460 509 549 539 523 507 487 457 463 447 482 505 478 466 479 467 440 444 483 521 562 586 579 601 588 528 513 578 629 638 628 629 627 580 521 502 552 604 633 644 631 608 563 527 501 497 506 498 500 492 487 517 562 589 569 516 490 525 550 585 635 649 615 533 493 545 589 586 562 540 488 442 415 405 405 407 409 415 423 426 424 425 428 432 437 439 442 445 448 451 453 463 471
497 452 401 348 376 438 474 488 515 536 509 494 494 488 467 438 452 485 480 457 444 445 436 435 482 507 524 555 570 546 562 549 505 535 600 644 630 593 583 610 596 532 502 550 602 637 644 633 604 573 560 530 499 484 480 476 475 471 492 541 590 585 540 485 485 513 551 578 600 593 524 483 523 559 561 544 536 477 424 409 405 405 407 410 413 416 419 423 428 433 446 460 448 459 471 467 465 467 477 492
450 430 385 352 380 474 506 536 525 512 483 463 462 466 466 434 449 461 438 430 419 420 447 494 516 543 555 563 559 523 514 511 502 547 592 605 585 558 565 602 592 527 500 547 588 622 637 636 619 599 579 552 523 503 496 512 521 502 473 503 566 584 551 496 470 496 527 540 538 543 520 482 480 494 501 483 493 467 415 404 404 405 409 415 420 424 428 432 435 447 476 499 467 482 506 504 492 494 519 537
423 401 372 359 437 530 547 545 522 493 469 457 452 442 451 442 426 432 413 433 452 440 472 509 533 542 542 553 551 517 488 494 528 569 585 560 546 536 581 612 590 521 488 524 575 610 638 645 633 614 594 572 551 531 537 554 553 540 505 470 527 555 537 493 465 483 501 504 494 499 509 501 466 455 448 439 453 446 406 404 405 410 423 435 440 438 440 442 448 467 501 515 484 496 521 534 524 515 543 574
434 402 367 366 447 499 516 513 496 481 474 480 478 456 430 435 418 409 417 453 474 481 471 492 524 535 518 521 525 505 486 528 559 566 558 533 523 545 590 619 598 524 482 532 621 656 652 642 633 619 606 595 584 562 571 576 567 545 515 468 484 497 483 470 460 476 471 469 462 467 475 488 482 446 427 421 428 417 404 404 410 466 480 475 475 463 463 464 464 483 519 526 494 518 539 550 544 530 549 578
432 403 377 354 399 430 440 445 454 475 491 505 496 465 435 418 407 421 442 442 474 501 508 503 539 552 526 501 492 481 497 539 563 553 538 522 513 537 570 612 607 528 480 543 634 676 653 614 612 608 607 607 605 596 598 583 562 537 503 475 460 458 461 457 452 461 461 451 448 445 443 446 444 433 421 418 415 409 406 404 426 510 497 518 511 499 499 500 490 492 514 524 506 526 551 563 560 553 553 572
427 416 404 357 365 382 403 405 415 441 486 511 484 445 423 400 412 452 460 461 479 510 535 538 548 551 532 514 486 474 509 540 550 535 515 507 519 554 585 608 603 531 477 537 602 636 637 579 567 584 602 613 618 616 608 582 553 537 528 501 473 467 457 446 446 449 457 452 445 435 426 423 420 416 413 420 415 407 404 407 438 480 478 518 547 536 533 533 515 516 535 536 521 524 545 563 574 580 586 599
475 446 425 403 392 375 370 368 371 406 435 466 453 424 404 405 443 459 482 503 516 529 547 563 559 537 526 510 476 486 526 544 534 515 499 524 553 563 584 590 595 545 477 507 555 586 609 562 538 576 604 623 634 632 613 586 566 561 552 527 500 513 494 460 445 440 444 441 432 434 438 432 428 424 417 413 409 405 405 413 435 446 472 532 581 585 577 564 539 534 555 558 533 527 541 564 594 613 623 644
509 483 461 444 444 447 441 422 386 386 408 418 422 413 397 451 461 476 521 536 525 520 543 556 544 509 495 488 465 505 540 538 515 493 511 559 596 596 555 563 603 579 500 473 507 550 567 521 537 570 603 638 651 639 610 585 568 554 544 536 548 546 523 486 466 459 443 441 453 473 482 460 441 429 419 414 406 404 412 427 446 471 507 547 583 612 622 602 573 565 575 576 552 554 555 583 609 626 640 662
534 518 501 487 486 489 467 434 413 387 373 382 404 400 400 439 453 487 527 504 488 511 547 548 517 488 469 463 474 524 541 519 490 500 543 590 620 599 542 554 591 600 543 472 483 515 507 511 581 621 635 647 655 640 607 578 571 573 576 578 577 567 544 506 509 525 509 493 513 517 508 484 464 434 422 415 405 407 440 496 509 526 517 524 559 602 637 645 619 606 608 602 590 600 586 598 613 617 621 645
517 523 525 504 486 472 444 427 416 405 386 374 379 381 396 418 451 486 499 469 493 523 548 551 521 485 459 459 505 541 537 500 477 519 566 607 618 593 549 529 569 594 560 490 462 485 512 566 610 655 678 664 655 645 618 601 598 594 590 591 588 580 563 537 545 573 563 556 553 536 514 492 470 437 423 418 403 406 436 524 550 514 478 501 545 591 628 644 634 619 641 637 632 637 622 604 601 600 585 612
469 491 508 505 481 449 434 425 411 395 380 421 403 380 387 407 438 467 458 452 475 497 531 550 528 490 458 462 511 535 520 481 482 534 571 590 583 573 552 516 554 576 546 485 460 527 555 561 579 627 667 646 653 659 652 637 621 605 589 585 582 578 577 575 585 612 601 591 573 544 515 492 464 436 423 418 409 403 414 487 509 469 463 502 546 602 618 580 556 565 605 644 662 667 641 599 570 574 551 577
439 445 465 489 485 448 423 399 388 386 447 491 459 426 401 391 418 436 439 483 508 529 539 539 509 476 453 452 488 506 499 465 493 546 562 566 553 547 529 508 549 584 563 492 454 502 521 557 608 656 660 613 610 644 677 670 640 612 581 568 568 569 588 595 608 628 616 602 579 548 521 494 462 434 422 417 413 408 403 428 441 435 449 479 531 589 588 521 533 577 606 632 652 661 645 587 536 532 516 533
422 415 419 445 465 432 398 417 426 461 507 498 471 444 412 396 405 429 475 510 529 531 520 525 522 491 464 444 457 472 468 458 510 542 532 547 527 514 497 515 553 584 570 508 459 459 522 558 602 638 646 612 565 616 654 668 655 620 583 558 546 568 588 595 610 629 622 604 578 553 532 507 469 436 424 419 415 410 405 401 406 413 427 452 500 554 541 496 558 601 615 616 610 623 639 608 574 536 508 488
441 429 412 412 425 404 443 512 527 523 501 472 451 434 415 401 400 438 487 502 502 500 495 520 534 515 487 457 439 448 450 489 525 525 508 523 503 480 502 545 586 604 575 523 469 449 490 531 591 600 606 602 555 577 574 627 666 638 597 562 534 553 571 582 606 622 616 602 580 554 529 503 471 441 430 422 420 416 408 403 398 399 412 428 457 497 492 487 551 573 592 592 565 599 629 623 597 582 544 479
486 457 433 414 404 400 467 527 553 546 518 492 463 437 420 408 398 424 460 470 466 471 489 520 545 538 506 477 452 435 463 505 532 521 489 487 472 497 524 552 599 600 540 500 469 445 462 525 571 557 554 570 540 526 580 642 677 660 612 564 526 535 552 582 609 609 596 591 583 560 519 484 467 455 445 431 419 414 411 409 400 397 398 411 427 445 452 494 532 537 558 546 556 598 611 606 540 553 543 472
492 458 440 442 435 419 445 487 524 549 536 506 480 450 427 414 401 411 433 440 465 497 517 535 554 551 521 493 462 434 459 502 536 524 482 458 479 500 517 544 584 584 551 535 501 461 448 515 548 523 505 542 525 503 586 649 669 670 640 590 540 511 534 578 600 588 571 577 586 567 525 488 488 488 474 451 428 419 414 409 406 395 395 403 416 428 442 479 508 503 510 532 580 599 594 599 523 497 500 464
478 458 463 472 454 437 441 465 489 518 525 500 477 457 437 417 404 403 418 461 480 496 511 517 536 551 530 489 457 433 450 493 515 503 469 458 473 486 516 562 588 584 573 565 529 475 439 496 531 510 483 528 514 491 562 610 634 661 665 628 573 521 513 564 575 560 549 571 583 560 523 514 525 528 501 464 443 437 432 417 408 396 393 395 411 422 437 453 466 478 527 576 600 574 575 596 546 473 457 453
477 468 479 498 471 452 446 459 483 500 501 488 466 450 439 423 409 402 408 440 455 462 473 491 525 540 519 487 463 439 437 468 473 459 447 463 487 517 551 577 573 563 559 557 546 496 446 453 489 493 475 523 510 476 533 566 568 627 667 654 608 538 497 539 542 528 537 556 556 527 505 530 543 537 504 476 469 473 456 424 406 399 393 393 408 415 426 435 453 492 543 579 568 535 585 606 540 463 446 448
478 475 488 496 476 465 457 461 485 494 483 472 456 444 435 424 412 407 403 413 430 458 487 507 523 538 534 520 495 453 427 438 437 441 470 498 525 550 562 559 546 528 545 571 572 530 467 434 440 460 468 522 507 471 531 554 523 576 643 651 606 528 476 511 508 511 529 529 508 479 489 535 546 542 526 510 501 498 463 421 405 394 392 394 407 423 436 439 451 481 509 533 513 521 573 567 494 443 447 492
482 483 500 486 465 461 457 467 495 494 477 462 459 461 448 435 421 413 406 405 423 472 517 514 508 526 542 537 504 465 431 421 435 475 509 542 558 552 538 523 511 527 579 596 583 549 511 475 435 431 466 510 503 460 509 546 508 549 600 616 572 501 456 475 488 510 529 512 476 450 480 523 542 546 548 534 509 486 455 418 400 392 391 397 419 445 466 472 468 465 470 477 469 500 522 499 450 441 499 572
