# 100 100
885 927 920 861 888 851 799 760 704 664 642 649 659 676 684 682 715 788 818 728 683 684 720 819 871 872 878 861 770 780 833 884 893 894 888 846 762 714 674 648 627 608 584 561 541 523 505 467 415 365 327 320 320 359 416 458 494 504 495 472 429 364 307 272 251 247 248 248 257 251 241 237 237 244 243 242 244 243 241 241 238 230 241 248 262 273 275 277 286 290 289 287 274 252 227 215 214 218 225 233
864 932 940 922 895 825 794 748 697 663 663 682 711 736 740 719 730 802 804 705 666 654 686 764 857 872 870 882 825 838 870 894 888 836 819 807 734 699 684 664 657 647 623 602 587 580 561 518 444 391 344 320 320 335 389 435 459 466 458 432 384 323 274 252 246 265 269 269 265 265 264 258 248 239 236 234 233 233 234 234 238 247 259 281 302 316 326 334 336 328 322 317 290 238 217 214 221 230 237 254
844 918 952 925 855 825 788 737 697 680 697 732 777 809 798 750 748 813 803 702 650 620 655 717 798 802 754 811 870 865 887 896 849 750 738 739 689 648 635 634 639 648 653 645 623 603 567 520 456 402 364 330 311 315 368 417 424 413 399 382 344 300 257 243 261 293 310 318 323 323 313 293 273 260 255 250 247 247 248 250 259 278 306 331 355 370 385 380 362 344 330 294 247 220 215 217 226 240 253 272
826 889 947 882 848 817 777 731 712 717 737 788 842 834 749 686 675 732 805 711 640 600 617 671 741 752 712 737 821 879 896 888 826 733 700 701 692 645 599 572 576 594 615 611 594 579 541 494 449 401 366 340 312 299 351 418 420 406 379 345 318 288 253 242 276 327 342 352 367 374 362 343 319 289 268 260 256 256 263 278 301 326 348 372 405 417 419 402 369 332 286 246 224 219 217 220 237 259 272 291
810 861 926 897 850 800 763 749 762 765 773 831 862 755 674 618 606 657 761 738 650 598 584 624 689 725 682 691 760 852 889 875 817 725 673 642 656 640 593 550 527 534 539 534 523 517 508 477 437 390 357 330 308 295 349 431 437 425 405 362 323 283 252 242 279 350 379 396 408 411 403 380 349 317 289 268 264 268 290 310 324 339 355 374 398 413 403 370 327 281 241 225 221 219 219 233 263 281 300 311
818 862 922 956 895 843 828 835 832 803 813 871 838 724 666 611 580 613 714 756 690 619 568 582 639 686 654 645 716 804 852 822 771 728 671 611 586 591 570 535 499 482 477 471 462 465 460 447 412 369 346 324 300 291 358 453 463 448 415 371 331 285 260 246 271 333 386 413 432 435 424 397 364 332 306 281 267 269 293 307 314 319 326 336 349 367 346 307 267 237 225 223 222 222 230 262 287 310 332 338
829 868 929 982 961 940 929 897 826 776 815 886 837 727 674 619 564 571 657 749 720 649 578 548 588 634 625 606 673 748 793 763 703 687 664 616 569 536 530 509 484 453 440 428 414 405 392 379 361 345 331 311 296 292 360 460 476 448 405 365 327 288 257 244 265 301 361 393 414 433 432 413 388 355 318 286 270 261 267 278 288 293 295 296 298 304 278 248 232 227 226 224 224 232 259 290 314 349 370 376
836 867 867 863 912 990 957 813 725 678 698 753 798 752 688 629 565 543 597 696 746 672 600 536 545 579 589 576 627 693 746 751 704 635 598 588 566 533 495 470 447 429 426 419 409 408 407 407 401 385 359 317 294 293 359 451 480 438 394 361 324 284 251 244 261 279 324 356 369 387 398 402 402 379 331 290 268 262 259 257 262 264 266 265 263 259 242 233 230 228 227 226 232 259 292 318 352 389 413 425
830 793 758 778 840 937 917 794 717 664 649 676 748 776 728 658 587 536 555 630 721 708 626 550 510 533 550 548 591 639 704 740 714 662 600 551 525 509 485 462 461 468 475 476 472 472 472 470 455 409 366 320 293 288 339 433 468 430 385 349 310 273 253 247 266 269 286 308 326 342 350 358 393 392 342 305 276 266 261 255 252 249 248 247 244 241 236 233 231 230 229 233 256 287 319 351 396 430 463 487
746 719 720 734 802 889 902 799 743 686 637 641 713 762 756 685 607 541 530 591 673 728 651 581 506 498 510 528 565 599 654 713 716 680 620 573 532 501 506 525 527 528 526 522 514 505 493 477 451 403 359 317 291 279 314 403 442 410 370 330 284 252 245 245 267 271 277 285 293 302 311 325 363 383 349 324 294 277 270 267 264 257 249 244 243 238 235 234 233 233 234 249 278 311 343 387 435 474 516 538
734 696 693 695 764 841 877 823 755 712 649 618 673 730 756 698 623 550 517 566 641 707 669 603 533 474 478 500 539 574 606 659 697 681 630 588 551 548 565 581 577 568 547 523 497 468 439 415 399 377 343 312 290 277 285 325 363 373 342 292 255 246 245 246 261 269 277 286 297 307 319 320 333 362 361 352 343 338 330 319 307 297 283 266 249 237 236 236 236 236 247 270 305 334 368 417 467 521 569 571
740 673 667 663 718 779 825 843 784 718 654 604 638 691 724 690 629 554 502 540 614 661 676 628 564 491 453 469 507 542 572 604 655 673 640 610 596 595 605 611 595 567 532 491 445 415 396 386 369 350 332 310 296 284 271 279 296 308 291 258 246 246 245 249 267 280 290 302 315 324 328 324 330 349 384 399 401 409 406 393 365 336 313 291 267 242 239 239 239 243 266 296 333 361 396 443 504 567 610 605
669 651 639 636 684 720 764 811 814 719 655 593 600 658 694 684 627 552 492 513 581 631 667 653 593 529 456 442 469 505 538 578 612 659 657 652 660 656 637 614 582 554 514 465 430 425 436 434 410 375 339 314 298 283 272 264 264 269 260 253 248 247 245 249 278 296 309 325 335 336 334 328 334 337 396 438 446 454 443 427 400 362 327 301 274 248 241 242 242 253 283 323 359 390 433 483 542 599 641 647
609 606 597 600 652 679 709 771 816 730 655 593 556 612 662 678 624 543 481 492 552 611 651 662 619 559 493 431 436 465 510 562 601 642 680 691 692 668 633 603 573 543 501 476 474 471 485 477 448 405 362 328 302 283 274 266 260 256 255 252 249 246 245 264 297 315 335 350 348 341 333 323 323 332 383 440 472 482 465 447 416 365 331 306 280 256 244 245 245 258 298 341 381 417 471 523 577 627 670 692
577 566 546 559 626 639 678 742 814 743 665 595 531 548 608 648 615 533 476 473 527 592 643 660 634 586 521 455 412 435 481 539 587 613 651 674 672 649 621 597 570 543 530 528 523 516 514 493 462 417 369 334 310 291 280 270 258 255 252 251 248 246 248 283 323 348 367 366 353 338 322 313 320 339 376 427 469 492 477 456 399 354 323 302 281 263 250 248 248 262 308 354 389 428 479 530 585 637 680 720
550 527 512 527 586 604 668 718 784 761 681 608 539 501 531 574 589 530 475 456 498 565 635 649 638 603 544 477 415 408 452 508 560 583 602 621 629 627 611 598 583 576 577 572 558 542 522 492 452 408 367 339 315 295 281 271 257 253 251 250 247 246 259 303 363 390 387 368 350 330 311 307 320 344 378 427 468 489 480 445 382 338 319 304 281 264 255 250 252 261 293 325 365 407 444 485 537 601 657 713
535 499 492 493 532 582 635 686 738 769 704 647 572 506 480 507 529 524 479 444 468 512 568 614 625 607 561 493 434 390 420 470 517 551 568 583 591 592 587 587 586 588 591 587 569 546 522 487 447 406 378 348 319 294 276 272 263 252 250 248 247 249 280 330 408 413 386 361 344 321 305 307 332 355 388 443 478 492 478 436 377 347 338 314 290 277 268 257 255 262 282 319 351 376 404 434 476 554 633 689
530 486 466 468 506 556 608 656 718 760 725 687 631 547 489 461 479 493 481 447 439 468 495 534 574 577 560 504 447 397 394 431 480 515 534 553 562 559 551 554 555 555 558 560 550 536 515 487 455 423 389 352 316 286 270 266 251 251 248 247 248 267 307 362 442 415 377 353 335 316 301 311 347 377 401 438 480 497 486 457 406 381 355 336 319 296 279 265 260 260 277 316 377 411 424 442 487 554 618 662
521 472 447 464 527 601 660 685 708 719 697 694 683 615 530 475 445 455 468 456 429 436 450 468 489 506 518 502 447 405 375 404 453 480 489 511 536 523 496 497 502 501 499 508 508 515 508 487 461 421 379 342 303 274 257 251 248 248 247 247 259 291 338 407 460 408 371 349 329 309 299 316 355 395 416 428 453 486 494 483 459 429 401 378 349 315 292 277 271 263 277 301 363 425 447 477 517 549 575 601
488 456 433 464 545 628 653 672 688 670 634 654 693 672 585 506 458 427 439 450 437 413 421 426 437 445 450 461 440 405 375 372 411 440 444 469 518 505 456 424 423 424 422 430 452 466 464 457 435 396 355 314 279 259 250 249 249 248 248 249 280 330 379 451 463 401 364 340 318 300 299 318 353 378 383 394 414 452 490 503 498 482 462 415 360 325 302 313 307 271 278 297 336 404 451 479 491 489 497 540
467 441 423 459 524 557 565 627 674 656 580 592 663 681 621 538 477 440 410 420 423 414 396 397 408 409 411 409 411 399 379 354 379 400 406 424 466 477 441 394 373 369 364 368 377 385 384 379 368 350 316 280 259 251 249 249 249 248 247 265 318 367 424 489 452 389 350 323 302 296 299 319 340 349 359 375 396 426 468 507 514 507 481 416 364 324 321 363 362 293 276 298 326 381 434 454 444 438 475 537
445 430 414 432 466 494 534 632 662 615 541 536 593 611 589 550 488 451 415 393 397 396 391 377 388 388 388 388 383 376 369 350 351 366 376 387 407 431 430 397 363 346 338 336 336 335 334 334 328 308 280 256 249 248 248 248 248 246 256 289 346 393 470 506 431 374 335 307 296 295 300 315 327 345 371 398 418 440 471 515 527 520 496 435 367 329 347 410 410 316 280 304 324 360 403 420 405 447 489 545
415 418 413 409 429 464 520 581 614 562 513 491 504 510 502 493 479 455 418 395 379 372 371 366 370 373 372 372 372 367 357 350 333 348 354 358 371 390 402 394 369 344 324 314 313 312 310 302 293 274 253 248 248 248 248 248 248 256 274 310 353 412 489 473 402 356 320 297 294 296 301 312 330 355 395 441 457 461 486 532 543 533 509 431 363 336 379 459 431 330 281 307 326 346 366 373 400 450 491 546
395 393 400 404 406 435 454 490 537 526 492 470 458 465 462 451 442 431 417 403 389 375 361 353 353 359 361 362 363 361 351 344 335 329 343 342 344 357 367 367 359 345 328 308 298 292 289 279 266 251 250 249 248 248 248 247 259 272 290 325 366 429 478 423 378 340 304 293 293 297 302 315 338 366 409 466 489 490 501 541 557 542 504 420 362 350 424 498 442 351 292 296 315 331 351 382 397 426 466 517
388 381 382 389 398 395 413 430 448 457 452 442 434 436 437 430 421 416 411 404 396 385 370 355 342 343 347 354 358 361 357 340 328 320 334 336 333 328 337 340 335 324 310 298 286 276 273 268 253 251 250 250 249 248 252 261 274 287 306 335 375 435 439 389 356 323 296 292 292 295 300 315 339 374 430 478 515 524 531 545 557 544 498 416 362 378 465 521 463 366 313 291 321 342 373 435 469 471 477 499
383 374 370 379 388 390 388 399 411 418 416 413 410 413 418 419 416 413 410 402 393 383 368 357 348 340 330 336 344 352 354 345 330 312 318 319 313 308 306 303 298 288 278 272 268 262 256 253 251 251 250 250 255 263 272 280 286 300 320 344 375 419 402 368 338 310 294 290 291 293 300 314 337 369 422 486 530 547 559 549 534 521 468 398 374 425 508 535 489 398 337 306 306 340 375 451 500 517 530 555
377 369 361 368 383 388 380 380 389 400 402 402 399 397 406 415 413 409 404 397 388 384 383 377 365 357 343 326 326 334 335 332 323 310 306 311 302 288 277 273 267 262 260 257 256 255 253 251 251 252 253 269 283 286 292 296 296 314 333 353 373 395 371 344 322 305 293 289 290 292 301 315 341 367 402 460 530 564 574 556 512 461 422 392 420 489 545 551 537 458 370 325 299 335 368 441 501 537 562 589
375 362 356 357 371 380 378 371 370 384 390 389 389 386 391 402 406 404 401 396 395 400 401 396 384 368 356 340 323 314 324 324 317 306 296 303 298 280 270 266 263 261 259 258 257 254 253 251 261 270 287 300 303 307 310 306 307 325 345 362 367 364 347 329 315 305 293 289 289 290 298 315 342 375 418 449 512 575 588 570 534 491 438 435 497 549 562 562 547 493 395 334 301 329 359 422 490 502 512 544
375 363 349 345 359 372 374 370 364 374 382 379 375 375 383 390 396 398 398 398 399 407 414 413 407 383 372 358 341 322 310 312 315 306 291 286 281 274 270 266 263 261 260 259 257 255 252 266 284 294 307 314 320 324 323 316 319 337 349 352 346 338 331 321 310 302 293 289 288 288 295 313 341 387 456 498 537 590 599 588 568 517 453 506 559 574 567 540 498 449 376 332 308 334 357 415 441 441 468 502
372 368 354 340 342 357 366 367 364 358 370 374 368 367 376 383 387 388 388 391 396 405 418 421 417 401 388 374 357 336 315 300 303 297 287 282 278 273 270 266 268 272 270 264 258 254 260 287 305 311 322 331 334 338 338 323 325 337 337 330 323 318 315 311 304 300 294 290 288 288 290 310 339 383 451 546 583 611 617 604 586 538 504 555 581 576 551 491 424 393 362 324 313 335 356 386 410 463 507 531
360 366 356 342 332 341 354 358 354 353 353 362 358 356 365 377 385 383 383 385 391 402 415 422 422 414 403 388 372 349 324 302 289 288 281 278 275 272 269 277 289 288 279 268 257 255 274 298 320 325 334 343 349 350 339 327 324 323 318 311 304 303 300 296 296 296 292 289 288 288 289 305 335 369 422 505 585 623 635 619 601 579 572 565 549 521 474 422 383 367 351 322 318 327 350 375 424 486 529 552
332 349 349 342 332 328 338 348 351 347 341 347 347 345 354 367 373 372 374 385 395 406 415 421 426 422 413 401 388 367 339 316 291 281 278 277 275 271 279 297 302 293 278 266 255 266 277 301 329 345 349 355 364 352 339 326 319 312 302 295 292 291 289 288 288 288 288 288 288 288 290 309 335 360 397 445 521 598 633 634 616 606 587 513 458 435 405 377 353 340 328 315 330 335 355 376 408 457 517 542
322 326 335 337 331 322 321 325 332 336 329 332 333 334 343 357 362 364 381 396 400 406 414 418 421 420 414 405 396 380 356 332 305 277 276 272 272 277 289 302 300 289 273 257 267 272 281 302 331 356 365 368 368 354 338 325 316 305 296 293 291 288 288 288 288 288 288 288 288 288 294 315 335 355 385 417 468 546 623 643 632 621 587 481 422 403 378 356 361 367 362 331 329 345 350 371 391 425 478 494
332 319 317 322 321 315 310 310 312 317 322 327 323 322 328 344 353 365 398 402 400 403 412 418 417 412 407 401 394 382 359 330 297 273 271 269 271 280 290 295 293 282 261 270 275 278 285 303 334 361 369 379 371 350 332 321 312 301 296 299 294 288 288 288 288 288 288 288 288 290 302 324 340 354 381 416 480 566 626 648 642 632 596 487 419 394 368 370 395 416 400 359 328 342 353 371 384 400 423 440
348 332 320 312 309 305 302 301 300 299 307 318 322 316 316 330 346 378 404 402 396 398 409 423 423 412 403 401 399 391 368 335 292 268 266 266 266 275 279 280 277 267 263 277 278 280 286 306 330 350 367 389 366 339 323 317 311 300 294 299 296 290 288 288 288 288 288 288 292 299 313 329 339 351 374 419 503 572 602 629 644 628 547 456 408 383 374 397 435 500 457 387 339 339 356 386 417 424 448 454
365 352 339 328 320 317 317 317 308 296 293 294 305 310 305 319 352 381 383 379 379 393 402 406 399 385 375 374 376 372 366 333 280 263 262 262 261 267 271 267 263 258 264 273 277 279 286 303 323 348 371 378 351 330 320 317 313 303 293 292 290 289 288 289 290 291 291 292 302 310 319 329 338 349 368 404 458 499 532 607 638 598 489 429 397 381 402 434 461 539 508 413 348 342 359 385 421 465 504 528
388 373 359 348 344 354 356 350 334 311 297 288 291 296 298 313 343 367 364 357 364 377 372 362 345 322 304 309 313 307 302 281 263 261 260 261 273 272 264 261 261 266 273 278 283 284 289 303 326 348 369 369 343 327 320 317 312 302 295 293 290 289 288 290 292 294 296 300 312 318 325 333 340 350 369 392 425 447 494 573 630 559 462 419 390 403 445 506 511 563 502 415 356 353 366 397 452 514 553 570
405 385 371 360 357 363 372 369 349 326 311 298 289 292 293 305 320 334 334 331 351 345 328 308 287 268 263 262 265 265 265 263 262 260 261 275 285 284 276 277 276 278 284 291 296 297 301 310 318 328 344 364 346 334 331 328 320 309 302 297 291 290 289 290 294 297 300 307 314 323 329 336 344 355 371 387 405 429 467 538 606 518 449 406 403 441 503 588 599 596 495 414 364 357 376 403 467 542 583 593
402 374 353 343 345 349 354 362 356 337 320 311 299 286 287 296 306 310 308 311 328 315 288 272 265 264 264 264 264 263 262 261 264 266 270 275 281 287 283 284 288 291 296 304 311 321 322 324 325 328 335 361 363 354 346 338 327 315 305 299 297 294 290 290 293 298 303 309 314 324 332 339 347 356 368 381 399 426 467 540 573 493 432 407 435 495 579 646 648 615 507 423 367 369 385 407 445 495 532 582
395 370 347 329 319 320 327 339 347 337 322 314 308 295 281 282 288 295 294 292 289 277 265 265 265 266 266 267 273 273 272 273 278 280 279 281 278 282 294 311 322 319 316 323 325 331 336 340 346 352 354 366 368 363 353 343 329 314 305 302 300 295 292 290 293 297 308 314 315 325 332 340 347 355 364 377 392 415 457 530 547 473 423 426 474 556 653 674 621 552 502 424 372 376 400 428 464 502 551 602
385 360 335 317 303 296 297 301 310 313 313 308 298 291 285 277 277 276 277 277 270 266 265 266 267 268 280 295 305 298 289 285 287 286 289 289 284 290 312 339 351 340 335 338 337 341 348 360 385 379 375 373 362 351 340 331 320 308 304 303 302 298 296 292 292 296 308 317 324 326 330 338 344 353 364 375 391 411 441 479 510 453 434 456 518 616 692 669 591 492 442 405 367 389 411 457 534 584 612 634
351 333 319 307 290 280 281 283 283 289 300 303 300 293 285 278 274 272 270 268 266 266 267 268 269 281 306 347 350 334 312 299 295 293 291 287 285 299 318 340 350 349 351 356 348 347 359 374 392 382 381 378 359 345 333 324 316 310 311 316 313 305 301 296 292 297 309 324 334 337 336 343 351 357 366 377 390 407 431 465 492 464 464 500 569 662 699 651 560 471 417 388 375 400 418 472 534 563 582 622
340 324 312 292 290 296 285 277 279 278 281 289 291 292 288 283 274 270 269 268 267 266 274 272 279 294 328 369 370 352 329 311 308 304 300 293 288 305 330 353 363 377 380 380 365 361 373 385 394 374 360 364 361 349 333 321 316 319 330 335 323 307 303 299 292 298 317 335 344 344 341 347 359 368 373 381 393 413 441 474 510 498 499 541 618 689 681 593 514 449 413 385 387 404 420 443 463 493 535 576
339 329 313 292 320 325 319 297 279 276 276 276 275 276 277 273 271 269 268 268 267 270 277 282 289 310 338 358 346 335 325 316 312 314 308 299 292 318 341 365 379 392 400 399 389 387 395 400 406 376 353 348 348 344 334 322 322 336 350 340 322 309 306 301 295 301 327 347 354 352 350 349 366 383 388 388 400 418 451 488 537 548 545 593 665 689 627 547 480 432 409 388 399 417 435 455 485 546 610 643
338 327 313 289 328 369 366 343 314 289 277 276 280 278 274 273 271 269 269 271 277 281 279 290 303 321 334 338 329 323 319 315 311 310 303 293 301 330 354 380 402 412 418 418 403 397 395 394 394 382 359 345 340 335 328 323 333 357 357 337 322 310 304 299 294 305 338 367 368 362 354 352 369 386 397 400 411 428 454 492 543 616 633 667 697 643 558 492 452 422 400 392 412 429 451 485 542 619 666 688
343 330 316 295 310 369 393 378 345 311 290 282 280 277 275 275 282 289 295 298 295 290 288 287 303 317 322 323 314 309 304 303 301 301 304 296 306 339 368 398 427 435 428 423 408 394 381 377 376 378 370 353 343 336 328 327 346 359 350 333 318 306 295 291 291 315 344 381 380 371 363 359 369 377 393 406 422 448 473 504 555 635 714 720 664 583 514 469 435 411 402 399 419 439 465 502 578 660 694 729
311 311 305 291 308 360 410 406 372 332 299 287 286 283 284 292 306 317 318 315 307 301 300 298 288 311 313 311 312 309 307 307 307 306 301 295 312 343 377 409 421 429 431 427 416 403 391 384 374 363 357 350 345 340 332 333 347 349 340 328 317 309 297 286 295 325 348 386 390 383 375 373 368 375 388 402 420 440 465 502 550 606 689 694 605 538 485 451 427 415 421 407 421 439 475 530 581 644 705 751
285 292 295 308 323 350 398 409 352 312 296 299 305 302 309 314 319 328 328 324 317 312 311 309 292 312 313 314 316 315 313 310 310 309 302 298 315 348 373 388 395 411 424 426 412 401 395 390 382 370 357 345 336 333 329 333 337 333 324 308 302 304 300 289 302 326 350 375 383 389 393 395 388 385 402 410 418 433 458 495 529 562 615 638 563 511 471 437 432 447 441 421 419 440 466 530 612 686 711 746
289 305 312 320 330 349 381 376 319 302 309 319 325 329 334 341 351 350 338 328 322 321 318 313 294 305 316 316 316 313 311 311 311 306 302 304 313 338 364 366 377 399 417 416 405 395 391 389 379 364 355 349 342 341 334 324 320 314 309 300 292 290 287 295 312 328 343 351 354 373 404 414 406 404 416 430 441 450 471 497 506 527 563 577 534 493 460 443 468 490 464 439 423 439 462 506 586 669 694 708
288 301 319 331 338 342 347 336 308 313 324 333 343 357 369 378 388 376 353 338 331 326 321 314 304 305 319 319 318 319 321 322 323 319 312 313 325 331 338 351 378 398 404 406 400 392 385 384 376 359 348 346 346 342 331 325 314 303 299 298 303 306 302 293 309 326 331 331 333 351 385 407 415 421 430 442 458 469 472 473 478 500 526 536 505 481 460 476 504 537 492 455 431 438 459 487 549 610 620 648
296 291 310 325 333 333 327 313 307 323 335 342 360 392 410 420 414 395 366 348 335 324 317 311 297 319 329 331 332 334 336 339 343 337 330 325 326 329 335 346 371 400 426 429 412 398 386 373 364 352 342 341 341 332 320 313 306 304 310 318 325 320 312 300 291 309 317 317 320 337 360 382 394 414 435 442 456 466 460 454 462 478 486 496 482 466 463 492 529 565 510 471 459 442 455 476 506 542 557 600
307 293 296 304 310 317 322 316 319 335 342 347 363 410 454 441 408 381 364 355 342 324 317 317 301 323 342 351 348 351 354 354 353 353 346 336 328 326 334 347 366 392 431 449 429 405 389 380 372 355 338 329 326 322 313 308 314 331 343 344 331 319 308 297 287 284 302 304 308 326 344 360 367 391 423 430 442 449 446 442 450 455 462 468 455 447 459 481 506 531 536 529 502 472 458 464 476 494 513 534
319 298 300 307 310 310 316 327 332 344 351 354 365 401 448 430 395 371 357 346 336 326 324 319 300 326 348 359 360 372 373 369 367 364 357 346 339 335 339 352 370 400 439 454 433 406 382 377 372 354 338 327 317 311 305 308 341 358 354 350 329 313 299 288 281 276 278 288 299 316 328 340 355 378 402 413 428 432 428 435 442 439 445 443 437 444 453 467 486 506 538 591 577 521 501 496 498 508 526 545
316 301 313 319 326 328 334 343 349 350 353 362 373 392 405 373 354 352 349 340 334 328 322 307 300 320 344 355 364 373 377 377 376 371 363 353 346 342 342 346 368 413 454 449 429 405 376 367 364 349 333 322 314 304 297 303 330 334 325 319 308 302 298 286 287 287 278 276 287 300 312 325 346 368 385 400 415 417 416 426 427 427 431 423 434 440 441 460 481 491 512 564 608 574 578 559 553 599 619 619
327 307 330 354 363 356 355 359 363 360 358 358 362 371 369 348 336 334 335 331 319 308 308 319 324 318 339 362 372 380 385 390 392 387 376 363 354 354 356 351 362 405 442 446 419 392 372 362 355 347 339 324 309 299 294 293 300 304 303 298 291 284 287 296 307 302 290 274 280 290 301 319 341 361 373 385 402 405 411 416 408 412 412 422 429 423 432 453 466 472 488 520 550 576 627 638 646 690 725 701
321 311 350 381 390 388 386 385 384 376 373 364 356 350 348 342 336 331 324 311 307 319 332 333 332 325 330 364 381 384 386 394 406 406 398 383 369 367 373 366 359 378 398 412 409 387 370 363 362 369 382 358 328 310 299 293 291 290 289 285 285 289 300 315 324 313 299 275 282 295 301 315 343 352 361 371 388 397 411 402 391 395 404 419 417 414 432 443 452 456 471 486 503 529 567 626 682 717 754 770
312 331 369 394 411 416 421 419 408 398 393 385 374 362 346 334 327 319 314 324 330 333 341 342 338 330 324 348 368 376 379 393 403 412 410 399 390 390 392 384 370 363 368 375 378 379 368 360 362 377 407 384 343 321 305 297 294 290 289 287 288 298 318 343 338 323 305 280 281 292 296 320 349 369 378 384 390 400 404 390 381 391 404 411 405 410 422 428 436 449 461 474 485 497 523 560 586 616 675 751
321 344 358 379 408 432 452 452 432 420 410 396 384 373 362 347 330 315 336 337 340 345 351 348 341 333 326 334 350 365 378 398 410 418 412 400 391 400 400 388 373 361 354 356 360 360 358 360 367 374 386 383 355 331 311 308 314 308 301 299 296 298 320 353 351 332 309 283 277 286 299 317 352 374 386 395 397 397 394 383 376 391 399 398 396 405 418 426 435 443 456 467 471 481 496 510 522 546 594 669
337 355 364 370 393 435 470 472 452 435 421 406 390 375 358 338 320 327 349 346 352 353 356 353 345 338 332 336 358 368 381 399 413 415 411 403 387 383 386 385 381 370 357 348 347 353 357 362 367 368 365 360 352 337 320 323 328 319 324 324 307 301 318 352 364 338 308 292 274 280 299 311 330 352 367 378 384 381 381 377 371 385 385 377 388 412 425 431 431 435 449 455 456 469 478 490 533 568 592 630
340 374 396 399 400 436 474 485 462 449 434 416 398 382 364 340 321 341 349 353 361 360 356 354 354 352 342 341 361 377 387 400 418 417 407 399 387 380 373 371 377 372 362 350 340 349 359 361 361 361 358 352 346 336 328 339 340 337 353 335 321 312 328 368 368 338 307 299 294 274 294 307 314 328 339 351 361 364 362 366 365 374 362 378 408 424 430 430 421 431 440 439 447 454 464 507 565 647 682 721
338 371 403 429 422 445 476 481 462 444 432 418 404 393 377 349 328 330 353 358 361 358 354 354 358 360 348 350 356 372 387 399 416 420 414 408 393 383 370 357 358 358 353 345 336 347 358 359 356 360 357 359 358 347 348 375 360 367 374 343 329 332 353 374 362 330 303 299 301 277 285 299 306 314 319 327 337 345 343 347 352 359 355 391 411 422 426 416 409 420 419 426 436 443 465 515 575 657 722 774
335 362 403 447 444 460 476 468 443 423 409 398 390 382 364 341 329 324 345 354 355 358 353 350 350 348 351 361 370 378 392 400 409 408 410 412 405 394 379 361 343 340 339 334 330 339 351 347 346 355 365 378 391 366 375 400 388 403 383 350 339 353 364 363 350 322 300 293 299 285 270 294 301 307 310 318 322 327 325 325 333 338 357 378 392 408 409 391 393 412 431 452 463 459 473 524 565 606 659 725
349 375 413 458 457 471 471 450 431 417 406 403 392 376 356 341 335 329 344 349 355 363 358 354 349 352 357 367 383 380 378 390 399 391 396 405 407 401 389 368 350 337 323 323 324 333 340 338 334 338 358 391 415 396 392 418 421 420 387 358 346 351 354 344 326 311 296 285 295 292 272 285 293 297 304 316 318 309 313 317 324 324 347 352 365 384 380 386 414 433 449 457 467 474 485 520 562 633 723 781
364 378 405 443 477 482 468 450 438 435 426 417 405 382 365 354 354 344 341 356 361 370 365 362 358 354 355 357 362 362 364 370 375 371 379 394 397 397 394 373 352 341 327 315 315 330 334 327 322 325 338 367 410 424 415 434 438 420 386 366 354 348 341 330 313 296 287 279 283 289 272 269 286 287 294 308 312 303 314 320 306 313 328 353 361 365 381 392 402 416 430 447 464 476 489 508 553 624 716 802
373 383 408 446 489 489 474 464 448 436 424 414 398 396 385 370 363 349 337 364 367 373 378 381 381 376 371 368 364 363 367 371 361 352 349 357 373 382 381 366 354 342 326 311 302 303 308 305 304 312 322 346 390 419 422 434 434 419 393 372 360 345 331 314 303 292 282 274 270 273 274 261 279 282 281 295 300 293 299 305 306 326 340 365 397 412 419 425 429 435 439 442 454 468 481 500 538 585 648 746
414 413 440 462 494 499 489 475 454 432 421 418 422 423 399 379 356 339 342 369 376 388 400 404 403 397 389 384 378 374 381 392 381 370 367 350 339 344 355 357 351 342 327 314 301 293 290 288 292 296 304 325 350 370 377 392 406 402 382 361 351 341 331 319 305 291 289 281 274 265 265 260 263 270 272 285 294 288 282 291 308 313 321 336 365 397 404 409 427 441 455 463 466 471 484 501 526 566 623 672
454 448 470 491 499 503 493 473 452 445 447 449 449 433 399 376 362 337 348 361 375 397 412 418 414 406 400 394 393 390 389 405 402 402 397 381 363 343 327 327 331 331 324 315 304 297 293 290 287 284 286 299 318 328 331 338 344 350 340 336 333 328 324 320 307 293 290 280 274 266 261 259 255 256 262 276 284 283 280 299 301 309 315 324 335 360 378 410 430 445 456 466 476 480 490 498 511 543 583 600
469 482 497 512 511 495 477 462 462 471 473 473 461 428 389 366 348 346 374 380 393 406 419 426 420 414 414 407 406 405 402 412 415 419 420 411 399 373 346 328 318 316 312 307 316 327 326 312 300 287 281 283 290 298 303 307 309 310 307 313 319 316 310 304 298 291 287 279 269 266 267 268 257 251 253 261 270 270 280 288 291 302 312 313 328 345 378 405 425 441 457 468 473 475 485 485 496 515 547 558
423 451 485 508 515 496 485 480 491 494 495 488 462 420 379 354 341 363 376 386 413 427 430 432 427 425 424 423 426 419 414 426 433 440 444 436 424 399 377 359 341 334 324 317 344 356 358 342 324 307 287 279 279 281 282 286 286 287 290 296 300 306 310 303 295 295 287 279 272 273 271 264 253 250 250 254 259 262 273 284 298 319 337 322 332 346 364 381 406 429 449 465 464 461 464 473 491 504 532 544
393 425 462 494 512 512 508 508 512 514 500 478 454 410 378 356 342 358 378 389 400 430 446 442 432 430 429 432 440 432 427 444 456 463 465 455 443 424 408 391 376 361 342 329 338 368 377 369 348 331 312 292 285 281 277 277 276 275 275 275 275 280 290 292 296 298 293 281 275 267 262 260 257 250 249 253 256 260 271 282 298 327 369 357 326 335 345 359 381 409 428 445 447 441 465 489 499 507 533 533
360 380 415 455 489 517 524 526 522 511 484 455 432 399 375 354 345 376 402 421 417 432 451 448 437 434 433 433 437 433 435 455 464 469 468 456 444 427 413 396 376 360 348 341 331 354 373 379 375 361 341 327 314 302 293 293 294 283 285 283 277 271 275 278 280 284 271 263 263 256 255 258 256 255 249 251 253 256 264 274 294 323 371 405 374 349 361 386 381 389 399 411 421 443 467 480 490 502 519 519
380 362 399 451 476 515 526 524 516 508 478 432 408 389 369 354 348 381 417 444 439 445 455 455 445 443 445 445 454 452 447 455 465 467 455 439 425 413 394 371 353 345 341 340 351 351 361 378 389 385 372 357 341 328 318 319 316 299 297 298 291 281 270 266 265 269 264 276 269 262 254 251 251 250 248 248 251 258 263 273 289 313 350 410 400 370 369 415 430 437 440 432 433 445 459 470 485 496 503 498
396 368 385 437 469 495 516 509 493 491 470 426 402 385 371 364 351 379 421 444 440 438 444 450 450 452 454 458 464 466 467 464 468 461 447 437 423 402 373 358 358 358 360 359 363 370 367 370 383 388 386 377 363 350 338 332 331 315 307 304 299 290 275 273 275 273 275 279 280 275 262 255 252 252 250 247 247 257 261 269 284 303 339 404 427 395 377 404 428 447 457 458 460 466 470 475 480 486 491 487
406 375 368 407 446 482 498 496 473 457 437 413 403 400 390 371 354 390 413 410 402 405 420 435 448 462 468 474 482 480 481 478 471 452 437 429 421 397 369 386 387 386 386 382 380 386 382 373 371 375 374 372 372 366 352 344 339 324 312 303 294 287 275 283 290 287 280 278 278 275 266 266 264 262 258 245 245 252 257 265 280 297 327 387 419 418 414 412 425 440 455 464 469 475 476 474 470 475 481 478
415 386 369 408 438 480 497 490 463 446 439 436 428 413 385 367 355 374 380 388 399 420 439 446 458 470 476 487 495 489 488 490 477 452 432 418 410 396 374 406 409 407 401 392 394 401 404 390 378 376 373 368 364 362 353 341 334 323 314 300 291 284 277 289 290 290 289 284 282 277 273 273 270 262 255 244 244 247 251 260 277 289 309 341 367 375 416 456 450 445 452 463 473 478 473 458 450 454 472 467
427 398 378 384 424 473 499 503 491 485 480 453 431 398 374 369 359 363 376 402 422 440 457 458 469 483 489 491 494 489 484 482 476 464 452 434 406 385 386 419 427 419 409 402 406 417 426 403 389 384 377 376 372 372 367 352 333 315 306 300 291 280 287 296 299 298 299 297 293 293 282 273 267 261 256 247 243 246 251 256 270 281 294 305 321 337 372 446 458 452 458 467 474 476 463 432 420 436 454 445
430 399 381 376 414 460 501 518 507 497 476 445 412 386 371 360 372 392 384 402 423 432 435 439 456 471 484 499 502 493 476 464 458 452 451 441 419 393 409 429 439 429 417 414 420 429 422 398 381 373 366 357 355 350 346 343 338 323 304 294 287 285 290 303 310 313 312 309 308 311 290 274 270 265 259 253 242 242 247 254 269 276 282 289 296 311 348 414 447 448 456 468 470 463 440 410 396 406 409 408
416 385 380 382 414 453 509 525 511 488 466 460 444 393 359 371 409 430 407 396 404 416 430 434 455 475 483 490 498 499 480 464 451 439 432 428 416 400 419 434 440 438 432 428 430 433 420 409 399 389 375 362 351 340 330 322 319 317 306 293 285 287 289 303 320 327 327 326 326 311 292 274 267 266 262 258 252 242 239 242 260 273 275 277 285 301 333 389 412 418 433 456 451 431 409 391 371 384 395 413
390 385 405 398 412 436 476 516 528 519 499 482 420 371 363 396 437 450 423 410 407 414 432 459 466 473 472 472 476 469 462 462 458 448 433 417 406 412 428 444 450 446 443 446 445 441 436 431 427 418 409 397 384 369 350 330 316 307 302 291 292 292 286 291 313 329 342 349 340 315 293 275 264 263 260 259 254 249 240 238 250 263 267 268 276 288 310 346 367 367 383 423 424 396 383 360 388 433 453 453
380 413 422 411 422 453 480 520 537 521 466 430 380 359 371 383 412 445 445 435 433 428 434 450 457 461 459 452 448 443 440 436 431 427 418 419 436 436 436 452 459 459 455 466 462 456 453 448 445 437 428 412 395 376 359 340 317 301 297 299 296 292 286 284 294 317 340 358 355 329 302 281 267 257 255 253 249 247 244 237 243 255 259 262 268 278 291 307 322 332 341 364 388 373 364 355 421 457 466 441
440 465 449 446 445 482 506 536 527 474 415 384 363 367 398 403 390 396 406 426 452 451 452 454 453 472 471 462 454 451 451 449 446 440 435 458 465 456 451 456 464 464 469 479 476 473 470 461 454 444 428 408 387 363 346 331 309 304 309 309 304 294 285 286 288 303 330 352 361 343 309 288 278 266 263 259 251 250 247 237 238 251 255 257 264 273 282 288 296 306 318 327 345 357 333 382 447 461 455 419
502 491 477 497 476 494 524 544 528 476 417 371 360 385 434 433 412 412 410 408 425 459 482 489 469 476 481 481 478 477 478 474 468 455 463 493 483 469 462 464 466 463 466 472 475 476 475 466 458 445 421 399 373 345 329 318 309 321 329 326 316 301 286 288 290 297 317 337 348 344 317 296 285 274 270 264 259 261 258 244 234 243 251 252 260 267 274 280 284 290 298 308 315 323 335 396 436 439 428 405
504 505 498 521 521 514 508 502 510 476 414 365 361 382 424 456 444 458 470 442 422 446 488 504 484 489 487 487 485 487 486 484 478 468 469 497 488 477 473 475 472 464 456 452 451 453 456 453 447 432 410 387 362 339 325 316 325 343 354 349 335 318 294 282 282 290 312 333 345 340 321 300 286 280 278 271 267 271 271 260 242 234 244 250 256 259 265 272 276 285 288 293 300 307 335 384 401 396 392 384
489 511 503 518 534 522 481 452 456 434 382 362 363 376 399 428 460 486 493 459 437 452 477 500 495 497 496 492 482 476 471 467 463 459 461 473 489 491 487 488 481 469 455 445 439 432 426 421 420 411 397 385 375 352 327 321 347 358 370 371 358 342 310 292 278 285 300 322 336 338 324 305 289 284 284 277 271 272 279 273 253 235 239 248 250 252 257 262 268 275 279 286 292 300 321 360 353 348 352 371
465 480 477 481 497 511 469 424 405 388 366 366 369 377 386 413 446 501 507 478 449 451 475 496 497 502 499 500 494 484 475 471 469 475 481 482 495 505 504 501 490 478 464 453 441 429 414 399 395 387 380 377 366 347 324 349 374 375 382 387 378 359 321 299 281 279 296 317 331 327 319 306 295 289 290 287 279 279 283 282 264 239 232 244 248 249 252 256 265 276 278 285 289 292 300 316 322 320 335 380
482 487 463 446 450 473 472 432 391 370 364 369 378 386 403 423 454 519 526 498 471 475 463 471 478 482 486 498 507 500 495 491 491 495 500 498 499 502 503 492 485 479 473 462 451 441 420 403 386 376 366 357 348 334 331 369 381 382 389 397 396 376 340 308 283 271 288 309 319 311 301 292 292 291 295 295 291 290 290 291 279 253 232 235 242 247 248 253 269 284 289 288 287 287 291 297 301 307 322 346
515 518 494 457 429 421 435 436 396 367 370 395 392 398 442 453 464 502 527 509 504 504 486 474 471 473 483 502 514 511 508 506 506 508 511 500 489 488 485 477 471 466 458 448 436 425 413 402 390 381 371 360 345 334 343 369 386 390 397 408 410 395 361 321 289 263 265 266 260 247 243 243 246 255 273 286 294 298 297 290 281 262 239 229 234 242 246 252 265 280 290 289 287 286 284 290 292 299 307 319
512 509 482 456 428 403 389 379 370 372 412 441 404 409 448 458 505 536 544 537 531 511 498 501 494 492 498 509 519 516 513 514 513 512 513 504 488 482 471 461 455 449 442 433 420 404 392 384 377 371 361 355 352 349 350 377 396 408 409 411 412 401 374 332 294 262 245 240 238 236 234 232 231 231 233 239 253 272 283 276 273 260 241 228 231 237 240 250 261 273 279 285 285 285 282 280 286 290 298 307
514 512 489 457 418 394 376 372 385 415 458 474 422 402 410 429 460 513 553 561 543 527 518 536 542 548 539 521 507 499 500 507 506 497 490 480 480 482 470 457 442 430 425 418 412 415 420 417 410 404 397 388 378 364 373 384 400 412 412 409 409 394 372 334 292 260 242 236 235 234 233 232 229 228 229 228 228 228 231 236 238 237 230 224 230 234 234 238 250 261 270 272 279 276 270 274 280 286 294 301
515 509 492 459 420 390 381 417 461 478 482 483 439 422 437 428 428 465 528 557 553 547 539 551 568 580 579 554 507 484 478 484 485 477 469 469 477 493 484 468 454 450 449 453 456 458 455 447 436 430 421 408 395 380 391 392 400 412 419 419 419 415 391 343 291 249 236 232 231 230 231 230 229 228 228 227 223 219 218 219 223 226 226 222 224 227 228 232 237 245 255 256 263 268 279 277 284 288 291 297
511 497 473 451 430 385 390 424 462 494 507 479 448 468 485 466 450 439 469 528 559 562 558 561 561 556 566 569 526 486 465 457 453 451 444 451 480 506 495 476 465 462 471 483 489 489 484 469 457 448 435 419 404 394 403 407 409 417 427 434 438 424 377 304 253 236 227 231 231 229 229 228 225 223 222 220 220 221 221 220 220 219 223 223 221 222 224 232 238 257 265 271 275 281 292 284 291 296 290 295
506 497 482 478 438 385 387 401 426 456 476 481 494 490 496 490 471 465 479 497 540 559 546 535 531 520 514 546 530 486 465 461 442 424 424 457 488 495 482 473 476 480 490 493 487 480 474 463 458 456 443 426 412 409 419 427 428 433 438 447 432 390 323 262 238 226 224 231 230 228 224 223 225 225 224 224 223 222 221 221 221 220 219 219 220 219 219 221 242 277 298 293 285 288 297 291 297 299 290 291
509 509 505 496 444 388 383 400 419 440 461 490 516 523 508 496 483 485 510 524 544 551 537 507 481 464 465 482 490 463 437 431 421 409 435 472 483 472 461 458 471 486 491 492 485 478 467 459 455 450 442 437 429 439 453 455 442 442 445 445 409 347 281 241 227 225 225 227 225 229 233 234 232 228 226 225 224 223 221 221 220 221 220 219 218 219 219 218 230 269 297 295 281 283 300 287 289 296 296 289
507 520 519 498 443 390 387 402 420 434 447 469 503 522 516 500 494 497 512 534 543 546 527 484 455 448 442 435 429 425 426 423 422 417 416 447 456 447 440 441 454 478 496 500 496 493 481 475 473 466 460 455 452 459 464 457 440 434 433 426 375 296 245 229 229 230 228 235 237 242 249 254 251 243 236 231 226 223 222 220 220 220 220 220 218 219 218 218 221 252 270 275 269 266 289 284 279 289 294 289
494 511 522 507 472 417 386 392 416 433 439 456 481 516 524 513 521 537 533 523 522 521 500 467 475 487 483 455 458 472 486 459 449 441 407 422 435 428 425 431 454 485 502 507 497 491 486 482 477 474 470 466 465 461 450 440 429 417 406 369 300 251 234 227 231 231 243 250 251 260 273 278 277 269 261 251 245 241 228 221 220 220 220 220 219 218 218 218 217 228 243 243 247 254 269 277 273 277 282 282
487 502 511 507 478 440 399 389 406 438 456 468 492 520 533 529 528 530 527 518 507 494 476 482 509 524 526 493 506 526 522 476 438 419 402 394 413 415 415 426 446 480 499 500 491 498 505 501 490 488 481 473 466 455 437 429 412 393 378 329 259 239 231 230 233 238 256 266 275 284 293 296 297 289 281 273 279 281 278 266 247 234 222 220 220 219 217 217 218 217 227 244 259 254 268 272 272 272 293 288
472 483 486 480 447 415 392 396 406 435 459 472 484 501 523 537 537 532 521 510 496 485 483 498 517 517 511 497 497 503 480 438 411 403 390 378 382 388 407 421 453 473 481 483 495 504 519 518 504 503 488 466 449 440 425 411 392 372 354 304 245 235 228 233 236 245 259 273 289 306 313 314 315 309 297 300 305 309 306 295 280 259 239 220 220 219 219 220 219 217 219 242 253 247 272 278 285 272 292 292
463 460 454 431 410 394 391 396 408 430 458 485 496 507 521 534 537 531 520 512 505 515 521 519 518 504 486 468 461 459 440 418 428 428 406 388 373 368 377 402 426 443 454 462 490 496 522 532 519 508 484 463 433 415 402 395 380 364 335 280 241 235 230 237 239 256 272 285 294 312 331 333 328 322 308 319 327 319 311 301 289 271 251 230 226 222 221 220 219 218 216 219 232 233 241 257 268 276 273 286
468 449 421 401 393 398 409 417 424 429 454 484 502 518 530 535 531 523 519 519 531 542 544 535 525 511 487 468 455 440 427 432 466 457 441 418 395 388 379 366 379 400 416 430 450 466 498 524 511 494 479 463 429 401 381 368 359 348 320 263 239 234 233 240 241 250 282 308 311 323 331 341 341 328 320 335 339 334 321 303 286 271 256 240 232 225 221 220 220 217 215 217 217 219 224 232 242 257 266 267
464 439 419 400 415 431 450 448 444 442 445 471 495 518 537 544 535 529 529 535 547 555 553 551 540 521 498 480 464 466 461 481 493 483 468 453 420 408 397 370 350 360 377 405 414 428 464 490 464 444 439 434 413 391 374 352 338 305 279 246 238 234 234 243 244 248 276 321 337 349 342 345 353 334 334 348 350 350 338 319 300 283 261 263 250 233 225 222 220 218 216 216 217 216 216 220 229 238 259 258
