# 100 100
133 133 133 133 133 133 133 133 133 133 133 133 133 133 133 133 133 133 134 136 139 150 153 154 155 155 157 163 167 169 170 166 163 161 169 169 167 163 154 158 157 145 148 154 161 166 163 163 164 168 169 172 174 175 182 180 176 166 168 168 175 185 178 170 170 172 174 176 181 188 188 186 174 183 174 164 165 164 165 168 170 171 174 178 181 190 191 191 196 194 198 209 236 263 308 347 369 368 376 388
133 133 133 133 133 133 133 133 133 133 133 133 133 133 133 133 133 133 135 137 147 152 154 158 158 158 161 169 174 177 172 167 170 169 165 162 162 158 158 157 155 144 145 158 173 174 168 168 165 165 166 166 169 173 175 191 187 172 198 215 200 193 195 188 179 177 177 179 181 200 220 205 204 207 200 187 169 167 170 178 198 191 178 175 176 180 181 182 186 206 226 211 201 218 243 260 270 278 295 297
133 133 133 133 133 133 133 133 133 133 133 133 133 133 133 133 133 133 136 144 154 152 157 160 158 155 158 166 172 178 171 164 163 164 162 167 168 159 156 163 166 153 150 156 172 173 170 169 168 162 159 161 165 163 166 175 194 189 196 204 219 217 228 218 208 199 192 191 185 189 204 223 248 260 248 230 214 195 203 226 262 263 245 200 182 183 181 183 200 218 239 224 204 200 209 239 242 239 236 236
133 133 133 133 133 133 133 133 133 133 133 133 133 133 133 133 133 135 139 154 151 151 152 155 156 154 156 164 173 176 172 165 163 164 163 168 168 162 162 169 176 178 158 150 150 153 155 149 157 151 149 149 152 163 173 170 184 205 201 202 225 225 225 238 231 225 228 236 215 195 205 225 261 288 319 304 292 272 297 320 342 332 317 263 212 185 184 186 200 224 235 218 205 220 202 203 214 215 209 209
133 133 133 133 133 133 133 133 133 133 133 133 133 133 133 133 134 137 142 148 146 150 161 170 168 158 157 160 166 167 165 164 168 170 169 167 171 167 165 171 181 182 175 162 166 152 152 152 148 149 151 150 150 162 188 195 192 196 203 215 227 230 240 248 233 237 250 263 255 229 204 205 233 269 310 326 324 332 341 341 359 357 350 340 284 220 190 188 192 206 213 206 199 206 206 205 206 209 213 220
133 133 133 133 133 133 133 133 133 133 133 133 133 133 133 134 136 138 148 152 152 156 163 173 173 160 164 159 162 168 166 168 175 171 173 168 174 175 167 171 176 178 174 170 167 168 166 157 147 149 157 152 151 160 181 204 210 211 223 230 230 235 240 235 237 239 254 287 295 271 241 224 210 223 253 276 294 333 348 350 359 362 357 365 378 305 229 199 196 200 200 196 204 221 232 237 228 221 238 258
133 133 133 133 133 133 133 133 133 133 133 133 133 133 133 135 137 146 155 155 156 157 163 170 174 164 167 166 164 166 167 171 176 174 180 177 179 173 168 167 166 167 166 168 170 174 170 174 153 156 168 164 159 158 173 188 200 212 233 255 259 244 244 244 251 256 275 290 296 290 269 249 234 214 213 228 251 295 333 352 367 379 378 391 411 382 308 250 227 235 243 235 244 251 270 272 286 277 279 312
133 133 133 133 133 133 133 133 133 133 133 133 133 133 134 136 141 160 163 159 160 162 163 168 169 165 165 167 166 170 172 176 175 181 180 178 180 173 177 169 166 164 164 166 169 173 177 180 166 168 175 178 178 172 165 168 179 198 241 302 328 284 272 280 285 291 308 318 320 315 294 281 263 246 229 219 227 256 296 332 370 393 405 413 407 398 361 325 268 255 289 321 326 315 315 334 340 350 331 327
133 133 133 133 133 133 133 133 133 133 133 133 133 134 136 139 153 170 168 164 164 168 170 169 168 166 169 168 169 171 172 177 175 180 181 181 182 184 179 170 167 166 166 167 168 174 183 187 177 178 180 181 178 172 166 162 170 181 225 298 343 327 324 332 330 336 341 352 365 349 317 327 336 307 266 237 228 237 265 304 364 388 401 403 406 398 370 351 306 267 283 325 360 356 341 353 376 373 351 353
133 133 133 133 133 133 133 133 133 133 133 133 134 135 138 145 160 170 169 166 168 171 174 173 170 171 170 168 171 169 171 176 174 183 188 190 187 191 188 178 172 171 170 169 169 172 178 189 185 180 180 182 175 171 166 164 172 192 217 260 296 328 345 349 355 377 385 398 401 386 368 413 429 379 332 289 252 239 252 291 337 375 388 391 402 395 385 361 329 296 281 300 325 346 345 354 389 395 372 384
133 133 133 133 133 133 133 133 133 133 133 134 135 137 142 148 159 168 172 166 172 175 176 173 169 172 170 171 173 173 171 172 180 186 189 188 190 194 195 182 184 182 176 173 172 169 172 178 180 179 180 177 173 170 166 173 180 179 189 210 248 285 314 326 338 364 391 408 431 435 432 433 449 427 389 346 292 263 250 275 319 351 373 381 383 387 398 377 356 326 295 292 306 328 344 364 389 412 411 426
133 133 133 133 133 133 133 133 133 133 133 135 137 142 143 148 157 164 171 170 177 176 172 169 169 173 167 171 175 173 176 183 180 189 193 191 185 189 192 185 184 184 184 178 175 172 171 173 174 173 171 169 164 171 182 197 213 197 185 206 229 249 269 275 287 329 372 405 446 473 481 472 461 450 426 388 337 300 273 260 285 325 355 374 381 385 395 392 379 352 326 303 301 315 333 361 390 417 435 444
133 133 133 133 133 133 133 133 133 133 133 135 140 155 146 162 153 159 163 172 179 171 164 165 167 166 168 173 173 175 179 185 185 190 192 184 183 180 182 181 181 184 179 182 177 175 177 173 171 172 169 167 166 187 207 224 233 221 202 201 228 245 237 244 249 274 320 368 431 469 495 512 501 488 475 438 393 348 316 288 278 289 333 370 389 393 398 395 389 367 343 323 315 319 329 357 391 430 455 442
133 133 133 133 133 133 133 133 133 134 134 134 140 151 151 157 165 166 160 165 165 163 167 178 177 169 170 170 174 179 181 189 189 192 186 180 177 177 177 175 173 174 173 179 177 178 176 174 174 175 169 166 164 185 209 209 226 230 219 200 204 225 258 289 259 248 267 305 381 455 488 518 518 534 542 515 467 421 373 330 317 316 299 334 388 411 415 407 392 372 353 346 334 335 341 360 392 433 472 468
133 133 133 133 133 133 133 133 134 136 137 137 151 148 151 154 164 170 163 164 166 167 175 183 172 171 178 178 175 178 186 188 185 182 182 179 179 180 176 176 175 173 172 176 178 175 169 172 173 171 168 165 164 168 187 208 228 225 225 210 203 231 282 302 282 255 250 272 325 424 468 485 492 546 586 576 540 491 446 393 343 365 354 315 343 396 423 425 405 383 368 372 355 362 374 387 399 434 486 504
133 133 133 133 133 133 133 133 134 137 139 141 149 149 151 153 157 163 166 168 166 171 179 178 172 176 184 181 179 182 186 185 185 185 188 185 186 179 178 178 176 173 172 171 175 170 167 167 168 167 165 165 165 169 188 205 205 218 224 212 205 205 220 241 247 250 250 251 290 350 421 416 468 530 591 619 601 561 511 449 375 387 401 374 337 348 405 441 442 416 402 389 373 373 393 416 432 454 490 526
133 133 133 133 133 133 133 133 134 138 138 150 151 151 151 152 158 161 166 170 170 171 173 175 175 181 187 188 191 195 194 194 192 191 189 191 187 181 181 186 190 182 185 185 176 168 168 170 173 174 169 165 169 173 180 201 198 194 201 212 217 199 193 198 205 212 219 223 237 268 316 347 409 498 590 649 642 600 535 465 432 393 428 426 408 369 361 428 455 449 431 417 395 376 402 434 472 510 544 547
133 133 133 133 133 133 134 135 137 138 153 153 152 151 151 152 157 161 168 173 174 176 186 186 180 188 199 200 211 210 206 200 197 194 192 194 188 183 184 188 208 214 199 213 208 186 170 176 175 174 168 166 173 179 210 206 193 185 187 208 213 195 190 191 195 201 203 201 202 208 230 258 324 415 557 656 651 605 545 531 495 426 426 451 460 450 393 392 452 455 443 427 408 382 407 457 528 576 577 579
133 133 133 133 133 133 134 137 140 150 158 155 154 153 154 154 157 165 169 178 180 185 195 199 186 203 210 207 219 220 221 220 213 207 202 199 196 188 188 188 203 219 210 217 215 191 179 174 172 171 167 167 171 178 201 196 187 184 183 185 186 187 187 187 189 196 197 194 191 196 207 208 236 307 435 575 647 614 590 583 544 468 458 456 481 489 462 388 393 430 442 433 415 390 403 473 568 599 605 608
133 133 133 133 133 134 133 138 148 157 159 156 155 156 156 156 158 168 173 182 193 189 204 191 193 215 220 214 227 235 235 235 229 233 228 218 219 206 194 193 204 217 217 218 214 199 182 174 172 173 169 167 169 171 176 181 180 180 178 179 184 185 184 186 189 194 195 193 192 194 195 202 200 217 303 494 583 617 614 604 562 512 505 485 488 502 483 437 388 397 414 426 414 393 399 474 585 619 636 615
133 133 133 133 134 136 138 141 159 157 155 155 157 158 159 159 160 174 179 187 201 199 190 197 213 222 223 227 234 244 246 242 245 251 251 249 250 239 214 197 212 229 235 232 226 217 203 189 182 175 171 172 169 169 171 179 175 175 177 180 195 196 194 193 196 195 195 198 202 207 200 204 206 199 227 356 493 590 616 620 612 583 573 548 524 511 488 455 428 403 392 400 404 393 394 460 593 628 631 615
133 133 133 133 135 137 142 141 158 158 154 155 158 160 161 163 167 169 178 191 202 195 193 210 223 221 227 236 239 244 246 242 251 255 264 270 269 267 254 216 210 246 255 253 245 240 234 220 207 196 188 188 176 172 172 173 175 176 178 183 206 205 197 202 219 206 195 197 200 211 236 214 202 198 202 256 385 501 602 637 645 642 651 650 609 559 521 498 472 422 394 391 392 394 391 444 575 615 608 601
133 133 133 134 137 141 141 141 153 153 155 156 158 161 164 169 179 170 181 198 193 201 207 200 219 222 228 235 240 242 242 243 249 260 271 278 277 283 282 248 209 242 268 273 270 264 259 250 240 227 216 213 194 181 178 180 180 185 221 217 225 216 214 220 225 220 200 197 212 230 236 243 208 199 198 201 271 369 471 602 679 694 702 708 676 628 576 541 500 443 403 391 391 392 391 430 545 590 586 587
133 133 133 135 139 141 141 141 149 153 156 160 162 165 167 171 181 181 179 189 191 198 195 207 215 218 222 226 235 240 248 254 262 273 275 280 291 298 299 280 226 228 268 285 290 288 282 273 263 254 241 233 223 203 194 195 193 198 219 222 227 222 223 222 224 215 203 207 209 211 220 234 223 203 198 198 204 261 358 496 618 689 729 728 713 680 620 559 500 446 411 394 391 391 394 419 525 565 561 580
133 133 135 137 142 141 141 142 157 158 161 169 175 173 172 172 181 179 175 186 193 194 193 202 212 220 226 233 241 248 252 264 276 282 289 292 302 312 321 311 259 220 253 287 300 304 302 298 288 277 266 255 245 234 226 223 220 215 215 217 218 219 223 223 221 217 206 201 202 205 211 218 220 220 202 198 198 203 262 375 487 569 689 731 738 713 658 579 501 450 421 400 396 395 399 415 486 532 569 595
133 134 136 143 146 142 142 145 159 162 168 174 183 177 172 177 175 173 180 187 192 192 204 212 219 228 234 243 250 257 259 262 279 291 300 303 310 321 330 329 291 240 236 281 302 311 316 316 309 299 290 283 274 268 266 263 255 245 229 226 223 226 227 225 224 214 210 209 202 201 203 207 212 212 209 199 198 198 205 266 356 466 591 670 710 719 695 620 529 463 432 412 406 402 403 422 478 541 583 608
134 136 140 158 148 142 143 149 161 165 170 176 180 174 176 181 178 175 186 193 195 201 208 216 222 229 239 254 265 269 271 267 275 289 301 312 322 335 346 342 317 273 230 266 296 311 320 327 326 321 314 311 309 304 297 294 287 277 261 244 237 239 247 231 228 222 217 217 209 204 203 205 205 203 203 199 198 198 198 203 259 365 489 541 594 667 679 645 553 473 442 424 425 419 427 464 489 538 572 610
135 138 146 155 144 143 144 152 161 167 172 177 176 175 178 184 179 180 189 197 206 201 208 219 225 230 244 260 275 282 284 282 273 283 297 316 333 350 365 358 334 289 238 258 285 304 317 326 331 334 334 333 332 332 328 323 323 318 306 286 272 271 273 262 255 253 251 251 231 220 211 210 207 204 207 207 200 198 198 198 201 256 370 434 504 583 624 613 552 476 444 432 436 445 465 510 520 515 541 584
137 146 151 156 147 144 148 155 161 170 172 174 176 176 180 183 180 190 188 200 205 202 209 219 224 231 246 265 285 294 297 291 277 280 292 311 335 359 378 375 351 320 257 252 288 307 314 323 329 335 341 346 348 350 349 347 345 348 344 336 330 329 333 330 323 329 344 370 317 266 236 225 220 210 216 220 206 199 198 198 198 200 246 326 405 493 567 573 526 464 436 426 438 456 484 539 564 548 566 601
142 156 151 152 147 146 158 156 161 165 174 175 176 179 183 181 183 192 188 190 190 198 203 211 220 231 248 270 289 303 305 291 272 278 290 306 326 351 374 383 366 334 268 248 288 317 328 332 336 341 348 352 355 360 363 364 363 366 369 369 379 392 401 410 410 421 459 506 466 371 305 267 243 236 230 228 220 213 202 198 198 198 199 226 298 371 435 472 492 446 413 411 433 456 495 559 597 580 607 648
157 153 150 148 147 147 152 155 160 167 173 177 180 183 183 184 183 186 196 203 201 190 192 196 208 227 241 263 285 302 300 274 271 287 304 313 331 346 365 381 378 350 300 252 277 310 328 337 341 347 357 362 363 367 372 374 377 380 386 392 405 424 445 461 464 466 487 532 541 495 391 326 320 292 270 256 258 251 223 199 198 198 198 198 218 273 307 339 390 404 382 396 424 454 499 571 621 618 639 683
162 156 157 151 148 150 150 153 156 161 166 176 182 184 184 188 189 189 195 208 208 198 197 198 199 205 222 243 266 281 267 259 277 295 321 334 338 353 372 389 392 376 344 284 268 302 320 331 341 352 363 370 376 380 381 383 388 392 398 409 426 453 480 501 508 512 537 560 546 512 435 374 426 419 377 358 341 299 256 211 198 198 198 198 198 206 222 245 283 311 329 365 405 444 497 571 631 651 671 719
162 160 162 159 150 159 163 163 164 161 165 178 183 184 186 195 194 195 198 205 212 209 208 213 211 207 205 213 241 248 248 260 273 299 329 353 356 359 376 402 420 401 366 317 265 297 318 331 343 359 375 387 394 397 395 397 402 406 409 419 438 466 500 533 550 553 559 572 556 520 466 417 479 519 504 490 438 380 309 244 202 198 198 198 198 198 198 199 210 231 259 316 379 438 501 578 642 676 703 744
162 165 164 157 154 152 169 172 174 163 167 172 173 178 187 200 191 196 197 201 209 206 216 231 240 242 232 211 218 239 253 265 278 295 322 348 363 374 379 401 426 412 376 327 271 275 293 318 344 361 382 400 412 417 415 415 416 421 422 431 447 479 516 558 594 600 594 584 560 530 505 477 502 558 591 585 544 460 363 261 215 209 203 199 198 198 198 198 198 201 219 264 325 397 474 561 637 681 717 761
159 165 167 156 152 158 169 173 169 165 166 173 178 176 182 188 187 192 194 198 203 208 219 232 251 266 267 250 217 236 254 272 299 318 321 331 349 370 381 401 426 424 389 340 297 310 316 312 342 358 374 391 405 415 419 421 426 434 439 448 466 498 531 562 602 638 633 609 575 551 537 521 514 571 634 634 597 524 406 284 234 229 223 211 201 198 198 198 198 198 204 231 278 333 395 464 538 613 693 743
168 161 162 161 156 167 173 176 175 169 173 170 172 175 183 198 200 199 202 205 213 212 218 231 248 265 280 273 228 231 257 280 309 334 342 348 358 367 375 399 434 437 401 353 313 320 331 327 331 350 363 376 388 397 401 406 418 436 450 462 486 517 547 573 607 655 660 636 601 579 565 549 529 562 644 680 623 544 431 303 268 258 251 257 244 218 201 198 198 198 199 212 244 289 334 393 454 524 595 637
168 166 167 160 158 169 174 178 183 181 190 182 171 174 184 197 201 202 204 207 215 219 218 230 251 268 281 281 234 224 242 268 303 330 349 360 374 392 387 399 424 417 392 358 325 322 337 344 344 338 350 363 372 377 381 388 408 434 451 465 487 510 552 588 614 653 673 665 641 621 602 581 549 546 628 702 629 543 426 308 301 314 301 295 331 298 256 218 202 198 199 209 227 258 305 353 393 451 514 573
164 167 171 156 162 172 177 186 189 188 192 192 174 173 182 192 198 207 209 213 221 234 231 227 249 278 287 282 262 230 228 250 276 309 331 353 381 405 407 411 414 403 380 352 333 330 344 352 360 361 353 350 360 365 371 378 396 425 447 458 469 490 539 581 612 642 670 692 692 681 652 615 572 541 602 694 636 535 417 312 324 365 355 330 415 423 356 295 246 213 199 205 213 240 298 384 442 459 495 549
162 170 175 160 163 182 185 193 192 195 197 200 182 177 185 195 199 211 218 219 228 247 247 234 248 281 291 280 276 272 236 251 277 302 327 360 402 413 429 435 424 402 379 354 338 337 349 358 374 385 382 371 358 359 368 375 389 414 435 445 451 472 509 557 593 631 673 715 730 730 705 649 595 558 616 668 604 489 370 313 361 405 386 364 469 562 479 395 321 265 214 200 202 217 270 357 486 571 605 654
162 169 177 166 165 186 192 197 196 204 208 208 202 184 192 199 204 216 228 231 243 259 263 249 252 271 280 288 293 293 269 238 277 300 326 366 413 429 439 456 437 409 379 355 345 345 354 364 380 397 407 400 385 368 365 371 377 393 414 426 441 459 496 555 594 631 676 718 747 763 742 677 625 587 615 631 538 419 336 340 404 447 412 392 488 629 606 504 424 356 267 204 203 207 243 329 460 605 688 729
163 171 173 164 167 190 194 198 203 214 221 217 214 193 190 202 212 224 236 244 261 277 275 262 263 283 301 317 317 314 304 248 255 298 322 351 390 417 443 462 447 418 387 360 347 348 358 378 391 403 418 420 410 393 377 369 371 377 395 413 424 436 482 556 610 638 665 710 755 792 783 710 647 610 602 585 476 372 343 403 494 512 437 414 501 634 703 604 523 432 312 221 205 207 221 292 411 539 640 708
165 173 172 164 177 191 200 206 214 228 236 229 222 212 191 200 216 227 243 263 281 296 282 260 275 295 320 344 348 337 329 268 243 288 314 347 384 416 443 472 460 431 400 371 350 349 359 380 402 412 425 428 425 414 408 393 382 382 385 394 408 406 429 500 584 611 644 700 763 812 814 750 671 620 585 507 418 384 399 479 567 549 466 435 516 619 728 683 585 466 342 247 208 210 214 253 351 460 556 636
163 168 170 166 188 196 206 218 229 241 248 240 229 216 190 195 212 226 246 269 293 309 291 265 281 303 325 363 379 365 354 304 252 276 300 337 376 413 438 463 462 439 410 380 353 348 359 373 394 408 420 422 423 425 441 447 436 413 397 393 397 396 399 439 523 571 605 632 680 762 805 743 677 612 522 445 436 437 472 551 590 570 507 461 510 595 722 720 636 500 373 272 213 212 217 227 290 380 475 547
170 185 170 166 188 201 212 230 243 253 259 255 238 217 192 198 217 225 241 261 285 306 299 272 282 307 333 371 399 392 378 332 277 263 301 338 367 395 422 436 439 424 401 377 358 347 356 365 378 391 401 408 412 425 459 495 501 486 464 428 421 406 396 407 453 512 565 603 625 670 717 711 662 579 472 462 502 494 551 606 613 590 546 499 514 574 682 723 661 526 392 291 223 215 220 224 241 305 381 453
177 193 172 165 183 203 214 236 253 265 270 267 252 232 209 200 218 229 245 259 277 299 309 281 281 306 342 382 409 412 388 333 281 266 297 329 371 388 396 397 398 387 373 358 344 338 351 358 366 376 387 396 408 420 451 499 534 548 534 503 473 443 413 398 413 440 482 553 605 633 663 667 640 553 466 497 541 553 625 642 638 623 572 530 520 550 625 714 678 547 408 308 236 217 222 228 235 250 296 355
182 190 178 164 172 194 209 229 248 259 263 264 267 255 227 210 207 221 244 260 272 292 310 290 288 307 337 378 414 419 369 312 268 266 283 315 341 360 364 358 350 338 326 317 314 322 337 346 354 361 373 387 408 422 441 486 530 546 559 560 525 487 446 416 403 405 425 474 558 608 633 636 610 559 494 520 565 621 680 666 655 652 617 571 537 543 586 701 701 566 418 318 250 228 239 236 239 247 258 288
188 190 182 168 166 183 201 217 233 245 256 267 276 270 250 233 224 212 230 251 267 281 289 286 294 313 341 375 414 402 349 307 283 297 269 279 293 307 310 308 303 302 314 335 344 329 329 341 348 360 372 384 405 423 431 449 488 514 538 572 580 545 494 450 425 407 408 424 483 567 614 647 625 611 549 534 578 653 715 687 657 656 665 675 629 600 577 668 679 531 391 315 260 275 299 287 282 275 270 279
188 188 186 181 170 169 191 208 223 237 249 264 275 276 266 247 237 223 229 248 266 283 293 290 299 318 353 389 410 387 352 312 290 322 308 288 283 280 285 296 314 334 355 372 378 362 333 346 359 369 379 391 401 413 423 433 453 485 525 566 596 586 552 509 472 441 420 418 443 529 618 663 665 653 589 544 562 648 741 727 686 667 709 755 736 673 614 626 566 438 341 280 266 327 398 395 373 349 322 322
195 194 193 188 181 170 177 201 217 230 241 257 265 264 260 252 246 235 225 255 277 298 312 310 305 321 356 385 389 379 357 328 293 334 345 342 342 336 337 349 361 373 389 402 404 386 351 347 368 386 402 419 437 445 445 445 458 479 507 555 592 608 602 576 546 500 460 435 446 503 609 663 682 673 613 555 572 633 737 766 735 717 768 793 779 716 647 570 450 355 288 260 284 369 488 526 500 472 435 401
199 197 194 192 184 170 173 194 209 216 233 248 253 256 257 258 256 243 215 243 280 309 330 335 314 319 347 362 358 362 352 338 302 337 357 367 374 376 382 390 396 408 423 434 432 409 374 347 369 398 420 445 467 477 478 489 513 521 521 541 578 616 644 642 625 571 515 467 480 547 641 686 700 694 652 582 578 626 722 776 776 778 835 845 780 664 573 503 375 297 268 270 314 419 545 641 640 620 569 518
196 194 192 191 180 171 174 191 202 217 232 244 250 262 267 266 263 251 225 235 257 288 317 339 329 325 343 349 351 345 332 311 307 338 353 364 375 384 397 415 428 445 464 481 471 438 398 356 361 402 435 465 487 500 506 526 554 573 579 586 605 649 696 703 708 655 582 509 511 599 693 712 724 734 698 625 610 649 711 755 793 838 906 878 730 618 507 413 322 277 270 292 360 474 601 726 765 759 690 649
198 195 195 192 182 173 176 182 189 205 219 224 238 260 269 256 251 251 229 253 256 270 292 311 326 338 355 361 358 350 345 321 312 328 343 359 375 389 411 435 456 478 500 519 506 462 413 384 353 387 436 468 493 510 528 556 585 611 633 651 680 717 737 741 739 708 629 568 560 644 725 764 810 786 738 691 661 700 727 734 767 861 917 845 745 631 500 388 311 279 282 319 411 537 649 778 867 874 823 776
208 202 200 195 188 179 177 181 187 193 202 213 225 232 238 239 237 228 244 264 273 284 295 311 328 346 367 376 367 359 351 330 321 339 353 368 381 400 427 450 472 496 522 541 532 473 443 424 374 364 413 455 482 504 536 575 616 658 695 717 744 766 777 774 768 747 690 647 625 704 773 845 896 843 769 738 747 778 769 746 765 875 937 856 768 643 508 377 302 286 304 356 465 607 727 818 895 924 897 870
211 201 195 190 184 183 180 190 196 193 200 210 221 226 228 227 226 230 246 267 285 297 314 336 342 359 389 395 381 368 361 340 321 339 355 376 397 417 437 459 485 511 541 556 553 499 496 463 416 370 387 436 469 499 540 586 640 696 742 761 779 796 804 802 804 798 749 717 701 760 835 892 922 876 790 771 828 855 815 798 809 893 916 810 747 612 475 366 309 302 335 383 482 618 754 845 893 900 887 907
214 200 190 186 184 184 180 193 206 201 205 213 222 228 227 226 227 242 250 265 284 307 331 354 357 370 401 412 392 377 366 345 325 334 352 373 394 416 449 476 497 522 545 558 565 544 551 511 454 395 377 417 460 492 537 586 640 693 707 683 687 728 779 802 813 827 815 791 780 819 852 846 847 859 830 848 893 898 855 851 859 898 806 688 618 532 432 368 340 340 384 439 478 582 701 827 872 843 854 888
224 203 191 187 186 188 180 193 208 208 211 221 226 231 230 227 230 246 258 273 286 303 327 354 362 382 409 426 408 384 363 351 346 342 368 396 421 424 443 472 486 509 532 555 574 582 593 562 497 432 388 415 450 482 527 578 618 621 603 617 640 675 720 752 743 785 803 806 814 814 790 738 740 772 812 872 918 925 899 918 912 831 719 616 558 496 447 418 402 423 468 507 502 552 651 774 816 771 802 762
221 202 194 191 191 195 186 187 208 217 215 226 232 240 235 230 230 251 269 285 299 305 321 343 365 394 415 432 427 391 384 384 377 349 376 424 460 457 450 464 486 511 542 565 590 610 622 600 529 469 406 415 450 479 508 538 550 559 580 611 643 683 720 711 666 691 720 755 747 723 704 671 689 744 787 847 873 913 949 964 942 826 739 706 639 574 528 510 515 555 600 608 564 549 609 691 686 664 681 670
215 210 198 194 196 199 198 185 208 218 222 228 239 249 256 247 237 240 274 301 319 317 323 342 371 401 416 420 418 396 411 417 407 356 376 422 466 477 480 491 493 514 545 573 613 638 649 608 546 489 429 436 453 484 513 544 568 591 620 655 692 732 749 706 623 626 652 702 692 667 648 641 689 746 787 780 757 830 933 900 888 905 883 841 743 677 651 657 661 717 748 738 666 633 656 695 646 583 582 586
219 228 204 195 192 199 198 186 202 217 228 236 249 267 290 307 282 246 245 280 322 332 333 353 375 403 414 406 404 404 420 428 416 369 362 392 426 457 483 500 494 510 548 591 639 662 653 606 555 513 462 454 477 491 517 555 592 621 653 691 735 759 753 690 591 542 597 661 652 616 586 630 716 753 745 712 714 790 899 802 811 899 914 898 852 822 798 808 798 845 863 800 734 730 713 678 588 522 499 490
233 233 218 202 193 192 186 188 197 213 230 245 259 279 305 334 348 312 253 240 264 299 316 349 372 394 395 405 421 417 423 443 444 387 355 378 401 426 455 477 483 509 554 603 645 669 651 610 567 525 483 463 495 517 543 574 606 637 671 714 753 772 752 663 563 494 549 634 609 552 538 633 727 732 675 656 711 810 824 741 729 758 775 821 945 965 933 937 903 888 823 702 676 661 584 529 477 445 441 434
236 235 230 217 198 187 184 193 201 209 230 248 265 286 304 329 362 367 318 277 248 248 257 289 333 352 349 372 409 399 402 440 451 399 370 366 387 404 424 444 467 504 549 595 629 652 631 596 563 529 515 495 504 529 564 602 640 672 699 728 761 766 733 628 540 468 520 597 559 489 537 643 703 672 630 623 712 797 724 675 644 665 719 802 933 1018 935 933 836 780 701 599 558 505 455 413 406 411 420 439
234 240 237 223 204 189 186 191 203 214 230 250 268 287 309 328 353 375 367 348 312 301 283 259 266 290 304 317 335 344 368 408 433 423 407 372 374 390 407 428 452 488 527 564 591 600 593 575 569 566 552 526 534 554 581 622 669 704 727 751 768 753 695 601 517 447 497 544 489 463 551 626 660 627 598 621 705 743 661 614 605 659 727 822 932 930 839 798 773 641 553 481 447 411 396 398 405 419 447 509
236 244 240 228 210 190 187 192 202 214 226 247 273 299 329 348 356 373 388 391 378 380 370 324 298 273 275 289 306 330 356 392 425 442 442 401 370 384 400 415 435 462 496 529 537 523 505 518 576 600 586 555 564 591 615 644 683 715 732 746 754 734 655 568 490 431 479 473 428 470 553 597 617 592 572 619 676 655 632 592 600 664 736 814 851 776 691 708 682 549 453 407 388 384 395 415 434 463 519 608
233 236 230 222 210 194 185 192 203 213 218 248 294 331 355 362 367 373 398 430 450 449 434 409 398 348 294 288 321 333 356 383 415 438 441 414 389 376 391 406 420 433 458 476 475 464 469 508 573 627 616 585 599 626 653 680 693 699 695 695 685 662 605 538 458 401 447 417 423 495 555 577 583 553 548 573 567 562 567 557 586 654 700 700 705 652 614 600 519 441 389 373 388 413 439 476 510 558 619 658
231 230 220 211 207 198 187 190 202 216 215 241 289 327 349 362 369 398 450 469 482 463 425 387 383 377 339 290 315 345 367 397 404 428 434 430 413 387 389 397 405 415 423 434 448 465 517 582 624 644 635 614 626 647 676 691 686 664 634 604 591 592 578 517 418 379 391 390 469 527 562 568 557 529 517 502 483 491 509 517 546 553 559 553 546 524 491 462 410 371 366 390 434 476 503 550 611 657 663 656
232 228 221 214 211 202 190 189 194 209 215 232 270 309 342 360 384 433 471 473 460 413 366 341 333 325 301 319 302 360 384 403 421 443 464 472 449 411 412 424 431 432 430 454 482 517 570 610 625 623 624 625 636 657 676 681 655 605 569 543 534 539 540 501 410 350 343 426 508 544 561 553 528 507 479 458 442 449 460 465 466 448 439 430 418 396 387 374 356 368 409 465 522 567 561 609 695 697 657 572
233 231 225 218 213 202 191 194 191 197 211 229 263 295 326 355 391 424 437 430 389 360 335 315 310 319 353 374 317 358 382 400 438 474 501 501 463 438 436 445 464 477 459 463 500 539 568 581 583 580 584 602 625 652 662 622 579 538 511 495 491 484 485 457 395 322 338 430 484 498 493 471 447 436 427 404 395 399 398 397 390 376 363 351 343 334 340 360 392 443 511 560 627 657 587 639 671 628 502 418
233 236 229 220 212 197 192 198 194 194 205 223 260 291 309 328 360 386 378 375 365 329 316 327 350 364 384 396 327 359 378 405 445 483 513 517 487 478 472 458 478 507 516 485 475 511 539 537 535 545 557 570 590 601 553 517 501 489 475 459 440 415 405 371 329 294 321 352 361 360 351 341 331 326 336 338 338 342 338 334 327 318 314 319 336 360 383 424 484 563 633 653 673 607 561 537 511 438 370 332
228 234 229 218 207 198 193 199 200 196 198 213 231 256 289 319 339 347 338 349 333 311 323 349 380 397 401 386 331 358 372 402 438 473 502 508 498 495 484 478 498 531 553 543 509 500 510 523 539 551 550 542 536 508 470 471 459 444 422 391 352 319 292 273 270 273 279 281 281 276 273 273 276 277 283 292 296 298 296 293 295 312 341 374 404 436 475 527 593 665 728 691 614 526 471 413 376 321 279 272
222 227 224 219 211 198 194 203 200 198 198 203 214 220 244 283 318 316 317 322 302 307 337 362 381 387 377 361 334 351 365 383 406 442 462 464 471 501 508 507 522 553 588 586 564 560 566 577 588 592 568 535 503 462 431 413 397 374 336 294 269 254 250 255 259 262 260 256 257 260 262 264 267 269 272 276 279 282 292 313 336 375 421 474 515 551 594 657 730 778 818 730 603 511 415 344 303 261 253 278
216 217 218 220 214 201 194 203 202 203 203 203 208 213 217 241 270 280 284 290 298 300 322 332 338 342 341 335 350 355 364 372 384 408 414 425 466 506 522 526 542 581 612 606 593 583 585 605 630 624 582 523 463 414 369 337 309 282 261 250 248 248 248 250 253 255 254 256 261 267 272 275 277 281 284 291 306 322 348 375 419 477 547 604 635 677 728 793 832 833 829 687 568 468 374 298 260 244 261 321
213 215 215 215 211 200 196 203 206 210 208 212 218 226 211 219 232 244 256 267 284 286 296 301 309 320 322 331 343 351 354 360 366 382 381 413 457 499 517 525 546 572 574 578 564 540 570 619 649 627 562 459 383 337 288 259 249 248 248 248 248 248 248 252 262 274 290 307 320 327 331 326 322 324 329 342 360 383 417 462 526 602 680 740 777 808 831 802 732 741 789 627 514 427 353 271 241 246 298 381
209 210 211 210 203 206 202 203 210 219 216 213 220 224 217 208 213 226 235 261 289 290 296 303 305 310 314 323 337 345 347 344 355 357 361 396 439 474 484 505 532 534 512 522 499 509 572 618 625 532 454 359 299 263 248 248 248 248 248 248 248 248 276 320 347 366 381 389 385 385 379 369 364 367 375 392 417 459 525 585 641 732 813 856 882 843 731 654 596 619 658 562 473 388 318 246 238 250 325 432
209 209 207 206 203 213 212 207 215 224 222 220 226 230 230 214 211 213 225 246 274 279 289 302 309 311 312 318 330 340 338 318 330 330 330 360 412 435 433 479 485 448 425 440 450 485 517 527 509 439 357 294 253 248 248 248 248 248 248 249 252 263 311 363 390 388 382 380 387 394 389 390 396 404 415 444 491 564 644 716 764 812 864 920 927 839 720 643 569 518 499 486 434 339 260 238 238 249 322 355
212 208 203 199 202 213 216 212 219 226 224 225 228 235 236 224 215 213 217 223 236 248 259 277 297 311 319 317 318 311 309 299 293 292 289 299 328 344 329 360 340 328 325 333 352 373 378 393 395 388 321 253 248 248 248 248 248 250 256 266 272 287 303 322 337 344 357 372 387 404 413 422 435 447 467 501 569 650 734 809 837 846 837 846 860 909 806 688 594 500 431 412 345 274 238 239 241 250 262 263
221 215 204 199 200 207 214 220 217 225 222 228 230 232 233 229 223 219 228 221 219 235 246 252 270 291 307 311 300 289 285 281 272 267 266 262 259 258 258 255 257 261 263 262 256 257 258 267 275 298 272 248 248 248 248 253 269 302 325 321 320 312 316 325 344 367 385 399 411 435 461 483 504 531 566 581 616 686 756 834 853 830 737 730 778 846 811 704 607 485 385 327 270 240 237 238 246 259 271 285
228 222 209 202 203 206 213 219 219 223 219 225 225 226 226 227 226 224 234 234 222 223 233 239 246 254 263 268 267 265 267 269 265 258 259 256 250 244 245 246 246 248 251 249 249 248 248 248 248 248 248 248 248 253 268 298 363 386 384 370 354 350 358 372 394 416 434 448 470 510 560 597 604 632 671 675 663 705 762 838 852 741 676 664 705 713 682 628 529 421 333 272 240 238 238 240 263 281 309 353
230 225 213 205 209 209 212 218 218 218 219 220 221 228 231 226 227 225 234 241 239 223 219 225 232 241 246 247 252 253 254 261 261 253 255 250 242 247 250 249 252 250 253 251 249 248 248 248 248 248 248 248 248 256 270 378 446 427 409 395 389 396 410 429 456 482 498 522 553 608 667 688 675 694 719 715 711 728 770 820 836 748 661 631 645 598 546 470 394 323 272 242 238 238 238 250 310 340 366 419
225 223 214 207 214 214 216 216 214 215 218 222 226 235 235 232 231 228 233 240 246 240 224 224 222 229 238 244 249 252 250 256 254 248 245 239 247 252 254 256 259 258 258 255 253 248 248 248 248 248 248 248 248 251 264 354 427 430 437 416 421 457 493 521 552 559 555 588 616 659 728 735 706 690 683 699 721 741 754 707 718 750 721 631 603 542 463 373 308 258 240 238 238 241 257 310 384 426 424 480
221 221 212 209 219 219 220 223 217 218 223 229 231 238 242 241 235 234 235 243 245 243 233 228 232 228 226 231 239 239 231 237 236 237 237 244 251 254 257 260 266 267 264 261 255 251 248 248 248 248 248 249 250 251 257 298 363 428 458 482 529 575 594 612 628 609 587 631 657 684 724 717 682 642 623 653 700 729 693 644 657 695 685 613 542 468 383 306 255 238 238 238 245 262 286 363 442 496 500 544
215 214 207 214 219 220 219 224 221 225 231 238 244 243 250 252 243 245 241 244 248 249 245 238 233 246 247 236 230 235 247 239 238 242 245 243 244 249 255 262 267 272 273 269 262 260 253 249 248 248 249 255 261 264 279 307 353 442 538 594 644 671 672 669 658 633 622 639 656 663 669 657 638 613 584 610 648 687 636 606 587 604 560 496 434 358 293 248 238 238 238 239 259 293 334 433 539 592 602 633
222 221 209 216 219 220 220 223 226 230 240 250 256 257 259 261 248 250 251 253 260 265 261 253 239 249 267 259 262 261 267 256 253 249 251 254 251 251 252 261 265 270 274 276 274 277 270 263 259 258 261 268 276 291 324 377 449 540 649 672 689 736 725 689 660 641 644 645 646 640 632 625 613 590 544 571 616 660 599 556 514 489 450 399 331 272 241 238 238 238 244 274 321 387 455 479 564 639 688 732
225 222 210 209 213 216 216 221 227 233 246 254 262 270 268 265 251 257 259 263 271 275 268 250 244 260 233 270 273 275 273 262 264 259 257 259 257 259 258 256 263 269 273 284 295 313 309 291 284 284 294 303 312 327 374 450 566 653 691 693 700 734 728 679 639 626 640 635 625 619 615 615 606 570 515 546 598 641 588 519 455 395 342 295 251 237 238 239 241 255 298 360 420 496 586 572 611 650 716 780
232 220 208 207 209 210 213 218 231 243 253 260 271 279 275 267 256 263 270 271 274 273 260 263 265 261 221 274 287 286 282 275 277 270 264 266 267 264 264 264 263 266 274 281 294 319 326 311 302 305 315 331 351 369 415 480 553 599 651 681 699 682 631 614 581 599 580 550 560 584 608 622 615 572 506 519 575 594 517 450 382 325 266 238 236 239 241 243 257 279 330 426 521 595 630 615 622 645 695 779
236 220 216 211 211 210 213 225 237 246 256 262 270 277 275 267 263 266 275 283 276 267 273 266 270 272 252 283 293 295 290 286 285 289 281 289 297 291 276 270 269 270 272 279 289 297 309 308 306 315 327 349 379 415 434 458 483 507 535 578 633 573 529 533 514 540 504 447 454 519 571 581 572 540 481 472 511 489 405 358 317 262 236 235 237 240 245 248 269 301 340 414 535 642 629 612 615 631 666 747
237 228 231 228 219 214 214 225 243 252 257 260 264 271 274 266 267 274 278 283 272 270 278 278 272 291 303 304 308 307 306 302 297 299 298 295 295 289 283 278 277 280 278 278 284 287 290 295 307 320 335 361 412 458 479 494 511 522 527 538 555 527 518 507 460 435 418 392 390 413 442 452 454 446 395 372 378 355 317 301 267 240 233 236 238 250 258 265 278 314 373 447 527 613 628 602 597 611 635 685
241 239 233 226 218 223 221 220 226 240 251 258 262 262 266 267 270 281 284 285 283 277 281 284 277 293 305 318 331 319 320 316 306 308 316 314 302 304 299 293 295 293 285 282 287 292 297 303 314 330 359 411 474 507 526 549 564 567 566 557 555 555 537 504 452 426 401 383 374 372 385 390 391 386 350 314 305 291 280 266 241 234 233 234 239 258 273 302 297 306 342 380 431 519 603 597 570 568 558 566
253 247 224 228 233 231 233 239 236 232 230 244 257 259 264 264 267 282 289 290 289 286 282 288 289 289 301 316 337 323 326 323 317 319 323 326 315 316 318 315 315 313 313 293 297 301 304 317 336 361 410 475 505 524 531 538 553 572 580 566 547 540 525 511 489 468 444 400 371 370 380 392 405 415 411 352 301 263 253 242 233 233 233 235 251 274 293 312 354 348 319 320 349 436 509 523 480 449 428 463
246 235 229 242 241 245 252 261 263 254 248 230 243 254 261 265 267 279 291 296 292 291 289 289 299 297 296 310 324 320 333 330 333 330 329 333 325 335 340 341 341 339 341 328 323 324 330 335 346 387 436 471 473 497 489 501 516 535 555 557 540 516 501 499 514 545 517 457 386 368 382 406 423 436 452 428 335 258 242 234 233 233 233 238 269 299 338 380 402 420 413 387 341 358 390 432 474 434 401 414
243 230 238 245 256 268 271 278 281 265 254 236 244 256 262 268 272 280 288 301 299 297 298 294 298 305 296 304 315 317 329 324 334 338 336 338 334 347 358 365 366 364 366 365 361 365 380 393 383 370 387 400 405 426 443 464 487 525 566 575 554 514 490 493 522 585 579 503 411 365 378 417 454 477 468 393 306 259 236 233 233 236 252 292 340 374 410 422 412 469 510 470 403 348 384 453 507 489 420 390
240 231 243 251 261 277 288 289 286 281 264 253 244 253 262 265 271 281 289 302 305 305 305 301 296 302 300 300 311 309 315 317 327 336 340 343 339 350 373 390 392 388 386 390 391 402 423 437 417 429 434 432 448 445 438 482 513 553 604 621 588 523 481 484 516 597 611 508 396 357 370 417 491 543 524 428 336 274 234 233 234 269 317 389 442 435 380 358 406 480 547 533 461 383 363 449 550 562 480 409
242 234 237 251 263 277 293 297 300 300 280 265 256 247 260 265 269 283 291 301 309 313 312 309 299 299 303 303 310 309 313 315 323 332 334 338 341 346 372 408 417 401 390 384 392 406 419 428 439 468 488 479 494 490 475 494 549 601 643 633 569 516 472 475 510 568 559 468 382 354 368 423 519 594 597 489 355 269 234 233 233 262 368 460 410 341 321 354 429 507 559 516 427 394 364 418 519 605 566 489
255 245 239 243 260 273 283 295 309 313 298 280 268 249 253 262 268 283 292 300 313 319 319 318 310 302 303 308 306 305 305 309 321 333 332 331 332 336 358 398 412 387 382 388 395 400 407 416 439 462 474 494 516 524 531 520 576 630 651 607 553 514 469 453 486 525 509 445 376 349 364 432 543 619 626 507 365 249 233 233 233 240 278 380 327 310 336 396 493 581 590 489 472 457 392 390 477 590 642 565
259 255 252 243 247 255 269 289 314 323 312 294 284 270 252 249 260 279 290 300 308 314 317 320 319 313 312 320 318 309 299 302 313 325 328 316 319 327 344 366 386 371 384 422 461 472 471 461 444 450 476 500 528 555 580 549 588 617 618 604 572 538 486 429 458 500 487 423 359 341 377 458 544 617 631 515 330 240 233 233 234 244 254 277 304 335 373 468 560 639 649 559 530 479 413 384 459 573 667 625
264 263 258 258 257 261 263 283 309 331 327 311 301 291 273 254 251 261 281 296 301 306 310 316 326 326 325 324 325 320 297 293 305 313 312 312 309 313 332 356 368 369 395 431 469 502 525 529 484 421 450 529 563 573 590 590 581 590 594 602 603 554 498 425 422 489 475 400 338 341 420 527 572 606 583 442 284 233 233 233 233 241 262 296 336 383 393 491 633 736 719 600 537 497 448 401 433 539 650 663
268 268 262 266 262 268 264 282 298 330 339 328 316 305 284 267 264 265 262 281 293 305 306 312 323 331 333 328 326 324 298 288 298 305 305 307 303 305 322 342 355 367 386 428 466 481 528 559 477 378 403 489 513 485 496 546 612 597 572 584 601 576 519 442 383 472 472 384 326 350 466 580 583 568 473 334 251 233 233 233 233 245 280 327 382 452 457 493 588 674 739 664 654 595 522 455 419 470 570 655
272 273 265 264 265 268 264 278 293 316 338 336 328 311 296 283 278 279 273 264 278 293 300 313 320 328 337 337 326 325 309 285 291 299 301 300 297 300 310 328 334 351 376 407 440 454 453 441 402 365 369 401 413 425 485 573 639 619 566 542 577 593 544 461 369 428 462 381 324 358 485 606 595 537 401 284 236 233 233 233 234 253 296 357 433 513 536 495 515 592 711 756 781 705 614 536 471 443 496 597
274 274 267 266 269 270 267 276 290 303 323 336 333 323 310 300 294 290 286 277 268 274 297 315 319 324 332 338 331 328 321 284 284 295 294 298 296 300 304 313 319 336 364 400 421 389 368 364 362 364 373 387 417 477 563 655 665 619 569 517 514 542 522 477 366 380 427 382 325 365 488 619 582 451 335 248 233 233 233 233 237 279 344 401 452 493 559 600 588 584 695 820 847 817 722 629 548 494 469 521
275 276 269 268 273 272 274 273 286 298 312 329 333 335 322 312 307 304 298 289 284 269 278 296 306 317 328 335 333 323 317 286 279 285 286 284 293 298 301 311 314 326 352 381 371 365 367 363 366 371 392 427 483 562 637 692 653 581 528 483 426 415 420 450 374 349 400 384 326 370 457 578 492 367 270 234 233 233 233 233 248 311 397 465 533 560 570 621 702 659 696 819 871 890 836 729 635 549 517 541
278 279 272 273 276 276 279 275 286 296 307 321 329 339 336 322 316 316 314 306 291 280 271 276 288 300 313 321 327 320 311 288 273 270 275 283 288 296 303 304 308 317 333 347 346 366 387 386 385 393 435 503 513 585 639 668 639 575 528 468 384 356 360 397 383 331 380 376 321 356 404 483 385 296 246 233 233 233 233 235 269 338 456 538 641 682 684 708 769 771 720 783 854 880 807 726 690 635 633 667
