# 100 100
286 282 276 277 279 280 280 278 281 296 303 315 326 340 345 338 330 328 326 324 310 300 278 265 271 285 297 303 301 302 300 289 278 265 266 275 282 290 299 298 302 311 323 325 340 370 409 422 426 407 449 512 556 596 614 641 634 624 611 568 447 361 342 373 362 313 352 349 307 315 319 338 287 260 244 236 233 233 234 256 302 398 539 649 700 787 808 847 872 873 831 871 868 868 864 840 829 792 781 810
294 285 280 283 283 284 284 285 278 288 298 308 323 340 350 350 342 340 340 337 325 315 291 271 265 271 283 291 283 287 290 282 272 259 266 272 276 285 292 294 299 307 314 322 332 357 394 416 421 409 441 496 529 528 579 627 631 647 668 642 550 417 345 329 317 300 330 321 286 282 269 266 250 240 237 238 233 233 245 278 314 429 585 753 809 883 928 964 971 947 937 941 882 858 904 947 954 878 854 889
298 289 285 286 286 288 291 291 279 279 292 302 314 331 348 354 351 354 352 350 338 331 310 286 270 265 267 272 273 278 285 280 263 258 267 279 281 285 292 297 298 302 308 316 330 346 375 380 387 397 411 436 464 499 568 603 600 611 638 642 619 494 373 317 289 288 295 284 272 276 262 245 242 241 236 234 233 240 268 285 321 429 583 747 838 886 928 956 938 900 939 934 875 846 909 940 863 770 765 850
298 294 288 289 289 292 294 288 281 276 285 300 312 318 329 346 355 360 361 364 361 354 329 303 282 271 266 265 266 269 275 268 255 262 267 274 283 283 287 291 295 299 305 313 324 337 356 383 425 464 462 447 467 514 570 590 567 550 563 602 621 534 412 324 280 271 267 266 263 270 252 249 242 238 236 234 236 272 276 283 314 402 523 622 697 744 808 869 792 773 854 896 854 825 896 895 792 703 701 756
293 300 292 290 291 293 295 289 287 282 280 292 305 311 318 326 338 350 360 368 372 362 338 314 294 277 267 267 268 267 268 266 254 253 266 270 270 276 281 293 305 306 308 314 322 329 353 392 453 514 529 512 514 547 593 597 552 494 494 521 509 456 385 316 270 266 261 259 261 264 253 250 240 237 235 234 260 287 281 292 318 363 420 502 556 607 675 740 704 746 791 849 841 794 828 805 719 644 657 674
285 297 295 291 292 296 298 295 293 291 283 284 296 307 313 318 323 328 347 366 374 371 354 331 328 300 273 268 268 265 270 271 255 251 262 280 284 281 280 297 311 313 313 315 318 327 347 378 430 488 524 518 520 559 586 588 570 516 445 445 427 379 320 270 261 261 259 262 273 274 264 250 241 235 233 240 286 287 284 295 312 375 441 430 454 513 605 674 684 709 717 723 724 745 756 692 618 583 584 594
271 282 287 289 295 297 302 299 297 296 286 284 289 300 306 309 314 322 331 342 359 374 367 354 352 322 280 269 267 261 262 262 251 250 255 271 282 284 281 287 301 307 313 312 312 323 342 364 396 449 485 466 497 538 553 564 573 550 469 388 341 293 262 256 257 257 261 270 277 272 262 255 248 237 233 270 321 312 281 284 308 382 498 534 528 484 533 599 621 631 640 649 661 705 735 691 619 596 539 471
249 278 284 289 293 295 305 304 302 298 290 290 291 295 297 299 301 304 308 322 329 352 364 366 360 343 297 276 269 261 259 258 254 244 259 268 279 282 279 281 285 293 307 308 306 316 335 350 372 404 427 433 466 485 495 506 503 475 405 321 283 261 256 256 257 268 283 296 294 284 271 259 247 240 240 281 295 302 284 276 315 405 500 578 632 552 499 515 537 552 576 621 699 767 773 736 651 599 505 411
242 276 285 286 285 292 305 309 306 303 297 294 296 303 302 297 298 301 307 328 328 334 343 351 357 352 322 292 279 267 261 257 253 243 251 267 271 276 272 275 281 291 299 297 296 306 321 334 349 366 386 404 414 421 429 428 422 404 339 277 267 258 256 256 267 297 325 335 329 307 271 266 253 237 245 262 263 281 277 269 316 424 570 655 733 675 606 567 577 578 646 709 780 832 820 777 748 662 532 450
237 257 270 267 270 286 299 306 311 311 304 299 301 308 309 304 307 308 308 313 321 326 337 340 343 349 341 305 286 274 267 264 252 241 241 257 264 270 267 264 271 276 285 284 291 296 297 320 336 348 363 373 381 392 397 394 372 345 294 261 257 256 257 279 328 350 369 386 389 349 281 255 254 237 237 247 239 251 265 263 330 459 619 738 799 795 735 707 714 669 703 762 818 876 842 810 832 757 645 548
220 239 246 250 255 270 286 299 308 307 299 289 296 309 314 313 314 316 318 321 324 330 332 331 336 344 344 316 295 287 279 271 252 241 239 246 247 259 257 252 257 263 273 279 283 278 284 308 323 330 344 353 367 387 391 380 343 300 273 257 256 259 285 350 400 403 403 468 487 410 317 256 247 245 234 239 230 236 247 269 355 481 627 735 783 804 821 824 817 791 789 838 869 842 719 728 806 825 751 666
188 202 222 234 250 259 270 282 286 284 280 273 284 306 317 318 313 315 325 332 333 331 326 327 334 342 338 317 297 297 292 283 261 241 239 238 240 245 248 247 249 254 260 268 270 276 289 305 320 327 336 341 352 370 380 365 321 288 264 258 264 284 330 406 454 450 427 506 526 447 344 266 253 247 235 230 228 235 249 277 351 441 565 638 712 716 781 754 768 780 748 757 813 778 638 639 711 805 841 773
182 190 206 229 242 251 258 260 261 264 266 261 270 293 314 314 303 298 303 318 322 313 317 306 314 312 307 296 296 305 304 295 275 247 238 237 238 243 249 258 249 250 255 259 266 281 299 320 345 352 355 359 352 356 370 343 305 274 264 274 295 326 377 462 515 492 446 493 537 447 356 286 263 254 245 228 224 230 238 259 319 396 516 627 613 639 701 646 683 677 635 694 786 731 608 597 658 765 866 871
185 187 194 209 226 237 244 246 245 254 258 253 258 275 292 297 289 285 284 288 290 290 291 285 282 278 282 290 300 311 317 310 286 257 239 236 237 238 246 260 250 249 259 266 270 288 312 340 367 377 366 365 358 342 339 314 286 268 279 297 324 381 424 484 499 500 461 482 542 453 355 300 274 256 245 232 221 224 233 252 289 353 471 543 530 626 624 559 586 573 596 722 807 709 589 562 622 719 826 878
192 193 192 192 211 228 236 234 235 242 250 246 252 266 280 283 280 283 279 280 282 279 279 279 278 273 280 288 301 319 328 322 285 264 248 239 235 237 240 248 253 260 260 271 280 299 325 346 364 369 363 356 342 323 301 289 273 274 291 315 348 394 430 467 480 483 469 482 529 469 357 312 286 261 252 249 228 219 226 244 268 317 393 454 532 591 547 487 493 518 614 735 779 674 557 538 617 718 821 839
203 207 204 195 200 211 222 226 236 243 244 243 249 262 274 276 271 274 272 265 273 271 268 271 268 264 273 285 303 321 330 326 281 269 258 244 235 237 242 250 259 256 256 269 290 307 327 341 351 352 352 351 338 310 288 278 275 282 302 328 357 389 426 450 472 483 485 492 515 489 380 326 308 276 259 268 238 218 223 235 258 294 365 485 565 519 471 455 507 567 648 732 720 617 520 538 632 734 780 751
211 210 208 205 196 210 221 223 229 237 241 244 252 259 264 259 254 259 259 250 255 259 257 257 255 256 266 277 291 312 322 309 270 268 267 254 241 234 239 252 257 254 259 268 281 299 314 332 341 340 339 335 324 294 277 274 283 297 315 340 364 392 411 432 452 477 518 536 534 509 389 327 308 287 252 267 252 216 219 232 251 280 346 460 521 477 439 474 552 638 682 700 669 568 498 546 652 748 716 649
223 215 211 209 196 211 217 222 227 228 234 242 246 251 250 242 238 244 246 246 255 258 259 250 247 249 255 261 264 275 286 276 263 269 274 264 253 235 248 259 263 256 265 260 263 280 292 308 316 323 324 318 307 284 276 279 293 311 328 354 374 390 400 411 431 475 507 511 511 496 386 325 301 278 245 251 245 215 220 230 243 267 309 373 419 419 428 502 591 666 663 660 630 533 486 550 657 752 686 600
226 222 214 209 198 207 212 216 228 236 234 239 234 235 236 229 229 233 235 244 253 259 259 252 246 248 255 265 265 264 266 265 264 264 262 254 247 238 251 249 241 246 258 254 256 260 276 289 300 316 312 297 296 295 304 316 328 345 364 382 384 382 391 413 439 486 518 490 464 478 390 330 302 270 237 227 220 216 223 232 244 258 284 318 351 381 452 542 628 645 601 598 588 503 482 547 652 741 682 578
227 226 219 212 202 203 210 216 224 236 238 233 230 225 225 224 231 241 243 240 243 248 251 244 243 254 254 260 266 260 259 258 251 243 241 240 233 235 238 237 238 240 247 248 256 253 263 277 291 313 305 290 297 317 349 362 369 373 387 394 381 382 416 461 478 494 501 466 427 415 380 330 304 272 233 214 213 215 223 239 247 259 275 296 331 392 482 586 636 589 530 550 550 475 483 536 632 710 684 617
231 229 224 216 207 210 206 210 221 231 245 241 230 223 225 230 230 238 245 240 239 250 247 241 239 250 258 253 255 258 256 246 236 237 238 228 234 245 242 235 235 244 258 255 253 252 255 259 267 280 283 294 303 324 337 345 353 360 368 376 367 383 435 492 517 535 530 476 420 384 357 331 303 272 232 212 212 213 227 248 251 259 271 290 328 410 524 615 615 539 499 519 508 455 474 518 583 599 577 599
228 230 222 212 213 215 214 212 212 227 243 238 239 233 233 235 233 231 232 228 232 247 250 243 241 248 248 252 251 249 239 234 226 227 228 231 239 242 241 238 237 248 265 268 267 262 259 254 257 262 276 293 307 330 330 336 342 348 353 358 354 386 439 487 510 534 534 481 439 422 382 323 286 257 229 213 211 213 228 252 249 252 263 287 326 420 540 613 585 509 479 491 461 432 452 479 488 474 465 469
213 221 212 209 216 219 219 218 216 220 226 222 230 232 233 236 233 226 223 223 231 241 237 232 235 249 253 247 246 244 227 222 229 237 237 243 246 239 241 244 249 258 266 269 274 268 267 264 260 259 264 275 286 304 313 319 328 338 341 334 355 385 417 441 464 504 514 493 468 444 402 386 312 259 231 213 210 212 224 241 240 247 258 281 328 411 524 574 545 481 456 449 416 408 422 423 422 423 438 464
206 206 206 213 220 222 223 224 225 227 229 227 228 240 234 239 233 221 219 224 234 239 230 229 227 236 242 246 241 230 219 233 237 240 244 250 249 241 246 255 260 268 273 274 276 273 276 274 267 261 261 263 263 269 284 306 319 324 318 329 349 371 383 382 414 457 502 501 457 410 378 382 358 278 226 209 210 212 222 231 235 242 253 280 322 394 491 519 510 469 431 409 385 394 420 457 492 517 555 597
203 211 209 211 220 227 227 229 234 234 231 230 238 237 239 244 237 229 222 225 231 235 228 226 224 231 241 245 236 218 226 231 231 232 235 241 244 248 258 265 266 264 267 273 276 281 285 284 279 272 262 260 260 262 264 275 294 305 299 316 328 340 343 363 403 451 478 476 438 392 359 363 337 292 231 208 210 212 217 226 232 240 257 280 313 371 438 457 463 466 405 377 392 437 515 579 611 632 648 640
197 209 212 212 218 229 231 234 240 241 241 238 241 245 246 242 234 231 226 223 231 235 226 216 222 231 234 233 230 215 226 229 228 226 232 238 244 255 258 263 273 273 269 267 276 288 288 297 300 289 277 270 271 263 262 264 268 280 292 303 306 316 339 360 396 419 435 446 415 387 344 337 311 281 229 208 210 213 216 222 230 238 254 274 306 342 386 410 428 436 384 381 436 481 562 632 629 616 628 628
196 203 209 213 216 223 232 235 242 245 246 245 246 251 249 247 235 225 224 220 224 227 219 214 219 227 233 225 221 213 222 224 221 228 233 238 245 256 258 259 265 268 271 275 281 293 292 291 300 307 292 282 277 268 262 264 267 271 286 292 300 313 328 350 370 388 412 430 410 373 334 311 289 256 225 208 210 213 217 221 226 236 250 269 292 320 350 378 394 391 354 399 462 520 581 629 582 561 576 563
196 199 201 206 209 217 227 234 238 246 252 251 253 256 252 247 240 229 223 222 220 218 216 213 217 221 229 226 223 219 211 216 219 217 229 243 249 258 259 258 268 271 269 270 269 279 283 287 297 308 312 298 279 275 265 260 263 263 269 282 296 310 326 344 356 370 404 429 411 372 333 308 287 255 221 207 210 214 219 224 228 239 254 265 272 285 309 332 349 339 360 418 480 538 595 600 520 507 494 489
185 194 195 202 206 212 219 228 236 245 253 254 256 258 255 254 253 241 230 228 228 225 220 212 216 219 225 224 219 211 209 203 209 210 216 233 244 254 260 259 265 269 269 266 266 272 278 282 286 295 310 309 285 279 272 259 256 257 260 278 289 300 315 329 339 356 376 390 384 344 324 308 288 250 220 206 209 215 219 225 230 239 265 276 276 283 292 308 311 335 368 406 456 508 565 553 481 455 478 513
177 185 191 195 203 209 215 221 230 241 254 256 258 259 258 257 257 244 228 223 224 224 217 210 213 221 225 226 214 212 204 201 205 216 217 231 239 249 262 261 265 268 262 263 267 265 269 269 268 271 278 282 277 268 264 257 252 250 249 260 272 277 284 303 317 329 343 361 355 330 324 320 300 254 220 205 209 214 218 223 234 257 303 357 363 355 372 389 386 364 347 381 414 462 511 496 441 460 536 578
175 186 192 194 201 211 215 218 224 234 247 256 262 262 260 256 249 236 224 218 219 221 213 210 218 222 231 228 211 208 199 199 204 217 220 226 235 241 242 247 252 260 262 257 262 258 261 260 259 261 266 269 266 258 255 254 253 254 253 246 252 255 263 273 283 292 309 328 323 307 307 331 295 245 217 204 208 212 216 226 249 288 354 437 474 481 478 462 477 463 416 379 385 415 437 432 426 476 543 593
174 177 194 196 198 207 215 217 222 231 238 249 263 270 263 254 241 233 226 218 213 213 209 211 217 223 226 225 210 197 199 204 203 209 216 221 222 226 229 232 231 236 244 248 250 251 256 256 258 259 257 257 256 256 261 254 253 261 267 250 241 236 243 244 237 236 243 246 256 266 288 314 287 240 212 204 206 210 216 234 262 301 367 418 470 521 533 509 561 536 496 436 388 391 396 410 436 475 519 571
171 169 182 195 197 203 211 213 215 224 236 243 250 257 252 247 237 228 225 220 211 206 206 213 222 224 219 208 198 193 207 214 208 212 216 229 236 235 232 229 231 235 248 261 256 247 251 253 255 254 253 255 257 261 261 249 245 254 264 252 238 225 222 220 215 209 205 205 214 232 246 234 230 216 203 203 205 209 218 241 265 328 396 438 471 527 558 551 580 566 507 439 440 461 439 428 440 461 488 519
176 174 171 185 192 197 204 207 204 214 227 238 240 238 237 238 230 226 225 223 216 205 203 207 219 228 218 205 193 201 209 206 214 226 228 233 241 246 248 241 236 241 254 256 259 255 256 255 253 255 258 258 254 255 255 248 245 239 244 240 237 228 218 218 213 208 204 202 204 211 208 200 201 201 202 203 207 214 229 251 287 360 426 471 515 552 559 562 573 553 483 458 491 532 505 465 486 502 510 551
178 179 178 176 185 194 197 197 196 205 213 218 225 234 235 233 230 228 228 230 225 214 203 204 213 219 210 200 191 196 202 208 214 224 234 237 241 246 254 255 250 247 258 269 262 262 266 272 270 262 260 263 259 248 246 240 239 238 234 233 234 229 222 222 220 214 211 203 199 200 200 200 200 201 201 209 214 221 241 270 312 372 421 459 501 519 522 526 528 516 516 517 520 568 565 519 536 587 562 601
176 183 187 187 183 187 191 190 198 199 203 204 210 220 230 231 230 230 232 237 234 221 205 203 208 216 205 197 189 192 206 216 217 221 230 235 235 243 249 254 262 264 265 273 272 275 277 282 294 273 265 266 263 251 246 243 232 230 232 231 228 223 221 221 216 216 217 207 199 199 200 201 200 201 201 214 229 239 271 309 325 366 401 444 470 473 483 470 469 463 480 500 526 572 594 572 593 637 623 618
175 178 191 196 200 190 188 197 197 202 203 202 202 207 217 226 229 228 232 237 236 222 204 208 207 212 212 202 188 189 198 215 220 218 224 232 233 236 248 259 264 271 274 279 279 277 275 277 285 270 270 273 266 255 248 240 234 231 232 235 226 225 217 218 218 214 212 203 199 206 203 201 201 203 206 214 236 257 305 385 389 393 411 438 447 446 453 430 428 435 433 446 485 530 577 591 604 610 600 593
178 179 184 198 209 204 191 197 205 198 200 204 205 204 207 214 220 227 232 234 230 221 210 205 216 215 210 202 188 187 193 202 210 210 219 228 236 243 248 257 269 273 272 271 270 268 268 272 271 264 267 270 263 253 253 244 235 234 236 237 229 222 213 215 218 214 207 201 201 211 209 204 204 213 212 218 239 275 344 407 407 394 426 442 432 424 424 408 410 420 421 425 439 477 527 554 560 538 522 523
176 185 185 189 199 199 191 189 197 195 196 202 207 209 210 208 213 221 227 233 238 230 220 205 205 216 213 199 189 183 191 197 201 203 213 227 239 246 245 245 251 262 268 269 268 266 269 269 270 263 259 262 255 243 244 246 239 234 240 240 231 220 214 210 209 207 200 199 203 206 208 207 208 211 220 233 270 316 371 389 383 389 431 437 417 406 395 392 396 404 409 416 428 441 477 507 515 503 471 461
160 175 183 182 185 186 185 184 191 195 196 199 204 208 212 212 209 214 222 230 236 235 216 202 196 206 209 200 192 186 190 195 203 209 213 222 231 240 246 246 255 258 262 264 263 260 261 261 262 263 259 251 249 239 232 230 228 228 235 235 230 222 215 209 203 200 199 205 210 208 208 210 214 220 232 246 281 320 342 348 355 390 426 416 410 409 378 379 385 390 401 409 420 435 456 471 472 467 450 418
147 158 170 176 172 177 180 181 183 190 196 197 198 199 204 211 212 213 219 225 227 229 219 208 195 203 208 200 194 195 185 191 202 210 220 224 228 233 235 241 251 259 256 256 257 253 249 246 244 250 252 246 245 243 237 228 224 232 238 230 227 226 216 204 198 197 206 214 222 222 217 214 216 224 237 249 270 300 315 328 349 387 407 381 414 376 359 373 382 387 398 408 416 427 439 439 436 420 404 382
145 148 155 167 166 169 181 179 178 181 188 196 199 197 198 205 211 215 219 222 221 217 218 214 200 201 209 209 201 193 185 185 198 207 216 229 234 233 236 248 250 249 247 253 256 253 248 241 238 247 252 251 252 252 244 230 223 227 233 227 219 217 212 206 198 197 206 217 226 232 227 223 222 237 252 251 266 283 307 319 335 379 384 359 364 354 407 451 460 450 434 415 411 429 445 420 398 371 359 351
146 151 154 166 169 164 169 177 171 176 181 190 198 200 201 206 212 219 223 224 223 214 210 208 201 190 204 202 202 190 178 189 197 204 211 224 233 237 239 249 256 250 247 252 256 256 253 246 235 235 239 244 247 248 243 232 226 228 225 220 218 215 208 199 201 208 213 217 226 233 230 235 236 239 253 258 268 281 299 310 321 342 342 333 331 388 444 467 481 502 487 428 401 410 431 410 367 341 332 336
152 151 153 162 163 158 157 162 162 170 176 181 189 199 204 208 216 223 228 224 219 221 219 212 208 190 195 196 192 181 194 197 200 203 207 212 220 232 236 244 251 240 235 250 258 262 250 242 236 223 223 226 229 231 235 233 230 234 230 222 208 201 201 210 213 220 223 225 230 229 232 243 248 248 251 257 267 281 291 296 298 303 305 309 332 377 405 420 458 486 483 435 387 393 394 360 333 326 325 334
152 146 142 145 143 144 146 158 162 167 171 178 181 188 199 208 216 228 230 220 214 213 218 215 207 201 183 192 180 186 196 199 199 202 209 211 219 225 227 234 241 232 224 238 258 258 238 234 231 223 219 219 222 223 220 222 231 236 228 216 196 204 211 221 223 227 230 232 232 231 239 250 259 257 253 257 266 272 276 276 278 277 279 299 318 338 360 393 426 433 427 400 358 358 335 323 317 319 323 332
142 140 139 142 142 143 143 145 163 173 175 173 175 180 186 196 206 222 227 214 208 212 205 205 201 200 194 177 175 187 186 191 198 196 199 209 224 232 232 229 231 235 222 239 252 239 224 227 232 227 218 220 226 222 215 214 217 218 214 200 201 210 218 222 226 227 228 231 235 237 242 252 261 261 256 256 259 261 263 263 264 260 264 277 289 304 333 361 378 378 345 332 321 317 317 323 342 365 361 344
138 140 151 162 161 147 143 143 144 156 170 183 178 182 187 185 194 209 218 212 201 199 205 210 210 210 206 190 171 178 183 185 185 188 199 209 218 226 230 230 232 233 227 229 234 220 219 219 222 220 220 225 226 219 216 218 220 212 208 196 204 215 223 228 229 225 223 229 236 242 244 250 254 256 254 253 248 255 260 255 251 251 257 266 272 276 289 305 319 311 285 289 300 321 353 368 380 417 439 417
144 153 155 161 174 173 154 145 145 145 145 154 175 177 183 188 188 193 201 206 199 191 195 206 211 212 213 204 183 168 183 190 186 184 187 200 214 217 220 225 230 237 237 226 219 222 223 222 223 224 229 234 236 230 225 221 213 208 198 195 209 221 232 236 228 223 224 222 230 233 236 241 245 244 243 241 242 251 265 260 251 246 249 255 258 253 250 262 269 266 302 335 352 387 427 439 446 448 459 456
148 153 157 162 167 178 174 159 146 146 146 145 150 167 174 175 177 181 189 193 193 193 187 191 195 194 199 200 187 171 188 192 195 190 183 193 202 208 217 225 231 236 239 226 214 222 222 219 222 230 237 242 247 245 239 230 216 210 193 201 211 222 232 228 221 225 223 216 219 221 223 228 229 228 229 231 238 246 251 248 241 242 243 241 242 235 236 244 248 244 263 306 336 364 389 425 469 480 446 429
140 150 160 167 170 176 176 167 158 150 150 147 147 152 166 157 150 152 169 191 192 188 186 184 183 183 182 182 170 180 185 183 184 184 181 185 188 194 205 218 229 233 236 225 213 207 210 214 221 230 237 243 247 248 241 222 208 212 197 193 197 214 221 214 212 215 216 213 212 215 223 226 225 221 224 231 236 236 234 235 236 238 235 237 238 230 229 233 232 229 233 252 273 298 322 364 424 446 412 429
140 144 161 169 173 178 185 181 177 174 167 154 148 149 149 150 155 153 164 187 183 184 184 179 174 173 174 169 163 168 164 162 162 166 171 174 178 180 188 201 212 216 217 227 224 212 205 213 221 229 230 230 232 227 216 203 205 213 215 212 195 205 213 207 201 204 206 209 212 221 235 247 254 250 233 227 227 229 231 232 233 234 232 229 228 223 223 224 223 225 222 231 239 247 270 298 333 369 371 400
139 155 163 167 175 181 186 191 188 186 188 176 150 148 150 155 156 153 157 172 181 184 180 157 160 164 166 162 160 161 161 162 164 163 165 166 167 171 178 188 192 200 208 207 211 209 202 203 215 222 221 219 217 209 200 199 202 204 203 203 195 190 196 197 202 208 214 223 234 252 271 286 297 292 254 241 240 243 245 250 254 243 234 229 226 225 223 219 219 220 217 218 219 220 232 244 253 269 291 309
141 155 163 165 171 180 186 191 191 191 192 193 182 167 174 178 157 154 155 173 184 182 166 160 175 180 187 183 179 177 180 173 173 169 166 164 165 165 170 173 175 189 197 185 192 192 192 200 209 218 214 208 202 194 192 183 186 186 187 187 185 187 197 196 198 207 217 227 241 254 268 281 287 268 262 273 303 315 314 319 325 310 288 262 247 241 234 223 219 216 214 212 211 209 212 217 223 230 229 226
142 148 158 160 166 173 177 181 184 188 196 201 198 191 189 187 162 155 156 155 161 160 157 167 179 181 186 189 186 184 187 186 180 177 174 170 166 166 169 172 170 174 182 184 183 184 184 187 194 204 203 194 181 179 176 176 178 179 179 180 180 183 188 191 198 211 220 229 239 250 258 261 254 253 262 275 306 321 328 325 330 330 309 301 299 287 276 273 249 230 220 212 209 208 207 207 208 209 212 209
142 142 149 156 167 171 171 174 179 184 192 204 211 205 198 199 196 186 168 165 162 167 170 186 178 181 185 189 191 192 192 194 193 189 184 177 169 166 168 171 171 170 175 179 178 175 176 182 185 186 182 176 174 173 175 176 177 178 179 179 180 185 193 200 203 207 219 226 235 243 247 246 240 249 260 272 284 288 296 302 312 312 302 304 308 313 318 310 325 305 269 238 217 210 208 206 206 206 206 208
143 143 150 158 162 170 175 177 181 187 193 202 214 221 213 207 207 205 191 188 191 190 187 192 195 189 187 191 194 192 195 197 198 201 195 190 181 174 167 169 172 171 168 170 170 170 170 174 176 173 172 172 174 174 178 177 178 178 179 180 181 179 198 206 211 211 210 214 220 225 228 232 242 252 261 270 277 281 284 285 283 284 295 305 311 316 319 324 331 337 336 302 260 233 219 215 215 210 208 206
141 142 145 152 157 163 176 185 192 197 204 206 213 223 224 217 216 214 208 207 207 202 201 195 199 202 196 194 196 197 193 196 199 200 204 206 200 193 186 174 169 169 174 176 173 169 169 170 170 171 173 175 183 192 197 197 199 196 197 195 189 180 196 214 219 220 221 218 222 230 230 236 244 252 259 260 264 265 267 270 274 281 291 304 314 320 325 327 327 331 330 321 301 266 253 235 220 221 215 207
140 141 143 148 163 166 171 186 199 208 213 216 217 219 221 221 223 224 220 217 219 216 213 206 201 206 207 205 199 201 198 194 196 203 208 211 210 207 203 195 181 174 174 174 174 174 178 176 176 179 180 180 186 201 216 216 212 209 211 210 204 184 191 209 219 223 227 235 246 248 246 250 254 257 263 272 279 282 286 293 304 310 309 312 321 326 331 340 349 343 331 307 288 277 274 250 223 215 213 211
138 141 142 143 154 169 175 183 194 206 217 216 218 220 219 220 224 227 230 222 225 223 222 218 209 209 211 212 207 207 205 200 198 204 212 216 216 211 210 207 199 198 197 188 184 178 194 187 186 186 191 194 196 201 212 217 219 220 229 227 215 187 189 212 217 219 230 243 256 267 272 280 294 311 321 327 338 351 359 365 364 352 335 328 335 342 345 352 357 349 331 297 280 269 258 239 224 218 213 215
136 140 141 142 146 163 176 180 190 198 206 209 211 216 220 220 222 226 229 228 226 227 228 224 220 220 218 218 223 216 217 211 205 206 218 226 224 215 212 206 209 215 216 211 202 185 190 193 190 193 193 196 201 209 218 225 230 233 239 243 232 193 193 213 220 226 233 242 249 263 275 294 317 341 357 366 370 372 370 367 363 348 345 347 351 356 358 368 365 351 324 295 275 258 249 232 219 217 214 223
135 139 141 141 142 150 166 181 185 193 196 197 203 209 215 221 225 228 231 233 232 233 232 232 229 231 230 223 222 219 218 223 219 212 213 222 226 216 210 204 207 212 220 219 206 194 181 193 193 194 197 200 203 206 217 228 240 240 234 236 233 207 184 196 216 229 238 244 246 255 266 279 294 314 333 347 348 336 331 319 319 328 335 345 350 351 340 339 348 335 317 293 259 247 239 230 218 210 207 211
134 136 139 141 141 144 148 160 175 181 183 196 201 204 211 217 225 230 233 238 241 239 238 237 233 232 236 227 225 222 217 219 226 228 219 213 216 211 208 201 203 204 205 208 203 197 190 186 202 200 199 200 204 211 223 229 235 236 235 239 245 235 204 185 212 226 231 235 233 242 255 268 278 289 300 309 299 285 285 290 296 306 316 320 314 309 293 275 283 277 275 260 238 241 235 225 211 204 207 208
133 135 137 139 141 143 148 153 157 167 181 195 203 208 211 215 222 230 236 241 246 246 242 242 238 235 234 232 231 229 225 220 221 226 217 208 207 206 202 201 194 193 191 191 191 191 188 189 201 209 205 201 206 214 224 234 238 239 237 245 253 255 242 203 191 202 204 221 225 232 243 255 263 267 279 293 293 271 272 276 280 283 281 268 250 239 230 229 231 240 235 223 224 232 230 223 213 207 207 214
133 133 135 136 138 141 143 147 149 157 171 183 196 206 212 220 230 229 237 245 245 247 245 246 249 247 241 242 241 238 238 235 227 228 222 216 208 210 208 199 193 204 202 193 197 199 198 196 199 208 215 212 208 216 226 234 239 243 248 256 262 266 260 240 199 186 188 200 217 221 229 237 245 248 250 254 258 250 251 255 256 256 251 244 227 212 210 214 221 226 219 207 208 215 213 215 218 213 206 214
133 133 133 134 136 138 142 142 146 149 160 173 184 198 210 215 224 233 238 244 247 246 246 249 257 261 253 251 255 249 247 246 239 234 227 223 220 221 209 194 201 208 208 202 200 200 205 206 205 205 212 218 219 223 228 235 242 245 255 264 268 272 264 256 237 198 188 189 203 213 219 219 222 232 239 246 240 231 235 237 236 234 232 224 205 200 201 205 211 212 204 205 205 203 207 217 223 217 206 212
133 133 133 133 134 136 138 140 142 148 151 165 177 186 198 209 214 225 235 235 239 243 245 246 255 263 259 258 259 257 249 249 248 240 235 232 230 222 205 194 199 208 208 209 210 204 204 207 209 211 213 215 222 229 234 237 240 246 254 255 261 262 259 260 260 241 205 196 191 196 202 205 215 223 231 237 234 225 231 230 223 219 213 212 200 204 202 204 203 202 209 216 217 206 205 209 213 206 214 221
133 133 133 133 133 134 136 137 141 145 147 152 165 175 187 198 209 217 224 228 230 230 233 238 246 250 249 251 251 245 240 244 249 243 239 235 232 225 212 202 193 198 210 218 214 212 206 207 211 217 220 222 222 225 232 238 237 242 250 251 264 268 269 267 265 258 250 229 211 196 195 192 197 205 211 221 224 217 218 212 197 198 201 203 209 219 221 221 217 212 216 224 222 216 212 207 207 212 222 229
133 133 133 133 133 133 134 136 138 142 145 148 155 167 178 189 201 209 215 218 220 222 226 234 237 237 238 244 242 235 233 236 236 235 231 230 228 222 214 202 193 197 207 219 221 221 215 211 208 216 223 227 229 226 230 235 240 241 243 252 266 271 273 276 274 273 274 270 243 224 217 214 203 194 193 208 202 199 200 197 196 203 214 218 224 229 230 235 230 219 224 232 231 228 223 222 221 219 219 225
133 133 133 133 133 133 133 134 136 139 143 146 150 158 168 179 190 195 198 208 221 228 233 235 234 232 235 241 239 233 227 228 227 227 225 222 221 216 211 198 201 202 202 208 217 220 217 218 212 211 222 229 234 234 232 236 238 241 244 247 257 263 269 276 280 280 279 275 266 246 234 230 221 212 193 195 196 197 199 207 210 213 218 224 233 238 242 246 245 237 232 240 243 240 234 234 233 231 229 230
133 133 133 133 133 133 133 133 135 137 141 144 146 153 160 165 173 181 196 210 218 223 229 235 236 237 238 241 237 228 223 225 223 224 221 218 215 211 207 198 208 214 213 212 210 211 216 217 214 214 220 228 233 240 244 240 238 243 243 243 245 252 257 262 271 283 287 286 279 263 251 244 236 228 211 207 210 211 204 209 220 225 227 234 238 244 252 260 265 269 256 254 256 255 248 244 247 248 247 247
133 133 133 133 133 133 133 133 134 136 138 143 145 149 154 164 172 177 183 193 204 212 218 225 231 239 243 241 237 229 220 220 220 222 223 218 212 210 206 198 201 209 216 223 223 217 217 218 216 217 224 231 233 240 248 250 248 245 250 249 250 253 252 252 261 275 287 286 281 277 273 265 258 246 232 229 227 224 221 213 210 222 229 237 241 241 251 259 266 268 268 268 269 271 262 262 273 280 284 275
133 133 133 133 133 133 133 133 133 135 137 141 145 148 151 154 160 170 183 194 205 206 209 215 220 225 230 233 232 231 223 216 216 220 221 216 214 209 207 199 202 208 210 215 224 227 221 222 220 220 225 231 236 242 251 260 266 265 259 257 257 260 252 251 253 267 273 280 286 291 292 284 275 265 253 253 249 242 238 233 223 214 216 226 232 242 253 260 259 266 271 269 270 272 270 272 282 292 300 298
133 133 133 133 133 133 133 133 133 133 135 139 147 158 153 149 152 165 177 182 195 208 211 211 212 215 218 222 225 225 224 219 217 216 215 214 211 209 202 198 204 206 209 213 217 227 224 222 224 225 229 234 241 247 255 272 286 287 278 268 265 261 255 253 256 259 270 282 288 297 300 297 292 280 273 275 283 276 270 267 261 245 231 223 238 246 255 261 259 265 276 280 276 277 280 279 281 292 298 301
133 133 133 133 133 133 133 133 133 133 133 137 145 156 148 148 150 154 164 181 192 198 209 217 215 215 219 223 222 221 223 225 225 224 220 217 211 205 199 201 210 208 209 211 214 220 221 223 225 228 232 238 245 254 261 278 298 301 290 279 271 268 269 263 259 263 267 272 282 290 300 307 306 291 286 288 298 305 302 296 289 281 264 235 230 244 254 257 253 263 273 278 277 280 284 283 285 289 296 300
133 133 133 133 133 133 133 133 133 133 133 135 142 149 150 148 147 148 154 168 183 195 202 209 219 221 222 226 229 230 227 230 232 231 226 219 213 207 202 200 208 209 208 210 212 216 219 223 227 232 236 241 248 257 270 286 300 302 294 288 284 279 277 275 269 271 272 274 278 287 296 307 310 299 293 299 309 320 336 336 324 309 298 279 250 235 237 241 242 251 259 264 272 280 285 287 293 291 288 289
133 133 133 133 133 133 133 133 133 133 133 134 139 149 150 149 146 151 149 160 171 184 196 207 211 219 225 230 233 237 237 230 229 233 227 220 215 209 204 200 206 207 209 212 213 215 219 222 226 232 240 246 254 263 270 284 296 294 292 299 303 297 289 287 280 275 276 282 286 293 300 301 304 303 296 298 310 327 350 359 352 345 330 308 286 268 257 249 250 252 256 258 263 267 273 281 287 285 278 278
133 133 133 133 133 133 133 133 133 133 133 133 137 145 147 146 143 150 151 152 165 177 184 195 209 220 224 229 231 232 232 226 221 224 223 216 211 209 206 200 207 209 208 210 216 218 219 222 226 231 240 246 255 263 272 277 282 284 292 306 319 319 301 292 288 286 280 280 284 291 295 295 296 299 305 307 315 330 352 376 368 366 361 330 307 295 289 277 264 260 265 269 271 266 270 274 276 273 274 282
133 133 133 133 133 133 133 133 133 133 133 133 136 147 146 144 144 148 153 153 156 172 185 193 200 211 226 229 228 226 222 218 216 219 218 211 203 203 204 199 204 208 210 210 213 217 220 222 227 230 236 243 253 263 271 275 277 284 296 314 329 334 315 298 295 296 292 288 288 290 292 295 298 300 307 316 323 334 355 374 373 376 371 350 332 323 315 296 277 271 273 276 278 275 272 269 269 272 276 282
133 133 133 133 133 133 133 133 133 133 133 133 135 139 146 144 143 145 146 154 153 163 178 188 198 207 211 223 223 222 220 214 213 215 214 205 198 196 199 198 205 207 209 211 211 213 217 224 227 231 236 242 248 257 266 272 278 286 302 328 348 346 328 307 300 303 305 304 304 303 306 315 322 316 310 315 324 337 355 367 363 377 371 356 343 346 348 324 293 283 283 285 282 279 274 273 279 281 285 287
133 133 133 133 133 133 133 133 133 133 133 133 134 138 149 144 143 143 143 146 150 157 171 174 183 196 201 204 210 220 223 218 213 212 211 201 197 192 191 198 202 204 203 206 208 211 214 218 224 230 235 240 246 254 260 265 272 282 301 324 344 351 338 323 314 314 317 316 312 317 323 330 340 349 335 322 328 337 350 363 368 372 365 353 337 345 358 349 323 305 298 303 295 280 279 281 286 290 291 293
133 133 133 133 133 133 133 133 133 133 133 133 133 137 144 144 136 139 141 145 150 154 161 174 178 182 191 199 206 212 219 221 219 208 206 197 193 187 194 194 196 197 198 200 203 209 214 215 218 226 233 239 244 252 259 265 271 279 292 308 322 331 335 332 331 336 336 330 322 325 338 354 356 363 357 338 334 335 343 355 364 361 356 343 332 335 347 353 333 318 310 316 306 285 285 288 291 294 298 304
133 133 133 133 133 133 133 133 133 133 133 133 133 135 143 142 138 149 141 140 146 150 155 164 176 185 188 200 204 206 209 211 212 202 197 191 183 189 194 195 196 194 195 197 201 204 210 215 217 220 226 234 240 247 255 264 273 282 293 304 311 314 318 324 332 344 352 346 342 342 352 368 381 355 362 347 336 333 336 346 357 350 344 334 330 334 336 337 331 319 315 322 312 291 289 291 295 299 305 312
133 133 133 133 133 133 133 133 133 133 133 133 133 135 139 141 139 151 147 143 142 144 151 156 162 175 184 188 195 196 196 198 194 189 188 183 179 188 190 194 195 195 195 195 198 203 206 211 217 221 223 226 234 241 247 255 268 280 290 298 303 306 310 318 329 342 351 348 346 353 359 369 369 357 350 339 335 329 330 334 344 335 327 323 329 332 326 326 328 322 322 328 318 297 296 299 303 307 314 324
133 133 133 133 133 133 133 133 133 133 133 133 133 134 141 137 137 151 160 154 145 144 145 153 158 160 166 178 184 185 185 189 190 185 182 171 185 188 188 189 191 194 197 198 197 200 205 209 213 218 221 226 228 234 240 246 255 267 281 288 293 299 307 318 326 332 337 335 338 345 344 353 347 339 331 327 328 328 322 323 323 317 313 320 331 330 323 325 331 329 319 318 309 302 304 307 309 316 336 359
133 133 133 133 133 133 133 133 133 133 133 133 133 133 136 136 138 144 172 173 164 150 146 146 148 150 153 159 165 159 165 176 185 184 170 176 183 186 187 186 188 189 193 198 200 200 201 206 210 214 217 224 227 230 234 241 246 255 266 276 284 290 298 308 317 318 321 329 335 343 344 337 332 323 315 318 321 324 320 315 313 309 311 323 337 330 323 328 335 337 320 320 318 310 310 314 320 340 380 367
133 133 133 133 133 133 133 133 133 133 133 133 133 133 133 135 136 139 170 183 180 171 154 148 158 163 162 171 160 164 162 157 159 163 161 178 185 190 190 188 185 185 186 190 195 198 198 201 206 211 213 218 223 228 231 236 241 248 256 264 275 282 288 295 303 310 319 334 344 342 336 325 320 313 307 310 316 322 314 312 310 306 310 322 331 328 324 327 336 344 330 330 333 323 317 323 340 379 401 369
133 133 133 133 133 133 133 133 133 133 133 133 133 133 133 133 135 137 157 184 189 180 161 148 168 180 174 168 170 175 178 179 174 168 165 160 166 183 195 191 187 184 183 185 188 190 192 197 201 204 211 215 217 221 229 236 242 247 252 258 266 273 280 286 296 308 316 325 335 340 334 322 312 303 303 303 305 309 307 306 306 308 309 313 317 321 328 332 342 345 332 328 332 330 335 344 362 403 408 386
133 133 133 133 133 133 133 133 133 133 133 133 133 133 133 133 133 135 141 172 184 187 172 149 154 177 192 185 173 172 177 180 183 190 185 178 175 165 185 192 187 181 183 179 180 183 188 193 197 202 207 211 214 217 222 230 239 248 252 255 259 264 269 277 286 299 306 312 316 325 336 327 313 300 295 296 297 300 301 298 301 308 310 312 315 323 333 343 351 342 324 323 327 334 348 363 382 405 413 395
133 133 133 133 133 133 133 133 133 133 133 133 133 133 133 133 133 134 137 147 168 176 172 152 148 164 178 191 186 176 174 177 184 190 196 194 190 188 171 174 172 172 175 170 177 186 190 192 196 201 204 207 210 212 216 222 232 243 248 251 252 254 257 263 272 282 291 296 305 316 330 325 310 299 293 291 290 292 294 292 298 306 312 316 319 326 338 353 353 337 322 318 323 336 354 369 383 407 412 390
133 133 133 133 133 133 133 133 133 133 133 133 133 133 133 133 133 133 135 138 148 168 166 157 146 155 171 178 183 182 178 179 182 190 197 204 204 196 190 187 178 174 163 166 180 186 188 191 195 198 203 206 206 207 209 214 221 232 238 240 243 244 245 250 256 265 274 281 295 310 325 316 304 293 291 288 286 287 289 290 294 299 307 316 326 336 343 352 348 332 321 316 324 338 351 360 377 398 403 382
133 133 133 133 133 133 133 133 133 133 133 133 133 133 133 133 133 133 133 135 137 142 156 161 148 147 153 165 178 181 180 180 187 189 198 209 213 209 200 199 201 199 189 167 173 179 186 186 191 196 199 204 205 202 203 206 210 217 225 229 230 233 235 239 244 251 260 271 283 296 311 304 293 285 284 283 280 279 282 282 291 296 302 313 331 344 347 351 344 324 313 313 321 333 345 353 369 391 385 373
133 133 133 133 133 133 133 133 133 133 133 133 133 133 133 133 133 133 133 133 135 136 139 151 145 144 147 150 157 168 175 175 180 188 197 206 215 219 214 203 202 208 208 186 166 167 164 168 179 188 195 199 202 202 197 196 202 208 214 217 222 223 225 229 235 242 252 263 276 281 284 281 274 272 274 275 272 270 271 274 285 292 301 311 325 344 350 344 339 321 310 309 315 323 337 355 376 384 371 368
133 133 133 133 133 133 133 133 133 133 133 133 133 133 133 133 133 133 133 133 133 134 136 137 141 143 144 145 146 150 158 163 172 179 187 197 206 209 209 205 197 195 200 199 181 168 167 165 166 174 184 192 196 194 193 188 192 198 202 202 210 216 220 223 228 236 245 255 262 260 258 257 255 255 259 261 259 256 257 264 276 286 296 307 319 330 338 330 326 316 306 303 308 313 321 338 361 377 376 355
133 133 133 133 133 133 133 133 133 133 133 133 133 133 133 133 133 133 133 133 133 133 134 136 137 139 143 147 147 147 149 155 161 167 176 184 190 194 194 196 195 194 188 182 175 172 169 169 166 167 172 177 185 187 180 179 183 187 189 202 209 214 217 220 225 232 240 249 249 243 244 243 243 241 243 245 246 248 247 254 264 275 284 291 298 305 313 310 317 314 300 293 297 302 307 320 338 358 353 336
133 133 133 133 133 133 133 133 133 133 133 133 133 133 133 133 133 133 133 133 133 133 133 134 136 137 139 142 149 155 152 150 155 164 168 172 177 179 185 189 191 190 188 185 179 175 173 167 166 166 167 170 170 169 171 171 175 175 185 194 200 206 212 219 225 229 235 240 240 234 233 234 234 234 236 238 241 242 246 250 253 258 264 269 274 281 292 303 315 313 296 285 286 292 301 309 317 323 319 318
133 133 133 133 133 133 133 133 133 133 133 133 133 133 133 133 133 133 133 133 133 133 133 133 134 136 137 138 140 149 158 156 149 154 164 171 171 174 181 187 191 187 174 169 171 171 168 170 176 171 170 170 174 178 177 175 175 175 175 186 193 197 202 207 215 223 227 230 230 230 229 229 228 227 231 237 240 237 245 248 247 247 247 250 256 263 272 284 294 298 283 276 278 286 293 297 297 296 300 310
133 133 133 133 133 133 133 133 133 133 133 133 133 133 133 133 133 133 133 133 133 133 133 133 133 134 135 136 137 139 145 153 149 149 155 162 172 175 175 178 178 173 167 176 174 175 179 186 182 184 182 178 179 185 189 189 184 181 179 176 183 188 193 197 201 205 210 213 217 220 226 229 227 222 223 228 230 225 231 236 236 236 237 237 242 249 257 263 270 271 268 266 274 280 287 293 293 290 290 295
133 133 133 133 133 133 133 133 133 133 133 133 133 133 133 133 133 133 133 133 133 133 133 133 133 133 134 135 136 137 139 144 145 148 154 164 165 165 170 167 166 171 176 183 185 189 186 192 191 194 190 192 188 186 191 197 200 195 184 178 174 177 182 188 192 195 199 203 209 212 216 220 223 218 214 219 223 221 221 221 221 223 227 230 233 238 245 251 255 255 255 257 264 271 275 282 284 277 276 278
133 133 133 133 133 133 133 133 133 133 133 133 133 133 133 133 133 133 133 133 133 133 133 133 133 133 133 133 135 136 137 140 143 143 146 153 163 163 159 165 173 176 179 179 186 190 195 197 198 201 198 199 197 193 190 192 199 195 190 181 177 175 175 177 183 190 196 199 204 207 212 215 216 213 209 214 216 215 214 215 217 219 224 228 233 237 240 242 245 244 243 246 254 257 257 258 261 262 263 266
133 133 133 133 133 133 133 133 133 133 133 133 133 133 133 133 133 133 133 133 133 133 133 133 133 133 133 133 133 135 136 138 141 144 142 146 151 158 164 170 172 175 179 177 183 192 199 196 195 199 202 207 205 201 197 191 194 190 188 185 184 184 181 177 178 184 189 194 197 198 201 206 209 210 207 209 211 210 207 209 210 214 223 227 227 231 234 235 234 232 232 235 239 241 243 246 250 255 257 258
