# 100 100
594 568 555 551 528 500 478 460 448 439 430 420 410 399 392 387 381 384 383 372 367 362 355 343 336 336 335 330 323 317 314 326 325 321 329 340 356 346 328 309 284 262 260 258 248 243 238 226 231 235 218 219 239 287 298 304 311 311 319 345 347 381 435 464 433 399 390 438 467 415 343 342 389 436 471 487 493 540 594 570 524 507 486 475 464 449 451 457 479 505 502 483 472 471 453 441 431 445 480 514
582 566 551 531 507 487 464 450 439 431 422 412 402 392 386 381 375 372 369 365 357 353 349 341 335 334 332 326 320 318 322 333 329 332 343 350 361 342 321 304 273 253 256 251 245 236 227 222 231 221 221 223 250 289 305 314 325 326 338 363 352 403 476 502 483 424 400 471 505 426 342 360 375 384 395 411 447 511 576 585 547 501 505 508 469 467 482 462 467 496 506 481 460 451 451 457 450 446 495 528
570 541 521 503 487 474 464 452 439 433 424 417 407 393 388 382 378 370 363 359 354 347 344 339 334 332 333 325 323 324 330 337 334 342 349 348 360 338 314 289 259 250 254 247 236 229 226 226 222 219 224 229 255 289 315 322 336 342 350 359 359 430 524 548 503 467 418 448 507 442 355 372 417 445 445 430 429 490 559 589 559 518 523 497 468 506 518 483 469 493 505 483 460 475 474 483 472 441 474 523
563 523 508 503 498 491 480 460 442 438 432 424 413 398 391 383 377 372 366 366 360 347 340 340 340 336 330 329 330 332 339 343 338 345 352 351 344 334 305 270 248 246 245 242 231 230 230 225 219 219 227 239 254 291 323 331 350 353 342 348 370 447 529 575 546 531 460 430 496 472 393 350 398 458 504 502 479 504 557 567 536 546 545 477 512 551 531 489 487 495 498 478 466 504 503 503 487 449 458 491
571 573 560 553 541 529 498 473 462 460 449 433 415 398 392 384 379 378 373 373 363 347 347 349 352 343 333 331 334 338 346 349 343 343 348 347 342 325 288 253 242 244 239 235 235 237 236 224 220 220 240 251 253 292 318 333 348 339 334 354 385 452 527 580 587 578 513 440 476 502 445 372 359 403 468 531 542 565 587 584 575 590 529 482 551 595 550 496 510 518 502 475 479 519 533 517 483 462 478 479
646 656 602 569 552 534 507 501 501 499 479 451 419 405 395 391 388 384 374 366 359 354 353 355 355 340 334 334 338 342 352 357 347 345 349 344 333 310 271 242 238 243 235 236 242 241 240 223 220 223 249 261 256 284 303 314 315 328 338 369 409 464 512 558 594 605 562 480 478 533 478 431 380 363 399 463 498 557 597 610 609 596 511 491 577 619 557 504 524 533 507 479 491 526 547 514 476 471 500 511
672 644 596 558 541 525 516 526 529 523 509 474 433 421 404 392 395 382 369 360 359 358 357 356 350 336 336 339 342 345 361 366 352 349 353 346 333 304 254 238 236 240 234 239 245 241 240 222 221 229 252 269 272 262 279 288 311 339 346 381 426 445 466 521 560 589 550 481 514 561 517 476 417 408 372 404 445 500 578 621 618 579 510 483 563 615 558 520 557 542 507 483 507 528 545 515 479 470 507 534
644 605 566 545 531 519 511 512 529 527 504 476 448 429 406 388 384 380 378 367 367 366 360 353 345 335 337 351 350 348 367 377 356 352 353 345 334 298 246 236 236 239 233 239 243 239 234 222 221 237 260 277 284 267 291 311 331 353 362 375 404 427 451 486 542 588 556 518 585 600 557 480 440 466 416 380 431 499 567 610 601 539 529 503 515 586 594 552 568 554 509 488 521 539 555 537 485 473 510 546
617 561 542 534 517 503 496 494 507 504 482 461 443 418 393 383 384 391 390 376 372 371 363 352 343 338 341 358 365 361 367 378 362 358 354 343 325 287 244 237 238 239 234 236 237 231 225 224 223 245 267 285 292 272 290 318 349 376 388 381 389 417 471 514 561 597 575 543 607 627 569 482 457 503 474 408 392 463 543 585 600 573 603 557 500 571 632 625 604 577 520 492 524 548 558 541 481 482 535 557
639 563 538 529 510 490 474 472 467 458 448 436 422 398 387 387 391 395 392 385 379 374 368 350 342 339 347 361 375 372 374 379 379 363 349 337 306 269 245 239 239 238 235 235 233 226 224 223 228 255 276 294 302 279 290 329 376 406 436 430 410 400 443 507 552 594 604 570 604 613 534 487 511 531 499 444 396 426 501 562 600 613 623 574 505 558 629 657 655 611 536 498 528 548 541 518 482 496 539 565
657 588 583 597 550 497 458 439 432 424 420 412 402 398 403 405 400 398 396 391 385 375 370 350 343 341 346 360 365 374 380 384 389 369 331 316 294 263 246 241 240 238 235 231 228 226 225 223 232 261 285 303 315 292 288 345 405 434 453 480 472 424 425 456 504 559 587 593 612 614 539 548 579 556 497 479 423 407 473 544 604 635 622 574 512 532 572 611 665 635 559 509 531 543 528 515 494 511 518 523
671 636 647 662 613 540 476 445 426 417 410 405 404 419 428 417 406 397 391 386 381 372 360 353 350 349 349 355 351 353 369 373 377 378 342 300 279 257 247 243 241 237 232 230 228 227 225 224 230 261 293 313 333 307 294 345 403 431 439 436 442 437 467 480 491 513 524 544 603 633 593 606 609 545 524 534 455 398 459 531 605 650 621 570 519 546 571 590 652 634 574 530 528 526 521 522 513 523 504 480
654 649 647 635 597 567 505 456 426 420 432 432 432 452 446 419 411 404 392 382 374 365 361 357 356 353 353 355 344 337 345 354 356 367 360 311 271 249 246 244 240 234 232 230 228 227 226 234 227 254 300 321 335 321 303 329 358 378 392 405 418 423 455 481 477 479 480 517 579 644 656 645 583 568 596 582 492 406 430 513 606 652 614 564 534 569 606 623 653 633 584 555 523 506 500 506 503 511 503 477
594 591 593 589 569 541 489 447 428 457 476 469 460 470 441 425 420 413 399 390 376 370 364 358 358 352 357 361 345 333 330 328 328 346 347 315 275 249 244 239 236 234 232 230 229 227 230 252 230 239 287 314 318 321 315 333 377 399 397 418 442 435 431 449 461 464 476 497 540 600 645 657 602 627 665 624 542 432 419 511 595 642 615 575 554 612 618 632 630 612 589 560 528 505 488 481 478 472 466 456
535 524 535 549 546 511 461 438 457 502 500 479 468 460 444 445 445 433 413 403 391 382 366 360 358 351 354 362 345 330 314 312 306 332 345 314 276 249 242 243 242 239 234 231 229 227 235 265 237 230 258 281 299 318 324 342 389 434 437 439 470 472 437 461 493 496 512 540 544 544 578 642 654 654 672 615 540 461 415 492 561 624 629 585 574 627 634 613 590 569 563 559 541 519 493 479 473 468 461 448
534 508 491 497 495 469 446 457 494 519 507 482 465 461 461 471 475 459 442 426 412 387 368 364 362 352 349 349 336 320 310 312 306 309 336 305 263 246 248 244 238 238 231 230 229 228 241 273 242 230 240 257 279 294 329 369 400 454 478 473 497 516 475 457 515 538 560 591 584 525 525 583 626 650 634 553 487 433 440 483 528 594 626 589 602 640 640 601 567 551 538 535 537 519 495 503 499 487 465 458
589 562 514 479 461 459 474 498 519 527 525 499 475 482 489 483 485 476 460 434 410 385 370 372 369 355 345 331 318 312 323 324 319 294 299 287 254 256 252 244 237 239 232 229 228 228 242 268 246 231 237 248 266 276 320 388 398 439 491 503 511 531 521 492 484 543 553 565 550 498 498 523 552 606 613 525 462 437 507 570 598 627 629 594 616 650 647 605 582 575 551 535 519 510 517 533 518 489 470 473
603 587 541 497 484 497 502 504 509 514 527 528 510 518 501 467 461 456 438 409 391 380 375 382 375 352 338 326 315 323 332 328 320 304 281 262 265 272 258 248 242 241 233 231 228 229 242 257 249 234 234 243 256 270 297 348 382 410 454 489 507 522 539 542 500 489 507 504 484 478 482 495 531 593 623 552 495 451 538 636 668 667 643 612 637 661 660 621 600 589 580 564 542 539 553 543 501 488 501 486
630 589 530 509 508 507 501 495 498 503 512 523 528 528 496 455 446 429 407 394 387 383 381 391 376 345 329 319 322 333 340 333 318 295 275 265 290 284 261 258 247 244 235 232 228 230 240 252 249 239 243 235 246 265 289 310 345 377 416 451 471 495 517 533 503 455 454 465 484 506 510 494 511 553 599 596 515 464 536 629 675 698 671 630 639 668 658 624 604 594 593 581 562 563 564 524 500 527 527 485
626 583 527 510 504 498 490 485 485 485 488 495 509 522 497 455 430 414 406 397 390 386 381 383 361 333 323 324 335 344 346 332 313 284 266 281 301 291 271 272 255 246 233 231 230 230 235 246 248 245 248 237 237 254 280 295 311 334 379 423 445 473 493 506 491 443 462 497 533 557 561 533 513 516 557 602 506 485 555 612 669 711 699 671 649 665 642 604 586 577 569 559 549 541 529 513 530 540 504 471
598 560 537 526 508 496 485 475 471 466 464 461 467 486 486 473 454 433 414 399 388 378 368 357 339 330 331 340 346 355 347 329 298 273 266 293 305 292 290 284 261 242 233 232 231 231 232 243 247 247 257 245 238 248 265 280 296 314 337 379 409 436 458 474 470 435 481 536 572 606 603 592 570 530 533 580 530 474 537 608 659 705 729 711 684 680 651 607 583 569 568 571 560 545 540 542 542 513 480 494
575 561 574 578 555 523 499 485 476 472 462 448 441 444 459 470 464 432 414 393 371 359 347 342 337 340 349 355 356 360 346 321 285 267 277 307 311 307 307 294 265 241 233 233 232 232 234 238 245 247 267 258 249 243 252 263 274 290 317 337 362 387 402 419 429 442 502 558 580 580 595 610 630 602 562 543 526 494 492 537 584 639 710 748 729 712 673 627 589 589 609 625 612 589 578 561 531 492 496 544
576 570 582 601 594 562 526 505 496 484 468 451 437 424 433 440 431 399 380 364 353 348 349 354 349 359 369 371 366 362 339 306 280 269 293 320 329 324 316 300 267 240 234 234 233 232 235 237 243 247 271 275 273 261 246 247 259 273 298 338 370 406 421 412 430 470 516 536 533 556 580 616 658 677 627 559 524 563 529 528 572 622 678 751 783 760 713 656 604 624 643 649 646 631 609 560 511 487 526 565
573 571 578 587 582 556 536 526 512 494 473 449 429 420 408 405 395 375 362 355 353 359 364 368 368 379 387 386 372 356 326 292 275 287 314 336 341 331 316 301 266 238 235 235 236 235 240 239 246 249 268 286 302 299 267 254 245 258 278 302 342 394 441 445 435 458 488 512 551 587 611 627 646 680 691 615 552 594 555 551 639 667 730 774 813 809 754 686 633 643 636 627 631 638 617 539 495 501 544 545
565 563 575 588 573 547 533 525 510 493 472 447 424 412 401 391 383 373 362 359 368 385 390 381 387 400 403 392 369 346 314 280 278 308 329 335 337 328 308 290 258 238 236 237 237 238 241 240 249 253 267 288 324 336 303 273 256 248 255 280 303 340 392 449 463 462 486 525 572 607 608 586 614 674 719 695 613 596 556 571 673 736 770 800 801 807 775 694 645 627 614 597 583 573 553 510 496 525 554 525
558 563 576 601 600 548 518 507 495 482 462 441 422 407 397 389 379 372 373 387 398 402 403 389 400 416 420 396 353 329 300 276 293 333 350 335 338 322 296 274 246 238 239 239 240 241 245 242 248 256 268 295 327 346 355 314 277 263 254 257 273 307 341 384 431 460 475 497 527 539 536 558 608 653 676 711 682 589 568 639 736 786 779 791 780 781 786 696 639 608 592 577 561 539 517 505 521 561 555 509
549 567 584 598 597 547 513 495 484 471 451 431 417 405 397 388 382 385 403 422 424 410 397 397 412 419 421 389 345 314 286 281 312 329 353 338 330 314 287 260 241 241 243 242 243 245 250 246 252 263 279 301 324 346 400 385 313 281 275 257 261 279 319 362 395 424 445 465 483 502 522 539 565 589 634 692 697 584 595 682 760 802 786 770 766 754 787 711 630 593 588 586 578 549 528 564 599 598 536 489
542 562 579 577 566 545 520 497 479 462 444 428 419 413 408 404 399 409 433 446 437 412 399 396 401 409 409 379 336 303 281 290 349 356 356 345 326 304 276 251 241 244 251 252 246 251 250 251 260 271 291 306 339 370 419 425 373 314 296 281 255 263 288 337 391 443 479 505 540 558 579 602 611 629 662 723 740 635 576 626 706 770 770 750 746 732 768 717 626 598 603 622 620 578 567 614 611 571 514 484
535 554 566 562 554 554 540 508 481 461 447 439 437 432 430 426 412 414 436 448 440 422 403 396 392 389 397 371 323 290 285 308 357 370 360 345 322 298 267 248 243 249 266 269 260 259 253 255 267 279 299 311 345 387 423 434 410 355 328 315 274 255 269 302 347 407 481 527 579 599 614 637 664 682 701 737 748 709 631 585 640 720 761 744 706 721 743 696 647 647 648 660 641 604 606 607 576 539 503 493
536 553 567 562 545 535 538 517 483 467 459 462 468 467 466 440 407 401 410 423 425 420 402 388 383 370 365 337 296 285 300 331 360 373 365 347 322 295 263 246 245 261 287 293 281 269 259 262 272 288 304 329 343 380 416 428 426 379 345 360 316 269 259 281 319 371 438 488 537 564 590 631 666 666 675 711 662 672 651 583 582 658 720 731 690 705 704 712 730 725 707 686 655 633 619 595 566 530 514 509
545 565 582 566 537 514 509 501 484 474 467 469 478 485 465 428 384 369 373 380 389 387 383 381 375 351 323 298 288 297 331 359 386 393 375 350 322 293 262 247 251 277 310 321 303 278 263 272 275 301 315 347 361 373 405 430 423 390 365 389 365 303 265 264 297 333 399 441 468 513 575 597 599 609 654 630 591 584 552 539 601 608 647 673 652 664 692 740 778 792 773 738 701 664 624 594 559 532 535 525
557 577 587 568 531 506 491 482 471 468 466 450 435 427 402 373 342 332 330 333 343 352 360 364 346 310 294 291 300 331 359 387 411 405 382 351 323 290 258 248 258 295 333 348 320 288 273 286 289 320 344 369 397 380 394 426 416 390 377 398 398 360 283 257 275 309 347 390 427 470 505 527 576 619 630 553 514 498 526 608 699 691 632 627 655 660 667 717 767 776 756 752 742 687 650 605 562 556 554 547
549 548 532 537 523 496 478 464 452 447 442 417 386 366 354 348 351 354 347 329 317 314 316 312 301 296 304 321 345 366 379 407 417 408 384 351 322 288 255 251 269 311 358 374 331 297 281 295 312 351 386 413 430 416 391 409 414 401 390 389 405 405 337 266 260 285 321 366 402 429 462 508 558 546 507 477 472 510 549 623 705 743 706 715 710 684 657 675 710 701 702 701 725 729 681 626 586 584 578 576
530 512 486 469 467 476 464 445 434 424 407 383 362 355 371 394 406 406 395 373 350 330 316 307 299 310 325 359 382 392 395 410 413 400 374 353 319 286 253 254 283 330 371 379 331 300 294 319 342 382 425 453 454 447 414 404 415 418 405 396 409 420 389 307 262 266 294 340 390 430 470 487 458 437 440 467 532 603 574 588 649 732 783 775 748 694 660 633 633 628 639 664 719 755 697 648 622 617 610 612
570 579 538 491 456 439 432 420 412 400 381 368 373 401 425 427 435 437 434 419 389 350 323 304 312 333 343 380 397 406 408 414 408 391 372 352 317 277 254 262 304 345 360 347 321 306 309 343 368 403 436 452 461 461 438 413 415 430 425 413 406 409 404 360 277 261 268 301 342 383 416 413 431 472 510 549 593 602 594 621 689 776 799 761 710 653 632 624 628 610 594 640 712 757 728 696 664 656 643 643
593 602 560 513 485 464 448 426 404 392 387 386 420 465 475 447 441 442 443 435 394 350 316 309 337 351 353 382 410 418 415 410 400 388 374 348 313 266 257 274 314 350 350 331 324 323 325 360 381 412 435 455 465 459 448 434 424 445 451 437 419 413 405 384 320 272 262 277 306 337 364 397 445 515 557 543 537 565 606 648 707 773 771 716 683 660 638 652 644 630 592 603 684 747 719 711 705 692 680 670
586 588 550 513 484 459 438 422 419 422 415 406 451 489 484 458 440 432 431 417 382 344 312 328 363 366 363 376 401 416 419 409 397 390 375 344 300 264 262 287 318 346 345 341 351 345 335 369 393 417 447 474 483 470 461 451 440 448 475 461 439 423 422 417 385 313 268 272 286 319 355 385 420 461 481 504 555 612 619 609 664 719 725 742 728 707 673 675 621 592 576 589 683 739 706 686 709 728 727 710
573 568 533 498 478 465 454 450 449 455 445 420 443 484 491 468 454 445 436 413 371 330 313 351 381 382 383 379 385 404 416 410 398 389 371 331 287 262 270 297 324 346 345 369 379 368 347 362 393 425 458 490 498 483 477 468 460 459 478 477 461 443 429 436 433 381 298 268 277 299 332 368 403 438 482 539 613 634 578 564 600 631 673 748 755 731 723 698 619 573 554 591 666 706 673 659 685 719 766 775
561 570 553 526 506 493 486 483 489 497 464 438 433 456 479 489 477 462 444 403 351 317 320 367 395 400 394 385 383 396 413 412 402 383 354 316 278 264 281 308 331 350 354 395 410 388 364 377 388 398 434 475 496 489 491 490 481 476 484 504 497 486 454 440 442 425 353 276 267 277 306 343 382 420 458 510 567 579 538 536 569 620 690 761 762 720 714 677 616 570 542 575 638 674 630 657 707 741 784 818
572 591 586 563 536 522 516 511 511 502 465 442 437 449 469 496 500 467 434 379 329 316 336 371 393 398 393 388 387 398 416 418 402 374 339 300 270 269 295 321 342 357 365 413 419 387 379 399 427 416 405 444 476 488 500 511 508 500 490 505 530 513 490 471 446 430 395 318 270 268 286 319 354 388 423 464 508 510 503 543 604 663 707 741 738 690 661 642 587 550 529 548 583 607 602 657 725 776 801 794
606 615 611 603 575 548 531 520 505 481 457 443 450 463 477 499 496 457 413 355 319 330 361 383 395 395 392 395 392 395 418 423 403 362 330 291 269 277 309 336 353 364 369 399 395 392 406 427 461 448 408 434 468 487 503 525 538 530 516 525 546 536 522 499 463 432 405 347 289 269 271 297 334 369 400 432 453 477 519 542 591 632 654 699 735 697 647 610 570 534 519 528 552 575 606 649 688 738 785 778
626 612 592 591 589 550 519 503 482 463 454 454 466 476 486 497 481 438 387 337 322 358 386 403 408 405 405 408 402 400 414 415 390 356 324 285 271 284 320 349 365 368 371 391 397 424 455 481 509 490 426 423 470 498 514 541 561 563 563 579 576 553 554 528 483 454 420 377 317 275 271 277 306 346 379 413 460 521 562 561 594 648 687 731 749 718 664 617 571 540 524 517 551 610 658 687 721 749 778 784
633 607 567 549 538 514 495 482 472 466 464 473 481 486 491 488 460 411 364 329 337 394 399 411 417 413 414 419 414 412 412 396 368 347 320 288 273 293 335 362 374 368 377 390 404 440 500 546 553 520 454 415 454 503 525 555 584 592 602 624 625 601 589 558 514 485 454 397 347 296 274 275 283 320 371 413 459 499 527 543 582 642 691 716 708 668 627 594 578 582 558 515 535 582 638 660 692 733 765 757
604 601 565 540 521 502 491 490 485 478 481 488 493 500 493 468 432 386 352 331 354 408 411 416 421 418 418 419 414 413 401 384 366 357 332 295 276 298 346 371 376 368 385 395 411 450 510 561 587 550 484 432 428 477 517 546 578 599 607 616 620 628 618 577 542 505 479 427 369 319 280 274 275 292 340 390 434 474 504 526 564 618 671 694 675 637 609 606 607 608 570 519 521 551 586 608 646 702 729 719
578 600 591 569 543 522 526 526 509 505 502 500 511 518 504 461 418 385 366 342 353 410 422 420 425 428 425 417 411 404 400 398 390 373 336 299 279 296 347 373 371 369 392 403 430 471 524 576 605 586 524 468 436 441 474 490 519 552 570 585 609 634 632 594 568 537 496 451 408 359 300 277 276 281 310 361 416 467 505 525 573 638 678 696 680 660 636 641 625 588 548 523 506 522 538 553 605 650 691 705
586 621 643 617 588 558 574 571 560 553 538 535 547 539 503 458 423 398 389 353 340 395 418 432 445 446 434 423 415 408 415 416 405 384 343 309 281 294 338 364 364 365 390 414 455 495 535 576 604 612 568 510 469 438 479 519 521 518 544 575 604 641 637 602 568 528 491 472 450 401 331 281 276 278 299 335 381 434 477 499 547 605 635 660 672 660 639 641 611 582 583 581 542 503 497 508 540 587 660 691
609 642 671 640 605 578 601 614 623 629 613 603 592 565 507 464 429 419 405 364 337 368 405 435 452 449 441 428 421 422 431 427 413 388 350 315 284 295 327 350 358 356 381 416 471 513 539 573 600 619 594 546 503 459 470 538 575 564 553 595 625 645 630 593 559 524 503 503 495 439 371 294 277 278 291 322 356 394 435 466 504 545 569 587 604 614 625 624 605 611 642 628 573 526 524 497 488 528 589 640
650 675 684 633 592 578 587 625 647 637 629 631 604 555 505 468 453 440 414 377 343 349 380 417 454 467 452 434 428 440 445 433 414 388 357 317 286 292 310 330 346 346 368 410 459 510 541 574 599 622 615 579 532 491 469 528 598 612 578 589 634 654 635 606 575 558 544 551 528 473 400 314 284 280 286 307 341 380 411 441 482 521 553 574 591 611 621 612 608 652 685 635 561 571 601 568 513 482 520 569
694 683 654 617 585 569 573 608 629 591 581 593 595 559 515 503 481 447 414 382 341 356 396 415 463 488 465 442 443 453 454 437 417 393 362 316 288 294 313 340 344 345 371 417 465 504 542 573 604 631 645 621 569 529 505 508 589 634 618 592 633 664 653 626 603 598 586 597 568 505 424 328 293 283 282 290 331 375 423 452 494 538 581 616 650 655 632 623 635 679 682 620 565 598 647 621 560 504 475 494
696 667 618 598 577 567 557 575 585 548 537 564 581 571 548 525 484 444 421 370 338 370 413 421 452 482 470 450 454 460 458 442 423 399 364 319 291 294 314 337 348 350 373 423 482 510 540 571 609 642 662 655 605 565 547 503 564 629 653 620 648 682 680 652 639 642 625 622 589 521 450 353 300 293 296 284 304 358 407 447 495 556 626 677 712 706 678 663 660 657 627 599 602 634 652 621 564 518 479 464
683 674 646 617 597 592 562 532 532 514 523 558 584 560 530 507 476 460 411 349 346 394 423 432 447 465 469 468 472 469 461 444 426 407 366 323 295 298 318 338 345 356 376 420 466 499 528 562 601 638 662 669 638 605 576 539 531 599 662 662 666 700 707 687 683 693 674 643 585 530 505 401 317 313 310 290 285 321 381 427 478 554 651 746 765 751 711 686 664 644 646 660 666 642 616 588 540 494 491 503
638 667 656 647 642 618 582 545 512 496 519 562 598 569 532 505 492 454 376 340 370 419 441 450 462 471 483 489 487 477 461 442 424 405 364 325 298 302 317 333 340 354 383 426 473 507 532 556 589 625 659 676 675 645 621 600 576 570 609 662 706 734 734 714 723 736 709 652 590 554 532 436 335 339 350 311 287 294 336 394 451 525 620 724 788 774 731 691 675 683 698 703 682 638 589 551 507 507 565 594
635 650 628 618 614 605 589 554 512 497 499 550 602 570 534 512 498 413 351 350 409 455 470 472 478 483 494 500 495 481 460 438 417 393 359 329 301 305 321 331 336 350 390 439 470 505 536 562 592 631 663 686 696 684 676 655 637 641 618 649 714 772 767 751 762 764 728 670 612 571 500 415 343 381 414 367 315 294 293 343 408 482 577 667 758 783 770 734 718 721 712 673 652 631 605 564 510 572 642 656
642 634 611 579 565 557 545 519 500 490 490 555 594 540 516 510 464 383 347 375 464 504 504 493 493 492 495 499 493 478 458 436 411 383 357 332 306 309 326 336 347 366 378 432 477 505 537 567 600 635 665 695 713 710 715 701 695 713 685 713 709 793 805 802 814 799 747 707 636 516 426 361 366 447 492 433 363 315 292 298 354 430 515 598 691 749 746 719 710 687 670 629 606 593 573 546 525 600 671 677
629 615 595 569 543 531 530 526 508 487 491 559 568 521 505 500 437 367 348 398 504 539 523 512 512 503 498 497 489 474 456 434 407 384 355 324 309 314 325 338 353 378 398 399 437 487 529 564 590 606 645 689 714 721 729 734 739 767 771 759 789 796 837 842 850 829 791 729 579 450 375 364 441 537 553 483 422 355 302 292 306 367 456 547 629 710 711 665 653 637 614 581 560 554 545 546 574 627 667 646
603 597 576 557 547 558 561 547 524 494 485 541 548 507 494 491 427 365 353 415 516 537 534 539 540 525 508 499 486 471 457 436 408 387 359 323 311 318 328 340 356 384 419 459 434 428 476 518 514 508 556 631 677 692 715 739 764 796 826 824 832 830 835 807 785 812 769 645 504 400 360 419 526 605 539 506 488 419 328 296 296 314 400 503 589 668 703 664 629 620 618 607 574 585 601 625 657 667 661 603
590 576 560 548 543 553 558 553 543 506 471 509 513 493 485 483 434 367 357 417 504 528 546 558 568 558 529 505 488 475 464 442 410 388 362 325 312 328 341 353 361 373 408 470 506 466 431 445 463 499 504 539 589 653 702 740 776 815 850 858 852 849 795 676 659 685 670 545 438 370 391 479 590 594 535 542 543 489 369 306 300 297 347 457 556 637 692 684 651 651 652 629 588 612 652 677 697 676 633 587
598 576 552 545 545 537 533 546 558 528 470 472 477 475 475 481 435 369 362 426 493 499 520 553 579 586 556 526 502 485 469 442 411 387 361 327 317 338 352 364 373 388 403 423 492 528 487 472 506 581 583 530 539 610 667 709 753 797 841 859 863 859 754 624 583 570 549 464 395 381 442 542 644 589 551 575 593 532 408 317 307 299 315 405 504 601 675 715 701 677 663 628 595 628 678 713 717 684 629 576
595 571 558 561 564 550 530 518 552 546 492 451 454 456 464 470 426 371 365 413 458 475 494 525 553 581 566 551 525 510 483 450 421 391 359 327 322 345 356 368 384 404 435 455 437 507 546 562 556 598 649 616 562 549 591 651 707 748 796 841 857 792 725 626 561 513 465 411 386 423 501 611 685 604 567 602 619 555 429 331 326 305 302 356 455 560 667 727 720 676 645 628 614 625 677 715 703 659 615 606
599 584 581 582 579 565 534 501 536 551 510 462 430 440 451 445 396 364 372 419 468 489 508 533 544 565 569 560 543 543 510 469 431 397 361 333 326 342 348 367 393 417 449 495 472 466 538 580 610 631 661 667 645 601 564 587 643 709 786 840 857 743 633 580 532 487 432 397 422 479 574 681 725 643 596 619 623 554 427 337 347 326 303 313 393 500 618 699 707 681 665 670 658 633 672 707 688 670 672 686
614 611 597 581 573 558 527 489 509 540 519 470 422 443 436 400 368 372 406 456 503 519 537 549 552 552 548 545 547 560 544 506 446 402 363 330 327 334 349 370 397 431 461 520 523 469 515 553 584 618 660 694 701 684 626 592 629 703 784 837 847 772 648 582 523 458 416 433 484 543 658 772 768 692 645 653 618 507 405 344 378 368 317 306 330 426 536 642 708 721 720 711 681 648 678 718 718 714 719 708
593 594 582 562 557 543 514 477 480 511 497 447 407 419 410 381 370 415 455 498 529 543 548 551 554 537 532 535 537 547 554 514 450 402 367 333 332 344 357 381 404 446 475 539 555 479 524 568 608 647 685 713 748 751 724 669 623 663 746 810 834 816 737 606 504 438 444 496 563 629 678 802 816 731 695 653 552 450 370 369 430 425 361 316 311 358 456 556 659 731 740 708 674 670 697 725 722 708 699 676
551 554 548 538 535 528 504 478 445 455 432 398 386 384 379 375 397 465 494 524 543 546 530 522 522 520 525 530 531 520 522 474 410 372 352 348 352 374 396 400 416 465 503 545 575 496 509 569 624 676 723 758 778 810 821 785 702 649 672 735 811 843 761 595 488 449 498 574 650 745 774 823 781 714 659 563 458 390 375 424 496 509 432 352 315 318 375 473 581 678 710 692 687 707 730 724 688 654 633 614
509 515 517 516 516 514 490 466 424 395 394 409 418 421 421 396 418 469 503 524 536 523 502 515 521 520 525 528 511 450 440 389 368 379 393 384 400 423 443 441 426 482 546 580 574 533 533 531 595 661 714 761 802 818 838 859 798 727 701 732 820 845 717 566 479 475 560 662 734 816 864 833 711 639 558 473 405 387 434 503 580 582 526 427 344 317 325 400 493 603 677 707 725 740 728 700 672 625 581 548
481 486 494 497 506 504 479 434 394 414 458 481 477 451 433 410 424 435 468 507 506 488 506 529 530 528 529 535 530 447 403 380 421 464 477 427 463 485 502 474 443 486 550 599 585 568 593 544 545 617 692 740 773 768 785 850 880 839 814 817 817 814 674 541 476 510 635 772 817 827 840 805 680 569 482 423 395 442 513 605 680 651 597 513 398 344 322 342 418 527 626 694 744 753 723 684 646 622 606 584
464 471 480 492 508 500 466 411 415 470 512 530 524 499 464 438 465 466 452 470 474 494 516 534 544 538 534 553 579 538 473 412 466 554 568 498 540 553 560 519 468 494 566 620 613 591 640 620 556 570 637 666 690 729 802 848 905 913 897 892 824 750 620 527 506 546 657 785 807 809 796 734 628 519 447 406 429 506 605 714 777 732 662 573 462 384 348 324 347 436 550 641 711 740 722 691 671 676 663 633
460 459 470 487 495 479 446 407 435 478 506 529 533 522 479 456 480 484 469 476 505 526 536 556 567 556 548 557 593 599 562 515 506 580 574 557 578 601 601 550 496 507 588 644 647 605 634 669 630 576 635 719 754 771 811 869 920 932 896 838 759 695 594 557 585 616 655 767 782 771 742 639 554 487 438 419 476 582 710 821 831 783 714 619 515 436 394 347 329 357 454 558 663 708 719 715 720 728 704 686
455 447 458 469 470 453 423 407 436 466 485 500 512 514 493 469 487 493 480 492 519 537 548 564 576 578 569 564 587 581 582 576 552 552 549 554 579 611 627 604 549 527 581 644 666 638 653 675 700 618 666 778 820 839 868 902 935 932 863 787 739 688 653 662 717 716 679 723 757 771 759 658 558 494 463 444 527 662 783 871 850 804 733 642 569 508 458 405 346 335 378 472 589 682 732 751 764 757 737 745
448 441 444 450 446 428 412 432 458 475 488 496 503 506 495 480 497 505 501 495 502 520 538 561 591 597 579 573 587 577 564 557 554 537 537 548 569 591 603 614 605 577 616 669 695 694 719 730 710 633 685 788 833 860 887 921 939 923 876 849 810 780 788 811 800 760 717 717 765 788 800 750 625 534 508 481 551 677 797 879 869 829 770 701 645 593 538 482 401 346 345 406 517 634 704 755 775 784 783 785
440 436 433 431 427 430 444 459 480 499 513 516 513 508 495 496 510 520 518 513 507 513 531 556 583 581 569 572 593 592 571 551 540 528 542 553 577 591 592 589 585 582 613 652 673 700 732 761 718 637 681 755 802 842 878 916 926 907 902 899 876 846 859 850 812 773 736 736 776 805 816 797 707 610 545 505 571 691 823 885 841 787 755 729 684 636 591 541 470 380 350 363 454 562 654 706 748 787 806 801
438 440 443 440 459 470 471 486 512 530 542 548 547 536 514 520 538 554 545 531 523 527 536 549 557 560 558 556 598 622 597 562 533 526 548 562 585 592 576 569 576 582 602 627 643 671 704 736 733 659 659 713 773 840 884 912 900 876 871 872 871 856 857 848 797 763 742 754 788 810 819 792 781 716 580 524 597 726 843 859 777 721 694 674 654 624 593 551 502 417 377 352 397 497 594 653 704 749 770 766
441 451 452 454 493 508 497 505 530 548 560 573 584 575 545 537 551 569 560 552 538 543 555 546 540 538 539 547 593 630 620 577 543 525 538 558 576 578 563 559 582 596 623 657 651 655 673 712 741 721 673 693 754 824 876 896 877 839 820 815 812 782 774 778 761 739 744 774 811 820 802 771 766 734 610 572 653 792 849 843 769 728 709 658 610 585 561 527 487 493 457 380 363 422 528 610 672 726 721 730
449 462 464 460 506 524 513 508 519 532 543 560 579 586 580 560 559 563 569 561 549 565 578 565 540 524 522 537 571 619 632 605 574 534 523 543 557 557 551 565 575 599 637 676 678 680 683 704 714 703 699 666 689 762 825 826 834 814 776 765 744 721 712 717 728 737 749 794 829 835 778 760 757 740 683 645 708 817 838 860 845 812 740 655 614 578 545 525 538 574 554 461 380 375 456 562 633 687 681 724
455 477 490 469 476 487 486 485 494 503 515 537 548 574 592 582 567 560 567 565 560 578 593 584 556 523 517 535 567 604 633 631 598 547 514 528 540 545 554 585 595 587 613 646 660 676 689 691 662 647 665 653 659 709 759 759 794 799 761 743 731 716 707 715 755 780 785 801 832 837 766 745 758 758 776 760 755 811 862 891 913 871 747 677 635 609 580 591 606 628 622 529 412 395 393 462 559 612 663 717
464 503 519 499 476 471 472 475 479 485 501 519 527 558 581 577 561 557 569 572 572 583 591 590 569 525 516 543 577 593 609 616 592 557 512 518 543 562 567 607 647 614 601 614 632 657 677 673 626 610 630 628 648 687 712 720 762 763 746 740 726 706 709 745 807 839 834 831 837 822 761 745 780 799 841 858 827 817 887 923 943 915 812 758 722 685 645 655 659 639 600 483 471 499 451 401 460 567 653 678
480 521 535 521 506 499 493 487 486 487 486 498 514 543 560 560 551 551 569 577 580 583 574 570 557 520 518 557 589 581 581 592 577 549 508 515 543 577 597 614 660 656 637 642 646 669 676 662 611 586 597 622 658 682 685 689 706 706 686 672 671 676 730 783 827 850 847 839 813 780 739 770 830 858 879 903 880 844 885 929 944 951 914 874 821 746 688 673 657 622 583 597 616 628 572 467 415 496 585 606
510 543 549 543 529 517 507 498 502 501 497 495 504 535 543 537 532 534 564 580 587 572 549 546 537 511 516 553 581 573 554 578 580 540 505 516 543 581 609 611 635 643 650 658 675 670 661 652 612 577 594 631 669 676 663 657 648 628 607 604 617 697 739 768 798 817 823 819 789 744 730 788 851 876 894 916 931 910 903 923 925 927 920 854 765 718 686 660 632 607 630 670 681 661 626 551 455 426 491 559
519 538 548 548 537 521 509 511 519 517 514 513 510 508 512 515 515 533 556 576 592 572 541 530 529 511 510 540 572 574 539 565 587 538 504 518 542 564 581 594 610 627 642 657 674 658 649 648 603 567 584 613 637 646 645 627 609 584 566 590 678 755 755 751 761 777 791 790 770 725 729 784 837 866 882 901 926 925 911 909 891 847 823 769 707 699 670 644 622 628 685 707 688 663 630 593 532 457 440 507
501 509 530 530 519 506 503 520 538 538 535 533 530 523 514 513 521 530 537 546 564 562 535 517 517 509 509 540 573 570 530 550 585 537 501 516 537 558 570 585 602 613 623 640 640 629 650 663 607 558 575 592 616 639 631 605 574 549 567 650 738 784 793 762 748 762 772 767 738 712 724 761 799 833 844 877 905 902 896 878 865 810 742 709 700 688 655 638 640 660 705 711 692 667 631 596 556 505 467 460
474 479 494 495 493 497 504 519 547 561 559 557 554 542 529 529 545 559 558 538 535 539 527 511 513 510 506 538 572 565 519 530 544 511 504 526 550 562 575 577 587 595 604 612 614 627 656 655 588 547 559 580 621 649 617 585 543 546 600 680 735 765 777 752 730 749 762 746 718 707 729 762 790 825 857 891 907 900 872 861 845 783 715 709 706 681 653 648 661 686 714 728 718 688 648 613 570 527 497 483
500 496 489 491 503 510 514 520 532 549 565 574 574 559 547 545 568 590 587 550 521 512 511 505 512 513 504 531 561 551 503 494 496 500 525 547 559 567 566 573 576 582 592 599 611 641 671 649 575 535 546 579 622 638 600 561 525 547 592 633 653 691 731 729 712 717 735 725 700 723 777 811 843 869 880 893 906 906 882 852 835 775 735 745 747 672 648 660 674 687 706 731 733 707 670 631 592 570 545 525
546 536 520 514 517 529 534 537 545 555 564 580 583 578 573 569 584 615 615 567 527 504 501 500 509 519 507 512 533 516 486 493 517 548 567 567 557 558 567 579 585 585 586 595 608 640 666 632 566 526 547 592 624 614 576 543 510 517 534 544 573 617 680 711 704 703 698 690 706 766 824 856 891 900 880 857 878 897 895 851 840 829 818 791 723 652 649 662 673 682 693 714 716 706 678 641 607 587 563 535
587 567 561 553 536 553 562 571 587 594 586 579 588 603 616 611 619 639 634 593 538 506 495 494 508 530 535 504 489 482 496 525 553 583 588 564 543 560 579 583 597 601 593 589 593 616 635 608 561 520 556 619 628 591 553 524 499 493 515 584 658 705 724 723 714 708 689 682 726 804 838 860 893 892 851 805 835 881 892 865 846 843 776 695 656 647 655 663 669 672 677 686 691 692 676 641 614 593 583 581
605 604 605 586 551 581 600 621 637 629 608 599 610 633 645 624 618 625 608 584 543 512 494 489 504 529 540 521 479 505 546 566 575 586 579 542 546 573 592 594 603 618 603 585 575 587 597 575 541 518 566 621 614 569 532 503 482 491 544 633 689 719 737 743 729 715 686 684 722 771 796 818 855 856 814 772 824 868 890 882 843 771 688 651 647 650 660 661 658 656 658 663 671 677 668 646 631 621 612 601
602 630 641 611 565 600 615 629 642 633 621 623 642 665 659 613 574 578 569 553 551 538 505 485 499 525 530 504 484 538 581 591 576 565 540 527 552 581 605 611 611 615 599 576 560 566 568 551 518 519 568 593 581 546 512 486 474 496 549 609 662 701 729 742 739 720 685 668 673 690 721 791 829 796 753 758 824 860 887 894 840 776 682 656 655 666 673 661 647 637 636 642 651 665 665 652 641 632 616 594
624 656 666 633 585 592 602 605 611 613 608 631 649 668 650 588 542 528 530 548 566 559 525 490 488 512 514 480 498 562 594 589 549 520 519 541 560 588 614 626 623 605 581 559 548 555 557 538 505 512 552 564 564 526 488 468 473 515 583 653 702 747 781 788 766 737 705 673 655 656 680 750 790 735 723 758 799 846 886 892 842 816 772 729 708 694 688 674 660 644 630 619 626 647 662 655 638 620 598 578
664 677 668 639 591 571 577 573 573 581 586 618 642 656 629 569 525 511 511 541 562 559 539 505 481 491 492 470 504 533 537 529 508 538 562 576 588 604 631 630 618 590 563 549 541 546 558 540 506 495 523 547 562 510 467 462 496 564 625 691 735 782 822 825 809 782 748 718 671 641 656 704 706 709 762 805 836 866 887 887 842 845 888 876 821 760 723 705 688 669 651 623 604 621 650 651 637 618 607 603
668 656 641 624 587 560 558 553 546 553 577 602 645 666 642 579 532 513 503 517 536 539 537 530 508 479 470 468 485 487 497 516 540 593 612 622 640 638 641 617 582 564 543 542 537 539 562 554 511 482 504 530 523 482 457 469 534 595 643 694 733 769 782 794 811 813 797 741 662 628 646 676 711 764 817 857 879 887 877 853 812 858 911 932 899 834 777 740 718 699 677 638 607 593 636 656 654 644 632 626
645 614 595 593 560 548 553 541 528 547 567 594 643 667 653 605 561 522 503 497 507 520 536 548 539 507 465 467 473 506 548 584 606 626 628 637 671 678 657 606 558 537 525 539 543 531 547 558 518 479 496 520 498 459 454 502 571 614 623 657 707 709 708 755 795 812 798 723 651 613 653 715 766 809 858 896 899 871 852 814 783 852 912 932 889 835 804 773 744 720 699 666 619 584 613 667 676 666 647 630
620 592 555 561 534 551 554 536 519 528 542 575 618 654 658 620 570 529 504 493 496 522 541 549 542 514 466 463 475 503 542 583 613 619 601 618 653 669 652 607 562 524 516 539 554 535 525 533 517 478 481 505 469 448 475 556 600 607 571 604 633 649 706 762 783 787 776 730 657 597 627 710 787 838 888 915 899 847 804 758 761 838 900 921 864 793 748 744 741 728 705 687 632 579 580 654 693 688 664 637
576 556 527 518 543 564 547 524 508 517 542 573 596 633 648 609 546 523 506 494 488 509 532 537 525 495 462 460 477 520 558 581 589 582 565 590 608 618 621 592 548 515 510 538 566 552 522 506 497 473 466 465 450 448 487 531 542 524 515 536 565 646 720 773 768 756 729 679 626 581 625 734 823 864 892 908 905 878 808 710 743 840 894 918 882 811 755 691 658 659 666 668 632 571 563 632 697 697 673 649
525 500 510 552 580 569 536 506 510 538 551 584 608 625 638 612 563 538 526 508 491 487 512 523 508 483 460 454 481 531 575 613 602 556 536 546 565 588 577 551 520 503 510 536 564 560 543 511 486 468 451 448 448 448 459 475 483 495 512 536 563 605 674 746 752 730 652 596 573 578 657 773 846 850 853 863 883 874 793 693 726 830 886 909 904 859 804 736 651 596 591 600 593 556 556 632 699 696 680 671
484 518 568 597 588 563 521 503 536 564 577 582 605 619 633 627 581 575 553 525 501 480 488 498 489 475 457 452 479 512 552 601 599 564 530 550 574 585 558 524 502 500 527 548 561 551 545 529 517 484 448 448 450 479 513 519 526 563 576 613 666 671 680 713 734 674 581 554 566 621 722 817 850 828 794 797 839 793 708 672 705 805 866 889 901 877 835 774 699 623 567 559 550 542 571 662 711 704 685 674
484 554 594 592 565 533 496 512 559 598 610 616 616 622 637 644 632 620 577 535 509 494 480 471 469 470 456 452 474 503 547 588 596 567 530 542 556 577 548 505 493 517 557 551 543 544 537 522 520 465 448 449 481 545 583 597 588 607 646 679 746 791 786 753 706 607 546 570 642 719 806 854 863 833 766 752 803 754 680 665 704 794 851 868 847 836 835 794 740 680 592 543 537 558 627 692 718 706 684 662
483 547 567 546 514 490 496 543 584 621 633 637 632 621 624 644 663 638 581 555 536 527 512 487 467 459 453 452 485 518 537 568 577 558 521 524 543 557 535 493 493 537 562 539 538 554 528 509 476 448 448 474 528 566 598 626 644 643 641 670 713 767 780 722 658 560 548 650 762 825 861 862 849 823 746 719 767 735 669 664 733 841 877 857 790 767 802 802 762 708 604 543 534 569 662 704 719 711 690 668
463 484 496 486 474 482 529 575 613 634 643 648 641 621 615 642 666 648 627 600 570 567 553 524 494 464 448 451 479 508 535 546 540 548 526 508 523 548 529 487 506 555 559 522 542 565 533 477 449 448 469 535 584 600 607 629 632 609 584 607 649 711 764 711 624 529 594 723 800 828 836 815 800 791 727 680 717 705 651 681 786 882 889 845 769 714 746 754 742 706 608 544 526 546 618 683 706 703 689 670
454 457 461 467 487 501 541 587 625 632 630 633 628 605 615 650 671 668 653 618 589 589 581 551 519 480 453 449 466 495 521 525 525 552 538 501 512 539 516 484 514 544 530 503 539 549 501 450 448 468 528 578 620 643 642 636 605 558 577 627 673 738 788 732 611 499 585 708 753 786 791 760 744 741 699 649 676 669 634 710 821 869 874 825 756 687 677 697 692 687 645 576 528 529 567 635 683 678 676 667
458 474 491 501 539 554 547 582 621 623 604 606 601 585 622 659 674 655 640 596 565 572 566 549 532 500 461 445 465 508 540 523 513 547 544 505 495 508 498 482 513 527 496 500 517 482 451 448 473 540 575 606 631 627 630 622 559 541 582 617 664 745 804 739 608 485 540 668 742 768 759 719 691 678 648 618 638 630 636 715 788 818 828 813 762 690 646 642 641 658 672 639 551 519 541 620 669 656 658 664
542 551 566 567 581 610 612 605 633 624 593 582 574 580 623 667 678 649 612 579 528 534 535 528 532 512 471 443 463 526 554 527 503 528 521 494 506 531 514 481 507 509 480 475 460 448 448 466 549 596 586 589 581 562 576 573 528 575 651 680 717 769 807 741 626 492 496 623 708 712 695 653 620 612 594 591 601 608 661 714 750 754 755 770 764 729 682 637 615 638 673 660 566 515 529 610 670 650 639 651
601 603 588 578 607 647 655 641 639 619 588 558 569 619 652 669 664 636 616 581 532 501 510 503 503 482 458 443 453 522 552 527 495 506 490 489 531 554 530 486 480 485 465 450 448 448 473 544 614 615 574 550 513 499 514 517 538 608 640 636 684 762 790 727 651 523 460 554 618 610 596 571 562 566 577 590 595 618 678 702 704 691 686 697 708 729 721 686 625 611 628 587 540 508 528 605 669 659 633 630
