# 100 100
147 148 148 149 150 150 150 150 150 150 149 149 149 148 147 149 149 149 148 148 148 146 145 144 144 143 143 142 142 142 142 142 146 141 134 133 134 135 135 134 134 134 135 138 138 135 133 134 139 141 141 141 141 141 141 141 142 143 144 143 143 143 148 156 157 150 145 145 147 152 154 152 149 147 147 154 158 150 135 142 142 142 144 160 161 153 150 150 152 156 158 157 158 160 163 167 166 165 165 168
145 146 147 148 149 151 151 151 150 150 150 150 150 149 148 149 150 149 149 149 148 147 145 144 144 144 144 144 144 142 141 138 135 133 133 135 137 138 139 138 139 139 138 139 138 134 133 133 133 138 140 141 141 141 141 141 141 142 143 143 143 144 147 151 153 151 148 145 144 145 149 151 151 150 147 147 149 148 138 137 142 142 144 155 159 153 150 150 157 160 161 161 161 159 163 166 163 161 165 169
145 145 146 148 149 149 150 150 150 150 150 151 151 151 151 150 149 149 149 149 148 147 145 144 144 144 144 146 144 142 138 133 133 134 135 137 139 140 140 140 140 140 140 140 137 133 133 133 133 133 134 134 136 139 141 142 141 142 142 142 143 143 143 145 148 148 149 149 146 145 147 154 156 154 149 147 145 144 142 135 138 142 145 149 150 152 153 155 158 160 164 163 158 156 157 159 159 162 164 165
146 145 146 147 148 149 149 150 150 150 151 151 150 151 151 149 149 149 148 148 148 146 145 144 144 144 144 146 149 145 136 133 134 135 137 138 140 139 140 140 140 140 140 140 139 138 135 134 135 135 134 134 133 133 134 137 140 141 141 141 141 142 143 143 146 148 148 147 145 145 149 153 154 152 149 148 144 144 143 135 141 146 146 148 150 154 155 154 152 153 155 157 156 156 156 157 159 164 166 166
147 146 147 147 148 149 149 150 150 150 150 150 150 151 149 148 149 148 149 147 146 145 144 144 144 144 144 144 147 147 135 133 135 137 138 139 140 140 140 140 140 140 140 140 140 140 140 139 139 138 137 137 137 136 135 134 133 136 141 141 141 142 142 143 144 146 146 146 145 147 148 148 148 148 148 148 144 143 141 136 145 148 148 149 152 152 152 151 151 151 153 156 159 159 159 161 163 166 166 164
145 145 145 146 148 148 148 150 151 151 150 149 149 151 151 147 147 147 148 147 145 145 144 143 144 144 143 142 139 135 133 134 136 138 139 140 139 139 140 137 140 140 140 140 140 140 140 140 140 140 139 139 139 139 138 137 135 133 136 141 141 141 142 143 143 143 143 143 145 145 148 149 149 150 149 148 147 144 139 139 150 154 152 150 152 153 155 153 152 152 154 156 157 159 162 163 164 165 168 166
145 144 144 145 146 147 148 150 151 151 150 149 148 150 152 147 147 146 145 145 145 144 143 143 142 141 139 137 135 133 133 133 135 138 140 139 139 139 138 138 140 140 140 140 140 140 140 140 140 140 139 139 139 139 139 139 137 133 133 140 141 141 141 142 143 143 143 143 140 144 145 147 149 151 151 149 148 147 134 142 146 148 148 148 150 153 156 157 157 155 153 153 153 156 159 160 161 164 167 167
143 144 144 144 145 146 148 148 149 150 150 148 147 147 148 151 150 150 147 145 143 143 142 139 138 138 136 135 133 133 133 133 134 138 139 139 139 139 139 140 140 140 140 140 140 140 140 140 140 140 139 139 139 139 139 139 138 135 133 138 141 141 141 141 143 144 143 143 140 140 141 142 143 145 146 146 146 142 136 143 149 148 148 148 148 149 155 157 154 151 150 151 152 154 155 156 158 161 160 160
141 142 144 145 145 145 146 148 149 150 149 149 150 147 146 148 145 144 145 144 143 143 139 138 137 135 134 133 133 133 133 133 133 136 139 139 139 139 140 140 140 140 140 140 140 140 140 140 140 140 139 140 139 139 140 140 139 137 134 133 137 137 139 140 140 139 136 135 135 134 134 135 137 139 141 141 141 136 139 146 148 149 149 149 148 148 153 156 153 151 151 152 151 151 152 152 153 154 158 160
139 140 141 142 145 145 145 148 148 148 150 154 152 148 147 146 144 143 143 144 143 141 138 136 135 134 133 133 133 133 133 133 133 134 138 139 139 140 140 140 140 140 140 140 138 136 137 137 138 140 139 140 139 140 140 139 139 139 138 135 134 133 133 135 133 134 139 141 141 143 143 142 140 137 136 134 138 145 151 149 150 152 151 149 147 147 148 152 151 151 149 149 148 149 150 151 152 155 159 164
137 138 139 140 142 145 145 148 147 147 148 152 154 147 144 144 144 144 145 145 143 138 138 135 133 133 133 133 133 133 133 133 133 133 136 137 138 139 139 140 140 140 140 137 136 139 140 140 140 140 139 139 139 139 139 139 140 140 139 139 138 136 135 136 137 140 142 142 142 142 144 148 148 148 149 148 148 147 147 148 151 151 150 150 148 147 147 148 148 149 149 148 148 149 150 151 153 154 158 163
136 137 137 138 140 142 145 148 148 147 147 150 152 145 144 144 144 143 143 143 140 134 136 134 133 133 133 133 133 133 133 133 133 133 134 135 136 137 138 139 140 140 136 137 140 140 140 140 140 140 139 140 140 141 140 140 141 141 140 139 140 139 139 140 140 141 142 142 142 143 145 147 147 147 148 148 147 147 148 151 153 153 153 153 150 149 149 148 149 151 151 151 151 152 152 151 152 155 159 163
135 135 135 136 137 138 141 141 145 148 147 148 149 145 144 143 142 141 140 139 136 133 133 133 133 133 133 133 133 133 133 133 133 133 133 133 134 136 137 137 137 135 137 140 140 140 140 140 140 140 139 140 141 141 141 140 140 140 140 140 141 140 140 140 140 141 142 142 142 143 147 147 147 147 147 147 147 147 148 148 148 149 150 149 148 151 149 148 147 149 150 151 151 153 153 152 152 156 161 164
133 133 134 134 134 134 137 139 139 140 147 151 146 144 144 142 139 139 138 137 136 133 133 133 133 133 133 133 133 133 133 133 133 133 133 133 133 134 135 134 133 136 139 140 140 140 140 140 140 140 139 141 141 141 141 141 141 140 141 141 141 141 141 141 141 141 141 142 142 144 147 147 147 147 147 147 147 147 147 147 148 148 154 149 149 150 148 148 149 151 152 150 149 150 151 150 152 155 160 162
133 133 133 133 133 133 133 135 136 136 137 139 140 139 139 138 136 137 137 136 135 133 133 133 133 133 133 133 133 134 134 134 134 134 133 133 133 133 133 133 133 137 140 140 140 140 140 140 140 140 139 140 141 141 141 141 141 140 141 141 140 141 141 141 141 141 141 142 142 143 148 147 148 147 146 146 147 147 148 149 148 148 149 150 151 149 148 148 151 153 152 151 149 149 150 150 151 154 158 162
133 133 133 133 133 133 133 133 133 134 134 134 136 136 135 135 134 135 136 135 134 133 133 133 133 133 133 134 134 135 135 135 135 135 134 133 133 133 133 133 133 137 140 140 140 140 140 140 140 140 139 140 140 141 141 141 141 141 141 141 142 142 142 142 142 142 142 142 142 143 147 148 148 147 146 146 147 147 149 149 150 158 150 149 149 148 147 147 148 150 152 152 149 149 149 149 151 154 158 161
133 133 133 133 133 133 133 133 133 133 133 133 133 133 133 133 133 134 134 134 133 133 133 133 133 133 134 134 135 136 136 137 136 136 135 134 133 133 133 133 134 137 139 140 140 140 140 140 140 140 139 139 139 141 141 142 142 142 141 142 142 141 141 141 142 141 142 141 142 142 146 146 147 146 146 146 146 146 146 147 156 173 154 147 147 147 147 148 149 150 150 149 149 149 149 149 150 153 155 158
133 133 133 133 133 133 133 133 133 133 133 133 133 133 133 133 133 133 133 133 133 133 133 133 133 133 134 135 136 137 137 138 138 137 136 135 134 133 133 133 135 137 138 139 140 140 140 140 140 140 139 139 139 139 140 141 142 141 141 141 141 141 141 142 142 142 142 141 141 142 143 143 143 144 146 147 147 147 146 147 167 161 148 147 147 147 148 148 149 150 149 149 150 150 149 149 149 150 153 156
133 133 133 133 133 133 133 133 133 133 133 133 133 133 133 133 133 133 133 133 133 134 134 134 134 134 135 136 137 138 138 139 139 138 137 136 135 133 133 133 135 136 137 138 139 140 140 140 140 140 139 139 138 138 138 139 141 142 141 141 141 142 142 142 141 142 141 142 139 143 143 142 143 143 146 146 146 147 147 148 156 148 147 147 147 146 146 147 148 148 148 150 150 150 149 148 148 149 151 155
133 133 133 133 133 133 133 133 133 133 133 133 133 133 133 133 133 133 133 133 134 135 135 135 135 135 135 137 138 139 140 142 145 142 139 137 136 134 133 133 134 135 136 137 139 139 140 140 139 138 138 138 136 136 135 137 141 142 142 142 142 142 142 142 142 142 141 141 140 141 142 142 142 143 144 146 146 146 147 147 147 148 147 147 147 147 147 147 147 148 148 148 149 148 148 149 149 150 151 153
133 133 133 133 133 133 133 133 133 133 133 133 133 133 133 133 133 134 134 134 134 135 136 136 137 137 135 137 139 141 145 145 145 146 143 139 138 136 134 133 133 135 136 137 137 138 137 136 134 133 134 136 135 134 133 134 136 141 142 142 142 142 142 142 142 142 141 140 138 139 142 142 142 143 144 145 146 146 147 148 149 149 148 147 147 147 146 147 148 148 147 147 148 149 150 152 152 152 151 152
133 133 134 133 133 133 133 133 133 133 133 133 133 133 133 133 133 134 135 136 135 136 137 137 138 138 138 135 141 145 147 148 150 151 149 146 143 139 137 134 133 134 135 136 136 136 135 133 133 133 133 133 133 133 133 133 133 135 141 142 142 142 142 142 142 141 140 135 136 135 134 137 141 143 144 144 146 146 147 148 149 148 148 147 146 146 146 147 147 147 147 148 148 149 150 152 154 155 154 152
133 135 138 139 135 134 133 133 133 133 133 133 133 133 133 133 133 135 136 137 137 135 138 138 139 139 141 141 145 145 146 148 151 153 150 148 148 146 141 136 133 133 134 135 135 135 133 133 133 133 133 133 133 133 133 133 133 133 137 142 142 142 141 141 142 141 137 137 141 142 141 138 135 136 141 143 146 146 147 148 149 148 147 147 147 146 148 147 148 148 148 148 148 147 148 149 152 154 155 153
134 137 142 144 139 138 136 135 135 134 133 133 133 133 133 133 134 136 137 138 138 136 138 140 142 144 145 146 145 145 145 145 146 146 147 146 145 145 145 141 134 133 133 133 134 133 133 133 133 133 133 134 134 133 133 133 133 133 134 140 142 142 141 140 140 140 139 134 140 141 142 143 142 142 137 136 141 146 147 147 147 147 147 146 147 145 146 146 146 147 148 148 146 146 146 146 147 148 151 151
137 141 143 144 146 145 143 141 139 137 134 135 134 133 133 134 135 137 138 139 140 142 144 146 146 146 146 145 145 145 145 145 145 145 145 145 145 145 145 144 141 134 133 133 133 133 134 134 133 133 135 137 136 135 134 133 133 133 134 139 142 142 142 141 140 140 140 133 140 142 143 143 143 143 143 142 139 139 146 147 147 147 147 144 143 144 144 144 143 145 146 145 145 145 145 146 146 147 147 148
142 143 144 144 146 147 146 145 145 143 138 138 137 134 133 136 139 142 144 145 146 145 146 146 145 145 145 145 145 145 146 146 146 145 145 145 145 144 144 144 145 140 134 133 133 133 135 136 134 134 138 139 138 137 136 134 133 133 136 138 140 142 142 141 139 137 133 135 142 143 143 143 143 143 143 144 144 143 142 147 148 147 145 143 143 143 144 144 143 144 144 145 145 145 146 147 147 147 148 148
144 144 144 145 147 148 147 145 145 145 146 145 143 142 138 143 147 150 152 149 148 147 146 146 146 145 145 145 146 147 147 146 145 145 145 145 145 144 144 145 145 144 143 142 139 136 137 138 138 142 144 140 139 138 136 135 134 133 135 137 139 142 142 140 138 133 137 142 143 143 143 143 143 143 145 144 143 143 144 143 144 142 143 143 144 144 144 144 144 144 144 144 145 145 146 147 147 147 150 151
149 147 145 145 145 144 145 146 146 146 151 152 151 148 141 144 146 148 150 149 147 147 149 147 146 145 145 146 146 147 147 146 145 146 148 149 150 150 147 145 147 149 152 152 149 144 142 143 143 144 144 142 141 139 138 137 135 133 135 136 138 140 140 138 135 133 142 142 143 143 143 143 146 148 146 144 143 143 144 143 143 143 144 144 143 144 144 144 144 143 144 144 145 145 146 147 148 150 150 150
153 152 149 144 145 145 145 146 146 148 154 154 156 155 151 146 148 151 152 152 151 150 149 146 147 149 150 150 148 146 145 146 146 148 149 149 149 148 148 149 149 149 149 149 147 144 143 144 144 144 144 144 143 142 142 139 136 133 134 135 137 139 139 137 135 133 141 143 143 143 143 146 146 145 145 145 144 143 144 143 144 144 144 144 144 144 144 145 145 144 144 144 145 145 145 147 149 149 150 151
160 158 154 148 145 145 146 146 145 146 148 151 155 155 154 150 148 149 151 151 151 150 148 152 153 152 152 153 151 150 150 149 150 150 151 150 149 149 150 150 149 149 148 146 144 143 143 143 143 144 145 146 145 142 139 142 145 139 133 134 135 136 136 135 134 135 142 143 143 143 145 146 144 145 145 145 144 143 143 143 143 144 144 144 144 144 144 145 146 146 145 147 147 147 149 149 150 151 152 152
164 168 162 156 150 148 148 147 145 146 145 148 152 153 155 155 154 149 150 151 153 152 155 154 152 153 154 154 154 153 152 152 154 155 156 155 156 154 152 150 149 149 147 145 145 144 144 144 144 145 145 147 147 146 136 142 148 147 139 133 133 133 133 133 134 140 143 143 143 145 146 144 144 144 145 144 144 144 144 144 143 144 144 145 144 144 145 145 147 148 149 149 149 150 151 151 152 151 152 153
164 171 167 161 159 158 156 152 148 147 147 148 150 152 153 153 152 150 150 151 152 154 154 154 154 154 154 153 151 152 154 156 158 158 157 158 159 157 155 154 153 150 149 148 148 147 147 148 148 148 148 148 148 148 137 141 147 146 144 141 137 136 136 139 141 142 143 143 145 145 145 144 144 145 145 144 144 144 144 144 144 143 144 145 145 144 145 145 147 149 149 149 149 150 153 154 153 154 151 152
165 167 163 160 163 164 165 163 159 156 155 153 152 153 152 152 150 150 150 152 153 153 154 154 155 154 154 152 152 152 154 156 157 156 155 155 155 155 153 152 153 154 154 153 152 152 151 152 152 153 152 151 150 144 144 144 146 145 145 145 144 142 139 142 143 143 144 145 144 144 145 145 145 145 145 144 144 144 144 145 145 144 144 145 145 145 145 145 147 148 149 149 150 150 152 155 154 152 152 152
168 168 163 161 163 165 166 166 165 162 162 159 155 153 152 151 151 152 152 154 154 154 154 156 157 158 158 156 154 154 156 157 159 158 157 156 156 156 155 155 155 157 157 156 157 155 156 156 157 157 155 148 145 145 146 148 148 147 148 147 145 143 140 143 146 147 147 147 145 146 146 146 145 145 145 145 144 144 144 144 145 145 145 144 145 145 146 146 147 149 150 151 151 153 154 153 153 154 159 160
170 174 170 166 165 167 169 171 170 167 165 162 158 156 154 152 152 153 155 155 156 156 156 157 158 158 160 159 158 158 158 160 160 160 158 157 157 158 159 158 159 160 159 159 159 157 155 151 151 153 148 148 148 148 148 150 149 151 152 151 150 147 139 141 148 148 148 148 147 148 149 149 146 146 145 145 145 145 145 145 145 145 145 145 145 145 146 146 149 149 150 151 152 155 157 156 154 156 160 159
169 175 179 175 173 173 175 177 175 171 166 162 157 155 152 151 152 154 155 156 157 158 159 159 159 159 159 158 158 158 158 159 160 159 157 156 156 158 159 161 161 163 162 160 158 156 151 151 152 153 155 156 154 152 153 154 152 153 153 152 152 151 146 144 146 150 148 149 151 153 151 150 149 148 146 146 145 146 145 145 146 146 145 146 146 145 146 146 151 151 152 152 152 156 157 156 155 157 157 158
169 174 181 181 179 178 177 179 176 169 162 159 158 156 153 152 154 157 160 159 158 157 157 157 157 157 156 157 158 159 159 158 159 158 158 158 157 156 156 156 156 157 155 155 153 149 149 151 157 160 160 159 159 157 157 159 157 155 156 156 157 155 152 149 145 147 154 153 154 154 154 154 155 156 147 146 146 146 146 145 146 146 146 146 146 145 146 146 151 153 155 157 154 157 157 155 155 155 155 158
168 171 178 180 178 177 178 176 171 168 165 163 160 158 156 154 154 155 159 162 162 160 157 157 157 157 156 157 158 159 159 160 162 162 162 162 162 161 159 158 157 156 156 154 151 150 149 151 154 160 161 163 164 163 161 161 160 159 156 158 161 160 157 159 156 148 153 158 156 154 155 156 157 158 158 153 147 146 147 146 146 146 146 146 146 143 146 147 148 158 160 158 153 155 155 156 155 154 155 157
171 171 171 174 179 183 185 184 179 174 168 165 164 161 160 157 158 157 157 158 159 159 159 159 160 159 157 158 161 161 161 161 162 164 165 165 164 162 161 160 160 161 161 160 158 156 155 154 157 165 168 168 165 165 165 163 162 160 157 158 161 162 163 166 166 159 147 155 161 160 160 159 159 159 159 158 155 148 147 146 147 146 147 146 144 142 146 147 147 156 157 154 154 154 155 156 156 158 160 160
174 173 171 174 177 179 184 184 181 179 178 174 171 169 167 164 161 160 159 157 159 162 161 161 161 162 162 161 161 163 164 165 164 164 164 163 163 159 157 157 158 158 158 161 162 163 162 158 159 165 166 165 165 166 168 166 164 162 160 163 163 166 167 168 162 153 148 151 162 162 160 159 158 158 157 157 158 155 150 147 147 147 146 147 146 144 147 147 147 154 155 154 154 155 155 156 157 159 159 160
169 169 173 175 177 178 182 187 190 189 187 183 181 178 175 170 165 163 163 160 158 159 159 160 163 167 169 168 164 163 165 165 165 164 162 161 159 158 157 158 157 157 156 157 161 164 163 156 161 161 160 160 161 167 164 167 168 164 162 167 171 170 172 170 159 149 151 159 163 162 160 158 155 155 155 155 155 158 152 148 147 147 147 146 147 147 147 147 148 149 153 154 155 156 157 158 158 159 160 161
168 175 178 179 179 181 185 190 193 192 191 189 186 183 178 173 169 166 165 164 163 162 160 160 163 167 170 170 168 164 164 163 162 163 162 161 159 158 158 162 163 161 159 157 156 157 155 154 156 157 159 160 162 162 163 162 162 160 166 173 175 174 173 169 161 149 154 165 164 162 158 155 155 154 154 155 155 154 149 149 148 148 148 147 147 149 149 147 148 149 154 155 156 157 158 159 161 162 163 164
169 173 177 180 186 190 190 192 193 194 195 194 192 189 185 179 175 172 171 171 168 166 164 163 164 166 167 166 166 165 162 163 161 161 160 159 159 159 159 160 161 160 159 157 156 155 155 154 156 157 159 163 167 166 164 164 165 167 172 173 175 176 171 163 155 151 151 161 162 158 156 155 156 156 155 157 156 154 149 149 148 148 148 147 148 149 149 147 149 151 154 156 157 158 159 161 165 167 169 168
171 173 176 182 188 194 199 199 199 200 202 202 199 194 189 185 181 179 181 182 179 175 172 171 168 167 165 165 166 165 164 164 163 161 161 161 162 162 159 158 158 159 159 158 156 157 155 155 156 158 162 168 177 175 174 174 175 174 173 172 172 173 171 166 155 151 153 157 160 157 156 157 158 157 157 158 158 155 150 149 149 148 148 148 147 146 147 148 148 154 155 155 156 157 158 160 164 166 168 168
177 180 182 183 185 192 204 209 208 208 208 206 202 199 195 191 186 185 189 190 189 187 185 180 173 171 168 167 167 168 168 169 173 173 173 172 171 170 167 162 160 160 160 158 157 157 157 157 157 159 164 172 177 179 176 174 172 171 170 169 168 168 167 165 158 152 155 158 159 157 156 157 157 158 157 157 157 157 153 150 149 148 148 149 148 148 147 148 148 152 156 158 159 159 160 161 162 164 166 167
186 188 191 192 192 192 200 209 214 215 214 210 207 206 202 197 192 192 194 194 193 191 190 185 180 179 176 176 175 175 174 174 176 179 181 182 180 177 172 167 162 161 160 159 159 158 158 162 164 169 174 178 183 181 180 178 174 171 171 169 167 166 165 163 158 154 155 159 159 157 158 158 157 157 157 157 157 157 156 151 149 149 149 149 149 149 149 150 150 149 156 160 162 163 163 164 164 166 168 170
197 198 199 200 199 196 198 203 210 215 215 213 212 210 206 204 202 201 200 199 196 192 190 185 188 187 187 187 187 185 183 181 181 182 183 181 178 174 167 164 163 162 161 162 163 164 165 167 170 177 181 182 179 178 180 182 181 177 173 169 166 163 159 157 156 155 154 157 158 159 160 162 159 157 159 158 157 157 157 151 150 149 149 149 149 149 149 150 150 148 157 157 162 163 165 167 168 169 171 174
203 206 205 204 203 202 204 206 209 213 215 215 215 214 213 213 211 209 209 205 201 194 190 186 191 191 192 194 196 197 196 189 183 182 182 180 177 172 168 165 163 165 169 169 170 170 170 171 174 178 181 180 178 177 179 180 176 174 170 167 163 160 158 159 158 158 158 156 159 159 162 162 161 160 161 159 158 157 153 150 150 149 150 149 149 149 150 150 150 148 156 157 161 164 165 168 170 172 174 176
203 211 210 208 206 207 209 209 211 215 218 218 220 221 220 218 216 214 213 209 202 194 189 191 192 193 195 198 201 205 205 198 189 182 179 178 175 170 166 166 169 173 174 175 175 174 173 172 172 173 174 173 173 175 177 179 178 175 172 169 165 161 160 160 160 160 160 157 159 159 161 161 160 159 159 158 158 156 153 150 150 150 150 149 149 150 150 150 150 149 157 158 160 163 165 168 171 174 177 179
206 214 218 211 209 209 211 211 215 221 225 224 228 230 230 226 220 217 215 210 203 197 194 193 195 197 199 199 201 204 204 198 190 182 175 171 171 168 171 174 177 178 182 180 179 176 174 174 174 173 173 173 175 179 182 183 183 179 177 173 167 162 160 161 160 161 160 158 160 160 160 162 160 160 160 159 156 156 155 154 148 148 150 148 149 151 150 151 149 150 155 158 161 163 166 168 172 175 177 179
204 215 221 217 213 212 214 215 218 224 229 232 234 234 235 229 222 219 217 212 207 203 199 196 198 201 201 199 197 197 196 192 182 174 177 180 179 177 180 181 182 187 184 183 182 180 180 179 179 179 179 178 178 178 178 180 180 179 177 175 170 164 160 162 161 162 161 159 159 162 162 161 160 160 160 159 156 158 158 157 154 150 149 149 149 150 150 150 149 149 152 157 158 163 166 168 172 176 177 178
201 217 222 219 221 218 218 219 220 222 229 237 239 238 238 233 226 221 218 216 212 208 203 200 200 203 204 200 195 191 188 184 175 188 187 185 185 184 188 191 191 191 189 185 182 180 179 180 181 183 184 185 185 185 181 180 180 178 175 174 173 168 162 166 167 166 164 162 160 160 162 164 163 162 161 159 157 159 158 158 159 158 153 149 150 150 151 150 149 150 151 155 158 159 163 166 169 171 173 175
199 212 222 226 230 227 224 225 224 225 229 235 239 242 243 239 232 227 223 218 212 210 208 205 203 205 205 202 196 192 190 182 184 192 191 193 194 193 192 194 194 192 189 184 179 176 174 175 177 179 181 183 185 186 184 183 182 181 177 171 166 165 162 167 170 170 167 165 163 164 162 163 164 163 161 160 159 159 159 160 160 161 160 152 150 151 151 151 149 150 150 152 155 158 160 163 166 167 170 175
198 210 222 229 235 235 232 231 230 229 231 233 233 235 239 238 234 228 223 218 213 211 212 208 205 204 205 206 203 193 186 196 197 195 198 201 200 198 195 199 196 193 191 187 182 178 175 174 172 173 175 175 176 177 178 179 181 179 174 166 167 165 164 167 170 171 169 166 166 166 164 165 166 164 163 161 160 161 161 160 161 161 162 158 150 151 151 152 150 150 151 152 154 157 159 161 166 168 171 177
199 209 218 228 236 243 242 239 235 234 234 232 230 228 229 232 227 222 220 219 214 211 212 211 208 207 206 196 187 189 200 203 203 206 204 200 200 200 200 199 198 196 193 190 188 186 183 180 176 174 173 171 171 171 172 171 172 171 170 171 176 177 176 173 170 169 168 168 168 167 164 168 168 167 165 164 162 162 163 163 162 162 162 162 156 149 150 152 152 150 151 153 153 154 157 161 164 170 174 181
198 206 213 220 230 243 251 249 244 239 235 232 229 228 226 226 224 221 220 219 216 212 210 213 212 201 194 188 203 206 206 205 209 211 207 203 201 202 201 200 199 197 195 196 197 196 195 194 190 184 179 179 177 176 174 176 177 177 178 176 179 182 184 180 172 169 168 169 170 168 167 170 170 170 169 167 166 165 166 165 166 165 165 163 162 152 151 152 152 153 150 152 154 154 154 158 162 169 173 179
202 208 214 221 227 238 254 257 254 245 238 232 228 226 225 225 225 226 225 224 221 215 209 208 205 185 203 209 212 215 216 216 216 216 211 205 203 202 204 204 202 200 201 203 204 203 203 203 201 193 188 189 188 182 177 179 186 189 189 186 184 183 185 183 175 171 171 173 174 174 167 171 171 171 170 169 167 166 168 168 169 168 167 165 164 163 158 154 152 153 152 151 152 154 154 155 158 164 170 176
207 209 213 222 228 234 248 259 259 254 244 236 229 227 225 224 224 223 223 224 222 216 209 203 190 201 214 218 224 226 224 224 222 219 214 209 208 209 212 211 208 204 206 210 209 207 209 208 206 201 194 191 189 185 179 182 189 193 194 191 187 188 187 185 178 174 175 178 178 178 174 169 172 173 172 170 168 168 171 172 173 173 171 169 167 167 166 166 162 157 158 159 153 152 155 156 156 160 171 176
211 216 219 223 229 235 244 252 255 252 245 240 234 231 229 228 226 225 222 218 217 212 207 196 183 209 224 230 233 234 230 229 226 223 220 218 216 215 217 217 214 209 210 214 212 209 210 209 209 206 201 197 192 185 179 186 192 196 196 194 190 189 185 183 178 175 177 179 180 180 178 174 169 174 172 171 171 170 171 174 175 177 175 173 172 172 172 171 167 159 166 163 156 154 152 155 156 161 170 175
214 223 223 223 225 229 234 240 243 242 238 239 239 235 233 232 232 232 229 220 210 205 194 185 194 218 232 236 239 243 242 236 231 229 228 225 224 222 224 223 218 213 213 216 214 210 209 209 208 204 201 198 195 195 188 180 192 195 195 194 191 190 188 184 180 179 181 181 181 181 178 172 172 174 173 174 173 173 173 173 175 176 176 175 175 174 173 171 169 162 167 168 165 160 158 154 154 157 160 169
217 228 231 228 226 225 226 228 228 228 229 233 238 237 234 232 230 232 232 220 207 193 197 201 206 220 232 236 240 243 242 239 235 231 229 231 230 227 228 227 221 217 216 217 215 212 209 207 205 202 201 202 205 206 198 185 181 190 193 192 192 190 189 184 183 182 181 181 181 177 173 177 177 176 177 178 177 176 175 174 175 176 176 176 177 176 174 170 168 162 172 172 172 164 158 157 154 157 167 165
225 234 237 235 231 228 225 223 221 218 218 222 227 233 234 232 231 226 221 209 195 196 204 206 213 222 230 234 238 240 239 237 232 230 231 233 233 233 232 230 226 221 221 220 216 212 209 208 207 206 206 205 208 210 207 196 188 185 190 193 196 195 190 187 187 186 185 183 176 175 177 180 179 179 179 183 182 179 178 177 176 177 178 180 184 184 180 175 169 169 176 179 179 167 160 157 157 154 157 162
238 249 247 242 237 232 228 224 221 216 212 214 216 221 228 231 228 218 204 189 198 202 205 211 217 224 233 238 241 242 243 240 235 232 234 236 236 235 234 232 228 223 222 226 223 216 214 213 212 210 209 210 211 211 207 196 186 187 193 197 201 202 198 190 188 188 186 183 177 185 184 182 181 180 181 184 184 181 180 179 179 181 184 189 191 189 185 177 168 173 179 183 183 167 160 158 156 155 155 160
253 269 266 254 244 235 229 225 221 217 212 207 208 208 212 215 214 204 194 189 199 205 208 211 216 223 233 242 247 248 249 247 243 238 235 237 238 237 237 234 228 221 219 220 220 218 216 216 216 213 213 214 213 209 201 189 191 193 196 200 202 202 198 192 188 189 187 182 178 185 185 183 182 181 183 184 185 185 183 182 185 188 190 193 193 189 182 174 178 176 178 181 184 168 160 157 155 155 158 174
270 286 279 264 250 237 228 223 220 214 208 205 202 202 202 200 199 200 199 193 198 204 209 212 217 221 228 241 248 250 251 250 247 244 238 238 240 241 240 237 231 225 222 218 215 213 215 219 219 218 217 217 214 208 194 191 197 200 200 201 204 202 197 192 192 195 185 182 185 185 184 185 184 184 185 187 189 189 187 185 189 191 194 195 191 185 174 185 183 180 179 179 180 165 159 156 158 159 165 176
276 282 282 276 262 243 229 222 217 214 209 202 197 199 198 201 206 205 204 198 196 205 211 216 217 221 224 234 241 245 247 246 246 244 243 241 242 243 241 238 232 226 224 222 217 212 212 219 223 222 219 211 208 201 193 200 205 207 205 203 204 201 196 188 186 185 184 196 194 188 187 187 187 186 187 190 193 192 189 186 189 191 194 194 191 182 182 186 185 183 182 182 180 165 157 158 158 161 169 179
253 268 280 276 265 250 235 223 216 213 210 202 198 201 205 209 205 204 206 201 192 204 211 218 222 225 226 229 232 234 235 238 244 243 242 242 242 242 241 235 225 217 221 222 212 211 212 209 214 213 205 206 212 210 206 201 206 209 210 208 205 202 195 187 188 199 200 199 195 192 191 191 191 191 195 197 198 195 190 189 192 195 196 195 191 184 188 188 187 185 186 186 182 164 157 158 160 164 176 185
223 253 268 270 261 251 235 222 215 213 211 204 202 203 207 211 206 202 202 196 193 201 209 218 224 227 229 230 235 234 235 240 243 241 237 237 239 240 236 232 223 214 215 215 218 219 218 212 209 207 212 221 221 216 210 205 204 207 209 210 209 207 200 195 187 197 199 200 198 194 194 195 197 199 203 205 200 194 191 193 197 199 197 194 192 185 190 190 190 190 190 191 182 166 159 159 161 167 181 189
186 220 255 263 258 249 237 225 215 211 206 206 203 204 209 214 209 203 206 202 199 206 212 222 229 230 230 231 235 237 237 237 237 235 233 230 231 233 231 225 216 221 225 226 224 220 218 222 223 220 218 223 223 219 215 215 210 209 209 211 210 208 206 201 191 191 199 203 205 201 198 198 200 202 204 203 198 194 193 198 202 201 195 189 190 190 192 191 193 195 194 193 191 172 162 158 160 165 181 189
171 183 219 244 250 243 236 224 210 202 201 204 202 208 211 213 213 209 206 203 201 210 215 223 234 237 238 238 238 239 240 236 232 232 231 229 226 221 222 220 223 226 228 228 226 224 225 226 228 229 229 229 228 225 222 220 214 208 206 202 201 201 199 196 193 190 199 205 208 207 205 203 203 205 206 201 197 196 198 200 202 199 194 201 201 199 195 192 190 191 191 192 190 178 168 161 158 158 171 186
170 178 190 205 215 213 209 205 200 195 197 201 204 212 214 214 216 216 213 208 207 205 215 223 231 233 232 232 228 232 234 230 227 227 226 224 224 225 232 231 233 235 235 233 229 231 231 229 231 232 236 236 233 230 227 224 223 214 206 200 204 202 204 209 204 197 195 201 202 204 205 207 208 208 205 200 199 199 200 200 198 196 197 202 204 205 200 192 188 193 197 194 187 180 177 167 163 159 159 175
175 178 183 187 192 197 196 193 191 194 200 200 205 213 218 216 216 215 213 216 215 208 206 222 224 223 220 217 220 221 221 221 224 227 223 223 226 226 231 236 239 239 236 234 235 236 236 235 237 238 237 237 235 233 229 224 220 216 206 202 212 212 210 212 210 203 197 203 203 203 205 208 210 208 203 200 201 203 205 206 205 202 198 203 205 207 205 196 192 197 202 202 194 182 177 176 164 160 159 160
177 174 175 177 180 185 187 189 192 201 202 200 203 209 218 216 215 213 213 214 216 217 202 202 212 210 209 209 216 223 221 220 221 225 225 228 232 231 231 237 240 240 237 236 236 238 239 244 246 246 244 240 237 234 229 230 223 207 211 212 216 219 218 214 211 205 198 206 206 207 207 211 214 209 203 205 208 209 209 209 207 202 200 205 207 207 202 198 197 197 202 202 194 184 182 177 175 165 159 161
194 191 183 180 180 180 184 188 190 197 199 199 204 206 211 214 217 215 212 212 216 218 212 201 201 202 206 209 212 223 226 222 221 223 229 233 239 239 237 237 239 242 240 240 239 237 239 247 250 248 242 240 241 239 234 232 220 209 219 218 218 222 228 223 213 201 208 210 211 212 212 210 212 212 205 207 212 214 214 209 203 200 204 206 207 207 204 201 198 200 202 200 194 191 191 184 180 168 160 162
205 201 186 185 185 189 186 184 186 190 193 200 206 207 209 213 216 217 215 215 215 217 215 208 209 211 205 212 214 223 230 232 226 226 235 238 241 244 241 246 243 241 244 244 244 243 244 245 243 237 234 238 241 243 240 232 222 216 220 224 225 225 223 217 209 208 212 217 217 217 217 214 209 208 206 210 213 214 210 205 202 205 207 207 207 204 201 201 200 202 201 198 195 194 196 192 184 173 161 162
211 205 193 194 192 195 196 194 193 192 190 203 206 208 210 213 217 218 221 223 224 223 216 213 216 216 209 217 220 224 230 235 233 231 237 242 248 252 249 250 250 251 251 251 252 248 247 251 245 240 240 231 230 240 238 228 219 225 223 227 229 227 222 216 213 206 214 222 225 226 222 213 209 207 210 213 214 212 207 201 204 208 210 211 208 203 200 202 205 206 204 199 196 197 196 195 184 167 162 162
218 211 201 205 204 205 204 202 201 200 196 201 204 204 212 216 218 225 234 237 237 235 229 223 217 209 218 226 228 230 232 235 233 234 240 245 253 256 259 258 260 261 256 259 260 257 252 242 245 249 247 247 243 232 229 230 231 229 228 232 234 229 226 220 214 213 212 218 221 222 218 213 211 214 216 217 215 209 206 205 207 211 213 214 210 202 203 207 209 209 206 200 199 201 199 194 190 172 163 164
220 214 203 211 213 215 214 211 210 203 207 212 215 216 208 216 220 233 245 246 248 247 242 228 213 219 226 228 231 235 238 239 236 238 244 252 257 265 267 268 270 271 272 266 265 258 255 246 251 253 250 254 256 250 244 239 232 236 238 241 246 240 231 226 218 212 219 223 222 219 216 214 214 220 227 231 228 215 206 210 212 217 219 212 205 202 205 210 212 211 208 202 203 206 203 196 199 189 163 165
229 217 210 222 224 226 227 220 216 207 218 218 217 217 217 213 223 240 253 256 257 253 246 225 222 229 229 227 232 237 241 243 241 241 250 261 263 270 278 277 278 280 282 274 269 267 256 249 256 256 253 254 255 257 252 243 236 242 244 244 245 247 237 233 223 213 221 227 230 224 225 222 217 220 228 233 228 213 209 215 219 224 225 215 206 207 211 210 213 212 206 206 206 209 205 196 197 186 163 167
231 221 233 234 237 240 232 225 223 213 222 220 219 221 220 212 225 242 261 264 263 255 248 230 221 233 234 230 233 237 241 246 248 253 265 273 275 274 280 288 289 288 284 277 265 262 254 255 260 258 258 258 255 251 245 239 238 243 244 245 244 243 238 232 223 216 221 227 230 226 224 227 221 219 225 228 225 213 211 216 222 226 227 217 211 214 217 214 211 209 204 205 205 208 205 196 187 173 164 168
234 236 248 245 251 244 232 224 218 227 228 227 223 223 221 214 225 239 258 268 264 253 244 229 223 237 243 240 239 243 246 249 257 263 273 280 284 288 287 291 292 292 285 277 266 260 258 255 266 267 265 264 262 256 248 240 240 243 243 242 243 243 239 231 227 226 227 228 225 224 225 228 224 220 223 229 228 216 211 217 223 228 227 219 218 221 220 218 211 205 202 203 201 200 197 192 173 164 164 175
235 253 265 265 263 249 235 226 234 240 238 235 230 225 223 216 222 237 257 266 265 257 249 235 224 230 245 249 249 250 255 256 260 266 271 282 290 291 294 296 296 288 280 270 269 263 256 261 266 272 273 274 273 261 253 245 243 244 242 239 239 240 240 231 232 237 235 231 228 229 231 233 233 226 224 226 231 222 212 219 226 229 231 222 224 228 225 220 215 211 206 202 203 207 207 196 167 171 173 178
238 259 275 279 274 254 243 244 245 250 248 245 237 233 230 223 219 230 253 266 267 260 259 247 239 234 239 250 258 260 265 268 268 270 275 277 284 288 298 293 288 281 275 268 264 268 273 269 271 277 278 283 281 261 247 244 246 246 243 242 239 235 236 230 232 244 243 235 233 236 237 239 239 235 233 228 230 224 215 220 234 234 230 224 227 235 230 225 219 216 213 211 210 209 209 191 173 167 180 189
245 263 274 275 267 253 252 252 256 258 255 247 245 243 239 231 223 222 237 258 264 261 263 253 247 236 248 253 257 262 276 282 282 280 282 282 286 289 291 288 274 276 270 270 274 279 282 281 276 279 279 274 269 262 251 250 249 250 248 247 248 238 233 236 236 240 243 240 240 240 244 242 240 239 239 236 238 232 220 222 233 244 240 230 227 233 235 230 227 220 218 220 217 215 210 184 175 169 188 201
250 267 276 274 267 261 260 260 265 261 255 255 252 248 243 241 231 223 227 241 251 259 259 243 238 235 250 250 253 260 281 294 297 295 289 287 291 293 288 279 270 272 274 284 292 295 292 291 288 283 277 270 266 260 257 258 256 256 256 249 245 242 234 243 239 242 244 244 245 249 252 243 241 241 238 241 242 234 224 226 226 238 239 231 233 232 232 232 232 225 219 222 224 220 214 181 170 180 201 210
255 272 281 281 279 270 264 276 272 263 261 261 259 255 251 247 237 226 228 235 241 253 253 236 229 233 241 244 251 260 281 297 302 299 295 292 292 294 288 276 272 277 284 296 304 305 302 296 290 285 281 281 274 266 262 263 262 262 264 254 249 252 237 247 244 245 245 243 246 257 257 242 238 236 235 234 233 228 231 234 232 228 229 229 233 238 235 234 232 226 219 221 223 221 211 173 175 181 209 212
263 281 287 289 289 279 270 284 276 270 269 272 269 262 258 253 240 230 232 234 240 245 245 235 229 231 233 236 243 256 279 295 301 295 294 296 299 297 291 279 278 284 296 296 300 300 295 288 284 283 283 284 277 272 268 262 258 255 260 253 253 257 240 240 243 246 250 247 240 243 251 238 234 238 242 242 233 235 241 244 245 238 230 229 227 228 231 232 233 228 216 219 220 218 180 177 179 189 212 217
272 292 299 298 295 282 271 276 282 279 276 282 280 272 267 259 242 234 237 239 244 248 245 236 236 236 238 236 238 249 274 291 295 295 298 300 303 301 289 279 284 294 305 305 301 298 295 287 281 276 276 273 270 267 264 258 254 251 249 249 258 257 240 245 244 250 263 258 242 242 238 236 237 238 246 245 241 237 242 248 253 247 235 232 231 234 227 235 236 229 213 216 218 208 176 181 186 198 216 220
281 301 310 306 292 276 272 279 287 287 284 295 293 286 279 266 250 241 245 248 257 259 248 239 241 242 240 240 237 241 265 281 285 288 301 303 303 291 276 276 290 305 310 311 306 295 295 294 296 290 290 287 282 277 272 269 259 254 249 245 247 242 249 250 247 256 261 260 247 250 251 244 241 243 247 254 247 243 245 249 254 254 239 234 239 248 233 234 242 231 208 208 211 198 177 186 197 219 232 229
287 308 313 304 287 273 278 286 298 297 301 316 308 299 289 276 253 249 254 262 270 269 252 242 248 248 248 240 241 241 244 254 263 279 292 297 287 269 268 276 292 303 310 310 307 299 307 309 310 306 305 304 297 287 278 269 264 268 266 263 248 243 252 255 251 260 265 254 247 250 255 258 248 249 249 251 248 246 250 251 251 247 241 237 240 250 247 228 230 227 211 202 202 199 177 193 218 231 238 236
295 311 308 299 282 277 285 300 309 308 311 329 320 310 299 278 252 259 264 270 276 268 252 248 251 254 251 242 240 243 245 247 252 267 280 279 264 265 266 280 285 294 301 307 305 304 315 325 324 324 322 322 317 300 289 277 271 276 277 274 262 248 258 259 262 267 270 264 255 252 256 260 262 253 257 257 249 252 254 257 252 246 243 243 245 245 248 246 234 215 207 201 188 182 189 192 212 228 238 242
303 312 310 295 281 281 296 314 320 317 318 343 337 321 304 279 255 266 273 274 272 263 256 251 256 260 254 243 243 250 246 253 252 252 258 257 260 266 267 274 282 286 291 297 305 315 319 331 338 340 342 336 327 310 297 287 284 284 284 278 265 257 266 269 268 274 275 275 265 256 258 264 262 257 257 265 258 256 263 261 265 257 247 248 250 252 250 254 243 217 197 187 178 189 207 215 215 215 226 239
311 317 315 295 285 294 298 318 330 330 327 342 351 333 307 279 262 276 282 280 275 266 259 259 264 263 252 246 249 253 250 256 259 253 253 258 266 277 281 283 291 291 294 304 315 323 327 328 339 348 353 348 335 316 302 295 293 292 290 281 262 265 274 268 274 282 290 294 276 266 268 268 268 260 258 265 264 258 264 267 264 264 259 253 252 251 251 243 234 203 188 186 184 206 219 221 226 227 215 233
322 326 320 300 300 303 299 313 330 338 339 350 352 335 307 283 268 287 292 292 283 270 266 268 269 267 256 252 257 259 254 256 262 257 261 265 273 282 291 295 299 303 303 310 321 328 339 337 340 346 354 351 333 314 306 302 306 305 302 292 273 275 271 268 275 284 293 296 282 275 272 268 266 265 264 277 273 265 262 264 259 257 259 258 253 247 243 231 208 188 180 179 203 212 225 230 229 231 219 225
335 336 324 312 315 305 309 315 327 343 351 365 367 345 312 282 277 305 305 302 291 276 279 277 274 269 260 258 264 265 261 257 265 260 266 271 279 289 297 303 307 311 315 317 329 339 348 350 347 347 342 337 331 327 320 320 322 324 314 296 284 281 274 275 279 287 289 289 283 280 274 269 268 263 263 269 274 275 264 264 264 259 253 251 249 242 234 225 197 184 185 190 218 220 226 237 240 233 224 219
349 345 331 325 321 311 317 322 332 347 360 376 376 349 310 283 289 330 322 312 294 284 289 287 280 271 262 265 271 271 263 260 274 266 272 277 286 297 305 310 316 323 327 329 336 352 360 361 354 348 354 354 348 344 341 337 337 334 321 300 295 293 285 286 286 289 291 287 284 284 280 274 271 268 263 271 275 275 270 272 272 268 259 246 234 225 221 206 188 185 192 216 218 227 233 238 244 239 225 218
358 354 339 338 328 317 327 331 341 356 368 375 364 331 308 294 301 335 329 314 294 296 297 297 288 274 265 269 274 266 256 265 281 276 277 284 292 301 310 317 325 333 337 339 346 360 367 365 353 358 366 367 357 348 349 349 350 342 323 305 298 296 298 296 294 294 289 285 282 279 276 273 269 265 264 271 279 280 275 273 273 270 265 251 242 240 228 200 185 192 214 228 229 230 238 247 246 237 221 222
368 363 348 345 337 327 342 343 348 360 370 368 351 331 316 297 307 330 328 311 302 306 306 303 295 277 271 273 272 259 258 269 280 278 278 289 298 304 311 321 330 335 340 345 355 365 367 362 360 361 370 370 363 354 340 342 347 335 315 309 306 308 306 301 300 298 290 288 295 289 282 280 274 268 265 272 279 281 276 272 271 266 259 250 248 245 233 200 187 209 217 232 240 240 244 250 253 242 222 229
381 371 353 350 345 339 353 352 357 363 371 366 354 342 324 301 312 331 328 315 315 319 318 310 296 282 276 275 266 258 263 274 281 273 272 283 293 301 312 324 332 338 342 348 360 370 371 369 373 372 371 370 364 351 333 327 336 332 318 310 315 318 314 311 303 295 298 298 299 296 292 291 285 279 271 272 277 279 276 271 268 263 259 255 250 246 232 198 192 226 227 230 245 251 255 258 255 244 225 237
388 375 363 358 349 348 358 356 366 370 376 374 365 351 330 309 324 333 332 324 321 331 333 321 303 289 279 276 266 260 268 280 287 275 270 276 286 293 306 322 331 336 345 354 365 374 374 378 384 385 382 379 368 347 328 319 327 323 322 318 321 327 323 315 305 296 301 306 309 306 303 302 298 291 281 274 271 268 266 267 266 264 261 257 251 241 224 195 200 231 235 232 248 258 262 266 262 244 231 245
