# 100 100
545 559 576 613 636 635 618 594 592 612 582 538 528 530 556 558 547 530 515 508 507 507 508 506 506 516 525 542 563 592 621 634 587 601 632 654 640 629 705 793 869 903 903 889 871 852 833 805 826 845 856 860 848 824 778 745 720 700 678 659 673 677 709 691 655 614 584 564 547 534 536 564 600 623 592 576 615 655 648 629 607 616 629 656 685 687 688 688 676 657 660 698 725 735 730 730 720 699 682 665
536 547 564 597 626 628 610 580 568 584 552 523 511 535 562 551 531 515 507 502 501 501 501 500 509 522 528 536 545 561 581 600 574 567 586 594 596 620 690 788 878 912 911 900 886 869 856 820 789 811 839 849 852 833 797 758 732 720 700 694 688 691 706 688 653 612 569 552 547 537 568 609 633 663 636 599 604 639 647 632 608 601 611 634 659 659 661 661 647 630 644 682 703 707 708 719 732 725 705 686
527 537 556 583 607 612 605 585 554 556 534 512 502 525 533 525 516 506 501 497 496 495 496 507 523 536 537 534 532 535 539 548 544 541 557 573 615 675 741 822 902 920 913 906 893 875 863 847 807 780 810 828 836 829 808 780 754 740 722 708 696 713 713 688 649 610 578 582 563 548 582 635 657 671 675 657 647 643 639 628 612 591 599 621 647 644 635 635 625 615 640 675 678 671 671 696 719 720 704 695
521 532 545 568 590 599 594 573 544 532 528 507 492 498 503 504 506 503 498 493 492 489 504 521 539 562 555 534 524 519 518 519 522 551 590 630 676 734 797 865 910 921 910 899 890 872 854 843 826 791 773 785 807 816 816 803 777 752 730 709 713 732 729 701 667 624 615 604 581 570 572 609 647 676 683 687 682 655 639 650 636 600 585 611 635 628 607 608 602 605 638 661 664 647 645 674 687 688 681 689
517 521 531 554 578 590 582 562 538 514 525 507 487 483 486 492 501 502 499 495 488 485 497 511 537 571 565 536 520 511 509 512 520 567 609 672 720 780 837 866 881 911 900 882 878 863 842 826 819 805 778 761 757 788 810 814 793 759 735 719 729 744 737 716 686 645 653 631 624 599 581 616 670 697 683 679 676 643 620 618 620 601 577 590 603 598 587 581 596 624 647 668 671 646 631 652 663 663 655 674
514 513 522 542 566 581 575 552 530 507 505 497 484 478 482 491 502 502 500 499 493 481 489 502 522 548 553 536 516 505 503 505 521 561 611 673 738 787 824 795 824 884 868 850 857 844 832 815 802 796 783 760 741 757 803 817 800 771 744 736 739 740 730 714 680 687 690 676 666 626 601 640 678 693 680 669 663 646 614 602 597 589 580 575 570 575 572 581 614 643 667 681 670 639 618 629 643 640 637 656
514 510 512 526 549 567 563 541 521 503 488 483 480 474 480 492 501 502 500 499 495 480 482 495 508 513 518 518 505 495 496 504 520 548 592 642 705 742 755 721 764 812 805 832 834 819 819 813 799 784 772 751 736 740 791 814 804 780 751 739 735 732 722 707 685 714 719 717 703 665 625 657 672 680 674 664 650 647 612 602 604 610 609 598 573 557 565 592 624 654 682 689 668 640 614 610 623 616 622 654
513 511 503 516 535 549 554 543 525 509 491 479 475 468 474 487 499 501 499 494 489 477 478 489 495 492 488 490 489 488 491 502 517 539 568 601 654 695 690 669 709 729 765 832 812 787 802 806 795 790 786 774 749 732 778 804 802 782 748 732 728 720 712 700 692 707 714 729 718 691 666 659 663 662 659 651 637 630 614 610 631 633 605 594 581 572 561 600 631 661 677 674 662 644 622 599 596 595 633 666
513 510 503 505 523 538 552 547 537 516 496 480 468 463 466 483 494 494 491 485 480 473 477 488 485 479 476 480 480 482 492 502 512 532 553 573 604 638 639 634 669 725 804 839 805 763 777 790 782 777 779 777 757 719 763 792 799 781 747 732 722 714 706 699 694 692 699 718 723 702 688 674 668 660 650 642 633 625 615 621 637 629 600 577 570 555 577 609 632 650 659 655 648 634 616 601 578 599 626 653
515 517 512 496 507 527 548 557 550 528 501 482 472 458 460 482 485 476 475 473 471 468 477 478 473 470 471 473 474 482 494 503 513 525 541 555 569 589 599 635 696 766 826 847 815 762 747 773 765 749 760 764 751 713 749 781 790 774 744 733 723 711 703 707 705 693 683 701 713 700 694 687 685 685 681 660 648 636 629 639 634 616 595 579 567 546 578 591 598 615 636 630 624 610 602 588 569 586 612 634
524 526 520 499 497 513 533 549 552 531 502 482 471 458 452 470 474 466 466 465 464 470 473 469 465 465 466 469 478 485 495 508 517 526 534 544 555 576 603 640 692 763 825 856 836 783 729 735 746 723 731 729 706 715 756 774 781 764 738 731 726 715 703 702 706 705 692 681 693 692 692 698 702 714 720 694 678 658 655 659 639 620 604 596 598 566 540 537 540 558 592 589 585 580 586 581 563 581 613 631
534 533 525 509 487 498 516 537 542 528 508 489 470 459 449 452 457 456 459 462 471 478 471 462 460 459 462 471 480 490 504 522 527 537 547 557 570 599 645 681 710 759 818 860 854 801 750 693 711 700 685 698 750 765 768 769 772 759 731 723 719 711 707 694 690 699 696 672 677 682 694 706 719 736 739 728 707 689 679 672 658 639 622 616 618 612 591 570 551 529 533 546 549 559 569 571 560 566 596 609
544 537 526 512 489 482 504 534 549 538 521 499 473 453 445 448 458 470 475 476 478 478 467 458 452 456 466 475 482 490 510 545 544 547 551 561 577 599 647 710 746 774 804 837 844 774 713 667 661 682 719 757 788 787 770 763 761 752 732 723 713 706 699 697 698 684 692 669 663 683 699 718 736 752 756 746 722 705 692 685 673 646 628 623 625 621 610 596 585 565 528 520 535 551 557 560 540 552 565 574
548 538 527 511 496 478 494 517 538 542 521 479 448 454 474 481 488 491 490 487 485 479 462 453 452 462 469 476 482 489 503 526 536 550 555 560 575 591 624 687 741 774 786 799 803 718 651 685 716 757 769 777 793 788 759 751 748 749 742 736 727 725 721 714 704 678 689 656 669 696 716 732 748 756 760 748 721 705 688 675 666 640 619 612 613 615 613 609 600 582 548 510 519 544 553 549 530 547 575 600
551 535 521 508 498 481 485 498 506 511 503 447 468 502 519 528 529 523 513 499 485 469 453 445 450 463 469 474 479 483 487 492 500 520 535 542 555 567 595 646 715 763 761 731 722 687 663 753 763 773 769 763 766 764 738 735 737 748 746 741 738 739 738 726 705 690 653 645 679 717 737 738 742 746 740 720 700 685 669 655 644 628 613 596 594 601 605 605 594 578 557 525 510 544 544 537 522 545 567 592
549 524 505 495 489 476 474 480 479 476 468 438 468 520 564 594 590 570 540 503 476 455 443 440 448 460 467 470 470 467 470 472 477 488 500 511 528 540 570 629 692 744 729 655 623 626 690 772 763 757 746 731 733 735 715 716 716 732 728 721 735 734 727 715 699 660 636 655 687 724 740 730 726 723 711 691 674 657 643 634 630 629 620 587 575 581 587 587 576 563 550 537 510 515 530 521 513 526 538 562
539 511 496 487 480 471 462 465 459 455 452 437 433 464 513 574 614 608 566 499 465 447 438 437 447 457 462 460 458 457 459 462 468 474 484 496 508 523 551 604 669 718 706 622 614 688 747 761 740 726 718 707 712 714 694 694 680 698 695 693 707 707 699 682 658 629 652 691 702 719 726 711 703 695 689 676 658 639 621 616 622 634 617 581 561 563 571 566 556 546 542 540 532 503 512 507 514 521 539 570
539 512 494 480 472 467 459 456 455 451 447 447 439 430 445 490 530 554 538 480 453 438 433 438 446 453 454 449 448 452 457 463 465 468 476 487 496 510 533 571 631 666 673 627 586 664 723 728 710 700 700 691 697 697 681 668 654 662 666 671 674 673 663 644 619 632 682 711 718 715 705 687 676 673 673 663 651 632 609 594 604 619 601 570 552 552 558 550 540 535 536 533 526 505 502 499 510 527 542 563
544 516 496 481 471 463 462 470 486 495 497 492 488 444 420 443 464 480 484 452 439 432 430 437 442 446 442 446 453 460 468 475 477 473 473 480 490 501 519 552 591 606 606 588 566 628 686 691 685 682 687 679 683 687 680 660 640 631 639 651 656 646 636 620 611 650 697 720 718 706 688 666 655 656 661 659 648 630 612 597 567 579 567 554 543 539 543 534 528 524 522 518 514 497 498 502 540 556 575 584
548 521 501 488 478 468 457 471 496 519 527 527 498 440 416 426 450 464 457 435 427 426 427 431 434 437 444 455 465 475 483 490 493 491 486 480 486 494 505 533 560 567 566 554 560 608 674 688 669 667 675 672 685 699 700 676 654 632 616 629 639 631 617 602 615 656 700 719 713 698 680 653 638 641 652 663 650 626 596 588 564 545 550 547 534 526 525 519 515 513 513 510 506 493 494 517 558 575 581 594
543 523 506 493 482 479 468 459 488 496 504 513 481 433 413 429 444 453 440 423 422 426 433 438 440 448 457 469 482 494 502 510 514 514 510 499 485 491 499 510 533 541 541 540 567 613 679 696 678 654 664 685 709 721 723 691 660 642 622 607 616 616 602 596 639 681 713 718 708 693 672 647 626 628 646 670 645 612 574 560 546 530 538 537 527 518 514 510 506 506 505 504 499 488 494 533 573 569 558 567
533 522 509 497 488 484 470 444 472 475 479 479 452 419 422 453 455 443 424 420 428 434 450 460 455 459 471 484 502 519 533 542 552 555 542 520 498 494 502 505 515 524 528 545 574 614 675 696 678 653 678 699 720 718 718 705 671 647 636 621 597 591 587 611 668 715 733 717 702 686 663 646 629 613 632 651 629 577 545 534 527 518 524 524 519 512 508 504 501 499 498 500 497 481 486 515 546 548 538 551
528 521 512 500 488 476 463 437 452 455 451 444 424 407 460 489 475 444 414 422 432 441 454 469 469 474 483 498 525 557 584 605 624 624 587 542 506 505 506 514 519 527 539 554 578 619 681 702 682 653 663 688 701 692 689 700 676 644 638 632 606 579 588 636 690 735 745 716 693 674 650 634 626 606 611 610 596 556 526 515 510 506 506 508 511 508 503 498 494 492 492 500 509 497 479 488 505 518 522 533
528 524 517 502 484 462 447 434 430 434 430 419 403 428 481 501 468 429 414 430 440 450 456 468 476 484 495 510 539 577 611 658 688 675 620 561 510 517 517 522 532 545 557 571 588 625 688 707 698 663 637 666 664 654 654 671 660 637 634 630 604 573 597 641 686 725 739 719 692 661 639 615 611 595 602 573 557 548 560 524 501 493 492 493 495 499 502 499 491 485 486 501 519 507 484 481 482 492 503 512
524 520 519 506 482 454 427 419 412 419 415 400 418 462 490 473 423 415 422 426 444 466 468 467 480 492 506 526 557 598 637 674 719 713 657 586 533 516 526 529 542 560 579 601 624 650 702 726 720 685 640 631 630 619 616 623 624 619 622 622 604 577 584 613 652 702 727 716 698 676 658 631 599 582 576 563 572 571 570 533 507 493 485 485 485 489 493 497 494 488 481 491 501 501 487 490 481 484 491 498
516 502 498 497 474 444 418 405 399 399 396 399 440 471 466 429 407 448 467 438 437 461 481 479 484 497 511 536 569 613 665 713 753 750 700 631 567 522 524 536 550 571 600 641 689 716 732 734 726 693 662 628 614 604 597 594 590 597 603 606 595 575 568 594 635 686 706 698 690 681 677 659 629 607 594 586 578 563 547 523 499 487 481 479 480 482 484 489 491 490 481 477 485 483 479 483 478 477 482 487
499 488 473 477 457 429 405 392 385 386 393 403 422 433 424 402 425 485 519 481 444 447 477 495 494 504 519 540 569 614 675 741 779 784 746 679 599 543 523 538 557 582 618 683 759 774 754 740 718 683 660 644 628 607 610 612 596 582 585 587 583 572 564 590 620 663 672 666 672 678 687 679 659 643 629 617 588 559 535 511 495 486 480 475 476 477 480 485 488 486 477 473 477 473 474 477 472 475 478 481
468 472 450 448 439 414 400 389 382 395 405 399 396 399 401 417 459 508 557 522 479 449 465 491 505 508 521 541 563 599 667 744 794 813 779 712 637 573 532 540 560 590 631 700 782 803 771 748 722 693 669 646 633 621 644 641 621 602 582 571 572 567 560 581 606 640 646 632 647 672 690 690 671 649 635 617 590 565 551 505 490 485 479 473 470 473 478 485 490 485 471 469 467 464 466 469 472 474 476 478
436 452 437 427 424 404 401 391 386 404 432 439 439 437 450 449 477 531 587 566 511 464 461 485 508 510 518 532 552 577 640 716 770 824 824 766 680 595 541 558 558 590 637 697 775 814 787 759 746 722 693 667 647 645 679 677 654 634 608 584 565 561 555 567 590 619 623 609 627 661 686 680 663 642 628 609 586 565 543 498 485 481 476 472 467 465 471 485 493 481 469 462 460 467 475 486 480 478 484 486
421 419 417 410 406 395 395 389 415 421 432 444 461 483 498 508 517 549 613 604 539 486 462 478 495 498 508 521 539 563 604 664 746 827 857 808 713 621 561 550 570 590 629 685 751 800 784 760 747 729 705 682 657 654 690 696 669 644 618 595 571 560 554 550 569 595 600 595 627 660 684 670 641 624 611 596 574 550 520 497 484 476 471 468 467 461 461 468 476 475 469 463 458 474 485 498 489 486 496 500
446 433 414 402 397 395 386 388 433 446 449 473 463 499 524 552 572 586 637 636 572 520 475 469 477 488 511 537 537 556 598 666 742 820 863 829 744 648 580 552 583 588 618 656 706 758 762 744 726 712 698 683 658 665 696 693 670 643 615 592 573 563 560 553 548 565 572 608 640 661 682 670 627 601 583 567 546 530 511 495 485 479 473 466 462 459 455 458 462 468 469 463 464 485 490 494 491 495 510 525
481 476 456 416 395 395 387 393 440 465 462 490 486 488 529 571 605 627 666 662 601 547 504 478 487 508 529 571 584 567 594 655 718 786 849 837 770 674 598 557 595 590 611 633 667 707 728 719 708 697 684 677 679 683 702 696 672 646 618 591 576 565 561 556 545 549 577 614 639 654 672 673 638 613 602 588 570 543 519 501 488 480 473 469 466 463 457 452 455 465 467 461 460 478 484 484 484 487 497 519
513 509 477 423 404 398 379 424 450 476 481 498 517 500 519 555 591 642 687 680 628 573 541 499 511 533 552 592 628 625 592 633 692 751 822 843 783 701 619 564 593 620 601 620 641 670 706 716 707 698 692 700 710 712 717 708 679 652 629 604 581 566 559 555 546 547 569 596 617 642 666 677 652 627 611 599 576 548 524 508 502 490 480 473 468 464 460 455 449 455 458 454 454 467 475 475 479 484 490 503
533 522 480 420 385 378 402 452 473 493 504 511 533 531 521 549 586 650 695 692 667 626 576 527 524 548 569 605 677 696 644 619 674 742 817 855 803 726 647 584 584 640 622 613 634 660 695 725 729 715 707 720 740 753 740 713 680 649 630 613 589 569 557 552 543 541 565 598 621 642 665 676 657 631 605 581 562 548 536 534 531 517 495 480 471 466 461 465 454 445 447 447 443 457 462 467 473 479 486 494
513 491 461 404 371 382 418 459 493 508 513 523 543 562 558 560 588 638 682 698 690 656 608 569 543 555 579 612 671 727 713 657 672 755 818 857 833 752 674 616 577 613 635 625 636 661 692 732 750 742 726 747 767 785 764 712 676 646 623 609 592 574 562 554 547 537 560 596 612 633 662 678 668 638 608 588 590 583 569 560 555 542 516 492 477 471 467 471 462 448 442 444 440 452 456 462 467 475 484 492
481 457 430 388 370 392 430 466 493 494 495 509 537 559 564 567 593 629 673 705 706 684 645 611 586 574 583 608 644 696 728 697 677 738 807 846 843 781 701 642 592 592 630 644 649 667 693 735 771 775 755 773 796 801 779 730 679 647 620 607 597 583 565 555 549 539 542 570 594 623 649 674 676 656 638 622 616 608 589 572 560 547 525 497 488 484 474 466 460 450 439 439 440 451 454 461 473 483 493 505
459 428 406 377 372 402 434 465 474 468 476 496 520 530 533 542 583 624 659 698 714 700 672 651 626 615 613 622 635 662 702 708 706 775 831 842 830 775 710 659 619 594 611 640 653 667 690 731 781 806 795 802 825 814 771 719 675 652 655 645 631 616 586 559 548 541 531 547 574 598 627 660 681 686 677 655 636 619 595 569 546 525 521 517 514 508 494 473 459 450 437 435 442 447 452 463 477 492 505 517
448 415 390 369 378 402 418 444 447 450 473 492 501 501 500 521 564 593 615 664 700 699 682 665 648 635 629 634 638 652 680 717 743 778 845 849 813 777 736 672 635 627 607 619 635 654 683 723 782 835 842 841 836 802 743 722 717 703 690 675 659 638 609 571 551 540 533 533 558 586 619 651 680 701 700 674 644 619 595 570 539 547 557 549 545 542 525 493 467 451 437 435 442 445 451 464 478 493 509 527
434 405 381 366 384 398 400 415 430 453 477 482 480 478 483 507 539 548 563 607 649 662 659 650 632 621 614 623 632 644 667 711 763 803 844 859 818 766 705 701 686 661 644 625 626 644 674 710 767 836 875 878 850 804 771 773 773 748 723 702 680 651 616 579 551 536 532 534 579 609 630 642 659 687 687 669 641 609 585 564 555 579 583 575 572 569 553 519 482 457 437 434 439 444 450 466 480 494 511 529
434 397 373 365 399 425 423 411 424 444 460 463 462 470 484 502 519 516 530 559 593 615 614 596 575 566 579 600 620 631 646 692 749 800 836 851 822 757 732 763 735 704 686 662 644 637 660 693 744 812 873 886 867 832 808 806 804 783 753 721 681 645 615 586 552 534 526 529 570 601 615 618 637 662 672 670 656 626 595 573 586 603 605 601 597 589 572 540 502 467 438 432 436 441 449 466 481 494 509 527
431 388 363 369 403 431 445 438 429 431 441 453 469 486 490 493 495 489 506 542 578 588 573 552 540 557 592 601 622 644 642 667 718 781 833 848 830 790 782 800 777 751 724 699 674 647 643 681 723 780 844 877 865 842 814 807 807 797 766 722 680 660 643 614 571 536 520 520 542 560 573 584 616 627 650 665 670 658 622 597 602 618 617 611 604 595 575 549 508 471 443 431 435 438 451 468 480 490 504 522
405 372 360 381 403 424 444 453 455 460 470 481 485 485 480 482 481 474 505 540 564 556 540 524 534 589 645 682 697 722 693 661 704 780 835 853 843 801 837 847 825 793 767 736 709 672 638 648 695 748 804 853 855 833 811 795 790 788 765 720 685 671 656 630 588 548 524 512 521 530 537 565 584 588 617 642 657 664 653 629 615 620 617 606 593 585 568 542 501 471 439 434 441 447 455 466 474 488 505 524
383 359 360 380 390 403 423 444 463 489 496 494 479 467 462 465 467 467 492 511 531 528 517 510 549 606 660 710 747 772 752 705 695 761 827 853 853 835 871 886 866 840 803 774 734 692 651 629 667 703 752 801 832 826 814 797 770 762 753 717 674 645 632 619 588 557 535 516 509 508 514 537 547 563 590 613 631 647 657 660 629 610 609 595 578 567 556 537 504 461 432 443 443 447 455 462 477 492 506 523
367 355 374 389 394 391 402 425 452 482 478 470 458 446 442 445 447 455 476 489 503 509 499 518 561 599 642 690 737 767 770 726 704 746 802 849 858 861 889 910 900 880 850 798 747 707 654 614 630 661 692 739 784 809 812 804 778 737 728 701 663 636 608 586 574 556 539 533 520 518 510 504 519 544 560 583 607 630 655 672 653 601 587 574 563 559 548 527 501 449 444 492 488 452 451 464 477 490 503 518
355 361 399 429 420 401 393 408 434 454 451 435 427 425 437 453 476 471 460 471 477 486 492 525 557 578 606 648 686 718 741 740 726 749 789 838 863 856 868 898 912 898 863 811 796 746 681 626 602 631 648 680 718 748 770 783 776 754 722 714 713 667 631 595 575 561 550 544 532 522 518 504 497 517 538 568 597 614 636 656 658 614 566 554 544 543 535 506 476 439 479 511 515 494 459 460 471 482 496 507
353 376 409 446 456 425 397 400 418 434 424 411 427 450 473 496 516 518 492 490 508 526 519 527 555 578 600 633 667 679 702 731 744 764 793 827 845 809 789 830 887 898 865 833 820 772 693 638 605 603 616 633 658 687 718 742 760 767 760 756 748 704 653 621 604 590 569 554 541 527 515 505 493 507 541 563 583 593 605 617 628 611 564 533 520 511 499 472 453 435 484 524 533 521 492 462 463 473 484 492
360 383 408 435 458 437 402 399 409 415 406 428 457 477 492 518 542 549 540 536 526 546 551 544 584 611 627 637 637 633 669 694 718 753 784 811 816 774 729 773 849 886 873 852 833 780 698 644 611 590 578 594 611 636 681 722 742 765 771 768 754 732 687 654 636 618 590 566 552 536 519 508 496 498 529 550 558 567 577 582 592 601 577 543 515 504 496 505 481 438 456 526 549 544 527 494 469 468 474 491
363 378 388 406 422 421 403 397 400 400 412 441 460 478 499 517 538 547 550 540 515 527 528 531 564 607 622 616 602 605 626 634 661 700 732 760 758 726 691 736 814 871 878 855 818 772 711 651 617 602 575 570 579 604 639 682 720 743 757 757 742 734 720 691 670 644 619 583 564 547 522 505 491 490 518 534 534 544 552 554 568 581 582 553 535 529 520 510 483 439 449 522 545 553 558 528 496 486 485 501
356 363 371 383 398 404 389 387 394 391 414 433 448 461 483 493 511 516 525 515 499 509 516 515 532 553 578 582 577 581 591 590 611 643 683 702 685 665 661 709 760 822 859 856 826 782 731 682 639 600 572 555 552 577 600 633 669 709 730 731 703 716 733 725 705 673 639 603 574 550 522 498 480 491 515 515 510 518 524 525 539 549 557 549 545 534 524 504 471 426 450 502 520 544 575 556 525 508 500 501
368 374 365 369 377 379 391 392 379 385 406 421 432 442 453 463 475 487 502 494 483 491 503 503 502 521 534 544 547 551 560 562 593 638 682 677 633 616 642 670 719 760 821 848 844 814 773 734 679 626 597 582 557 542 572 590 619 655 681 683 658 692 735 747 732 694 656 623 581 548 521 495 477 485 503 500 493 490 497 496 503 513 515 521 531 528 524 507 481 429 427 463 479 522 568 582 556 533 514 503
386 399 396 376 366 374 403 409 401 386 391 407 416 424 433 445 452 465 480 479 470 480 499 504 490 495 505 518 523 525 532 562 603 639 673 651 603 599 615 644 682 708 780 837 838 827 811 779 717 654 610 583 561 545 538 566 600 631 650 653 623 665 724 751 746 715 672 639 592 549 522 513 490 474 488 493 486 472 467 473 476 481 484 483 495 510 511 501 485 462 429 420 446 519 574 598 587 561 531 515
411 425 422 405 390 377 395 407 413 413 399 391 399 410 421 431 439 449 457 466 462 474 494 499 483 478 483 495 503 513 540 572 609 645 663 641 589 578 584 622 645 695 757 808 816 811 808 789 747 688 642 599 560 538 524 557 594 612 629 636 601 632 691 737 742 723 680 640 600 554 534 527 499 478 473 474 469 458 450 452 455 446 439 447 461 477 489 487 472 458 441 422 454 530 573 598 608 594 560 532
444 458 447 427 409 388 385 399 406 411 416 415 401 397 407 418 427 436 444 449 452 464 479 485 475 467 473 481 503 533 552 581 613 644 648 618 571 548 560 590 641 699 729 734 746 765 782 791 777 743 687 622 578 548 524 527 563 593 611 609 575 602 659 711 732 716 675 630 597 562 550 531 512 503 494 482 476 478 475 459 476 495 482 460 441 439 466 466 449 430 412 436 492 520 541 578 601 607 591 565
487 492 470 440 420 405 392 396 405 412 417 429 429 410 400 406 417 424 432 436 446 454 461 468 469 475 474 477 502 518 535 560 599 628 622 594 560 529 543 578 622 660 671 649 666 707 733 763 780 762 707 637 594 561 541 518 532 571 591 587 560 580 637 684 717 711 680 640 623 594 564 547 538 525 510 500 495 488 503 500 507 521 512 496 474 447 441 440 421 411 403 436 476 489 521 557 586 602 601 584
522 508 473 444 432 423 414 409 404 414 424 432 444 435 425 416 408 410 416 427 439 444 447 456 477 488 475 469 486 492 507 525 560 592 596 582 556 521 534 559 582 606 607 593 623 667 701 714 730 734 698 632 601 582 564 538 511 537 557 556 541 590 632 669 696 713 702 672 656 628 580 564 553 537 524 512 503 503 511 515 519 516 510 498 478 456 436 441 423 411 408 402 428 462 517 558 582 591 585 581
535 500 465 454 458 442 428 424 419 417 429 440 452 453 444 438 420 422 423 420 428 436 448 460 467 472 462 459 464 474 487 502 523 550 571 571 551 516 519 537 547 555 557 572 618 651 667 684 685 664 643 605 585 579 570 549 519 509 528 525 544 593 617 644 679 716 725 708 691 659 606 573 559 544 532 521 512 510 515 523 522 506 489 477 468 463 470 477 455 422 409 401 402 436 486 538 569 573 557 563
533 498 472 472 478 462 445 436 431 427 435 446 456 457 447 435 427 447 443 439 429 437 446 455 465 478 467 455 453 461 473 483 498 518 540 552 548 513 505 513 519 525 529 561 596 618 638 663 670 668 645 614 581 559 549 538 526 504 505 509 537 565 582 610 662 700 729 735 721 683 629 582 562 547 534 526 520 516 511 516 511 498 475 463 467 478 492 477 447 416 420 411 397 405 446 493 520 527 522 533
531 502 485 492 500 483 468 449 442 439 442 450 455 451 444 432 436 461 459 455 447 432 441 458 474 492 481 467 447 458 468 474 481 492 509 527 536 509 492 494 497 502 517 538 559 599 646 667 678 707 699 663 619 591 582 569 557 544 504 499 521 530 552 592 633 670 707 737 723 682 630 584 561 548 537 531 528 524 512 500 497 488 468 457 467 482 473 450 425 436 464 445 407 395 418 454 477 478 479 501
542 519 504 511 516 500 488 469 455 452 453 458 458 450 442 435 439 460 467 467 455 454 447 452 474 490 485 473 451 443 461 463 469 472 475 492 523 513 485 489 482 484 502 516 546 580 612 635 653 694 717 693 658 621 593 559 542 560 536 491 499 515 532 563 597 637 681 711 692 650 603 573 555 543 538 537 539 538 520 500 483 475 465 454 448 452 436 427 449 475 485 458 425 399 395 415 437 450 454 466
563 546 529 533 538 523 503 486 473 468 466 467 463 455 453 450 447 458 473 472 458 486 482 456 461 483 479 473 454 436 440 449 455 461 461 465 488 499 491 474 476 475 491 509 523 542 562 583 618 653 691 694 673 637 604 571 531 521 531 505 491 525 536 558 584 612 647 660 637 604 581 560 542 533 533 542 550 544 521 497 478 467 460 453 443 434 427 446 477 514 505 471 448 426 395 402 406 425 436 441
584 579 562 562 565 540 514 505 500 483 480 475 467 468 474 472 462 461 473 475 463 499 505 476 455 469 489 483 460 444 440 430 442 452 454 457 464 470 472 467 462 481 487 495 507 518 527 546 585 630 657 662 653 629 604 578 545 513 508 503 477 505 525 547 567 592 615 628 601 576 563 546 529 520 523 539 549 542 519 495 479 472 471 461 446 435 442 448 482 515 522 490 475 455 414 392 388 399 411 421
592 603 594 590 584 551 530 531 533 508 494 483 479 491 502 497 480 474 477 476 467 496 513 487 458 492 523 527 497 466 447 432 429 447 450 450 455 459 463 463 454 472 480 483 491 500 504 523 571 618 643 639 622 605 583 564 544 514 491 506 484 483 492 505 526 553 576 592 576 554 543 532 519 510 511 526 534 528 514 497 481 472 470 462 442 449 460 450 474 504 524 517 495 463 431 407 393 386 394 404
594 617 611 599 590 571 554 555 561 543 508 496 499 516 525 511 496 493 488 480 471 488 496 482 465 502 535 547 526 497 469 445 426 436 445 450 452 455 458 455 444 458 464 468 477 484 490 520 567 626 655 636 608 581 554 532 511 511 482 500 503 472 512 526 527 532 542 556 554 543 534 521 512 504 500 507 515 516 512 501 485 469 454 452 468 473 478 468 472 509 529 529 508 472 444 423 406 387 384 393
597 620 610 591 577 576 567 572 579 563 531 520 524 538 538 523 514 505 492 482 478 483 484 474 471 508 542 564 550 521 490 461 439 423 435 454 458 453 451 446 439 453 454 453 461 470 496 526 564 615 640 631 620 613 593 558 500 494 474 481 479 479 542 576 584 574 557 550 542 535 530 522 519 522 515 495 494 497 503 497 487 464 457 468 492 510 505 489 472 500 526 529 520 502 475 448 427 411 386 385
599 622 609 590 568 553 553 564 573 579 563 552 554 567 554 540 525 508 495 490 491 487 483 472 475 510 544 576 572 543 507 471 445 423 424 442 451 450 450 447 434 452 451 443 447 464 482 515 558 595 623 634 635 630 599 547 496 459 471 464 471 534 583 630 637 629 589 569 550 542 531 526 534 542 533 505 486 484 491 493 482 461 484 492 510 541 530 504 485 487 519 532 528 518 503 479 457 438 416 385
582 611 610 594 569 544 534 538 552 577 590 592 589 592 578 558 530 511 503 504 498 489 483 476 475 500 532 564 569 547 507 473 446 428 417 430 445 446 447 448 435 440 439 435 447 457 467 486 520 565 616 640 643 635 612 571 509 462 534 539 540 580 612 637 636 638 608 579 567 559 548 543 546 549 541 521 495 481 480 493 485 473 513 518 522 540 537 513 494 488 513 524 517 505 491 476 461 443 421 400
545 584 601 586 556 534 515 522 549 574 596 622 620 617 606 574 538 523 515 511 504 495 485 479 483 489 508 542 562 551 516 483 456 436 421 418 437 444 446 444 430 430 431 431 439 445 458 478 500 529 572 619 645 647 630 601 534 458 489 547 550 550 562 589 567 582 591 589 590 579 568 561 561 572 555 534 509 486 474 474 471 498 541 546 543 542 536 521 505 495 507 511 500 488 476 463 447 433 422 400
513 551 568 560 530 509 500 531 569 587 597 628 649 636 621 585 560 543 528 513 504 505 501 489 492 493 498 511 538 544 515 490 466 441 428 422 415 435 439 437 424 420 422 440 454 461 456 476 491 511 532 562 609 649 636 589 529 493 452 482 504 506 515 548 530 530 554 588 617 614 596 578 567 578 580 551 521 494 479 473 483 533 572 576 570 558 549 549 527 506 511 507 495 484 472 458 449 454 442 414
489 516 523 515 495 480 502 539 574 595 606 621 664 659 632 615 596 566 538 520 518 532 523 503 502 503 505 507 511 532 532 497 467 454 439 429 420 413 428 436 424 408 428 455 452 462 469 471 483 496 515 534 568 618 614 569 569 558 504 453 448 470 502 517 509 494 521 574 607 627 627 587 555 552 564 564 531 498 482 480 497 552 598 602 594 579 565 559 546 523 532 530 511 499 485 471 464 464 446 420
468 486 483 474 462 494 527 545 561 586 608 630 671 687 657 645 627 588 551 531 538 552 538 517 517 523 527 524 517 501 496 498 491 472 450 431 427 423 412 426 422 412 409 431 430 442 465 479 483 493 504 524 547 579 601 597 605 597 565 516 447 441 471 487 487 476 511 543 546 580 615 588 537 512 519 546 541 502 490 491 497 550 611 624 613 599 585 570 558 544 534 539 536 525 511 489 472 461 444 422
443 462 453 442 465 515 552 567 572 587 614 644 684 706 694 668 640 600 566 550 560 573 552 536 547 559 564 554 555 558 543 520 500 479 458 438 423 419 414 409 421 409 398 414 423 434 448 461 476 502 523 537 553 571 587 591 601 596 576 535 485 448 434 466 465 470 489 500 525 559 570 558 530 503 485 507 531 510 514 501 509 545 606 632 624 619 605 584 569 558 547 550 554 544 527 503 478 461 446 442
421 436 426 435 479 527 563 575 585 604 630 661 691 712 706 687 656 624 603 579 578 591 569 567 588 603 605 597 597 604 591 550 505 477 461 445 428 416 410 402 407 411 394 404 423 434 440 453 465 485 518 560 584 587 574 567 574 594 592 576 546 504 440 435 451 466 488 509 515 528 523 521 520 503 474 484 515 551 535 519 521 549 588 618 621 619 607 593 574 561 554 558 567 561 538 510 488 471 469 459
401 410 414 450 493 527 550 559 587 615 642 672 693 698 678 678 672 665 650 622 602 616 597 593 632 653 651 639 637 638 608 564 526 491 461 446 436 433 424 410 398 396 393 385 394 416 424 437 446 466 500 543 586 588 564 543 543 561 569 569 563 538 481 424 477 507 500 492 486 486 485 484 489 485 460 478 527 571 565 547 540 551 572 592 602 600 590 583 571 563 560 561 570 572 553 528 503 486 482 466
383 391 422 466 495 507 510 532 574 604 628 647 661 665 652 664 682 694 704 666 631 642 632 620 673 703 696 685 677 665 624 579 538 506 489 476 462 450 436 422 413 407 408 404 393 385 403 441 473 492 496 530 567 564 545 528 519 513 522 516 506 504 486 428 454 504 505 481 463 460 458 465 464 454 446 477 513 555 585 579 566 562 567 575 581 581 572 569 570 568 565 564 565 565 557 542 524 509 499 480
374 390 425 464 480 474 475 498 533 564 589 614 636 638 630 658 690 715 732 705 664 674 672 653 705 757 755 742 726 692 644 609 574 547 526 511 497 474 448 433 422 414 410 408 401 378 401 445 491 530 549 556 572 563 551 553 541 506 493 487 496 477 456 445 417 474 499 471 448 439 441 453 446 433 444 469 496 525 568 593 583 572 567 564 566 564 557 559 566 570 569 568 566 561 550 540 530 521 506 486
368 384 419 452 454 448 455 467 489 514 541 587 612 614 632 664 697 728 749 732 707 717 718 712 731 798 824 812 789 747 701 664 640 620 595 573 546 505 467 449 433 418 406 401 395 379 389 420 460 511 547 570 588 583 573 566 536 535 531 533 545 509 469 437 420 425 461 448 440 427 424 430 424 436 448 462 487 510 543 580 590 578 566 558 552 549 541 547 559 568 576 581 576 566 551 537 525 517 509 497
364 376 403 430 433 432 439 449 464 483 509 560 587 598 638 668 699 730 764 759 756 770 776 782 787 843 897 903 867 824 782 740 705 677 655 640 611 558 505 470 450 429 409 397 389 380 375 399 426 464 499 540 576 592 593 575 549 559 552 538 546 531 516 491 452 419 414 418 425 422 411 412 440 479 484 480 487 500 515 543 572 577 563 552 543 534 530 535 546 557 573 591 595 585 558 542 530 518 507 502
360 376 390 405 415 422 432 444 458 473 493 529 555 589 617 646 676 712 752 776 787 812 840 852 847 893 944 959 927 886 836 777 714 663 647 663 655 604 550 504 474 449 421 400 395 384 372 375 396 420 448 508 554 588 600 590 573 567 534 504 499 508 528 515 494 479 449 417 400 403 401 415 454 510 524 515 499 494 498 509 531 555 560 553 544 531 521 521 531 541 553 575 597 600 579 557 544 533 517 504
360 374 386 395 403 421 438 453 464 474 488 512 544 584 636 672 690 700 727 768 794 827 876 895 895 919 931 915 883 846 789 735 668 614 598 624 644 618 577 531 511 480 436 414 410 403 385 389 377 388 425 463 523 572 589 595 586 550 514 483 470 475 487 496 499 478 459 444 431 413 387 406 446 505 546 547 523 495 480 489 500 522 560 561 549 537 519 511 521 525 536 550 574 597 594 578 566 555 537 511
362 370 379 387 398 417 443 460 471 480 497 520 547 594 645 686 717 736 749 787 814 840 874 890 895 905 901 857 798 759 716 669 619 577 559 570 584 567 567 547 542 509 454 457 445 425 404 390 386 370 403 432 478 526 552 584 593 568 535 488 454 453 453 457 457 456 458 453 458 443 390 392 433 493 546 569 544 501 464 465 475 509 557 575 561 546 529 509 506 508 521 530 547 578 587 573 564 563 555 528
376 374 377 384 394 408 437 459 469 478 492 507 531 576 637 689 731 773 792 821 845 866 869 871 861 856 846 790 728 674 644 604 569 538 518 517 517 511 523 523 528 491 488 507 492 459 433 403 376 361 389 409 430 465 514 563 591 584 533 483 465 452 430 431 436 434 444 460 460 434 411 381 422 488 534 550 547 508 461 441 467 507 555 586 593 564 544 522 510 490 502 512 526 549 571 559 544 542 544 531
387 388 388 386 391 399 421 445 456 468 480 496 521 563 622 678 730 775 798 822 845 863 854 854 815 773 762 715 661 609 576 549 524 505 492 482 477 478 479 481 490 469 538 562 532 479 438 404 378 358 369 386 400 418 474 539 591 604 562 524 509 481 440 412 407 412 418 424 428 421 414 384 396 464 508 510 507 494 458 433 466 509 552 584 607 592 561 539 519 491 481 499 509 522 543 544 521 508 508 504
390 398 408 402 398 398 410 427 440 454 476 498 526 560 609 655 708 743 773 807 828 831 820 818 771 689 684 651 604 557 521 510 498 486 476 468 467 463 456 458 458 499 571 604 569 521 480 434 403 373 352 360 376 392 440 506 562 600 591 569 531 485 451 420 397 396 404 408 406 406 410 384 378 435 480 472 461 457 436 428 461 501 546 587 609 604 582 554 531 508 480 475 493 505 512 513 501 493 485 478
389 399 417 423 413 403 406 415 429 455 484 508 536 565 604 650 682 704 735 770 802 792 774 752 717 651 616 601 558 525 497 485 481 471 463 460 452 450 446 445 463 510 572 618 615 587 547 495 449 414 377 351 356 372 404 455 511 557 582 568 533 485 444 420 400 385 390 398 396 394 398 394 371 420 455 445 423 417 412 442 474 519 565 603 609 602 593 570 545 521 494 461 479 493 496 494 494 492 484 474
387 400 416 433 429 410 406 412 429 461 492 521 550 577 603 639 653 662 686 729 760 758 726 692 656 618 580 564 529 500 481 470 462 453 447 439 433 435 437 443 468 505 554 609 652 656 621 562 503 463 417 374 347 352 380 414 457 507 548 550 527 490 450 426 407 389 377 388 388 385 387 393 374 400 423 415 408 398 433 460 476 518 573 615 607 587 590 578 563 536 502 479 455 481 483 484 489 492 490 480
392 405 418 430 432 414 406 411 433 465 499 531 568 600 614 621 626 630 646 677 708 722 708 656 605 571 548 534 514 488 470 458 449 439 430 424 420 423 432 450 471 501 544 601 664 697 664 603 551 497 441 398 365 344 355 377 411 455 499 532 523 498 465 440 419 395 373 379 380 378 387 393 382 370 390 398 392 408 448 479 491 520 570 610 601 567 571 572 563 548 514 487 461 449 468 471 478 480 480 471
420 425 429 428 424 411 397 411 438 470 503 542 581 616 618 604 605 612 616 634 658 688 693 665 613 549 518 514 504 484 466 452 437 426 419 415 412 421 438 457 471 495 538 600 666 697 656 596 547 493 437 399 375 364 343 353 382 422 462 493 509 500 476 448 427 405 378 366 369 375 395 413 409 400 374 370 377 408 441 474 498 523 557 594 588 553 533 551 549 528 519 486 463 443 438 453 464 470 468 462
431 443 446 431 413 403 389 401 432 473 503 539 565 584 581 575 591 607 602 609 632 660 674 663 624 565 515 492 494 483 468 450 430 415 411 408 413 422 437 451 459 485 532 594 657 686 654 598 545 493 430 396 395 399 367 337 358 388 417 448 474 481 470 446 431 413 388 363 356 371 390 412 419 417 419 369 370 403 423 454 476 497 535 580 582 554 521 516 529 510 489 478 455 439 419 429 455 469 468 465
408 428 438 430 405 394 385 391 418 456 487 508 528 541 533 541 574 599 594 595 607 630 648 645 615 561 520 484 476 473 463 445 422 404 398 399 411 421 430 436 445 472 528 579 623 654 638 592 553 505 442 409 392 393 385 354 337 361 381 401 429 447 443 435 429 416 396 370 348 363 381 404 419 417 408 375 359 383 402 435 474 514 545 580 586 559 524 491 492 488 467 459 449 434 422 410 433 454 462 474
379 394 405 411 396 383 376 380 401 430 455 467 480 496 497 515 554 576 577 582 588 603 619 625 605 556 521 494 462 453 447 429 411 394 382 397 410 421 425 422 428 452 503 533 558 597 590 544 514 499 465 431 397 376 376 356 329 344 353 364 386 404 412 424 432 418 395 367 345 352 379 406 428 424 405 381 356 381 420 462 497 527 545 569 585 571 536 501 478 469 462 451 444 435 424 417 407 423 443 466
358 370 382 393 387 375 367 365 384 404 422 431 439 453 466 497 530 543 546 559 572 582 582 583 575 549 518 495 470 439 423 409 398 387 374 383 397 411 420 411 414 430 463 484 502 540 550 505 472 459 447 431 402 373 360 348 334 341 335 335 365 378 385 407 419 402 386 360 339 344 377 405 416 416 402 381 350 375 423 450 475 493 507 556 592 587 560 526 500 489 480 465 460 452 438 418 409 404 430 460
346 356 367 374 376 367 360 353 363 382 396 407 413 422 442 475 496 499 505 530 552 564 545 535 537 531 503 475 462 438 411 398 391 379 371 364 378 393 403 398 400 414 430 449 476 506 527 498 462 437 420 406 389 383 368 344 338 329 330 316 328 325 339 372 387 384 372 344 328 361 389 394 398 401 402 384 355 357 391 416 433 449 491 546 586 588 573 552 525 505 486 463 447 446 444 436 429 415 405 453
342 350 357 363 366 363 355 348 349 363 375 386 394 403 422 449 464 459 471 504 529 543 520 494 495 495 481 457 443 426 409 393 380 371 363 352 361 373 384 383 388 402 420 444 473 502 524 504 479 459 442 424 405 396 381 364 361 354 346 331 350 352 315 369 390 376 356 328 337 379 403 390 382 386 396 388 363 343 367 383 393 428 480 520 557 577 578 564 540 513 487 462 442 432 430 430 423 423 399 423
346 354 358 362 364 361 356 349 341 346 360 370 378 388 405 425 433 432 452 485 505 518 506 467 452 452 454 448 432 416 404 392 378 360 357 346 352 359 366 370 383 402 427 463 497 525 554 543 516 493 470 445 421 401 384 370 362 358 367 367 342 341 315 370 388 373 346 320 338 374 387 378 368 374 388 385 368 340 356 369 380 412 453 490 528 556 571 565 541 519 494 471 451 448 437 419 409 400 391 399
358 365 369 374 380 375 365 357 345 337 343 356 365 377 396 413 413 415 436 466 478 481 479 448 426 425 433 440 429 414 394 379 367 354 348 339 342 345 354 368 382 402 431 480 530 565 604 601 570 528 495 468 432 407 384 368 356 349 356 361 332 321 324 368 382 362 340 316 331 356 360 363 356 359 370 370 368 351 341 358 376 391 415 449 491 523 533 534 530 518 500 481 465 473 467 451 439 423 409 385
369 377 386 397 408 401 384 368 356 340 333 345 353 365 388 404 400 401 420 449 454 437 438 427 414 408 413 419 421 414 389 364 353 344 339 332 334 343 358 369 379 398 424 472 536 595 652 655 614 556 516 480 441 413 390 372 359 352 348 336 324 304 315 353 375 357 332 310 321 336 341 348 345 344 344 349 359 366 340 344 361 372 390 411 444 474 491 495 493 493 489 484 476 488 493 483 470 459 443 412
376 384 396 411 426 423 404 383 366 348 329 332 339 350 371 389 387 384 403 427 433 412 401 405 402 388 390 393 400 397 379 354 340 332 334 329 330 346 359 366 376 393 417 452 508 586 659 676 623 561 520 482 445 417 394 373 365 369 368 358 346 318 292 334 361 350 322 304 315 317 326 332 334 328 333 344 349 363 366 339 344 363 375 389 408 425 441 451 450 452 464 479 481 484 504 511 507 499 483 451
385 392 405 419 433 435 423 399 378 362 344 323 324 335 350 366 370 367 383 405 405 389 379 383 384 373 370 371 373 372 361 344 327 324 331 323 330 344 353 360 371 388 409 441 488 552 627 656 610 552 502 468 433 413 403 382 371 374 374 372 361 335 294 310 330 325 300 291 295 298 298 300 309 318 331 341 349 359 366 359 329 350 363 378 390 400 410 420 423 426 436 458 475 470 486 512 531 531 509 478
400 403 412 422 428 433 432 415 393 375 364 348 323 315 329 341 347 347 362 382 379 366 361 364 363 360 358 356 355 353 346 335 317 318 322 314 328 339 350 360 370 384 407 438 482 534 596 626 606 564 509 470 448 433 414 387 368 364 370 365 354 345 319 291 300 296 291 319 327 337 341 331 309 306 309 323 336 344 349 352 330 345 358 368 376 383 392 400 405 410 419 432 447 448 457 484 515 531 514 472
410 416 421 426 428 429 431 425 408 389 383 376 357 326 309 322 328 330 338 355 357 349 343 343 344 345 348 346 343 341 335 326 309 306 308 331 356 369 379 389 397 406 421 445 487 529 568 582 592 573 528 502 477 437 408 386 360 347 351 346 337 330 317 305 299 283 315 355 365 365 369 354 337 352 323 318 314 316 320 329 323 333 345 353 361 366 375 384 391 396 411 421 429 440 453 471 493 512 509 477
