# 100 100
155 150 162 158 167 168 167 168 167 163 159 159 160 160 161 166 181 218 233 273 330 353 371 373 375 395 410 416 418 417 408 397 399 395 370 354 332 314 291 259 243 220 186 180 167 163 153 140 135 134 134 134 134 134 134 134 134 134 134 134 134 139 143 136 134 134 134 134 134 134 134 134 134 134 134 134 134 134 134 134 134 134 134 134 134 134 134 134 134 134 134 134 134 134 134 134 134 134 134 134
156 149 156 180 212 225 226 234 228 216 211 203 193 175 164 162 164 170 182 210 240 241 238 271 334 385 406 405 395 389 385 383 397 409 395 387 373 339 310 270 242 212 182 172 163 156 140 134 134 134 134 134 134 134 134 134 134 134 134 134 134 136 134 134 134 134 134 134 134 134 134 134 134 134 134 134 134 134 134 134 134 134 134 134 134 134 134 134 134 134 134 134 134 134 134 134 134 134 134 134
161 151 157 209 249 265 288 307 302 293 296 299 296 270 226 180 168 168 170 174 185 200 204 209 255 342 375 361 356 363 371 386 407 403 380 388 385 353 303 250 229 200 175 154 156 153 135 134 134 134 134 134 134 134 134 134 134 134 134 134 135 141 134 134 134 134 134 134 134 134 134 134 134 134 134 134 134 134 134 134 134 134 134 134 134 134 134 134 134 134 134 134 134 134 134 134 134 134 134 134
166 154 165 209 238 283 346 378 374 376 399 423 426 391 338 256 190 180 182 180 180 185 189 190 209 265 316 323 327 348 372 398 409 375 348 362 363 333 275 227 198 177 148 134 141 136 134 134 134 134 134 134 134 134 134 134 134 134 134 134 135 134 134 134 134 134 134 134 134 134 134 134 134 134 134 134 134 134 134 134 134 134 134 134 134 134 134 134 134 134 134 134 134 134 134 134 134 134 134 134
171 156 168 196 236 327 415 449 456 464 492 517 505 456 386 305 210 196 216 215 201 182 168 169 182 227 270 284 311 353 382 400 389 340 314 314 308 275 233 198 171 160 135 134 134 134 134 134 134 134 134 134 134 134 134 134 134 134 134 134 134 134 134 134 134 134 134 134 134 134 134 134 134 134 134 135 135 134 134 134 134 134 134 134 134 134 134 134 134 134 134 134 134 134 134 134 134 134 134 134
192 162 166 189 237 351 445 478 487 495 528 545 520 444 356 255 206 232 297 296 245 187 163 163 176 206 236 291 337 359 374 369 339 299 277 273 252 218 203 178 161 138 134 134 134 134 134 134 134 134 134 134 134 134 134 134 134 134 134 134 134 134 134 134 134 134 134 134 134 134 134 134 134 134 134 134 134 134 134 134 134 134 134 134 134 134 134 134 134 134 134 134 134 134 134 134 134 134 134 134
225 173 168 187 235 347 443 466 460 442 478 520 543 474 347 243 231 292 361 382 297 194 162 163 173 202 242 283 316 337 329 310 284 255 249 237 215 199 192 165 137 134 134 134 134 134 134 134 134 134 134 134 134 134 134 134 134 134 134 134 134 134 134 134 134 134 134 134 134 134 134 134 134 134 134 134 134 134 134 134 134 134 134 134 134 134 134 134 134 134 134 134 134 134 134 134 134 134 134 134
232 194 177 193 244 353 428 428 376 360 419 498 544 530 412 324 286 350 389 406 305 197 161 162 172 206 242 264 277 275 267 254 242 240 229 211 193 180 162 138 134 134 134 134 134 134 134 134 134 134 134 134 134 134 134 134 134 134 134 134 134 134 134 134 134 134 134 134 134 134 134 134 134 134 134 134 134 134 134 134 134 134 134 134 134 134 134 134 134 134 134 134 134 134 134 134 134 134 134 134
300 227 192 200 249 334 366 345 316 333 400 466 534 577 506 424 354 391 427 406 280 194 161 160 169 200 211 223 244 246 237 236 237 229 211 196 155 135 134 134 134 134 134 134 134 134 134 134 134 134 134 134 134 134 134 134 134 134 134 134 134 134 134 134 134 134 134 134 134 134 134 134 134 134 134 134 134 134 134 134 134 134 134 134 134 134 134 134 134 134 134 134 134 134 134 134 134 134 134 134
343 268 215 210 226 260 281 283 291 320 373 447 526 588 566 486 430 439 459 383 257 189 160 156 164 176 184 210 214 211 213 223 228 218 201 173 134 134 134 134 134 134 134 134 134 134 134 134 134 134 134 134 134 134 134 134 134 134 134 134 134 134 134 134 134 134 134 134 134 134 134 134 134 134 134 134 134 134 134 134 134 134 134 134 134 134 134 134 134 134 134 134 134 134 134 134 134 134 134 134
343 259 261 266 247 234 251 264 291 333 395 468 542 597 605 549 468 393 408 333 229 182 156 152 158 162 185 191 186 189 193 196 203 196 175 138 134 134 134 134 134 134 134 134 134 134 134 134 134 134 134 134 134 134 134 134 134 134 134 134 134 134 134 134 134 134 134 134 134 134 134 134 134 134 134 134 134 134 134 134 134 134 134 134 134 134 134 134 134 134 134 134 134 134 134 134 134 134 134 134
349 298 347 365 328 269 241 255 279 311 380 463 541 595 599 511 398 296 291 251 199 169 155 149 151 161 170 169 170 173 171 167 155 136 134 134 134 134 134 134 134 134 134 134 134 134 134 134 134 134 134 134 134 134 134 134 134 134 134 134 134 134 134 134 134 134 134 134 134 134 134 134 134 134 134 134 134 134 134 134 134 134 134 134 134 134 134 134 134 134 134 134 134 134 134 134 134 134 134 134
371 341 387 421 386 301 252 252 257 287 347 431 528 589 579 481 381 273 233 209 181 156 144 143 150 155 156 155 154 156 151 138 134 134 134 134 134 134 134 134 134 134 134 134 134 134 134 134 134 134 134 134 134 134 134 134 134 134 134 134 134 134 134 134 134 134 134 134 134 134 134 134 134 134 134 134 134 134 134 134 134 134 134 134 134 134 134 134 134 134 134 134 134 134 134 134 134 134 134 134
385 371 417 454 433 343 274 253 241 247 318 417 514 558 510 427 326 238 209 199 183 149 140 145 148 147 144 141 139 140 137 134 134 134 134 134 134 134 134 134 134 134 134 134 134 134 134 134 134 134 134 134 134 134 134 134 134 134 134 134 134 134 134 134 134 134 134 134 134 134 134 134 134 134 134 134 134 134 134 134 134 134 134 134 134 134 134 134 134 134 134 134 134 134 134 134 134 134 134 134
407 404 451 486 484 398 327 286 249 237 265 365 471 475 420 331 244 207 193 186 169 141 138 140 138 136 134 134 134 134 134 134 134 134 134 134 134 134 134 134 134 134 134 134 134 134 134 134 134 134 134 134 134 134 134 134 134 135 134 134 134 134 134 134 134 134 134 134 134 134 134 134 134 134 134 134 134 134 134 134 134 134 134 134 134 134 134 134 134 134 134 134 134 134 134 134 134 134 134 134
439 427 472 509 523 467 412 341 277 239 246 281 343 338 296 242 209 195 183 168 148 136 135 135 134 134 134 134 134 134 134 134 134 134 134 134 134 134 134 134 134 134 134 134 134 134 134 134 134 134 134 134 134 134 134 134 135 142 145 136 134 134 134 134 134 134 134 134 134 134 134 134 134 134 134 134 134 134 134 134 134 134 134 134 134 134 134 134 134 134 134 134 134 134 134 134 134 134 134 134
471 450 483 528 557 538 479 378 289 241 242 239 245 238 216 205 199 189 178 163 143 135 134 134 134 134 134 134 134 134 134 134 134 134 134 134 134 134 134 134 134 134 134 134 134 134 134 134 134 134 134 134 134 134 134 134 135 141 139 134 136 134 134 134 134 134 134 134 134 134 134 134 134 134 134 134 134 134 134 134 134 134 134 134 134 134 134 134 134 134 134 134 134 134 134 134 134 134 134 134
484 473 488 528 533 485 406 304 237 235 246 222 217 211 206 205 200 191 178 162 147 137 135 134 134 134 134 134 134 134 134 134 134 134 134 134 134 134 134 134 134 134 134 134 134 134 134 134 134 134 134 134 134 143 169 149 135 135 134 135 141 141 135 134 134 134 134 134 134 134 134 134 134 134 134 134 134 134 134 134 134 134 134 134 134 134 134 134 134 134 134 134 134 134 134 134 134 134 134 134
474 475 480 503 450 374 304 238 220 240 242 223 211 204 202 200 197 188 171 154 144 141 136 134 134 134 134 134 134 134 134 134 134 134 134 134 134 134 134 134 134 134 134 134 134 134 134 134 134 134 134 134 136 165 188 163 143 135 134 134 139 146 138 134 134 134 134 134 134 134 134 134 134 134 134 134 134 134 134 134 134 134 134 134 134 134 134 134 134 134 134 134 134 134 134 134 134 134 134 134
361 359 434 484 424 330 254 221 212 229 226 219 216 207 207 207 193 176 157 143 141 143 138 134 134 134 134 134 134 134 134 134 134 134 134 134 134 134 134 134 134 134 134 134 134 134 134 134 134 134 134 134 141 162 179 159 148 137 134 135 143 143 137 136 143 143 135 134 134 134 137 141 147 152 150 140 134 134 134 134 134 134 134 134 134 134 134 134 134 134 134 134 134 134 134 134 134 134 134 134
258 282 382 459 442 332 247 210 209 221 214 219 220 213 219 224 208 184 151 138 135 137 135 134 134 134 134 134 134 134 134 134 134 134 134 134 134 134 134 134 134 134 134 134 134 134 134 134 134 134 134 135 147 174 183 169 157 147 141 145 149 147 146 147 150 146 135 134 136 148 154 150 150 151 147 143 140 137 135 134 134 134 134 134 134 134 134 134 134 134 134 134 134 134 134 134 134 134 134 134
245 259 305 385 383 287 228 207 198 206 207 228 229 227 231 229 210 187 144 136 134 134 134 134 134 134 134 134 134 135 137 138 135 134 134 134 134 134 134 134 134 134 134 134 134 134 134 134 134 134 134 139 156 166 178 188 178 170 165 165 168 165 163 162 160 152 144 139 145 151 150 144 142 140 138 138 139 139 136 134 134 134 134 134 134 134 134 134 134 134 134 134 134 134 134 134 134 134 134 134
242 246 244 266 264 226 209 200 190 202 213 238 236 228 228 215 193 166 137 135 134 134 134 134 134 134 134 137 140 146 155 160 146 136 134 134 134 134 134 134 134 134 134 134 134 134 134 134 134 134 138 146 149 156 172 190 211 213 204 227 223 212 198 177 164 155 146 142 146 152 157 152 143 139 138 138 140 137 135 134 134 134 134 134 134 134 134 134 134 134 134 134 134 134 134 134 134 134 134 134
190 168 182 189 198 195 196 185 185 198 204 237 231 221 217 201 190 164 138 135 134 134 134 134 134 134 143 159 161 160 166 169 159 143 137 136 134 134 134 134 134 134 134 134 134 134 134 134 135 138 143 145 148 153 164 189 218 231 240 260 271 257 218 178 164 154 145 143 149 157 161 159 157 147 141 137 137 135 134 134 134 134 134 134 134 134 134 134 134 134 134 134 134 134 134 134 134 134 134 134
134 134 135 134 178 183 179 174 186 179 188 218 220 216 220 206 192 173 147 135 134 134 134 134 140 146 163 180 179 178 179 182 175 150 143 140 134 134 134 134 134 134 134 134 134 134 134 134 137 144 150 147 149 155 170 191 215 238 252 275 288 263 210 175 162 153 147 149 154 162 163 162 164 159 151 144 137 135 134 134 134 134 134 134 134 134 134 134 134 134 134 134 134 134 134 134 134 134 134 134
134 134 134 134 146 155 160 170 170 162 179 204 201 203 200 178 176 172 155 136 134 134 134 135 144 157 179 183 177 179 179 182 174 154 146 140 134 134 134 134 134 134 134 134 134 134 134 135 142 148 151 151 155 162 171 184 205 217 233 268 276 244 201 181 171 160 153 155 161 165 165 165 169 169 163 155 147 139 135 134 134 134 134 134 134 134 135 140 142 137 134 134 134 134 134 134 134 134 134 134
134 134 134 134 134 135 144 156 152 157 176 187 183 186 167 153 160 150 143 134 134 134 134 137 154 174 191 182 172 173 171 169 169 164 153 143 134 134 134 134 134 134 134 134 134 134 134 138 146 148 149 155 163 169 173 184 194 204 229 248 262 238 215 203 186 169 160 162 166 166 167 172 175 178 166 157 158 156 146 138 135 134 134 134 134 136 143 150 152 153 137 134 134 134 134 134 134 134 134 134
134 134 134 134 134 134 134 135 138 148 165 168 156 144 137 138 137 135 134 134 134 134 134 140 163 182 194 183 166 163 160 160 160 163 159 147 135 134 134 134 134 134 134 134 134 134 135 143 147 149 152 160 170 177 181 187 192 207 221 235 250 253 249 239 203 172 165 166 166 168 171 175 178 176 165 162 165 163 157 146 140 138 140 139 138 146 155 163 167 166 143 134 134 134 134 134 134 134 134 134
134 134 134 134 134 134 134 134 134 135 145 140 134 134 134 134 134 134 134 134 134 134 134 145 173 185 184 171 161 157 149 141 142 149 151 137 134 134 134 134 134 134 134 134 134 134 136 144 149 152 156 165 172 177 182 186 193 203 218 229 250 270 281 256 203 175 169 172 171 173 177 181 180 180 173 170 168 165 159 148 146 149 150 150 150 159 173 185 181 167 137 134 134 134 134 134 134 134 134 134
134 134 134 134 134 134 134 134 134 134 134 134 134 134 134 134 134 134 134 134 134 134 135 152 175 180 172 168 158 144 135 134 136 146 141 134 134 134 134 134 134 134 134 134 134 134 137 146 151 155 160 167 171 174 178 186 199 210 216 226 242 259 265 240 202 184 185 185 182 182 183 186 182 186 182 179 173 166 159 154 156 162 165 165 167 175 189 195 189 162 134 134 135 139 138 136 134 134 134 134
134 134 134 134 134 134 134 134 134 134 134 134 134 134 134 134 134 134 134 134 134 134 135 149 162 173 177 177 156 136 134 134 135 141 137 134 134 134 134 134 134 134 134 134 134 134 140 149 155 157 161 165 168 172 183 200 218 227 232 246 269 267 246 229 214 219 225 213 197 190 187 186 184 188 187 181 179 172 164 161 167 175 180 181 181 186 191 190 177 145 134 134 136 154 167 175 160 142 135 143
134 134 134 134 134 134 134 134 134 134 134 134 134 134 134 134 134 134 134 134 134 134 137 149 153 156 162 157 141 134 134 134 135 135 134 134 134 134 134 134 134 134 134 134 134 135 142 151 155 157 161 166 169 178 197 220 234 244 254 273 290 289 273 248 240 249 250 225 202 194 191 187 187 189 186 186 185 180 173 169 172 179 180 180 183 180 175 164 146 135 135 140 159 175 185 190 181 172 176 182
134 134 134 134 134 134 134 134 134 134 134 134 134 134 134 134 134 134 134 134 134 134 138 148 153 148 140 135 134 134 134 134 134 134 134 134 134 134 134 134 134 134 134 134 134 137 145 150 152 157 162 167 176 190 211 231 245 254 281 307 318 316 308 273 267 280 271 238 210 196 190 189 190 191 190 190 189 185 181 178 177 174 173 174 172 165 152 137 136 136 145 167 184 196 199 197 193 183 187 198
134 134 134 134 134 134 134 134 134 134 134 134 134 134 134 134 134 134 134 134 134 134 135 138 137 135 134 134 134 134 134 134 134 134 134 134 134 134 134 134 134 134 134 134 135 138 144 148 152 158 163 172 185 201 224 238 243 261 295 307 304 310 318 303 293 297 280 238 212 197 195 195 196 195 195 198 198 195 194 191 181 172 168 166 161 151 140 141 147 156 166 176 182 183 186 191 195 192 190 198
134 134 134 134 134 134 134 134 134 134 134 134 134 134 134 134 134 134 134 134 134 134 134 134 134 134 134 134 134 134 134 134 134 134 134 134 134 134 134 134 134 134 134 134 135 141 145 151 155 160 165 176 191 209 227 234 237 264 281 280 278 292 301 308 305 296 266 234 207 200 205 208 208 203 205 209 208 207 205 195 177 169 164 158 150 148 152 155 160 162 164 165 168 173 176 179 185 192 194 198
134 134 134 134 134 134 134 134 134 134 134 134 134 134 134 134 134 134 134 134 134 134 134 134 134 134 134 134 134 134 134 134 134 134 134 134 134 134 134 134 134 134 134 134 135 140 147 154 158 162 169 181 195 211 221 226 238 261 265 253 260 272 278 289 297 289 263 233 210 215 227 229 228 221 218 226 230 221 211 190 174 167 161 154 151 155 155 157 157 156 157 163 169 176 179 177 182 191 200 208
134 134 134 134 134 134 134 134 134 134 134 134 134 134 134 134 134 134 134 134 134 134 134 134 134 134 134 134 134 134 134 134 134 134 134 134 134 134 134 134 134 134 134 134 134 139 147 154 160 164 172 183 196 207 216 227 240 245 237 238 241 249 258 271 281 284 276 257 229 239 254 257 251 240 230 233 234 225 209 188 175 169 163 156 153 152 152 154 157 157 160 166 172 177 178 179 183 190 197 206
134 134 134 134 134 134 134 134 134 134 134 134 134 134 134 134 134 134 134 134 134 134 134 134 134 134 134 134 134 134 134 134 134 134 134 134 134 134 134 134 134 134 134 134 134 137 146 156 159 163 172 186 196 205 218 231 233 226 227 229 227 233 247 258 269 287 294 274 256 269 283 283 273 257 240 228 215 203 197 196 181 171 162 156 152 152 152 161 165 163 163 166 173 180 182 182 183 188 194 198
134 134 134 134 134 134 134 134 134 134 134 134 134 134 134 134 134 134 134 134 134 134 134 136 142 141 137 135 134 134 134 134 134 134 134 134 134 134 134 134 134 134 134 134 134 137 147 154 156 163 176 187 194 203 220 228 221 219 222 222 222 230 244 255 273 301 324 319 306 328 337 323 300 274 249 223 197 187 189 184 172 166 159 152 152 152 153 163 167 165 164 166 173 182 187 187 192 197 202 201
134 134 134 134 134 134 134 134 134 134 134 134 134 134 134 134 134 134 134 134 134 134 140 150 158 156 146 139 135 134 134 134 134 134 134 134 134 134 134 134 134 134 134 134 134 135 148 151 157 167 176 183 191 205 217 215 212 215 215 216 224 243 262 274 281 300 349 382 375 378 379 356 323 282 243 209 187 182 177 168 162 164 156 152 152 152 152 158 165 166 166 168 174 182 190 195 201 207 212 214
134 134 134 134 134 134 134 134 134 134 134 134 134 134 134 134 134 134 136 141 140 141 147 155 159 156 142 136 134 134 134 134 134 134 134 134 134 134 134 134 134 134 134 134 134 135 145 151 159 165 172 180 194 206 208 205 208 209 210 218 234 255 271 272 281 297 343 384 365 340 353 343 308 263 226 198 182 175 168 162 158 157 152 152 152 152 152 158 165 170 172 173 178 184 189 194 202 209 218 224
134 134 134 134 134 134 134 134 134 134 134 134 134 134 134 134 134 136 143 147 146 145 150 158 164 160 140 134 134 138 136 134 134 134 134 134 134 134 134 134 134 134 134 134 134 135 144 151 157 161 167 178 192 197 198 199 202 202 210 223 236 251 254 265 280 299 345 374 339 306 310 306 275 238 211 192 180 174 167 161 157 152 152 152 152 154 160 165 173 179 183 183 181 184 188 193 199 206 215 221
134 134 134 134 134 134 134 134 134 134 134 134 134 134 134 134 134 138 145 147 146 147 154 163 168 159 138 134 134 136 135 134 134 134 134 134 134 134 134 134 134 134 134 134 134 137 146 150 153 156 163 178 187 189 189 192 193 201 212 224 232 237 248 261 274 310 353 382 351 298 284 269 241 214 196 184 179 174 169 164 158 152 152 156 159 163 172 180 186 192 196 196 195 197 201 195 195 202 208 213
134 134 134 134 134 134 134 134 134 134 134 134 134 134 134 134 134 139 146 150 153 162 174 170 168 163 139 134 134 137 135 134 134 134 134 134 134 134 134 134 134 134 134 134 134 138 145 146 148 153 165 176 179 179 178 183 193 204 215 223 227 238 251 261 285 323 356 394 368 304 262 239 217 197 183 178 173 168 165 163 156 152 155 167 172 178 186 195 201 207 212 213 213 212 208 198 201 210 212 212
134 134 134 134 134 134 134 134 134 134 134 134 134 134 134 135 138 148 153 159 167 180 189 180 177 171 146 134 134 136 138 140 136 134 134 134 134 134 134 134 134 134 134 134 134 136 141 142 145 155 166 169 167 168 178 190 201 210 217 225 238 251 262 279 318 349 361 380 372 313 252 220 202 186 178 172 166 164 161 159 155 154 164 178 187 190 200 219 222 226 232 232 226 219 210 204 212 221 223 218
134 134 134 134 134 134 134 134 134 134 134 135 134 134 136 144 153 156 159 164 174 184 188 193 185 173 154 135 134 140 150 150 141 135 134 135 137 136 134 134 134 134 134 134 134 135 138 141 147 159 163 160 165 175 189 200 207 218 231 245 259 269 280 301 334 341 328 350 362 318 253 221 204 190 180 169 165 162 160 158 159 157 170 183 189 196 213 241 250 250 253 245 232 220 210 210 220 230 233 225
134 134 134 134 134 134 134 134 134 134 135 143 142 138 148 159 162 162 167 176 185 198 203 198 191 193 174 146 134 139 151 151 144 143 149 144 141 135 134 134 134 134 134 134 134 134 136 141 151 158 157 162 175 190 201 209 224 245 262 276 284 291 296 310 327 323 301 322 346 317 277 261 233 208 183 170 165 164 159 163 165 165 177 185 193 200 222 252 270 268 262 246 232 222 218 216 226 238 239 231
134 134 134 134 134 134 134 134 134 134 137 149 149 152 157 163 170 174 186 206 211 215 204 196 200 212 201 169 135 137 150 151 150 154 157 147 138 134 134 134 134 134 134 134 134 135 137 146 152 153 161 178 194 207 220 234 257 273 287 293 298 302 301 309 303 295 273 284 314 322 319 296 258 220 181 167 163 161 162 177 179 177 188 201 206 219 238 264 288 279 266 256 246 237 227 222 230 241 243 243
134 134 134 134 134 134 134 134 134 134 135 143 152 157 164 174 182 193 207 220 225 235 220 197 208 224 218 176 140 138 145 149 151 157 158 147 138 134 134 134 134 134 134 134 134 137 143 146 150 163 181 196 207 225 241 256 272 286 300 304 303 292 290 285 274 268 249 260 288 319 314 284 251 214 182 166 163 161 174 201 203 199 206 217 226 251 278 297 304 296 284 278 267 252 235 228 237 245 250 257
134 134 134 134 134 134 134 134 134 134 134 144 155 164 177 190 204 220 232 240 237 237 220 192 202 209 207 183 150 143 146 149 152 163 165 150 140 135 134 134 134 134 135 134 137 144 147 151 164 181 192 198 210 229 247 265 279 293 300 298 281 266 261 252 256 244 236 263 293 303 264 241 225 204 181 164 164 171 193 229 231 222 223 232 247 280 310 323 331 319 306 298 286 268 249 238 245 258 268 268
134 134 134 134 134 134 134 134 134 134 134 140 156 168 182 194 209 226 237 243 242 228 208 189 193 195 197 190 162 152 154 152 157 173 174 154 145 137 134 134 134 135 138 138 144 148 151 162 177 186 189 198 214 230 246 263 278 287 283 266 246 231 227 238 232 215 222 259 282 269 236 215 202 195 182 171 169 181 202 234 250 255 252 249 266 294 317 334 347 343 331 315 299 283 265 253 260 274 276 271
134 134 134 134 134 134 134 134 134 134 134 137 159 171 183 196 210 223 236 234 229 214 198 188 189 193 191 186 172 165 158 156 166 179 175 158 150 141 135 134 134 137 140 142 146 151 159 173 179 183 193 205 220 232 242 253 265 263 250 227 204 202 210 209 197 199 220 237 238 230 209 190 190 192 191 189 179 186 205 225 255 273 279 271 282 301 310 326 348 348 331 312 292 279 266 260 260 248 245 252
134 134 134 134 134 134 134 134 134 134 136 151 167 178 191 200 215 234 233 223 217 202 189 188 189 192 193 187 179 169 160 166 182 189 176 165 156 144 139 135 136 137 140 143 148 156 169 174 179 189 202 214 222 226 231 242 242 234 214 184 180 183 178 175 183 187 184 185 184 191 189 179 184 187 198 209 200 200 211 223 245 280 291 287 291 298 297 303 320 327 316 295 275 259 247 242 230 213 212 216
134 134 134 134 134 134 134 134 134 134 176 179 183 194 208 215 231 238 227 227 226 211 195 188 189 195 199 187 179 172 169 179 194 187 174 167 159 151 149 143 136 137 140 144 151 161 166 171 182 194 204 209 206 209 214 214 206 182 163 161 162 161 161 170 171 166 166 168 170 179 175 173 178 181 203 219 213 217 224 233 258 286 298 295 284 276 270 272 279 287 279 259 238 223 220 220 211 196 189 189
134 134 134 134 134 134 134 134 134 159 232 206 198 213 225 237 252 259 250 252 238 216 198 188 187 191 188 183 187 182 174 177 185 184 175 174 170 164 158 146 136 137 140 145 152 157 163 174 184 190 191 186 187 190 188 175 156 149 150 151 151 153 161 165 165 164 163 164 167 169 168 168 173 184 202 212 217 237 251 261 272 298 299 286 260 237 225 221 221 228 227 218 206 198 201 204 196 183 176 176
134 134 134 134 134 134 134 134 134 184 242 224 215 225 243 255 266 266 261 262 238 207 198 195 188 187 185 192 194 178 169 167 176 183 185 186 178 164 153 143 137 134 141 146 149 157 165 169 170 171 170 168 172 171 160 148 145 146 147 148 151 156 160 162 163 165 166 163 164 165 165 167 174 188 200 206 219 242 257 277 294 307 286 263 236 212 196 188 182 184 188 188 183 183 189 192 186 176 172 174
134 134 134 134 134 134 134 134 134 179 236 226 228 229 239 255 266 265 259 249 224 212 214 208 209 200 192 196 195 174 161 158 164 175 185 183 170 153 143 137 135 138 141 143 150 154 152 153 156 158 159 159 157 148 145 143 144 145 147 151 155 155 156 160 164 163 163 166 166 164 166 172 181 195 207 207 213 225 239 251 278 297 277 236 210 195 185 178 169 166 167 167 167 173 181 181 176 170 168 170
134 134 134 134 134 134 134 134 134 159 227 216 221 223 230 241 253 261 250 233 225 225 224 223 225 209 197 199 196 170 158 153 155 167 179 174 158 142 136 136 136 137 141 144 144 143 143 146 148 148 149 145 142 143 144 143 145 148 152 152 152 152 156 157 159 163 167 167 165 166 171 180 188 197 204 202 208 218 227 235 257 282 266 213 189 182 176 170 163 159 156 155 157 161 164 165 164 163 163 163
134 134 134 134 134 134 134 134 134 134 216 212 210 215 223 227 235 243 245 247 250 245 244 239 234 220 208 202 183 166 156 149 150 160 169 163 148 136 136 136 136 137 139 138 136 136 138 142 141 142 141 138 139 141 142 145 149 150 150 151 150 149 152 156 161 165 169 171 173 175 179 186 187 195 198 200 210 224 230 236 250 272 258 207 178 172 168 163 159 155 153 151 151 151 153 153 153 153 153 157
134 134 134 134 134 134 134 134 134 147 197 204 205 209 214 215 219 237 258 268 274 256 243 235 219 211 202 189 167 159 154 148 148 153 151 150 139 136 136 136 136 136 136 136 136 136 136 136 136 137 136 136 136 138 142 146 147 148 149 149 147 149 154 159 164 169 171 175 177 180 185 187 188 194 197 204 215 224 229 237 258 272 252 208 180 171 165 163 161 157 153 151 149 149 150 148 147 146 147 150
134 134 134 134 134 134 134 134 134 165 190 198 199 204 207 210 216 226 243 261 271 242 219 205 195 188 179 164 156 152 148 147 146 146 141 141 136 136 136 136 136 136 136 136 136 136 136 136 136 136 136 136 136 137 142 144 145 144 143 143 145 148 155 159 164 166 170 173 176 183 189 190 191 195 196 201 210 215 222 233 260 263 240 212 195 187 180 171 164 160 155 151 149 148 147 145 143 142 143 145
134 134 134 134 134 134 134 134 134 174 184 190 195 196 204 217 231 239 252 257 252 227 198 183 175 165 155 148 147 145 145 143 140 137 136 136 136 136 136 136 136 136 136 136 136 136 136 136 136 136 136 136 136 137 142 142 142 139 140 142 145 151 157 160 161 163 168 173 178 184 189 190 191 192 194 195 202 209 218 234 258 247 212 198 198 197 182 163 171 164 156 150 146 143 143 141 140 138 139 145
134 134 134 134 134 134 134 134 134 162 183 190 190 193 203 222 248 262 258 246 235 219 198 175 161 152 148 145 144 144 142 141 137 136 136 136 137 136 136 136 136 136 136 136 136 136 136 136 136 136 136 136 136 140 141 139 137 139 141 145 150 154 156 158 160 164 169 173 178 183 186 187 189 195 194 195 202 214 218 232 246 233 193 185 184 184 179 165 165 164 158 148 142 139 140 139 136 135 140 144
134 134 134 134 134 134 134 134 137 174 185 189 191 196 207 231 251 254 254 255 238 218 198 187 166 151 147 146 147 145 143 139 136 137 138 145 156 145 136 136 136 136 136 136 136 136 136 136 136 136 136 136 136 138 137 136 137 141 145 149 152 154 155 159 164 166 171 175 178 184 187 188 189 196 202 210 224 232 234 224 226 225 195 173 166 163 156 151 149 148 144 139 136 135 138 138 135 136 143 143
134 134 134 134 134 134 134 134 165 188 198 207 207 207 217 227 233 240 248 252 241 218 198 189 173 157 154 158 155 151 147 143 146 149 152 166 166 144 136 136 136 136 136 136 136 136 136 136 136 136 137 138 136 136 136 136 139 145 149 151 155 155 157 162 166 168 170 175 179 185 188 188 190 206 219 228 246 248 235 203 199 206 194 172 159 152 145 139 136 135 134 134 134 134 135 135 134 135 140 141
134 134 134 134 134 134 134 148 191 206 222 233 233 227 228 235 246 254 264 263 242 206 185 173 162 163 175 177 174 166 159 157 160 156 160 163 151 137 136 136 136 136 136 136 136 138 143 145 140 138 137 136 136 136 136 137 145 153 155 157 155 157 160 164 169 171 175 179 182 187 188 188 204 234 248 257 260 231 224 201 173 175 168 156 149 146 143 138 134 134 134 134 134 134 134 134 134 134 135 137
134 134 134 134 134 134 134 135 172 211 236 251 259 260 260 260 261 270 283 283 255 206 179 164 166 177 192 193 198 186 176 169 163 155 154 156 144 136 136 136 136 136 136 136 136 140 146 146 139 136 136 136 136 136 138 142 149 155 158 156 156 159 161 165 171 173 177 179 182 187 187 190 202 221 234 242 233 225 207 181 156 153 148 141 137 135 136 135 136 138 135 134 134 134 134 134 134 134 134 134
134 134 134 134 134 134 134 134 148 206 231 250 261 271 282 276 265 276 287 280 253 205 174 166 173 189 196 197 206 197 183 165 154 148 154 157 142 136 136 136 136 136 136 136 136 140 142 140 136 136 136 136 136 136 137 143 149 153 155 155 155 157 161 164 166 170 173 175 179 181 184 188 201 215 228 231 217 200 182 163 147 141 138 134 134 134 134 135 139 142 140 135 134 134 135 134 134 134 134 134
134 134 134 134 134 134 134 134 151 199 218 228 243 253 260 266 263 264 267 259 235 198 171 168 176 185 184 191 197 188 167 154 147 145 152 151 139 136 136 136 136 136 136 136 137 139 138 136 136 136 136 136 136 136 138 142 146 150 151 153 154 155 160 162 164 168 170 172 172 173 175 176 178 187 200 211 212 199 175 152 141 135 134 134 134 134 134 134 135 136 137 135 134 135 141 138 134 134 134 134
134 134 134 134 134 134 134 134 136 170 208 226 235 244 246 251 252 261 249 224 204 185 172 169 171 171 171 176 181 168 155 143 140 138 139 138 136 136 136 136 136 136 139 147 142 139 137 136 136 136 136 136 136 136 137 139 143 145 148 151 152 153 155 160 164 167 168 171 172 173 171 170 169 166 170 177 178 175 165 149 137 134 134 134 134 134 134 134 134 134 134 134 134 136 142 141 135 134 134 134
134 134 134 134 134 134 134 134 134 151 197 208 232 254 250 240 247 261 269 223 183 172 166 164 160 157 162 169 171 155 142 137 136 136 136 136 136 136 136 136 136 142 154 157 144 137 136 136 136 136 136 136 136 136 136 136 140 143 146 147 150 153 156 161 163 170 171 173 175 176 176 174 175 174 170 160 152 150 145 139 137 135 136 136 135 134 134 134 134 134 134 134 134 134 136 138 135 134 134 134
134 134 134 134 134 134 134 134 134 146 178 204 225 245 252 239 230 247 264 224 183 167 160 154 149 151 157 167 164 146 136 136 136 136 136 136 136 136 136 136 144 154 162 154 142 136 136 136 136 136 136 136 136 136 136 137 140 144 145 147 151 155 158 164 168 174 176 178 180 178 178 179 187 205 204 190 175 154 138 135 136 141 142 143 137 134 134 134 134 134 134 134 134 134 135 135 134 134 134 134
134 134 134 134 134 134 134 134 134 141 175 203 222 232 229 211 204 200 206 193 173 162 155 147 145 148 153 158 152 140 136 136 136 136 136 136 136 136 136 144 155 163 164 152 141 136 136 136 136 136 136 136 136 137 139 140 143 146 147 150 155 163 167 170 171 176 177 179 180 179 178 179 197 222 232 225 212 188 161 143 141 146 145 144 140 135 134 134 134 134 134 134 134 134 134 134 134 134 134 134
134 134 134 134 134 134 134 134 135 163 187 206 217 204 197 197 194 182 181 165 155 155 149 143 142 143 145 145 142 136 136 136 136 136 136 136 136 137 145 155 161 162 163 151 141 136 136 136 136 136 136 139 144 147 147 145 145 147 151 156 163 169 168 166 170 175 177 178 180 179 177 176 188 209 223 246 251 221 195 173 160 157 150 146 141 135 134 134 134 134 134 134 134 134 134 134 134 134 134 134
134 134 134 134 134 134 134 134 140 171 190 205 194 185 185 180 178 184 169 147 144 143 141 140 140 140 140 138 136 137 136 136 138 139 137 137 139 144 153 160 161 164 160 148 142 136 136 136 136 136 137 145 149 148 146 146 148 151 156 162 164 164 165 166 171 173 175 177 180 180 178 176 183 200 214 232 258 260 252 227 192 173 155 147 144 140 136 135 135 134 134 134 134 134 134 134 134 134 134 134
134 134 134 134 134 134 134 134 138 157 180 186 175 178 168 163 171 167 144 144 145 143 143 143 144 146 142 138 140 138 138 152 158 155 146 143 145 149 153 155 158 154 146 143 142 137 136 136 136 136 138 142 143 145 147 149 152 158 162 163 164 166 167 168 170 172 174 175 178 179 178 177 190 211 218 231 250 265 275 268 230 197 167 156 154 151 144 141 135 134 134 134 134 134 134 134 134 134 134 134
134 134 134 134 134 134 134 134 134 136 154 162 165 166 161 166 175 162 155 170 165 160 158 156 158 159 154 152 150 152 162 176 175 163 152 146 147 148 148 150 149 142 138 138 137 136 136 136 136 136 136 136 139 144 148 152 158 163 165 170 172 172 171 172 172 172 173 175 178 179 178 182 200 221 242 260 266 275 283 279 262 230 191 170 160 157 153 145 137 134 134 134 134 134 134 134 134 134 134 134
134 134 134 134 134 134 134 134 134 147 155 154 152 152 162 172 164 157 167 186 190 183 173 166 171 172 170 169 162 169 187 192 179 162 152 147 147 147 145 145 143 139 136 136 136 136 136 136 136 136 136 137 140 144 149 155 159 164 170 178 182 179 176 176 175 175 177 178 180 179 179 184 200 219 243 262 267 274 279 276 267 251 218 182 169 163 159 150 141 136 134 134 134 135 137 135 134 134 134 134
134 134 134 134 134 134 134 134 134 142 142 146 146 154 164 160 157 160 173 195 208 203 190 178 185 184 181 175 171 177 191 188 171 155 149 147 148 148 146 144 141 137 136 137 136 136 136 136 136 136 136 140 142 146 151 155 159 164 172 182 186 186 180 178 177 180 180 180 180 180 180 180 182 194 217 250 280 292 296 283 261 239 215 188 177 165 161 157 148 142 137 136 137 142 143 141 135 134 134 134
134 134 134 134 134 134 134 134 134 134 148 154 153 158 159 159 163 170 183 200 209 207 194 183 188 183 175 170 169 172 181 174 158 152 150 150 151 154 151 146 144 141 141 142 136 136 136 136 136 136 137 142 145 148 152 155 157 161 166 172 179 181 181 181 180 183 181 180 182 182 181 181 181 187 208 224 253 288 306 297 269 234 202 182 174 161 159 159 153 149 143 142 144 146 144 139 134 134 134 134
134 134 134 134 134 134 134 134 134 134 159 161 165 163 161 173 181 180 185 194 202 201 181 178 182 173 165 162 160 162 163 154 151 154 158 158 157 158 156 150 152 151 149 145 141 136 136 136 136 136 139 142 146 149 151 152 152 152 156 162 170 175 178 181 180 182 182 183 183 183 182 182 184 202 237 272 283 295 305 297 274 244 212 180 166 158 155 155 152 148 143 142 143 144 142 137 134 134 134 134
134 134 134 134 134 134 134 134 134 134 161 167 170 160 168 185 196 190 183 185 192 197 179 173 174 167 158 156 156 157 156 154 156 160 166 168 164 158 154 153 155 155 148 149 145 137 136 136 136 136 139 140 146 149 148 148 148 150 153 156 162 169 173 177 179 182 180 182 184 185 186 189 209 241 272 299 305 311 322 309 286 266 232 188 166 157 154 151 147 143 141 141 140 141 139 135 134 134 134 134
134 134 134 134 134 134 134 134 134 134 160 167 155 159 169 186 198 200 191 180 181 185 179 170 162 157 156 157 164 166 165 167 164 166 171 170 165 154 151 154 155 150 145 150 145 137 136 136 136 137 139 139 141 144 145 146 149 150 153 156 159 165 169 173 176 179 180 183 185 188 195 210 230 254 275 306 323 327 329 326 312 295 261 202 170 159 156 156 152 144 142 141 141 141 142 141 136 134 134 134
134 134 134 134 134 134 134 134 134 134 155 144 152 161 171 183 191 199 202 187 174 171 168 167 162 156 156 159 164 164 167 168 164 166 170 168 159 150 148 149 149 144 143 146 142 136 136 136 136 136 139 140 138 139 143 148 150 153 157 157 159 165 167 168 171 175 181 185 190 194 197 197 204 225 253 292 320 333 333 324 307 288 270 221 179 161 156 155 151 145 143 142 142 144 146 146 142 135 134 134
134 134 134 134 134 134 134 134 134 134 134 134 151 167 176 182 189 197 201 185 167 161 161 162 162 159 158 156 156 158 157 157 157 159 161 160 153 150 144 141 140 136 140 144 140 136 136 136 136 136 139 140 139 139 144 148 153 155 157 156 161 163 163 166 171 177 183 188 190 190 189 190 206 232 269 308 324 332 326 317 299 271 252 226 187 166 158 154 149 145 144 143 144 147 150 150 147 140 135 134
134 134 134 134 134 134 134 134 134 134 134 134 136 169 181 187 194 201 194 180 164 160 160 160 161 160 158 153 152 151 147 148 148 150 149 150 155 150 139 136 136 136 136 138 136 136 136 136 136 137 140 141 141 141 144 149 153 154 155 155 158 159 161 166 172 177 182 184 187 184 186 194 230 274 309 334 339 341 336 324 307 273 243 215 184 168 160 155 150 146 144 144 146 151 153 152 149 143 136 134
134 134 134 134 134 134 134 134 134 134 134 134 134 164 185 193 197 201 190 176 164 158 158 158 159 161 157 154 159 152 145 145 145 143 142 146 149 148 137 136 136 136 136 136 136 136 136 136 137 141 143 144 143 140 142 149 150 152 153 154 157 160 163 167 172 175 175 180 181 180 185 201 242 281 301 317 325 338 341 337 321 293 265 231 192 174 162 155 151 148 145 146 150 154 154 152 147 141 135 134
134 134 134 134 134 134 134 134 134 134 134 134 134 159 188 194 192 192 178 166 159 155 157 156 153 156 159 164 168 157 148 145 146 144 142 142 146 148 136 136 136 136 136 136 136 136 136 136 140 141 144 145 144 143 149 157 157 156 156 156 158 162 164 167 170 172 173 175 178 181 185 203 235 261 273 279 294 319 334 342 338 317 288 243 197 174 160 154 151 148 147 149 152 154 151 147 142 137 134 134
134 134 134 134 134 134 134 134 134 134 134 134 139 183 193 191 183 174 160 151 149 149 150 149 147 152 161 166 160 154 148 146 147 145 141 140 144 143 136 136 136 136 136 136 136 136 136 138 138 141 144 146 145 148 158 169 168 166 164 163 161 163 166 168 171 174 174 177 180 182 188 202 218 229 238 246 264 294 324 338 342 336 308 255 201 170 157 152 150 148 148 149 150 149 147 142 137 135 134 134
134 134 134 134 134 134 134 134 134 134 134 134 161 190 192 184 168 155 147 144 144 144 145 144 145 152 158 157 153 151 148 147 147 143 138 138 138 136 136 136 136 136 136 136 136 136 136 137 136 141 144 145 147 148 155 164 174 176 169 165 166 168 173 175 178 180 177 180 182 185 189 194 197 204 214 224 246 279 313 334 340 339 325 265 208 173 156 151 150 149 148 148 147 147 143 139 135 134 134 134
134 134 134 134 134 134 134 134 134 134 134 143 181 187 180 168 156 147 144 144 144 144 144 148 148 152 158 158 149 145 144 144 144 139 136 136 136 136 136 136 136 136 136 136 136 136 136 136 136 141 144 145 146 146 148 156 165 169 166 166 170 176 178 180 180 181 185 185 187 192 194 196 197 202 211 219 230 251 276 306 324 322 320 270 210 176 157 151 149 149 147 147 145 143 141 136 134 134 134 134
134 134 134 134 134 134 134 134 134 134 134 175 184 176 169 161 151 146 144 144 144 144 153 167 162 155 158 154 147 145 144 145 144 139 136 136 136 136 136 136 136 136 136 136 136 136 136 136 137 142 145 145 144 143 144 149 156 162 163 167 173 178 179 180 184 187 188 191 194 195 197 201 205 209 213 219 227 236 253 271 282 281 288 260 209 173 156 151 151 153 149 145 143 142 140 136 135 134 134 134
134 134 134 134 134 134 134 134 134 134 134 166 174 165 160 155 150 147 145 145 144 152 176 185 175 161 153 152 153 153 149 147 146 145 140 139 137 136 136 137 142 145 143 139 136 136 136 136 137 142 144 144 143 143 144 149 154 158 161 165 169 173 177 180 185 187 190 192 195 199 209 220 226 226 225 225 232 235 244 251 244 234 227 215 187 162 153 151 153 155 150 147 145 142 139 138 139 139 139 140
134 134 134 134 134 134 134 134 134 134 134 148 166 155 147 145 145 147 146 148 154 160 178 188 181 174 163 162 163 161 155 148 149 151 148 148 141 136 139 146 150 149 146 140 136 136 136 136 136 140 144 143 143 144 148 150 152 155 158 160 164 169 174 177 183 188 192 198 203 209 228 258 271 262 251 246 253 257 256 253 236 211 193 186 176 159 153 152 153 153 151 149 147 145 143 141 141 142 143 147
134 134 134 134 134 134 134 134 134 134 134 134 146 146 137 135 138 144 146 148 156 165 172 181 184 179 168 167 166 166 161 154 152 153 154 150 143 139 144 149 150 149 146 140 136 136 136 136 136 140 144 144 144 146 147 149 151 152 154 158 163 166 172 177 182 188 198 205 213 228 257 288 305 295 279 274 281 288 284 274 250 223 198 183 172 160 154 153 153 153 152 150 148 145 142 141 142 141 142 147
134 134 134 134 134 134 134 134 134 134 134 134 134 135 135 134 135 139 146 149 156 171 168 163 172 175 163 164 163 163 160 156 153 151 154 152 143 141 143 144 143 143 142 141 137 136 136 136 138 141 144 147 146 146 146 148 149 151 155 159 164 168 174 181 188 195 203 213 222 240 263 294 317 317 303 295 309 323 310 291 274 253 222 192 172 159 155 154 154 154 154 152 149 145 143 142 141 140 141 146
134 134 134 134 134 134 134 134 134 134 134 134 134 134 134 134 134 137 145 147 151 164 166 154 155 153 152 153 151 151 152 152 149 146 149 146 142 140 143 144 141 142 144 142 137 136 136 137 141 143 147 148 146 145 146 148 150 157 161 163 167 172 179 185 192 199 204 210 219 228 242 267 296 314 313 310 319 334 326 312 306 286 241 203 179 163 156 155 154 154 153 151 148 145 143 143 143 141 143 153
134 134 134 134 134 134 134 134 134 134 134 134 134 134 134 134 134 138 145 147 150 160 162 154 152 149 146 146 146 146 147 146 144 142 140 140 140 143 144 143 140 140 140 137 136 137 141 140 143 143 145 146 146 146 151 155 161 164 166 172 177 183 185 189 194 195 199 206 213 221 231 245 266 286 295 307 325 342 335 314 306 289 246 212 190 168 158 156 154 153 153 152 150 147 144 144 145 145 149 159
134 134 134 134 134 134 134 134 134 134 134 134 134 134 135 139 139 145 148 148 151 153 154 154 156 154 149 148 148 148 147 146 144 143 141 142 144 143 142 141 139 139 139 138 138 140 143 142 143 144 147 148 149 154 160 163 167 170 177 183 186 190 192 195 196 201 207 214 220 224 229 239 255 265 274 292 311 337 331 298 273 254 229 206 192 176 162 157 155 155 156 156 156 150 147 146 148 150 153 160
134 134 134 134 134 134 134 134 134 134 134 134 134 134 142 152 149 150 152 152 156 165 166 163 166 170 157 154 151 150 150 151 150 145 145 147 147 145 143 140 140 140 142 144 142 146 148 144 146 147 151 152 156 166 170 172 177 182 188 192 195 199 202 208 214 220 227 233 234 234 236 241 249 261 277 300 324 342 328 288 255 232 213 198 187 174 162 158 157 157 158 158 156 152 150 148 149 151 153 157
