# 100 100
625 609 595 576 558 556 558 528 491 461 450 437 418 439 499 531 530 534 527 522 523 514 491 481 463 455 458 464 451 414 439 489 529 558 580 592 600 594 600 602 597 592 575 544 510 456 469 519 563 575 574 543 513 491 472 446 421 433 470 491 515 528 532 526 520 514 500 486 488 500 505 486 465 451 457 460 451 427 436 461 471 468 461 448 427 429 420 405 413 405 382 361 362 342 331 322 304 304 302 299
593 568 544 519 522 550 550 513 473 446 425 410 414 468 520 521 532 535 514 497 497 498 485 475 465 438 430 437 418 397 435 472 496 521 549 565 573 577 593 590 582 571 559 531 484 476 523 562 580 587 589 578 552 522 494 472 456 452 471 502 528 543 533 532 530 526 514 497 496 502 495 480 462 454 468 471 460 438 423 450 467 461 458 450 433 435 419 417 414 401 380 365 361 333 322 314 310 318 308 303
541 524 505 476 518 552 518 474 445 421 401 397 426 482 511 510 527 509 485 475 472 474 477 471 467 441 412 414 388 394 424 450 468 491 526 544 545 566 584 579 568 554 532 508 501 523 557 582 603 607 601 589 569 552 527 502 483 482 476 501 534 548 544 542 538 538 529 507 502 502 492 481 468 464 469 467 463 449 426 446 456 453 447 440 431 423 416 410 398 383 372 360 347 325 315 315 322 322 310 303
493 478 470 457 487 499 476 442 421 395 390 407 441 482 489 489 500 496 477 460 453 451 456 457 449 421 396 394 369 390 412 431 445 475 503 521 530 557 570 570 567 552 546 539 542 564 584 600 615 613 599 577 563 545 536 522 507 499 487 491 506 527 546 558 554 539 530 527 508 497 493 488 481 476 465 460 458 444 434 443 446 445 442 432 424 417 413 400 385 370 358 344 329 321 323 326 332 326 305 289
457 441 442 438 456 465 447 425 403 386 400 419 451 476 469 478 487 492 485 463 446 439 438 439 432 403 374 373 360 382 400 413 437 469 487 498 521 538 550 554 558 556 559 563 571 586 599 610 616 591 559 542 532 524 524 523 515 498 479 471 488 506 531 541 548 527 520 529 518 504 499 495 491 483 475 458 454 444 443 440 438 434 428 430 437 430 416 398 384 364 346 331 325 331 332 331 336 319 298 282
427 415 419 425 440 444 426 396 379 397 413 435 460 464 456 468 475 484 483 472 450 436 431 420 406 384 369 349 354 375 397 419 440 458 464 487 501 514 522 532 533 553 569 577 581 591 601 614 599 560 531 516 503 492 495 489 491 484 469 462 485 498 518 527 529 520 516 515 502 501 496 491 491 487 478 451 450 444 441 442 437 428 426 430 434 427 425 398 368 352 338 332 333 342 353 344 327 323 302 284
411 395 398 412 421 411 384 379 407 422 437 452 452 449 453 463 473 481 476 471 453 439 440 438 417 408 387 348 362 383 398 417 433 439 450 467 477 486 492 502 523 547 560 566 574 588 605 602 582 546 521 506 493 483 476 466 461 464 454 460 479 493 507 517 517 509 499 491 485 485 474 472 466 461 462 458 455 455 457 452 441 424 415 415 420 414 405 385 361 348 340 333 341 350 350 342 322 320 302 285
397 371 388 397 391 371 370 401 422 445 456 447 442 440 450 456 466 469 466 462 447 433 437 444 431 415 388 341 356 375 390 409 422 428 442 448 456 458 466 491 513 529 539 557 574 586 602 594 567 540 518 500 479 467 461 453 438 438 440 459 470 484 497 505 503 499 486 475 467 462 463 473 466 462 467 469 465 468 463 455 438 424 419 406 401 392 381 370 358 352 339 338 348 347 346 343 328 302 292 279
370 376 382 372 356 359 393 414 431 448 447 435 431 433 439 451 453 454 453 446 434 424 430 434 428 411 384 335 347 365 381 394 401 423 431 433 439 439 463 485 495 510 537 563 578 587 591 584 565 541 520 501 486 473 455 447 444 435 427 448 465 468 481 489 488 486 478 469 461 453 454 455 454 452 456 457 461 457 451 439 433 439 444 425 404 389 376 366 352 343 339 346 352 347 360 351 332 312 283 270
355 368 362 342 357 386 406 423 440 443 430 425 427 427 435 441 447 441 438 424 420 415 418 422 417 402 381 334 336 357 371 375 388 407 418 414 412 426 449 464 484 508 531 557 576 588 594 587 570 549 529 512 495 479 465 464 458 445 430 428 447 454 466 471 471 475 476 469 457 446 442 439 438 443 441 441 445 439 434 434 438 439 428 418 412 388 363 355 344 340 339 352 351 346 361 353 330 321 289 269
362 341 334 352 383 401 412 427 435 426 421 425 426 425 433 443 446 434 431 417 401 401 402 405 402 388 373 331 327 351 361 358 373 390 388 387 403 422 441 458 476 499 526 552 573 583 590 587 574 557 540 518 498 484 482 475 462 449 434 412 422 441 452 462 465 465 466 461 456 444 431 426 432 436 431 432 431 429 431 431 435 428 415 405 392 371 358 354 348 340 340 357 359 348 350 339 322 314 294 267
345 320 352 372 380 408 420 424 420 415 418 421 423 424 436 438 434 428 429 419 384 379 384 391 390 378 361 333 319 346 348 342 360 368 375 401 415 432 447 464 487 504 524 543 559 572 577 580 571 557 538 517 501 493 488 477 466 453 439 408 413 430 440 445 451 456 458 457 447 437 424 416 419 425 428 434 433 426 423 418 414 411 407 391 380 371 358 358 350 340 348 372 372 364 364 328 310 305 299 271
323 334 362 386 398 400 409 413 408 406 408 415 420 424 430 433 427 420 419 412 384 360 366 376 375 367 354 328 312 336 332 333 350 359 380 395 409 429 449 472 489 504 521 535 547 554 562 569 563 547 530 515 496 487 482 475 467 450 433 411 397 419 430 436 445 457 460 450 441 435 423 414 429 434 433 438 434 428 428 412 401 400 395 385 387 374 357 352 348 347 349 363 361 353 352 321 308 309 306 276
312 340 369 382 395 402 406 406 398 393 403 409 418 426 433 434 431 424 416 399 371 345 350 357 355 352 343 320 301 312 316 327 337 357 371 387 409 431 450 470 485 503 514 526 535 541 547 556 555 542 532 519 492 471 463 464 454 438 427 413 390 415 424 439 445 451 448 442 436 429 416 408 422 428 425 427 427 424 419 410 406 403 397 393 379 363 357 354 351 354 363 370 352 346 338 329 314 315 304 282
304 336 363 374 382 390 394 391 385 385 392 403 413 423 427 428 424 421 419 410 387 346 333 340 342 345 339 301 315 336 348 343 339 349 364 384 406 426 447 464 479 495 507 519 528 536 542 548 550 547 538 516 490 463 439 443 443 428 420 400 381 403 422 438 441 440 437 434 432 419 409 407 402 414 413 412 415 416 413 415 416 413 401 391 375 362 358 353 349 352 360 365 356 348 328 321 312 308 298 282
302 333 356 366 373 379 380 378 375 379 391 401 409 416 419 423 419 414 409 399 387 364 331 322 330 337 327 294 328 351 367 374 376 368 368 380 398 417 438 454 470 487 498 505 515 525 536 546 551 551 536 508 478 455 430 428 428 416 403 380 374 399 416 432 441 442 437 432 426 414 404 396 391 394 400 396 399 400 407 413 416 405 389 382 368 356 347 346 348 352 356 355 350 338 325 321 308 311 297 281
309 331 347 357 362 363 365 369 374 381 390 397 404 407 406 407 406 399 396 389 382 373 349 313 320 325 308 303 339 360 371 380 395 405 402 391 396 412 428 440 453 467 476 486 500 511 530 542 545 538 521 497 469 442 423 409 403 398 389 371 373 398 423 440 447 449 442 431 418 414 399 389 378 377 392 388 388 392 396 397 393 378 374 367 360 349 348 352 355 349 347 346 341 331 326 324 310 305 292 280
304 320 335 336 323 335 356 366 375 383 386 390 396 397 395 391 393 394 391 384 369 354 330 303 308 312 290 314 338 355 369 383 394 406 417 422 426 429 426 430 435 445 456 472 482 503 523 531 530 514 498 479 449 426 411 396 386 379 380 361 386 405 426 444 453 454 443 427 414 409 396 382 366 374 386 381 373 378 379 377 373 364 357 349 348 349 345 343 342 344 350 351 336 328 320 323 311 306 286 292
292 315 317 305 333 348 357 362 365 371 379 382 389 391 384 384 385 387 385 379 368 336 314 297 296 295 288 319 338 356 366 381 392 399 409 418 427 432 426 420 421 427 441 453 470 496 518 525 514 499 480 458 442 433 422 407 393 374 358 358 385 400 422 439 443 441 437 423 416 405 394 379 363 358 364 362 360 367 366 365 359 352 353 346 345 335 339 339 336 336 348 339 331 324 324 318 306 297 297 318
283 282 289 314 331 343 351 356 361 364 367 373 382 380 377 377 376 375 376 375 366 344 326 303 282 274 295 318 337 351 363 376 386 394 399 409 418 423 420 413 406 419 425 439 468 494 511 511 503 492 480 471 462 452 436 412 393 375 361 347 373 392 412 425 427 428 428 422 412 401 384 370 363 348 350 353 343 346 348 347 343 340 339 332 333 333 336 332 334 340 338 328 322 317 321 313 297 289 309 333
309 298 275 302 315 327 339 345 352 359 364 367 369 368 369 371 371 374 380 382 377 360 331 299 271 278 298 316 336 352 362 370 380 388 396 404 409 410 409 398 394 407 416 438 468 486 496 502 505 502 496 489 480 470 453 421 398 376 357 343 369 389 400 405 406 413 410 408 401 389 374 364 357 343 338 339 332 331 336 339 336 330 324 325 326 327 333 337 337 348 335 329 323 312 310 307 299 304 331 339
322 296 269 284 299 313 322 334 341 348 354 357 360 362 367 369 371 376 380 378 374 362 330 292 266 291 308 322 338 346 355 367 376 383 390 392 392 392 390 389 400 414 431 454 475 490 504 515 521 521 516 505 492 474 453 429 405 373 350 331 354 377 387 387 395 399 394 387 383 376 365 354 341 336 331 332 328 322 327 329 326 318 315 321 322 327 328 324 328 327 323 321 316 305 302 301 300 318 343 351
331 298 268 266 279 294 309 322 334 341 348 351 352 352 353 363 371 375 379 377 371 363 336 282 265 284 300 318 329 345 359 370 377 384 393 391 377 376 379 393 407 428 449 472 491 508 523 531 534 530 518 507 490 473 452 429 406 377 350 327 344 370 376 376 386 386 379 371 365 361 354 349 342 335 326 326 323 316 319 323 319 313 319 322 326 325 320 318 317 312 311 316 304 302 303 306 314 328 349 359
343 324 302 282 266 257 296 309 323 334 343 347 346 349 347 355 365 367 368 365 361 352 322 276 262 286 305 322 333 343 354 366 370 374 378 369 367 378 384 396 418 438 456 477 500 521 532 532 527 520 507 498 484 471 447 427 409 382 360 330 334 357 368 364 372 368 368 359 355 347 349 342 333 325 314 310 305 311 312 313 312 303 311 310 314 313 321 325 319 321 318 309 292 307 308 317 330 338 363 360
351 336 322 315 294 248 283 303 314 322 327 330 334 344 350 355 360 358 358 355 348 334 295 267 264 286 304 315 324 331 343 349 358 355 358 368 382 394 397 410 425 443 463 488 511 522 525 521 516 509 500 491 479 460 438 424 410 386 367 340 318 337 354 354 351 349 344 338 336 333 327 320 317 309 311 299 301 309 305 312 309 298 295 293 302 315 313 309 309 315 316 291 286 297 307 322 338 355 379 354
345 330 316 300 261 256 293 303 313 315 311 321 331 341 349 351 350 347 345 343 332 314 288 255 266 288 299 302 301 309 328 332 344 353 369 380 391 403 407 414 431 448 471 492 504 511 512 513 509 501 494 484 472 453 439 423 405 389 369 346 323 317 335 344 336 339 334 332 328 322 315 313 311 303 305 293 304 302 307 306 298 290 285 286 289 292 282 277 281 288 288 283 290 296 311 332 356 375 377 347
336 318 289 259 236 286 309 314 317 316 310 322 329 335 340 341 338 334 329 324 313 297 280 249 275 284 281 287 304 321 326 341 356 366 376 384 395 402 409 416 432 449 467 482 490 496 501 504 502 495 487 476 463 449 435 415 397 381 365 346 329 307 317 333 323 328 336 323 313 312 311 314 300 294 293 291 304 292 286 285 280 277 276 278 275 273 274 280 294 290 283 296 300 303 319 349 375 381 369 339
332 319 280 230 250 292 316 318 317 318 307 310 318 327 331 333 330 325 318 311 301 287 262 254 271 271 280 293 310 330 339 347 359 370 381 390 398 402 407 413 427 440 454 468 479 483 486 489 488 480 471 461 448 438 421 402 386 369 354 342 326 306 301 321 315 320 318 306 308 306 307 308 299 301 288 286 289 284 285 283 275 273 280 271 266 268 284 297 297 286 291 298 304 321 338 366 390 382 360 336
320 310 261 229 263 288 309 312 315 314 308 299 311 319 326 329 326 317 309 303 295 279 247 248 264 286 298 309 326 340 349 356 367 379 388 393 397 402 405 408 413 426 442 456 465 471 469 470 468 461 451 443 430 418 402 387 372 360 345 335 320 304 301 325 312 305 303 313 316 299 292 296 294 289 281 294 292 287 279 279 273 270 269 265 265 270 279 283 278 279 294 304 314 325 351 379 393 380 373 356
304 304 266 227 261 282 295 305 309 300 291 288 297 308 314 318 317 310 298 292 284 264 240 261 286 308 318 324 333 345 353 361 370 381 389 389 388 394 398 398 406 415 427 439 447 451 452 451 447 441 428 419 406 391 379 369 355 346 336 327 316 291 309 314 311 305 301 314 305 293 293 295 290 279 281 292 287 276 278 269 264 265 265 265 265 266 269 268 272 286 305 310 312 326 365 382 386 389 399 405
294 293 258 226 257 270 283 294 296 297 285 288 294 297 301 305 304 300 295 286 274 249 243 277 299 314 324 330 340 348 355 364 373 382 387 385 379 378 382 384 394 402 410 420 429 430 429 426 423 417 404 389 375 365 353 346 336 326 326 319 301 284 293 297 299 297 296 301 301 298 294 291 282 274 271 272 271 266 265 264 263 265 265 265 267 274 280 270 285 302 311 306 315 332 363 379 403 416 415 419
268 268 235 229 254 261 270 276 276 273 277 295 300 299 296 291 286 285 285 271 241 242 270 292 309 317 324 333 339 348 356 362 367 372 375 375 377 376 377 376 378 385 391 398 401 402 398 396 397 382 372 356 345 341 336 326 323 323 313 295 278 283 297 300 303 298 295 304 305 297 292 292 284 282 275 275 266 264 263 263 264 266 266 265 266 273 278 277 294 311 302 308 324 349 393 397 409 411 414 421
256 247 217 239 247 253 248 254 258 271 280 289 298 295 286 281 279 281 270 235 240 268 290 303 313 320 324 329 335 342 347 350 355 360 362 365 368 370 373 373 365 363 368 369 371 368 364 364 359 351 345 340 333 321 317 317 316 311 288 278 288 294 301 308 307 301 296 305 302 297 296 291 284 288 271 265 264 263 263 264 264 265 270 270 266 278 283 287 298 303 298 311 340 386 399 402 407 406 408 420
246 241 215 222 236 237 251 261 268 278 287 287 291 286 281 280 276 265 231 237 263 280 296 306 311 315 321 328 331 332 336 341 344 349 351 355 358 359 361 359 356 347 353 355 359 355 347 340 339 333 327 318 311 309 307 307 297 294 272 286 293 293 292 297 293 292 300 304 305 299 297 288 278 275 262 262 263 262 263 264 264 264 266 266 266 272 289 296 295 295 300 326 371 387 394 399 405 407 408 425
232 226 202 212 221 240 251 253 261 265 280 284 287 284 282 280 261 227 234 256 269 287 295 301 307 310 316 320 323 328 331 335 340 344 343 345 347 347 345 344 340 337 333 334 335 332 329 326 324 320 315 304 304 306 302 294 280 272 272 291 289 288 291 290 293 294 301 307 299 294 283 271 269 262 261 262 265 263 264 264 264 265 265 269 272 285 302 297 295 297 308 344 371 381 381 384 391 407 415 433
226 214 204 220 226 230 238 245 247 257 267 267 271 270 272 255 223 225 256 279 286 282 283 286 290 294 299 303 310 314 317 321 328 332 334 335 336 336 332 327 324 320 317 317 317 315 314 313 312 304 297 290 288 287 288 284 269 260 281 294 297 292 293 292 292 289 297 293 289 276 272 272 262 261 265 267 266 265 264 266 267 266 267 270 278 287 292 295 302 302 315 347 365 368 367 373 376 400 420 448
218 205 202 209 215 223 221 225 226 234 237 241 240 236 219 217 237 258 268 283 288 290 291 294 299 305 307 304 298 296 301 304 310 315 319 323 323 322 320 316 312 308 302 304 306 302 299 300 296 299 292 277 273 273 277 273 262 264 275 283 282 283 283 284 283 272 272 269 276 271 270 265 261 261 262 264 268 267 267 271 268 268 268 270 273 279 282 298 305 306 316 344 355 361 364 361 382 404 434 456
204 191 184 189 194 196 194 194 194 196 205 208 207 210 224 238 252 260 264 271 278 283 288 291 294 296 292 289 289 288 290 291 292 296 297 305 305 307 306 305 299 296 291 291 292 289 295 288 282 281 275 265 260 257 265 256 263 270 266 272 266 264 263 266 273 268 260 266 271 262 262 262 261 262 262 264 267 267 268 269 269 269 273 282 284 290 295 305 317 311 324 343 350 352 352 361 395 424 442 446
187 186 184 184 197 199 204 200 203 201 211 220 231 243 248 251 250 260 253 257 257 261 266 265 269 270 276 284 289 289 290 284 285 281 282 286 288 289 291 292 289 286 280 282 280 275 278 274 274 271 269 262 250 246 248 249 254 256 261 258 256 254 256 257 263 264 262 264 265 268 274 267 270 265 266 266 265 268 268 270 270 273 282 277 284 289 291 301 324 324 326 337 339 339 347 360 390 424 430 421
182 182 181 203 215 217 221 224 218 210 221 227 225 234 233 246 244 242 244 242 238 248 249 254 260 265 268 269 269 272 274 274 278 274 277 273 270 276 273 281 283 279 272 266 270 269 264 263 259 258 256 245 243 249 252 266 266 272 278 279 266 263 261 265 271 267 272 267 265 265 279 271 276 270 282 281 268 275 275 284 275 271 274 274 279 285 290 300 308 319 325 336 347 364 383 403 428 471 463 459
175 176 181 192 210 214 213 216 215 210 203 210 205 217 223 230 229 230 230 232 237 239 247 252 256 255 256 257 257 265 263 261 262 264 267 265 264 260 261 266 265 263 255 255 254 249 245 244 243 246 244 247 257 261 264 273 281 284 290 288 281 284 286 284 275 273 270 268 271 267 268 270 271 274 285 278 274 277 277 285 279 273 277 277 278 283 289 299 305 340 359 382 414 414 409 443 453 455 442 448
173 174 177 189 199 197 203 205 213 215 215 218 215 233 238 243 241 240 236 240 242 246 245 247 242 248 246 243 241 248 246 249 249 252 254 254 253 251 249 249 240 241 243 234 234 238 244 249 255 254 259 265 273 278 279 288 289 291 294 299 299 295 292 290 275 275 270 269 270 278 278 276 277 283 276 279 286 278 279 282 276 275 283 282 279 280 283 291 303 348 397 399 415 418 412 419 428 418 421 445
171 172 176 178 184 198 202 215 219 229 228 229 225 238 231 234 230 232 232 240 241 242 238 233 237 240 233 239 243 243 238 240 238 241 234 237 238 232 233 230 229 232 237 245 252 257 267 273 278 281 287 285 292 294 294 298 297 301 299 297 299 304 301 282 279 281 276 273 280 290 286 279 278 277 277 285 287 278 278 282 282 293 308 292 283 279 279 285 298 338 382 392 397 410 409 403 406 409 412 413
169 171 173 176 184 206 219 233 242 242 238 245 244 225 228 228 231 234 241 234 233 236 227 234 234 235 229 235 230 229 230 217 216 220 217 219 220 222 225 233 241 252 259 265 273 281 291 295 294 295 294 293 295 295 299 301 302 298 295 294 300 303 288 276 280 279 277 277 277 279 281 281 284 290 288 287 281 279 293 305 316 318 318 309 289 281 280 282 294 322 356 366 372 379 379 381 390 393 396 395
168 170 172 176 187 203 219 227 237 235 244 245 236 232 234 239 237 241 240 233 231 229 225 227 221 225 218 229 223 222 214 216 218 219 225 229 235 246 251 257 259 266 273 280 288 292 295 298 300 302 298 297 293 295 299 300 296 295 296 296 290 285 277 277 278 275 279 281 283 285 284 285 290 295 287 292 305 314 335 340 346 347 348 336 309 294 286 286 286 301 322 332 350 354 356 365 370 369 371 367
170 169 170 172 181 188 197 213 232 237 242 241 232 234 238 230 227 231 228 226 231 223 209 210 217 205 206 210 210 211 216 222 225 230 232 239 243 255 265 275 281 286 291 300 305 300 299 303 303 301 306 302 298 296 302 310 310 306 303 299 287 280 284 282 285 281 284 291 297 292 288 292 291 292 297 325 341 351 365 362 360 359 354 342 331 317 296 289 287 290 298 310 321 331 340 352 353 347 347 349
196 179 173 172 173 174 191 218 225 230 231 230 228 232 225 220 219 215 212 210 206 202 200 205 206 207 217 216 217 225 231 231 235 238 244 244 248 255 263 271 284 295 302 308 313 309 306 305 304 304 305 307 307 304 306 309 311 303 302 297 290 288 285 289 291 286 281 286 291 295 292 295 296 305 333 356 363 362 362 358 353 356 350 345 336 323 305 294 297 291 295 307 328 336 339 341 342 342 349 371
214 194 186 180 177 175 181 198 209 215 230 228 222 217 219 221 215 204 197 196 197 205 214 205 209 210 215 219 224 230 232 236 240 246 252 246 255 261 264 271 275 286 297 302 305 306 309 309 311 312 304 299 300 299 298 300 297 294 292 288 289 285 291 296 297 296 286 289 299 300 293 298 301 318 342 359 361 360 354 350 354 366 361 350 331 323 324 311 309 303 302 310 328 341 350 365 369 382 398 342
215 209 202 197 192 179 179 189 207 213 214 211 210 220 213 209 195 193 194 199 210 222 228 224 221 227 227 232 228 230 240 247 244 252 260 257 265 261 264 268 272 274 279 289 294 297 301 309 312 303 305 300 308 299 303 300 294 293 290 288 288 297 294 297 301 308 302 300 302 303 300 317 331 338 327 336 345 351 354 361 377 423 401 386 359 360 355 342 326 314 319 330 365 386 397 400 413 442 474 406
223 226 220 203 197 180 179 182 188 192 191 195 207 207 193 191 190 196 209 222 225 235 239 236 238 238 241 249 238 240 237 243 245 251 260 256 265 271 274 268 277 277 277 283 295 298 302 307 306 305 302 302 303 302 298 298 306 301 295 295 301 297 295 300 304 315 318 314 320 321 334 367 382 374 352 342 360 378 388 401 439 449 437 422 404 386 366 355 340 329 350 376 439 448 438 438 465 497 506 465
230 233 222 199 187 182 179 180 181 184 188 185 187 188 196 204 209 220 233 239 238 244 254 250 249 243 247 246 243 252 251 243 252 253 260 259 268 269 276 273 279 277 280 282 283 285 291 296 298 299 307 310 301 300 296 302 306 300 304 305 306 304 308 309 312 319 331 330 341 356 370 385 398 388 374 353 376 397 426 464 482 480 455 436 421 393 379 378 361 351 395 447 481 488 480 482 487 497 502 489
235 238 224 213 202 200 186 181 185 197 200 189 190 199 211 212 223 236 241 240 249 250 252 247 248 248 251 251 250 259 256 244 255 251 253 252 259 264 268 267 265 268 275 277 280 285 286 284 292 298 301 303 302 302 299 302 304 302 308 311 316 321 328 321 330 331 336 342 353 383 404 414 434 414 390 366 376 400 439 487 511 504 481 448 417 391 385 380 359 360 422 482 503 514 494 490 500 508 509 487
239 233 226 221 207 192 189 189 193 197 198 191 200 199 214 228 233 237 245 245 249 250 249 250 257 255 255 252 257 253 251 241 247 246 249 253 261 267 269 268 270 270 275 275 276 282 282 289 291 296 303 297 299 300 301 306 310 308 308 323 324 329 336 335 346 348 350 368 396 430 448 455 453 441 420 383 385 407 446 500 521 526 497 458 412 381 375 372 381 401 440 477 510 527 518 507 513 522 517 484
224 225 225 218 202 199 210 201 200 197 193 199 202 202 222 239 242 240 246 244 247 253 246 246 251 248 253 258 257 252 249 251 245 251 254 252 252 255 255 253 260 263 268 268 270 268 272 278 286 285 284 286 293 300 303 307 311 318 315 322 325 334 347 350 361 370 386 418 428 444 464 481 482 465 442 404 380 416 459 502 525 535 510 469 415 387 377 373 380 397 444 486 492 522 531 541 538 530 521 499
206 211 216 209 210 209 210 208 195 196 195 201 215 218 214 226 237 246 245 237 238 241 243 251 252 245 244 250 251 251 253 253 247 245 249 250 252 259 254 250 256 263 260 262 265 270 275 279 277 282 283 285 291 295 304 306 313 321 330 339 343 350 362 371 388 411 421 425 436 453 483 498 495 489 469 428 393 411 463 504 533 538 524 485 436 394 377 382 391 400 439 514 511 532 540 546 552 548 533 508
188 198 204 206 211 204 204 201 197 199 203 202 208 226 226 216 223 227 231 232 240 245 249 245 241 237 237 246 244 244 248 249 244 246 253 252 246 249 247 257 261 267 264 259 263 270 275 278 278 281 285 288 297 300 307 312 317 326 340 352 367 372 388 404 426 443 450 452 445 453 484 509 516 506 475 460 430 402 450 496 528 536 527 511 441 402 398 410 400 407 434 514 540 554 556 555 553 546 524 490
179 188 202 206 209 213 209 215 213 211 219 211 202 209 217 223 214 226 227 228 234 233 232 233 230 241 241 245 245 244 246 244 246 241 246 248 246 248 241 251 255 260 257 257 268 271 271 274 280 291 288 296 303 307 315 325 327 345 350 366 382 402 417 435 453 465 477 484 472 469 492 513 510 500 497 490 469 430 424 479 508 527 519 510 460 421 420 416 406 412 456 508 545 551 553 551 535 522 498 470
171 189 200 212 212 217 216 220 206 206 206 210 219 204 204 208 210 222 223 234 237 239 234 228 224 234 231 238 240 231 233 232 231 228 237 247 245 242 233 247 256 260 257 254 262 265 273 273 277 289 292 299 308 313 323 323 331 356 363 383 405 418 438 457 477 498 508 519 511 495 494 514 519 516 520 516 491 459 423 459 488 517 516 499 479 447 431 418 409 409 434 480 523 528 534 539 535 517 489 457
163 168 176 186 190 194 199 202 199 202 213 219 217 207 213 221 215 231 236 230 235 238 235 218 212 229 230 224 222 226 234 224 210 218 216 218 225 232 244 238 243 248 247 247 255 263 270 273 274 280 287 300 314 320 333 342 342 363 380 405 422 436 463 489 509 519 537 547 541 522 498 520 535 532 527 523 501 473 450 456 471 502 519 510 488 471 453 429 409 406 417 436 490 509 522 530 524 495 457 451
162 163 168 177 181 188 205 214 215 194 194 204 206 201 207 212 193 200 215 201 206 214 211 205 204 204 206 204 203 205 209 210 215 226 231 224 222 235 243 238 243 251 246 243 249 254 262 275 280 278 282 294 307 321 337 345 358 378 395 419 446 464 490 523 540 542 560 565 563 540 517 536 543 539 534 524 507 500 466 452 473 489 517 514 507 493 485 447 415 407 426 447 457 495 509 516 513 474 439 438
163 164 166 173 177 186 203 204 197 178 181 184 191 195 196 200 219 205 203 210 217 211 209 222 229 222 212 207 212 221 229 224 222 229 234 231 221 232 233 232 236 242 241 243 251 254 261 277 280 281 286 295 310 331 346 363 379 401 423 440 463 491 520 556 567 573 576 578 573 563 542 544 545 538 530 524 526 526 495 472 486 494 498 514 516 511 493 459 432 419 459 498 494 497 499 507 502 459 430 410
163 164 166 171 172 174 178 180 175 182 196 207 204 199 204 216 219 223 215 219 225 223 218 228 221 221 224 215 229 233 235 228 229 226 230 235 224 223 235 239 238 241 240 246 251 252 257 262 268 281 291 307 313 330 347 370 394 420 442 463 484 510 539 572 579 580 584 587 587 581 572 558 548 540 538 533 534 537 517 493 514 518 510 519 518 519 508 464 447 441 484 492 494 495 493 499 498 457 427 421
163 164 166 167 169 169 171 174 176 187 193 200 209 206 208 204 208 213 212 223 215 219 220 217 221 221 222 218 225 227 228 231 233 228 228 240 240 231 225 232 231 233 237 243 247 253 256 262 268 275 284 297 307 327 360 383 404 425 446 471 492 514 541 569 585 590 597 602 604 602 596 578 560 549 542 539 541 541 525 516 528 531 531 526 523 522 511 473 464 483 491 489 488 490 489 491 492 470 448 414
163 164 165 166 168 170 182 180 181 180 180 185 192 194 197 195 200 209 204 205 206 214 218 217 225 225 220 224 229 232 233 245 246 238 238 243 244 244 234 230 232 232 234 236 241 251 258 262 268 280 291 305 328 339 356 390 404 426 452 478 495 515 539 571 591 600 611 620 625 628 624 607 584 562 551 543 550 547 537 531 534 539 538 537 530 529 517 484 478 494 497 494 489 487 488 488 482 463 427 393
163 164 165 166 168 170 178 184 183 179 175 176 178 182 189 196 201 195 202 206 216 225 224 218 220 226 223 230 230 233 238 243 246 241 246 246 245 246 245 245 247 241 242 245 251 245 258 264 267 275 293 319 356 380 374 374 397 417 438 467 488 510 540 574 590 606 627 644 648 652 651 633 608 583 565 551 560 555 544 542 542 544 544 543 540 536 525 496 490 492 501 501 490 489 484 482 469 436 405 397
164 164 165 166 167 167 168 173 175 175 175 183 188 196 201 205 201 195 202 206 213 212 216 228 226 235 234 232 240 234 242 237 238 244 244 245 247 247 251 251 249 249 251 264 274 262 248 266 277 296 305 337 371 395 402 390 402 426 445 451 473 501 530 567 587 604 633 653 669 691 690 670 639 603 584 563 566 568 560 553 553 548 548 545 544 541 535 516 494 502 506 504 504 503 494 473 455 424 397 389
165 165 165 165 167 168 168 168 169 172 181 190 191 193 193 192 202 197 200 203 212 213 214 232 227 228 229 232 238 236 246 245 243 254 251 252 257 255 253 251 254 263 263 267 268 265 255 258 279 299 317 348 375 393 402 404 420 435 458 470 470 477 510 550 578 593 623 647 668 707 727 720 664 625 601 578 572 585 581 569 566 560 555 548 543 540 536 527 509 502 499 498 498 497 485 466 449 414 397 394
165 165 165 166 168 168 168 168 169 171 175 180 184 191 195 198 209 208 212 210 221 221 214 220 231 226 230 243 251 241 241 247 254 256 252 256 264 260 254 254 261 262 264 267 266 270 264 264 268 281 318 336 358 379 396 414 436 458 493 505 502 479 493 524 561 585 607 636 662 697 735 758 674 634 615 593 580 599 598 589 580 571 560 553 541 534 531 523 513 498 494 492 495 492 482 464 443 406 395 390
166 166 166 167 168 169 169 169 169 173 179 186 188 188 194 199 200 206 211 207 220 220 213 217 230 238 238 255 255 248 244 258 263 262 259 263 262 264 265 267 275 280 269 270 269 275 278 285 309 286 300 319 341 359 390 433 460 502 526 539 535 529 516 515 540 576 605 635 663 697 739 758 679 640 625 606 593 610 614 608 592 581 571 558 542 531 525 521 514 502 494 489 486 486 475 459 430 406 395 393
167 166 167 168 169 169 170 170 170 173 177 181 181 187 193 204 201 209 206 205 213 217 221 227 244 246 236 247 248 247 250 260 267 274 270 266 270 280 283 280 282 286 275 284 285 286 305 295 318 311 288 327 322 331 385 430 457 504 536 555 561 562 564 560 559 582 609 640 673 708 749 763 691 657 641 626 611 620 641 622 602 593 579 560 552 532 527 521 517 506 493 489 481 474 467 450 421 404 397 388
166 167 168 169 169 170 171 171 171 172 175 180 184 189 194 195 199 208 210 213 222 223 232 237 243 240 238 245 251 253 270 275 279 283 278 275 276 285 293 289 292 289 290 309 309 311 333 316 305 316 286 303 256 322 376 407 444 482 522 553 565 567 571 571 578 585 611 648 689 728 774 790 721 681 661 645 629 641 662 653 628 613 584 564 557 535 526 520 511 497 489 481 475 462 451 433 411 408 397 390
167 167 167 170 170 171 172 177 178 172 175 186 194 186 194 194 208 210 217 218 225 226 228 233 235 240 247 248 251 255 262 269 278 286 290 286 288 294 296 302 303 307 311 323 323 332 349 315 318 326 318 307 319 353 370 389 425 461 513 546 562 570 573 573 578 587 611 647 704 757 801 807 754 711 681 663 656 670 694 697 663 631 595 569 551 535 524 518 504 486 475 469 472 457 431 417 402 399 394 379
167 168 168 168 170 171 172 176 181 174 173 181 187 186 189 193 208 215 217 217 225 228 225 229 236 245 247 250 256 271 266 279 288 290 299 295 300 303 308 318 321 326 329 345 349 351 356 323 327 345 342 329 326 348 362 376 397 434 481 524 543 565 571 576 580 582 608 641 708 790 844 846 788 744 710 695 694 711 740 741 706 658 608 572 553 534 522 515 496 479 466 461 459 443 420 407 397 401 395 381
168 168 168 169 169 172 172 173 180 175 178 184 189 196 192 192 197 202 205 211 219 226 238 235 248 261 250 253 257 263 270 280 289 294 302 304 307 312 323 326 338 348 354 367 374 371 363 314 350 356 357 352 340 345 355 367 376 400 437 470 513 551 565 577 579 573 587 617 695 788 836 822 804 768 743 731 733 745 751 752 743 677 615 573 552 531 519 508 491 470 461 452 443 428 414 405 397 396 383 385
168 168 169 169 169 171 173 174 179 178 185 192 190 209 199 194 197 201 212 219 222 236 256 245 241 249 253 259 269 277 278 278 292 297 305 316 322 334 338 354 356 361 370 376 386 392 378 336 373 371 371 375 363 349 347 357 364 372 397 438 467 523 558 566 563 562 571 585 619 680 727 710 702 720 743 755 761 763 765 759 714 649 605 568 542 526 514 502 486 463 454 447 435 418 410 400 397 397 381 389
169 169 169 170 170 171 174 178 180 180 180 183 188 194 197 197 207 210 218 223 225 228 236 242 244 252 256 265 269 278 279 283 296 304 313 323 330 346 352 377 386 383 385 384 401 406 389 360 395 387 393 405 394 369 354 348 351 356 371 394 422 448 507 545 553 555 559 564 575 597 616 634 646 659 674 732 774 778 764 714 666 632 588 554 530 519 510 493 473 456 449 442 436 413 405 393 390 385 386 398
171 171 171 170 170 171 173 181 190 188 183 189 199 196 206 201 213 215 213 220 225 226 234 242 251 264 265 264 274 282 291 295 302 312 322 335 350 361 374 383 394 389 388 404 430 414 391 368 404 404 433 450 438 412 374 355 349 349 354 358 388 406 436 500 539 550 550 548 553 560 574 590 610 636 655 700 758 769 737 677 643 610 574 540 523 512 501 486 466 455 447 434 420 406 396 387 386 387 384 393
173 171 171 171 170 171 173 177 192 195 188 198 201 199 206 204 211 214 217 226 233 229 235 244 252 264 269 271 284 288 294 302 313 329 332 354 366 382 392 398 388 398 407 445 451 425 413 397 401 435 485 495 491 467 424 383 360 356 351 357 366 382 395 429 497 533 539 535 532 536 551 570 593 621 647 700 750 757 728 659 621 584 557 538 524 513 497 482 459 444 435 427 413 399 392 391 392 382 393 414
174 172 174 174 172 173 174 179 179 182 187 191 193 203 201 204 208 214 225 243 242 235 246 257 255 261 267 278 282 297 304 313 325 339 350 362 373 389 399 396 396 412 447 480 462 434 408 394 419 454 496 505 515 513 490 446 397 369 358 354 355 361 376 397 430 491 523 526 525 525 531 545 570 601 632 684 742 756 734 655 609 571 552 543 531 514 500 482 463 442 430 423 410 394 398 390 386 380 393 420
176 173 182 186 178 173 175 185 185 183 187 191 195 201 204 209 210 217 226 241 234 235 258 269 263 271 283 299 291 299 312 322 328 352 365 370 383 398 405 400 417 458 495 479 461 427 395 392 421 448 467 519 534 533 525 502 466 415 382 365 358 355 359 375 399 440 486 513 518 517 516 520 534 560 595 636 699 741 734 665 608 575 559 549 538 518 507 482 464 447 437 424 413 392 390 387 384 382 398 414
179 175 185 181 175 172 176 183 185 187 192 195 196 200 203 213 213 217 223 233 234 237 258 280 271 279 286 299 303 307 323 333 340 356 369 386 408 406 408 422 459 511 513 507 482 447 402 388 408 431 455 520 534 533 530 528 511 464 420 398 375 360 357 360 370 397 449 477 482 504 506 503 513 527 553 587 639 701 723 674 615 584 577 565 543 536 513 490 473 458 438 420 406 394 394 388 384 390 403 413
180 178 180 180 176 172 176 184 186 191 199 200 203 202 206 213 215 219 224 232 235 240 249 261 270 279 289 303 308 320 333 352 363 376 385 389 405 415 422 448 491 509 528 527 512 489 445 391 392 416 447 513 530 530 528 527 525 512 475 445 415 384 364 363 366 367 390 419 443 476 500 491 490 502 525 552 586 638 687 673 631 615 606 588 561 541 516 496 474 456 433 421 401 392 386 387 389 391 408 413
193 184 179 178 176 174 175 186 192 194 202 207 205 205 209 212 215 221 226 231 236 243 249 256 265 281 292 307 320 333 351 372 389 400 407 410 421 429 445 458 490 525 530 532 524 509 464 405 389 398 434 497 525 532 529 528 527 524 520 509 482 437 392 372 367 371 368 386 419 444 477 486 486 492 509 529 555 590 635 664 663 654 642 612 580 548 516 494 474 456 431 421 400 389 398 390 390 398 403 421
217 208 191 183 178 176 174 186 195 197 205 213 211 209 213 214 218 225 226 232 240 248 256 262 276 284 294 310 334 349 373 402 417 425 426 434 446 450 460 477 509 534 536 534 525 509 483 438 393 392 416 469 516 529 530 529 527 524 524 522 517 486 447 409 379 371 370 371 386 414 446 475 483 490 496 510 533 563 600 646 684 685 673 637 592 545 517 490 471 453 427 414 394 390 395 393 391 393 412 426
218 222 215 195 179 177 174 187 194 198 204 208 212 215 226 220 219 233 237 234 236 243 258 272 292 297 305 320 338 358 379 402 426 450 448 460 469 477 485 496 526 540 541 535 527 518 511 484 411 391 398 437 505 526 530 530 527 526 524 521 518 509 497 472 431 399 379 375 376 393 420 450 475 486 490 498 518 539 567 613 677 698 690 654 592 544 516 489 469 451 427 410 393 397 399 396 394 412 418 425
225 237 214 192 178 178 176 186 195 201 204 207 214 217 224 226 223 231 237 242 245 248 248 273 295 299 312 328 345 364 389 411 429 453 471 492 499 511 518 522 537 549 551 542 535 525 517 503 444 393 395 416 485 522 529 536 533 527 523 520 520 514 505 496 482 449 415 395 381 385 406 439 461 478 486 487 502 512 538 569 626 682 691 648 584 537 511 486 464 448 429 403 392 398 398 403 400 416 426 448
228 242 214 192 180 178 178 181 196 207 209 210 219 223 225 231 229 239 242 250 251 259 259 261 289 301 315 328 349 370 394 412 435 460 491 515 527 538 548 551 554 558 566 567 555 536 519 507 473 404 395 407 461 509 525 526 535 541 527 523 518 509 504 494 487 477 456 428 405 391 404 423 454 473 482 483 487 495 516 529 556 615 656 621 568 526 499 481 459 442 421 399 392 396 405 405 399 407 438 454
223 219 207 193 186 179 179 177 196 214 215 216 221 228 227 232 233 243 248 255 258 265 273 262 287 302 321 336 353 372 399 415 436 461 496 519 536 548 554 566 578 578 586 593 577 549 522 510 489 426 396 402 433 492 513 526 527 545 549 532 518 509 500 488 480 473 461 449 428 401 413 423 448 467 478 478 480 486 493 505 519 541 574 579 543 515 489 477 455 438 417 398 401 399 415 412 406 424 429 449
226 216 212 206 203 192 182 176 192 212 217 220 223 226 228 234 237 240 250 259 270 277 281 269 300 317 329 341 361 381 395 419 440 461 488 515 540 554 569 583 601 609 613 623 609 558 532 514 500 455 404 400 421 467 502 513 530 549 558 549 527 509 497 483 476 469 456 447 428 413 413 429 447 460 472 476 477 480 485 490 500 516 522 527 517 499 484 472 453 436 414 407 403 397 404 414 407 421 444 454
238 231 224 228 230 216 194 177 186 201 211 222 226 230 233 242 249 246 256 266 285 295 300 279 311 333 341 352 369 379 393 420 445 465 492 514 538 560 578 604 628 646 658 660 633 567 542 523 504 473 421 401 415 449 493 507 527 553 566 570 553 522 497 483 476 467 453 441 439 434 416 424 441 455 460 469 474 476 479 486 492 495 502 503 495 487 478 466 447 430 409 403 396 399 405 408 415 420 453 472
246 238 229 233 237 225 199 179 184 198 209 221 228 234 242 248 253 252 262 275 298 317 318 289 305 334 350 360 378 389 394 414 443 464 489 511 534 563 589 617 656 675 683 682 653 585 551 529 509 482 438 408 409 440 482 502 516 544 573 588 598 554 515 494 477 467 449 445 444 441 432 416 430 441 452 458 465 470 474 478 483 486 487 483 480 481 472 460 438 419 405 397 402 410 411 413 422 422 442 462
244 236 227 224 222 217 196 180 182 201 220 223 227 237 250 250 254 257 264 282 314 324 335 322 288 311 345 368 381 388 398 419 443 460 481 504 528 556 592 626 663 683 698 704 677 604 563 539 528 503 462 426 407 422 461 494 505 528 564 598 632 603 544 511 488 470 449 445 446 441 436 423 417 429 441 451 457 464 466 471 476 478 480 476 475 471 463 443 431 406 400 399 404 416 421 423 432 443 438 451
236 228 221 217 213 204 195 183 181 200 222 228 224 236 251 254 257 260 268 293 328 343 352 344 326 297 326 357 374 388 400 421 452 468 483 500 525 554 590 628 663 686 710 723 693 622 581 553 538 515 486 442 416 413 439 474 499 519 550 585 630 647 577 527 508 480 456 452 446 442 436 427 418 425 437 442 449 458 460 463 467 469 470 466 466 461 446 436 412 402 403 399 409 410 414 422 445 460 461 458
232 232 225 218 210 202 194 181 183 203 218 226 228 233 252 256 259 264 279 306 343 359 373 365 352 335 305 337 365 394 409 423 457 478 490 497 518 554 590 630 665 688 713 731 711 641 598 569 548 530 506 467 427 416 424 454 487 508 531 568 610 658 626 552 532 502 482 465 450 442 436 434 427 432 435 441 442 450 457 461 462 458 457 453 454 445 425 408 406 415 403 417 425 424 422 434 435 454 478 473
228 227 221 217 208 196 179 180 187 203 215 230 232 234 252 258 261 266 291 318 357 392 395 396 383 367 327 324 354 380 407 424 455 476 482 494 516 547 590 637 670 693 715 735 734 662 615 587 560 545 521 492 449 423 421 440 474 506 527 551 589 642 664 597 555 525 502 476 461 446 438 434 431 430 433 437 439 442 451 453 455 450 451 447 441 423 418 409 410 406 404 417 420 432 447 450 455 475 488 492
216 214 209 208 213 188 181 183 186 203 214 228 231 239 255 264 266 271 294 337 366 409 421 414 412 410 371 335 350 370 391 424 456 467 478 489 508 540 589 644 676 697 724 746 755 701 642 602 576 558 539 510 470 435 425 443 456 498 525 543 573 620 674 658 589 555 522 493 468 457 443 435 429 430 430 432 433 435 439 442 441 444 438 433 421 422 419 406 407 415 418 435 435 436 451 449 462 490 490 495
222 225 218 206 213 200 183 181 183 202 215 224 236 243 254 265 271 279 298 345 377 412 436 444 441 444 409 352 343 367 388 426 461 475 478 487 503 531 579 643 678 701 728 751 761 741 670 624 593 569 543 518 493 453 433 445 456 484 512 536 562 599 665 687 649 592 553 518 487 467 455 442 432 430 428 429 431 433 434 435 437 434 427 429 423 421 422 410 420 434 425 438 443 447 451 452 464 485 494 508
226 235 228 205 204 192 185 184 182 203 219 229 236 247 248 260 273 285 313 344 390 427 454 456 451 467 441 379 341 367 391 433 459 477 482 485 497 520 561 627 669 693 715 739 759 757 699 642 606 578 556 535 513 474 439 445 464 498 523 534 549 576 637 688 697 644 589 546 513 497 470 457 439 436 433 431 432 431 431 430 431 433 431 432 430 431 429 419 428 428 437 437 445 458 470 459 478 502 499 501
228 234 223 204 188 187 190 192 186 191 212 225 231 247 244 258 275 287 330 353 396 437 470 476 460 470 464 400 344 364 391 429 457 469 480 483 490 508 543 601 650 679 696 718 747 757 712 652 621 594 569 557 527 499 455 445 464 492 512 526 545 568 605 664 700 691 633 585 546 523 495 481 463 445 442 439 434 445 445 449 439 443 446 450 446 446 441 436 434 434 446 448 454 456 462 464 478 504 514 516
234 231 207 200 188 189 191 190 190 184 220 228 234 241 243 258 274 292 331 369 403 448 476 492 476 482 478 415 368 353 386 423 447 460 473 478 486 499 527 574 625 663 684 703 732 755 726 662 633 607 581 567 534 511 484 460 464 498 529 546 544 558 585 629 667 702 686 629 589 556 526 502 483 462 451 446 440 451 461 463 462 467 467 460 460 459 459 462 458 450 445 446 446 456 464 479 483 494 513 525
