# 100 100
241 230 205 206 194 188 192 190 185 191 231 231 239 244 248 255 271 301 326 377 420 459 483 498 488 501 494 431 390 370 383 413 436 452 467 477 485 495 511 546 595 641 675 693 716 748 745 693 647 622 591 575 555 538 508 479 471 503 530 553 555 562 581 611 648 685 714 679 629 594 561 530 507 482 473 465 447 460 465 468 474 481 480 472 478 485 481 477 471 472 459 448 453 457 468 485 483 495 519 538
232 219 206 208 200 195 205 187 189 212 242 237 239 247 255 258 270 307 328 375 431 469 490 503 510 516 508 456 411 385 395 407 418 430 444 463 480 488 498 524 563 615 660 684 700 730 747 736 678 640 611 590 581 560 523 499 500 497 536 560 566 571 585 612 642 675 710 741 681 636 601 573 537 508 492 480 460 453 465 480 482 485 488 493 500 514 503 497 479 478 472 460 456 448 459 468 485 503 529 543
221 212 208 208 201 205 197 186 197 217 233 237 239 248 251 257 273 306 328 371 436 473 497 535 539 539 519 468 424 401 412 419 436 446 456 455 455 463 485 508 542 587 634 670 685 699 721 741 725 668 634 611 593 571 546 523 527 500 537 560 577 593 596 616 647 677 716 777 731 663 647 615 577 546 516 495 471 469 464 479 494 508 512 508 514 518 522 520 507 502 489 476 464 452 456 474 483 500 521 541
214 205 210 205 191 189 189 189 200 208 224 236 239 251 251 262 273 302 330 377 459 494 513 539 541 553 525 470 441 421 422 436 443 455 467 476 484 484 474 493 523 556 595 635 661 673 689 709 733 708 654 631 612 596 570 545 550 531 523 569 592 609 617 626 660 688 731 787 767 695 676 652 619 583 550 528 488 475 467 474 492 508 520 531 539 542 546 544 533 526 510 489 477 467 456 467 479 504 525 549
216 212 214 205 186 186 184 193 202 208 218 230 239 255 256 267 273 300 331 381 448 479 508 537 551 565 532 481 468 445 426 446 449 463 474 483 496 500 501 480 507 531 556 589 620 647 668 687 711 727 670 650 634 619 592 568 576 560 533 554 590 610 632 646 676 706 754 797 810 732 701 679 653 625 589 563 523 484 468 476 490 516 534 545 559 562 566 565 557 554 534 515 491 475 459 466 479 494 518 550
227 231 221 206 186 187 186 194 202 208 215 226 235 249 254 262 274 295 332 372 420 468 503 517 534 543 532 500 501 468 435 448 455 465 479 493 506 512 524 505 491 510 537 566 592 618 647 675 699 726 703 669 650 633 615 589 600 592 570 554 589 616 635 662 690 719 771 808 836 777 721 699 672 651 634 601 563 513 484 479 487 506 537 554 569 581 589 581 579 569 548 534 505 489 471 466 476 492 516 544
245 244 224 204 187 189 190 200 204 205 211 229 237 238 245 259 272 290 331 369 399 456 491 505 515 522 546 524 521 488 457 441 456 467 483 498 518 523 537 543 525 514 517 544 575 602 630 660 690 728 740 692 666 650 633 610 618 614 595 570 588 611 632 664 701 740 784 815 850 822 746 713 689 668 651 631 601 547 511 480 486 506 537 557 577 597 603 603 601 591 575 556 527 497 486 470 479 494 517 547
252 233 213 201 187 189 192 205 207 207 211 230 234 241 246 255 270 287 328 380 410 461 489 518 525 531 555 544 537 502 464 442 454 472 484 503 524 537 555 573 566 560 555 545 556 590 625 653 683 728 758 718 678 659 642 623 635 623 610 595 588 605 628 657 702 757 790 817 851 850 774 735 716 694 669 644 618 583 540 498 484 506 535 566 583 607 616 617 615 601 593 570 549 521 504 477 478 491 511 537
247 224 212 207 187 189 193 203 204 209 211 218 226 236 247 256 265 281 323 390 452 458 492 507 502 517 518 529 533 496 456 441 453 474 488 511 531 549 568 589 601 596 595 589 575 582 622 651 680 715 754 737 688 667 651 638 645 637 627 611 599 606 619 643 687 750 789 809 844 857 778 736 721 707 681 652 628 601 559 521 491 504 532 563 591 608 626 624 624 615 606 584 566 535 511 488 480 491 518 543
244 224 227 208 188 190 192 201 198 203 206 215 223 230 242 254 263 272 317 387 466 480 492 492 482 475 461 491 505 475 430 435 453 473 492 513 537 556 576 601 621 632 635 631 622 600 621 651 677 708 748 745 693 665 652 647 652 653 642 623 607 603 609 622 664 713 769 801 830 847 772 728 719 705 685 657 637 608 569 525 507 506 539 566 603 620 635 634 631 624 611 598 576 542 526 500 486 493 508 539
249 232 233 215 189 190 193 213 203 202 209 214 221 225 234 250 261 268 306 380 458 460 465 463 445 422 407 429 447 433 409 436 458 474 499 515 538 562 582 610 636 662 667 668 666 650 625 655 680 703 744 750 694 660 647 649 655 662 654 635 615 605 598 603 635 675 713 771 810 833 774 722 716 698 684 661 638 610 566 543 518 512 542 578 615 635 644 643 634 629 622 603 577 552 542 511 494 492 511 544
251 244 233 213 190 189 194 208 209 209 207 213 224 229 231 246 253 268 295 353 402 403 409 406 388 371 363 369 389 389 401 430 460 475 500 523 539 560 588 611 644 674 693 699 697 682 648 660 682 703 740 728 687 651 632 634 648 664 662 642 620 605 589 581 602 640 678 718 784 811 784 724 712 694 679 658 631 603 576 559 530 514 544 586 624 645 650 648 635 627 625 611 587 562 545 524 499 499 511 548
249 245 234 211 194 190 193 201 210 221 210 213 221 229 228 232 252 262 277 314 338 346 347 337 327 315 317 327 343 367 391 425 458 478 498 524 542 556 581 614 645 685 716 728 724 707 682 669 690 707 734 715 677 643 606 597 618 645 659 647 620 593 558 528 543 590 642 692 759 792 790 742 715 696 677 657 640 619 605 573 537 520 548 592 628 650 665 651 629 617 622 613 590 565 547 531 507 507 517 545
248 251 236 220 208 192 190 195 206 224 214 214 217 222 227 237 256 280 291 286 288 291 291 297 307 311 303 308 329 353 380 419 452 474 501 516 537 559 575 604 637 677 721 751 753 736 713 699 704 721 741 714 672 637 578 537 561 586 613 622 583 540 509 475 490 544 614 676 751 783 786 765 721 702 689 670 657 641 626 582 538 525 553 597 631 652 667 651 618 604 615 612 597 567 545 543 513 515 522 543
256 254 238 228 226 195 190 194 202 212 212 217 220 223 230 238 252 285 328 341 346 351 354 358 370 376 359 337 317 332 364 411 448 468 496 521 529 552 580 600 628 661 707 751 777 763 742 727 726 738 756 725 673 635 576 507 488 517 544 568 543 506 470 444 478 536 601 671 747 778 779 764 731 714 701 681 671 661 638 584 536 529 555 597 628 650 662 637 598 584 609 614 594 562 554 540 519 528 537 543
269 256 237 229 230 201 192 196 200 205 209 213 218 222 233 237 247 284 339 382 408 428 440 446 450 455 449 413 361 323 348 395 436 464 487 509 534 545 569 593 615 646 685 732 775 792 775 756 753 759 776 744 684 643 595 537 484 467 489 506 503 468 431 423 460 528 594 666 743 771 773 765 738 720 704 686 672 664 638 593 541 538 555 593 620 641 637 608 564 570 601 610 592 558 551 543 531 536 554 559
282 268 242 229 223 204 193 197 200 201 204 209 215 224 235 241 247 279 337 408 450 477 497 506 514 531 538 503 418 354 333 373 422 453 481 500 524 549 558 583 606 629 663 709 746 789 811 794 784 787 803 779 714 669 624 573 515 470 453 466 464 430 400 404 453 517 587 660 725 764 767 763 742 721 704 684 674 663 637 600 548 546 555 582 600 615 607 567 540 551 593 604 586 553 551 550 540 544 561 576
297 280 257 236 223 207 193 193 202 202 203 208 214 224 233 243 252 280 332 390 434 465 494 521 549 587 600 556 468 396 339 358 402 438 468 498 515 539 561 578 602 619 638 674 712 752 798 810 809 811 819 807 747 701 653 604 549 499 456 436 442 401 374 390 436 502 576 648 712 755 760 757 740 716 697 680 668 656 638 609 561 551 556 564 576 580 569 529 524 538 579 592 577 549 556 555 547 546 568 587
316 292 273 242 224 214 193 194 199 208 204 207 210 220 233 244 261 279 316 362 406 436 467 503 544 591 616 611 526 442 373 340 389 429 459 487 508 527 552 576 595 608 623 644 677 708 748 779 796 805 811 773 699 673 659 618 573 526 479 437 411 380 362 377 420 483 552 630 688 736 748 742 728 708 688 666 658 644 631 611 578 561 557 556 557 559 533 508 509 530 552 563 554 547 564 572 555 552 573 587
332 307 283 245 223 219 199 196 200 209 208 206 205 214 231 246 265 289 309 352 382 405 429 457 494 540 587 628 591 496 424 351 364 415 447 475 500 526 541 570 589 601 614 629 648 670 693 715 734 752 758 731 675 660 639 615 583 540 498 461 423 380 354 364 404 464 527 597 663 705 727 724 707 692 673 656 647 638 616 607 589 571 565 553 543 530 511 492 490 516 535 531 539 562 581 586 568 562 572 585
344 323 290 248 228 211 197 197 202 211 210 208 205 210 226 241 264 292 318 350 389 421 452 484 517 570 618 651 646 569 477 391 347 395 437 466 489 512 541 560 582 599 609 618 626 645 662 678 694 710 716 715 681 650 627 602 579 542 508 475 436 387 351 356 395 450 510 568 633 671 688 692 684 673 658 647 635 617 602 595 584 575 564 555 546 528 496 473 484 502 508 531 552 581 600 603 589 569 569 579
357 338 299 257 236 209 197 200 207 222 213 208 206 211 226 236 259 296 341 381 425 472 507 544 579 623 654 656 646 619 540 437 359 375 422 455 477 500 522 551 571 588 599 610 612 616 636 658 669 680 682 681 677 641 609 584 561 538 511 475 442 391 351 347 392 442 500 551 611 646 659 662 657 651 642 631 615 607 592 579 573 569 563 555 539 520 498 466 464 475 501 541 572 603 623 622 607 584 573 572
357 341 305 264 239 219 197 198 211 233 215 206 209 217 229 234 256 302 361 408 449 497 539 587 626 643 629 608 612 620 587 491 393 356 400 439 465 487 509 532 563 580 595 602 607 604 611 633 646 655 661 658 655 603 574 559 545 528 501 472 441 387 346 342 387 439 493 545 593 622 638 642 638 629 618 609 601 592 579 569 561 559 557 550 533 510 485 454 447 485 524 559 595 624 646 642 623 602 577 563
342 342 322 277 243 232 206 198 210 221 209 206 208 220 234 240 255 301 352 392 427 475 523 572 603 587 553 540 582 615 622 554 440 364 377 425 451 475 503 517 539 570 587 598 600 591 598 606 623 631 637 638 629 569 548 531 519 505 482 464 432 376 338 349 387 438 491 540 583 606 616 626 620 613 607 596 586 577 569 559 547 548 546 540 525 497 466 433 454 497 540 579 623 659 680 672 642 620 593 566
345 353 343 297 251 239 215 201 200 207 205 210 210 220 234 245 260 294 338 380 415 448 472 500 516 494 508 564 592 623 637 593 489 400 366 410 439 460 487 506 523 551 569 576 583 575 586 588 602 617 616 616 605 544 519 501 489 479 460 443 414 359 329 353 396 447 495 540 572 586 596 602 599 598 592 575 569 564 556 546 535 536 529 523 505 474 446 426 462 510 554 602 657 687 692 690 668 637 611 577
349 355 352 319 263 244 225 209 200 203 205 209 212 218 229 244 260 285 333 378 399 397 405 422 447 506 571 622 652 670 682 654 546 446 385 388 421 446 471 487 505 532 552 559 561 552 560 571 583 596 594 598 575 524 495 475 463 452 434 419 385 336 330 365 410 460 501 534 557 566 573 578 576 576 573 564 558 553 547 539 526 513 512 501 481 455 426 426 476 523 566 617 668 687 691 694 688 664 629 592
341 346 346 327 276 243 234 224 200 204 206 209 214 220 229 241 256 277 316 361 379 399 420 436 461 496 553 622 663 683 705 703 612 499 428 384 396 431 453 472 490 517 532 540 542 534 533 550 564 567 575 570 540 500 474 453 437 422 408 389 358 321 337 378 426 465 494 514 529 541 553 555 555 557 555 546 539 537 534 532 526 508 486 474 461 436 412 436 491 537 576 618 654 678 688 691 691 681 649 610
346 349 345 329 291 249 244 238 203 204 207 210 213 218 228 246 261 276 310 349 388 421 452 498 540 554 554 571 611 661 701 727 678 565 479 420 386 408 432 454 478 499 509 523 523 515 522 535 545 541 546 535 504 472 448 430 411 396 384 363 339 315 341 385 415 438 455 472 484 496 505 513 514 522 522 508 507 512 522 527 525 510 492 462 429 416 407 454 497 535 569 601 631 654 674 681 683 667 652 613
358 362 352 338 297 264 253 228 203 204 217 219 211 219 228 241 263 289 320 361 402 444 494 549 601 628 644 655 673 701 718 729 727 653 550 461 411 395 414 433 457 478 489 502 498 492 505 513 517 511 514 498 470 444 421 407 387 375 356 343 319 315 338 354 367 382 394 407 422 435 448 456 463 469 464 466 487 509 522 523 516 504 493 463 425 400 408 458 488 511 530 562 593 621 642 658 668 664 648 600
351 352 348 338 302 279 264 230 207 201 208 217 212 218 230 244 263 293 326 359 412 466 523 565 582 618 657 688 710 722 719 699 700 716 638 521 445 407 409 422 439 454 468 478 475 476 478 484 486 484 483 466 440 414 397 392 375 350 338 323 301 304 308 313 322 333 337 346 351 364 381 394 400 419 446 480 500 516 519 511 499 498 486 447 410 392 408 438 467 488 502 520 546 575 604 635 651 658 647 604
349 344 343 327 299 279 261 233 219 206 202 209 211 218 231 245 264 290 325 367 417 465 510 529 560 617 654 677 694 700 683 648 658 702 700 603 499 437 418 420 432 437 445 453 449 457 459 460 465 462 451 428 406 396 382 371 352 327 314 295 294 298 288 294 296 297 301 310 316 330 339 357 388 420 450 474 490 501 505 492 491 483 462 423 392 396 430 471 514 541 555 568 579 595 614 631 647 656 641 600
343 347 347 326 297 279 255 237 232 208 203 206 208 213 230 250 263 285 329 378 425 452 473 509 558 602 627 651 669 667 621 587 628 687 718 659 568 488 444 424 425 426 429 435 425 439 439 440 447 438 416 396 382 373 360 341 318 305 289 281 287 286 281 284 291 303 312 320 319 323 333 342 365 387 416 437 451 461 471 472 464 448 425 394 385 419 461 511 553 598 621 633 647 660 668 674 676 663 637 605
340 353 355 341 305 290 269 240 228 207 205 207 209 216 230 249 269 287 331 380 402 425 464 505 549 579 598 629 654 650 584 571 646 699 724 696 632 568 494 441 425 435 425 425 410 406 413 414 418 404 384 366 356 342 324 303 293 285 276 277 278 279 288 304 322 340 353 355 350 343 333 332 337 345 363 383 400 416 423 428 422 404 386 378 404 448 494 539 592 660 676 692 701 711 711 712 704 683 641 605
342 354 364 357 316 303 285 246 219 206 203 207 212 218 231 247 272 290 316 351 381 415 467 518 536 543 566 591 615 589 537 571 645 687 688 695 686 648 571 484 434 433 430 412 390 386 389 392 387 371 354 331 318 305 296 279 272 273 273 274 278 288 310 338 369 394 403 401 392 380 367 355 344 338 336 345 359 370 378 382 378 371 373 401 437 477 523 565 631 675 711 726 738 740 744 742 727 701 655 608
346 358 372 361 318 308 295 257 218 205 204 209 213 220 229 246 270 291 314 345 377 418 465 514 513 508 538 567 547 511 526 587 643 652 633 647 674 660 599 525 458 432 418 389 365 364 363 364 356 339 312 294 284 277 274 269 270 271 274 281 292 316 350 394 429 445 449 445 437 423 410 396 380 364 354 345 347 350 353 357 361 377 402 436 475 511 545 595 650 683 721 737 756 765 769 768 752 723 677 626
348 363 372 352 320 306 289 259 226 205 204 208 211 223 231 245 269 290 317 354 389 438 484 491 469 479 532 533 487 504 540 578 605 602 600 620 649 656 603 543 490 439 404 383 359 347 339 331 323 305 282 274 274 268 269 269 270 275 283 303 329 370 419 455 470 476 478 474 468 465 453 444 426 402 388 376 365 361 361 373 385 413 445 478 508 537 566 616 656 691 721 741 773 793 798 784 766 743 695 651
345 360 361 336 319 311 285 252 226 211 205 208 214 226 244 250 257 285 317 352 393 427 440 434 439 470 506 480 472 488 511 523 538 553 573 601 627 635 591 538 492 433 387 381 357 327 307 298 288 273 266 265 265 267 271 275 284 299 315 343 375 413 447 468 483 493 499 500 502 502 496 488 475 453 436 418 401 386 379 404 427 451 479 506 532 556 578 618 654 689 723 745 772 786 791 787 775 755 721 680
339 352 348 334 326 318 283 252 220 209 206 210 219 230 252 271 261 273 306 336 373 390 388 399 420 443 463 438 443 459 473 493 515 543 570 593 605 590 509 433 422 401 378 373 341 306 289 275 264 265 269 272 274 282 289 299 314 331 353 377 412 446 468 485 498 509 518 522 526 528 527 526 518 505 486 467 447 429 396 427 455 478 498 520 543 564 581 611 650 679 714 736 758 763 766 775 774 761 750 729
341 346 344 341 339 326 284 252 221 212 207 209 223 237 241 266 276 280 291 308 324 339 357 373 385 400 412 425 444 463 486 513 536 560 581 596 585 552 458 404 397 372 368 345 305 288 270 265 263 274 287 296 294 304 312 330 349 366 398 429 461 484 504 519 530 542 551 555 559 555 555 555 550 543 529 515 496 472 442 417 457 487 507 527 550 568 579 602 640 671 690 707 723 742 760 767 770 764 761 762
337 339 347 354 343 320 273 246 225 215 212 207 221 245 248 251 274 294 309 333 350 359 378 382 394 396 399 415 435 462 496 534 559 575 567 563 550 532 446 394 372 356 334 298 272 266 262 264 275 293 300 306 312 325 341 366 396 419 452 488 515 533 547 560 572 582 592 594 596 593 589 584 576 569 564 553 540 518 489 445 446 483 511 530 552 572 585 597 623 649 664 678 697 720 747 763 771 774 774 776
337 333 339 339 327 301 262 246 227 218 214 210 214 240 253 254 269 298 321 343 374 385 395 405 412 422 432 437 451 477 514 551 564 553 543 538 527 510 422 369 344 317 292 263 258 270 277 280 293 306 306 318 329 350 381 414 455 493 526 553 574 588 600 613 624 632 636 636 632 625 614 602 597 593 590 583 569 550 527 497 451 466 504 525 547 570 585 597 611 630 650 671 697 709 725 750 769 775 774 773
325 322 311 303 311 289 279 255 237 224 217 210 211 236 246 257 264 294 330 359 383 407 425 436 443 451 467 480 485 503 523 538 531 519 512 511 508 463 371 336 306 279 262 257 257 277 291 301 313 314 318 343 367 389 425 475 518 554 588 615 634 645 652 657 660 657 655 651 641 630 620 611 608 607 608 603 589 567 553 533 497 460 496 519 538 559 574 588 605 625 649 674 693 703 710 722 745 753 753 757
313 312 304 306 301 296 275 248 234 224 217 211 210 227 246 261 274 288 325 358 374 387 406 421 436 449 467 492 506 525 514 497 480 480 489 477 437 373 320 291 266 257 255 256 263 284 305 319 320 331 345 376 409 443 484 532 572 610 643 668 680 682 676 669 660 634 621 611 604 597 593 584 581 589 608 610 598 581 559 552 529 496 481 508 527 546 556 575 598 622 649 671 688 697 704 710 718 724 731 741
326 326 311 311 293 286 258 246 242 232 225 212 209 218 244 263 286 289 307 330 348 372 402 419 433 448 455 479 502 517 485 463 460 451 437 399 345 296 269 255 254 255 256 259 282 299 330 338 345 357 379 413 454 500 545 586 621 650 674 685 685 681 666 627 594 574 563 559 555 546 545 551 554 561 574 586 587 574 552 543 533 520 505 489 504 520 534 562 586 610 633 658 675 689 698 702 704 706 715 722
313 314 299 290 282 281 262 256 249 237 235 217 210 210 235 259 275 297 321 343 362 377 404 422 442 465 469 477 479 476 445 426 410 384 350 312 273 255 253 253 254 256 262 275 301 327 350 354 356 379 411 447 492 547 588 623 641 652 667 669 659 641 601 571 555 544 529 522 510 500 502 503 512 521 533 543 547 547 540 532 523 527 528 518 524 537 546 554 570 596 617 640 656 675 688 694 693 689 689 695
313 319 312 306 302 293 269 276 258 240 228 219 216 212 216 245 269 289 330 360 391 412 423 442 464 485 488 468 450 429 404 380 347 303 272 256 251 252 252 254 260 272 290 300 327 351 366 371 374 404 437 477 527 574 608 625 635 638 640 635 621 590 558 541 524 510 493 479 463 456 450 442 448 446 459 478 485 499 514 513 518 525 529 537 545 557 568 582 596 612 627 641 652 667 674 687 690 686 670 667
316 332 336 330 330 316 293 294 261 236 224 227 230 214 215 242 264 282 318 371 400 433 445 451 471 491 464 431 415 385 355 323 276 254 251 251 252 254 259 275 303 346 356 333 354 379 386 390 404 427 461 505 550 583 603 609 617 618 612 596 569 547 532 515 494 474 452 435 417 403 393 389 387 389 405 416 431 446 465 484 503 512 524 534 537 555 569 584 602 626 651 667 670 672 678 683 687 683 670 657
317 324 331 336 328 316 299 291 255 232 222 227 234 217 214 242 258 273 304 359 402 449 472 478 474 471 441 399 367 330 295 278 257 252 256 263 269 274 289 332 372 416 383 359 380 388 393 406 420 447 482 516 548 572 586 588 590 585 573 556 533 513 502 484 452 428 403 384 367 353 350 351 354 364 365 373 394 404 427 443 466 484 506 519 522 543 562 578 600 625 659 670 670 674 681 683 684 685 676 662
329 331 356 350 339 340 315 296 256 235 225 218 218 216 215 233 253 260 291 343 393 428 446 458 463 449 412 366 323 286 261 255 253 257 277 295 294 306 346 397 408 410 391 378 392 391 408 415 435 463 490 512 538 555 563 561 558 552 540 519 491 474 450 424 394 369 352 348 343 349 352 363 364 371 368 365 366 373 389 404 421 441 472 493 509 532 550 563 586 611 634 662 670 670 675 675 676 678 674 664
342 342 353 345 349 352 335 307 271 241 224 220 220 219 219 219 241 248 271 316 361 398 408 420 430 410 376 325 281 253 252 264 273 285 298 315 330 359 392 406 398 378 377 386 389 400 424 419 438 462 485 500 515 525 530 527 520 509 490 457 432 406 383 360 343 337 340 340 350 370 377 402 412 422 420 409 393 382 374 375 386 401 428 453 481 512 528 546 566 585 600 630 658 662 661 666 656 658 660 641
337 337 339 347 358 359 352 317 278 248 223 223 222 220 219 217 229 240 251 284 323 348 364 387 388 366 338 294 251 268 276 283 294 314 334 366 395 399 403 402 391 378 379 384 391 406 410 411 437 461 476 481 485 488 488 480 463 435 401 380 365 348 334 332 337 341 352 359 378 413 442 467 476 485 478 467 446 437 417 407 394 389 404 417 444 476 503 531 547 563 575 597 626 639 642 642 641 634 634 620
337 342 342 357 357 361 358 318 278 243 224 225 224 221 217 224 234 239 240 261 290 314 325 331 331 305 282 259 249 274 294 313 330 353 375 390 394 387 393 398 391 383 385 392 394 388 391 417 430 442 452 449 448 444 433 409 378 354 342 332 329 328 336 340 352 361 377 407 447 490 521 531 532 531 527 516 498 488 469 467 452 432 413 398 404 434 470 506 528 544 554 570 587 607 624 635 637 632 622 614
345 359 353 368 360 363 359 332 283 248 228 226 225 218 217 223 233 236 240 243 263 282 291 284 276 269 261 249 267 293 314 337 357 369 367 361 361 366 377 389 392 382 380 368 373 378 392 411 413 405 418 415 404 389 364 346 334 322 321 322 326 335 347 357 372 393 426 473 521 550 561 564 561 558 560 550 535 526 518 511 500 486 475 453 429 407 432 467 501 525 536 547 565 595 627 645 637 635 616 620
350 355 352 359 357 362 368 339 285 248 238 226 224 219 218 218 220 221 224 226 238 257 258 255 247 239 244 264 289 300 311 329 337 333 328 330 337 344 353 360 365 360 351 347 360 365 381 391 386 382 389 371 349 337 329 322 318 321 326 333 346 355 374 391 414 447 490 541 577 597 604 604 596 586 575 568 561 545 537 532 527 518 503 492 470 437 416 423 464 497 514 530 557 584 620 647 641 627 619 613
360 364 348 354 359 358 351 333 279 254 241 229 232 222 222 220 219 221 224 225 226 229 228 231 233 240 254 263 268 276 289 305 318 315 305 310 328 343 342 336 340 348 346 333 341 355 367 374 374 350 342 327 317 321 316 316 323 331 339 353 371 392 417 447 478 517 563 603 638 665 679 679 665 640 613 597 587 576 562 555 545 535 523 516 500 473 452 440 427 460 487 519 541 564 588 629 638 627 621 599
353 359 349 353 365 371 362 352 297 266 250 232 236 232 227 223 223 221 221 225 228 232 233 234 233 238 257 259 251 249 257 267 274 274 278 290 300 303 307 310 313 319 316 312 321 332 347 347 343 326 310 315 320 330 333 339 346 354 370 398 421 446 477 510 545 574 621 673 715 741 753 749 734 711 681 650 629 614 596 577 567 549 535 527 513 501 483 465 435 429 460 498 522 540 555 585 612 610 605 597
350 347 347 353 371 382 370 362 325 270 249 233 231 238 235 228 226 227 228 230 232 235 236 239 240 236 238 241 250 245 246 250 257 268 273 270 276 286 291 300 297 293 293 298 308 311 322 316 309 315 327 334 338 344 361 371 389 405 426 451 480 507 538 574 615 654 681 737 761 779 788 785 774 752 732 711 686 658 631 607 589 568 545 529 525 519 506 487 459 436 438 468 501 520 530 547 569 585 597 597
349 349 347 357 371 374 359 342 319 275 253 242 231 240 241 239 233 232 229 239 231 247 241 240 242 244 241 243 247 250 247 244 246 250 257 255 258 267 277 288 292 282 291 307 312 297 295 310 336 352 366 370 376 381 395 411 435 455 476 502 534 568 602 639 687 735 759 774 787 795 805 802 794 779 759 740 725 710 683 646 615 580 557 538 525 525 515 506 479 453 439 451 478 504 520 528 540 556 573 578
355 355 349 352 366 354 333 312 288 273 253 247 242 236 243 239 243 245 232 252 239 235 245 245 247 248 245 248 256 263 252 245 246 248 250 253 255 262 269 273 274 274 282 289 290 294 311 342 368 381 395 405 407 411 436 458 481 506 533 562 595 629 660 700 748 784 791 790 797 802 808 808 804 795 782 765 746 731 714 685 646 610 571 543 525 526 524 509 482 474 459 446 451 475 500 514 523 533 543 549
352 364 361 349 361 342 325 319 296 291 267 244 242 237 235 243 252 251 238 249 244 247 247 247 250 252 255 260 257 261 258 247 247 249 250 252 255 262 266 267 270 285 297 297 297 310 324 355 392 405 407 417 425 442 466 497 526 554 580 605 635 666 713 760 784 803 801 793 797 798 799 801 801 801 796 784 766 744 724 702 670 632 593 556 522 517 519 503 491 488 472 453 446 457 469 494 516 522 522 524
364 361 357 360 360 347 345 328 300 305 290 252 252 245 235 240 247 257 242 257 248 269 259 260 257 259 262 266 265 265 262 256 253 250 251 252 253 256 260 272 279 283 295 297 313 333 342 363 385 397 411 430 451 473 502 527 552 580 603 626 654 688 751 775 783 793 791 783 786 790 797 798 797 800 798 790 777 756 736 714 681 642 603 568 530 506 511 504 490 490 486 461 467 463 458 468 482 502 510 505
376 375 363 369 364 353 351 338 326 334 319 270 257 253 249 239 241 243 246 257 263 283 272 281 287 284 284 273 278 284 289 285 268 260 260 262 259 258 257 265 275 288 295 308 324 346 360 378 404 416 415 420 445 476 504 531 560 583 607 633 661 694 752 773 778 783 781 775 771 781 788 792 793 791 790 783 773 759 737 717 690 651 609 577 533 508 498 487 480 476 475 482 489 481 473 464 461 469 482 494
391 385 387 388 383 371 360 354 342 342 340 314 288 261 245 241 250 252 258 264 276 299 307 312 317 317 313 312 314 314 313 304 297 279 272 273 269 266 265 263 276 299 309 319 336 346 367 379 402 422 417 422 445 470 494 519 552 581 603 626 657 690 748 771 772 775 775 758 741 773 778 776 777 778 774 761 756 753 736 709 682 645 606 576 533 508 500 482 473 481 496 502 499 496 480 474 469 467 465 461
387 391 413 417 401 385 371 365 357 347 346 349 348 302 250 239 254 269 276 287 298 317 344 368 382 391 387 374 372 359 342 335 322 312 298 288 285 281 277 272 273 282 295 313 328 344 371 385 392 411 421 434 445 465 477 497 531 566 591 615 645 679 726 766 773 768 758 723 726 757 765 748 756 761 752 739 733 730 720 694 664 628 588 560 534 521 495 473 479 486 503 509 507 505 500 480 489 470 450 450
393 394 408 417 414 402 393 372 362 362 362 365 366 322 269 243 259 270 293 308 331 359 393 425 448 472 478 463 463 427 382 375 354 335 324 308 300 293 293 283 270 289 296 298 312 329 360 387 388 400 410 417 431 454 471 493 515 548 581 608 639 676 720 760 768 758 726 687 711 730 736 727 717 725 721 714 710 708 699 682 654 615 582 545 520 505 497 481 475 501 521 526 522 518 510 503 499 473 452 441
398 404 422 427 433 419 405 384 380 372 377 379 373 340 283 248 263 272 298 322 339 376 419 451 476 513 552 542 522 457 433 465 425 375 347 332 328 318 310 292 271 286 301 311 313 315 344 364 372 373 389 401 426 450 472 493 520 550 581 611 644 683 727 763 767 755 724 673 681 702 708 704 692 698 694 687 682 683 684 663 633 602 561 530 530 503 487 477 482 507 538 545 540 524 509 495 481 467 457 449
389 411 426 428 439 429 408 403 391 386 397 395 384 337 279 251 270 271 292 316 336 370 421 472 511 550 587 597 538 477 493 541 524 451 390 361 351 348 334 307 283 272 287 304 329 331 333 343 351 370 398 413 436 457 472 488 519 549 579 612 646 689 740 768 769 757 737 693 648 665 677 671 665 673 669 665 658 660 659 644 614 583 553 518 518 496 488 480 494 524 560 570 557 527 489 474 464 456 453 450
382 409 433 434 440 431 414 401 388 401 423 417 381 319 266 254 277 290 288 306 331 361 400 441 472 505 556 591 565 514 535 572 582 516 427 403 382 376 365 339 313 297 276 295 321 340 358 378 393 385 404 431 443 466 471 488 522 552 576 608 643 684 740 769 771 761 742 707 653 627 639 639 635 646 640 635 632 629 628 611 579 547 530 513 515 495 483 491 507 540 571 578 570 544 509 480 464 460 450 453
378 400 424 438 437 431 414 399 395 416 436 423 371 309 262 259 288 307 300 300 321 345 363 389 417 453 503 545 574 564 557 578 574 506 448 457 437 440 424 383 340 302 279 294 318 335 354 379 395 402 402 434 451 469 476 491 523 553 573 601 634 675 731 765 769 764 747 715 687 641 607 605 610 623 614 606 603 590 583 559 529 525 512 504 506 494 489 501 527 557 573 582 570 533 489 474 464 449 453 468
378 392 416 437 443 428 416 413 405 416 417 396 348 299 254 262 285 316 315 311 337 371 390 384 382 398 432 473 525 579 589 599 574 505 527 544 500 512 508 446 370 308 288 296 301 316 332 358 377 399 403 418 445 461 477 496 522 549 577 598 624 661 711 746 759 762 755 739 714 682 637 588 583 588 578 574 567 550 541 530 517 513 512 499 497 497 509 527 552 570 585 594 573 527 486 477 465 450 459 479
380 391 409 425 440 427 427 426 413 396 377 355 324 287 250 275 285 312 316 324 347 379 426 442 431 411 431 448 489 570 622 627 601 549 599 604 550 550 547 474 374 319 316 297 312 322 332 340 354 378 393 414 430 447 469 490 511 536 565 592 615 643 679 717 737 747 750 746 720 683 636 593 559 553 552 554 545 538 530 519 515 515 513 516 516 513 533 560 590 605 599 583 567 516 482 475 459 456 468 499
374 392 407 418 426 429 440 445 430 410 381 353 316 279 250 277 290 302 316 327 348 381 434 489 524 474 484 533 527 551 637 660 624 568 614 623 574 527 504 423 339 350 348 306 291 314 341 352 361 363 380 409 426 447 463 485 503 526 560 586 602 625 649 683 714 731 735 734 707 661 614 582 555 540 549 557 553 553 541 535 533 538 539 547 551 553 578 608 621 621 612 577 550 510 480 468 462 466 476 511
367 378 392 415 420 426 442 448 437 436 398 359 310 266 253 275 291 303 312 327 355 381 431 497 572 556 542 595 636 629 679 704 656 609 607 619 540 452 421 374 351 383 385 337 286 304 338 361 373 379 385 392 419 446 462 482 500 517 544 580 600 611 628 653 682 704 714 711 675 633 599 571 542 539 565 577 579 569 561 565 565 572 579 587 597 599 620 634 623 619 607 563 516 493 481 463 462 474 498 536
358 370 387 410 426 434 428 418 406 415 401 363 307 258 269 277 284 299 309 331 356 383 423 474 547 606 631 641 659 665 692 720 712 676 638 580 488 419 397 387 385 438 437 376 302 294 325 353 371 383 398 403 412 441 461 475 494 508 527 555 586 605 617 633 654 674 684 676 641 602 582 549 531 563 585 594 593 579 580 589 603 617 628 637 639 627 638 639 624 604 583 542 504 488 480 465 465 485 521 566
356 368 386 398 425 428 417 393 366 371 365 334 297 255 256 266 278 291 306 334 354 376 407 444 505 588 623 574 546 555 581 648 717 720 688 564 474 465 502 470 407 478 483 423 327 290 316 344 367 385 402 414 422 435 448 467 484 500 516 536 560 590 606 619 636 654 659 643 608 581 553 521 552 585 600 603 595 585 600 621 644 657 662 664 658 640 636 633 625 592 552 520 492 486 465 467 475 503 547 577
364 369 374 382 397 406 394 381 358 343 332 313 284 257 258 276 283 287 302 334 359 385 414 441 496 564 548 477 511 564 601 647 682 674 695 605 498 524 588 526 431 492 513 450 357 294 310 339 371 392 404 416 426 432 422 441 462 479 500 521 545 575 599 608 619 632 634 607 583 559 517 532 576 600 606 603 595 601 626 655 678 688 682 677 662 643 634 615 600 581 541 506 484 481 470 469 491 526 567 598
369 366 364 368 378 382 382 383 364 333 305 291 267 254 262 285 304 304 296 319 355 390 441 463 472 504 469 462 550 620 643 628 616 609 678 611 511 565 622 536 449 516 533 465 383 303 300 326 356 386 400 416 425 419 420 448 470 482 497 516 541 568 595 603 604 605 600 581 557 519 514 553 587 602 605 601 606 623 658 698 716 717 702 687 663 642 636 619 576 546 519 494 482 470 470 482 514 547 580 612
367 367 359 357 364 369 375 382 373 334 291 260 269 268 276 290 313 320 326 308 328 371 406 420 423 430 419 479 565 605 556 520 544 590 673 629 554 623 625 540 479 561 551 464 394 318 297 315 337 365 390 407 414 401 425 443 466 488 500 516 535 554 576 589 588 583 571 551 514 499 535 569 591 597 592 600 622 650 697 736 749 744 715 687 662 631 616 601 567 530 507 496 488 472 481 500 534 567 598 626
359 363 353 350 356 363 370 378 379 328 277 274 288 282 298 310 329 339 351 343 325 328 348 357 364 374 413 471 519 528 472 534 602 639 686 681 625 687 641 539 555 616 591 494 406 342 301 310 330 342 368 385 394 403 426 443 464 484 500 513 523 539 552 566 570 556 539 506 486 520 549 573 581 578 592 618 649 690 736 762 777 751 700 673 652 624 606 579 544 515 500 491 484 479 490 516 549 580 612 637
338 344 341 330 348 358 356 349 337 290 268 296 304 289 299 317 333 348 366 386 372 349 338 385 393 385 392 407 426 441 454 492 571 670 751 761 721 751 663 625 649 678 613 507 422 364 312 303 334 349 355 361 370 386 410 437 454 478 497 510 519 527 535 541 537 520 492 463 502 532 550 561 561 582 616 653 694 730 769 775 779 722 683 655 634 621 589 557 528 507 493 486 486 491 508 531 563 588 615 653
322 325 321 317 323 338 338 320 298 262 277 297 304 301 300 315 329 348 375 424 436 407 349 391 424 447 455 463 471 497 541 557 563 618 726 801 793 786 746 727 740 728 649 552 455 394 326 302 325 360 381 384 389 400 399 415 439 469 485 503 516 523 522 520 507 483 449 480 509 531 542 548 573 612 652 697 731 767 786 785 745 689 670 648 620 595 572 544 518 501 495 498 490 502 519 547 574 598 630 663
326 330 336 323 315 309 311 301 287 267 268 289 302 305 306 314 329 350 379 425 474 461 374 357 396 438 459 469 480 534 600 652 683 715 772 783 768 782 794 794 789 733 649 560 474 426 340 305 321 355 386 407 420 424 418 418 425 453 474 491 501 510 509 496 467 440 464 485 502 525 545 569 604 639 689 724 764 794 799 783 709 677 655 635 609 584 555 528 504 496 495 500 502 509 530 558 583 610 646 674
349 357 348 337 326 313 300 282 285 286 268 267 292 306 313 319 326 348 376 413 451 474 424 366 394 408 430 457 490 505 529 602 696 781 804 778 735 763 765 776 708 667 595 525 462 420 338 308 314 351 379 405 429 440 448 446 439 441 457 469 474 482 480 466 431 435 455 467 496 535 565 595 623 654 702 735 788 808 802 733 685 672 643 626 595 569 542 509 493 494 502 509 515 524 547 569 595 620 654 681
359 361 363 361 346 321 302 295 303 296 285 268 270 303 315 326 334 348 378 424 473 509 482 394 407 463 503 540 588 611 565 574 636 736 783 776 738 709 720 739 607 563 551 511 424 369 320 309 315 347 374 396 423 440 454 466 458 440 441 441 450 454 443 427 417 438 457 484 518 551 579 611 635 675 718 748 798 810 769 702 678 661 637 614 584 557 531 498 486 500 509 513 520 536 557 579 606 637 662 688
369 365 366 366 352 323 315 312 319 315 300 279 269 308 325 334 345 361 372 407 463 519 523 440 387 432 502 581 664 695 633 619 706 776 788 749 725 698 693 706 563 516 503 450 372 329 319 320 318 334 360 381 408 427 446 466 470 445 431 423 428 423 404 409 419 443 472 508 533 562 594 622 643 681 719 740 774 783 731 701 668 643 622 606 579 548 512 483 484 504 518 529 537 548 565 585 612 642 668 695
373 365 362 356 340 317 328 324 336 332 315 286 276 308 327 341 360 381 394 395 428 482 522 456 428 410 458 549 657 732 713 712 765 802 807 785 737 681 657 668 526 445 409 374 339 334 341 350 354 334 330 350 383 413 430 443 452 438 415 409 402 392 406 429 450 473 484 497 530 558 585 611 633 665 699 730 746 750 715 678 647 622 602 596 570 541 497 472 478 505 529 542 551 563 572 584 613 642 674 698
360 348 347 350 321 328 338 337 350 351 336 291 280 315 338 350 376 414 435 433 432 473 509 463 486 475 440 526 635 730 768 772 768 763 794 802 769 729 669 638 518 406 373 365 357 363 378 404 406 364 352 336 346 392 416 426 426 406 383 382 382 401 428 451 469 493 515 533 522 542 575 604 639 658 681 714 737 735 691 657 628 607 593 575 566 534 485 458 470 505 537 552 559 580 596 587 609 643 674 699
346 356 367 342 330 349 362 365 361 362 349 294 286 316 339 354 384 442 486 497 486 500 531 496 538 552 471 488 579 685 758 761 714 696 751 798 783 737 687 630 530 429 419 420 415 423 443 473 446 374 383 380 335 365 400 408 395 369 373 404 418 429 442 459 476 500 528 555 566 564 598 633 667 693 730 741 742 725 673 652 654 640 607 579 555 522 473 450 462 498 542 559 568 589 606 611 607 639 668 697
361 384 374 359 351 361 365 378 378 368 352 294 284 312 334 356 383 429 468 490 544 581 598 554 594 622 540 501 604 666 729 725 658 690 763 792 793 762 693 653 564 525 559 557 526 514 510 503 438 368 417 419 349 343 369 378 362 361 397 423 440 441 451 463 480 502 535 560 580 592 609 647 684 717 750 759 756 738 691 712 695 662 625 587 565 530 478 448 453 483 540 560 574 599 613 623 624 629 652 687
373 389 382 375 365 373 385 394 396 386 353 299 277 318 335 357 381 401 424 490 532 613 689 655 662 678 583 530 633 730 740 691 619 679 760 768 740 761 690 643 583 608 673 678 656 622 550 487 415 376 451 465 389 345 348 350 349 367 397 423 442 451 455 464 477 502 540 568 586 608 625 654 690 730 757 787 787 757 726 752 741 688 646 599 567 538 487 449 441 460 519 563 572 600 619 636 639 630 651 681
381 395 392 383 381 383 399 411 406 392 356 316 273 304 346 374 418 449 457 486 578 637 716 737 748 704 599 581 668 746 718 655 597 673 742 705 681 733 663 607 568 611 680 721 674 598 520 451 396 396 480 504 440 368 379 391 389 371 377 411 434 449 456 462 477 502 542 572 590 613 639 664 693 730 759 800 817 788 766 784 782 719 666 611 573 546 501 455 436 440 475 555 573 598 624 645 656 639 654 683
392 414 406 394 388 393 402 423 429 401 367 326 283 286 353 403 446 520 552 543 602 678 696 673 737 734 675 687 689 705 704 652 577 651 697 628 678 707 625 568 574 661 719 711 632 551 492 437 394 425 509 534 479 414 374 411 419 411 371 395 425 441 455 464 476 499 533 568 589 611 637 662 691 720 756 792 824 823 818 823 817 743 679 622 583 558 525 471 436 436 446 517 571 591 622 648 670 657 655 686
407 426 424 411 402 402 414 441 463 435 376 331 284 286 361 430 497 563 619 605 617 667 640 648 718 760 759 750 696 630 650 644 562 615 649 599 672 686 610 547 590 681 757 712 615 542 487 438 410 456 534 557 507 444 392 404 432 429 382 386 411 437 454 464 478 498 525 562 587 607 627 654 679 710 743 772 816 832 836 835 836 752 690 643 598 572 548 496 450 429 436 487 556 584 613 641 674 677 666 680
427 432 441 432 418 413 427 456 471 462 387 327 280 304 364 442 544 593 608 569 575 641 605 648 700 690 695 727 716 624 606 659 579 566 570 594 666 657 582 540 629 717 747 651 568 533 484 435 426 475 541 587 565 495 430 392 437 443 409 380 401 429 447 460 475 495 519 548 580 593 611 637 664 694 722 751 783 820 840 839 829 748 714 662 618 586 569 522 466 428 432 471 523 568 596 628 666 696 683 691
448 445 457 456 434 426 433 434 422 420 368 311 277 318 364 425 499 548 523 505 530 608 591 632 662 624 638 707 712 608 578 657 615 533 540 616 670 657 578 544 650 716 672 616 553 508 468 435 447 486 529 590 613 552 463 403 435 455 446 407 386 412 434 448 467 485 510 532 559 574 590 615 649 678 703 728 755 782 816 836 840 798 742 672 629 593 582 550 481 432 427 459 503 539 570 604 641 710 718 717
484 464 488 490 454 443 438 407 380 367 330 287 295 331 368 409 468 502 457 450 448 499 555 611 609 601 659 679 699 610 552 641 634 527 550 627 678 679 592 541 646 649 599 639 604 531 490 457 467 507 543 585 619 575 485 413 432 459 465 437 403 391 418 437 458 473 495 518 538 559 582 601 629 666 690 713 730 755 770 787 816 827 750 669 628 602 594 576 499 440 419 445 489 517 545 587 633 723 742 748
521 502 536 540 496 484 455 390 342 320 290 282 320 352 400 429 434 416 395 401 457 473 505 586 571 614 644 637 684 616 533 588 592 510 579 668 677 657 582 527 603 570 584 659 680 596 526 472 481 519 545 569 591 553 476 418 445 470 471 458 430 399 402 425 444 472 501 531 543 561 578 595 617 657 681 705 717 726 734 744 769 793 716 652 627 613 607 590 513 446 415 431 471 500 537 579 617 691 760 768
555 551 584 583 554 526 460 366 319 290 281 304 329 364 396 374 375 392 416 439 493 574 537 545 575 643 643 619 663 638 539 510 521 496 590 682 682 614 553 509 526 524 550 585 646 644 579 510 483 517 534 541 549 537 479 428 466 497 510 505 470 427 403 415 437 464 496 539 566 566 574 589 612 640 674 693 701 707 700 703 725 755 697 645 626 624 602 564 512 451 418 422 455 494 532 571 610 663 737 775
604 598 589 514 474 462 397 332 300 278 316 340 327 339 351 388 437 478 510 529 555 607 598 541 567 631 632 596 618 648 621 571 496 482 557 659 704 665 584 504 536 580 596 610 620 644 621 555 501 509 522 517 508 503 493 444 491 541 576 595 548 481 425 407 424 451 487 539 574 583 579 590 611 627 652 677 683 677 654 666 694 720 713 643 619 596 567 537 505 447 415 415 446 484 527 569 610 656 714 788
607 563 519 426 400 381 347 309 282 306 347 391 384 351 377 432 498 576 609 631 646 635 597 550 561 618 641 585 638 699 695 619 506 474 550 634 670 646 580 501 563 642 687 716 690 650 609 567 526 526 532 528 521 505 480 453 510 583 619 629 629 564 474 420 417 438 477 520 558 584 586 590 609 617 625 638 652 653 610 637 669 691 707 649 606 575 564 540 506 443 412 412 437 479 523 557 595 650 729 797
