# 100 100
622 616 602 597 591 579 565 550 534 511 494 494 517 534 539 539 538 550 575 585 593 594 590 586 575 560 547 534 514 491 480 474 465 467 460 456 451 446 449 440 432 433 435 440 443 445 443 438 435 430 424 418 411 406 404 405 404 398 390 385 382 383 380 372 363 363 371 374 369 375 390 411 417 427 433 441 438 432 428 425 420 414 407 396 390 387 383 382 375 366 359 351 344 336 329 326 321 315 310 304
634 629 619 610 594 578 561 550 531 505 506 507 519 547 559 557 559 563 583 593 602 603 599 594 583 566 549 534 514 502 488 475 471 476 477 472 459 456 453 443 436 433 433 433 425 421 413 407 404 402 399 401 395 391 392 390 393 398 387 377 373 373 374 371 363 356 359 366 370 373 382 407 414 426 432 435 442 439 434 430 422 413 412 407 394 380 371 365 359 357 348 344 340 335 332 328 320 316 313 311
644 638 626 610 593 577 555 543 528 518 528 529 520 548 569 576 579 585 596 603 611 608 599 590 584 570 554 539 528 521 507 494 483 487 496 486 460 460 463 459 449 441 445 445 446 441 438 435 428 423 415 414 411 405 400 391 382 377 374 371 369 368 370 373 365 354 353 359 368 369 372 392 403 420 429 427 434 438 433 425 419 416 411 404 395 385 375 368 363 353 347 341 334 329 327 323 319 318 316 314
647 640 627 607 592 580 561 540 527 537 546 546 540 547 567 582 590 598 606 611 616 615 604 594 582 569 556 544 533 519 505 495 498 502 505 490 468 461 459 463 460 449 454 460 466 471 469 463 458 452 443 439 427 414 405 392 385 383 379 377 373 364 371 373 365 356 352 353 363 365 368 382 389 415 423 425 425 417 413 412 412 413 412 412 409 400 386 377 373 362 349 340 334 331 328 327 327 329 324 318
648 641 625 602 580 567 554 541 545 559 565 564 565 566 569 582 595 604 613 619 618 614 601 592 580 565 552 538 523 516 509 509 519 514 494 485 490 479 466 462 465 457 450 462 482 485 486 483 479 479 471 459 433 408 404 404 398 386 380 388 383 368 368 371 365 364 361 359 350 360 363 360 364 386 399 402 395 383 393 408 415 414 407 401 394 379 366 363 365 362 361 354 350 347 341 342 345 333 329 330
640 637 618 600 581 567 557 562 560 574 575 578 583 586 586 590 598 605 613 621 625 616 596 583 573 567 562 552 542 533 529 528 535 521 497 494 497 493 477 470 472 467 455 458 483 492 497 496 490 481 468 454 435 418 408 401 399 401 392 381 378 369 363 367 359 354 351 350 345 343 342 350 351 358 367 380 370 367 387 405 409 404 400 401 395 373 366 366 364 363 363 361 359 353 349 353 351 346 347 349
633 630 617 604 592 585 575 576 575 571 572 581 590 593 594 596 599 603 609 615 619 617 602 592 583 577 570 561 558 547 540 542 543 534 514 509 505 505 494 481 484 488 477 465 477 494 499 497 491 483 474 468 449 436 435 432 430 430 416 390 384 380 371 370 365 360 361 362 357 352 348 346 344 333 346 363 364 377 390 400 406 412 407 400 390 381 380 373 370 368 365 363 366 369 369 363 358 359 361 353
634 634 623 612 604 593 584 576 570 562 559 565 573 579 581 586 591 595 600 604 611 614 610 606 600 591 580 569 565 558 552 546 535 533 528 514 504 513 511 498 499 497 488 481 487 501 501 497 492 488 487 477 462 458 453 448 441 427 412 400 387 387 392 388 374 366 368 368 360 353 354 352 347 337 328 346 375 400 406 414 422 418 411 397 390 390 392 393 393 392 384 386 385 381 372 369 369 368 365 361
635 639 629 618 608 592 577 561 550 540 536 547 552 556 566 573 577 580 584 596 603 614 618 614 608 598 583 572 564 558 552 552 540 537 531 517 502 511 528 519 511 509 506 500 505 516 514 506 496 491 487 478 472 471 465 458 443 430 429 422 405 393 392 390 381 371 371 369 360 360 354 352 355 347 326 338 364 395 403 405 418 419 407 398 399 403 404 404 402 398 397 395 397 391 388 389 385 383 385 377
625 637 632 624 614 602 586 568 547 525 513 523 534 540 551 557 555 557 565 591 598 605 610 610 604 596 587 574 565 562 553 553 544 533 522 513 500 507 530 528 525 520 517 515 515 519 517 512 502 493 485 474 467 458 457 452 444 443 445 438 423 413 411 398 385 374 371 366 363 364 354 349 354 350 325 340 355 384 398 403 403 400 400 406 410 408 407 406 405 405 405 404 404 406 409 398 394 393 391 382
607 621 622 616 607 598 585 567 549 532 509 504 516 529 539 542 534 540 559 576 583 586 592 597 590 583 578 569 560 552 545 538 533 524 514 505 491 494 523 525 528 527 524 518 513 510 512 508 501 492 479 471 466 465 460 458 457 451 444 433 427 427 419 403 387 380 382 373 361 361 344 347 354 349 316 317 343 367 392 409 398 385 385 392 400 405 409 403 404 407 408 406 411 421 416 402 388 385 386 385
590 599 595 594 600 595 581 565 547 529 508 489 503 521 532 534 525 520 538 555 559 567 572 575 574 563 555 555 549 542 534 526 514 512 511 500 490 480 504 515 515 518 516 515 512 505 499 496 490 487 481 477 470 461 454 457 460 460 451 441 437 434 429 417 400 385 383 376 354 355 343 348 354 354 341 336 317 344 373 383 374 365 371 379 385 397 397 393 397 404 403 400 409 412 417 404 384 377 380 382
570 571 568 578 588 591 582 563 541 523 502 482 487 503 514 519 514 500 511 523 524 532 543 544 550 543 533 543 533 526 519 508 502 504 504 490 483 473 483 490 490 501 509 509 506 498 489 484 476 465 457 454 447 442 442 445 448 455 451 439 431 429 426 419 403 379 371 362 352 353 342 330 330 338 338 336 310 325 348 349 353 346 360 355 363 379 375 382 392 397 392 389 392 391 402 402 379 368 368 364
548 542 546 564 578 586 574 556 542 529 508 489 469 475 487 497 497 489 483 498 495 500 515 519 523 515 520 527 519 507 493 481 483 501 494 478 464 458 463 472 470 472 484 493 500 500 490 484 476 465 456 453 450 443 434 441 442 447 442 426 415 407 408 402 397 393 374 366 368 360 351 342 330 318 325 323 304 301 327 329 323 330 340 336 347 362 361 365 376 383 380 369 366 370 381 375 353 348 344 340
530 516 532 546 561 567 568 553 538 515 500 491 474 453 472 485 483 477 464 469 470 473 486 490 492 487 497 506 510 504 486 473 478 491 491 480 468 463 458 450 454 455 464 479 486 492 485 478 475 470 463 452 438 432 422 427 427 437 435 419 405 397 397 404 413 397 378 389 380 365 343 328 320 312 321 317 305 293 306 310 312 308 321 324 343 349 355 359 371 377 370 355 348 351 360 344 329 321 327 326
528 507 517 530 539 552 562 551 527 501 488 483 475 447 470 479 483 479 465 451 446 448 451 460 462 458 463 480 484 480 469 470 485 489 486 484 484 481 466 452 439 433 440 463 481 486 485 479 475 467 458 442 433 422 420 408 407 419 420 411 404 402 408 407 405 395 396 391 380 366 347 331 336 330 308 304 300 292 288 291 294 301 308 319 325 338 353 369 376 363 347 340 333 339 345 329 310 302 310 305
537 517 499 507 516 545 556 551 526 497 465 451 451 435 455 466 476 478 474 468 459 435 427 431 438 442 447 456 459 450 438 453 481 490 486 481 480 478 467 453 445 438 427 437 463 479 481 471 463 455 450 445 433 429 419 403 390 389 400 396 408 415 410 406 396 396 400 391 382 373 358 354 355 349 313 306 298 296 290 285 284 288 310 315 316 329 344 360 359 348 344 335 325 323 328 314 306 295 294 289
540 524 506 489 504 531 549 551 533 499 461 440 421 421 438 449 456 467 469 471 471 453 427 414 415 423 439 447 447 431 436 462 480 491 486 480 469 450 444 441 440 439 433 419 438 460 465 459 454 448 433 421 421 415 404 400 396 385 369 379 413 415 401 386 378 378 393 384 384 373 361 360 351 331 325 329 315 321 317 308 300 289 289 295 311 320 342 347 350 346 340 328 314 306 303 291 286 291 298 284
538 526 512 496 485 511 538 553 528 493 461 441 419 411 421 427 432 444 446 463 465 454 440 427 413 405 408 415 417 411 435 460 479 492 493 491 480 456 442 435 434 430 423 418 403 432 450 453 453 446 438 435 433 424 407 395 388 382 372 362 401 402 391 377 366 368 379 377 370 363 351 346 335 344 352 354 342 338 340 332 322 311 293 282 286 309 323 331 343 342 331 312 296 286 281 278 278 279 277 270
533 529 522 510 483 489 520 541 523 493 468 443 428 410 406 410 410 419 428 444 453 455 446 436 430 419 409 406 406 404 424 454 481 492 494 488 477 464 453 437 425 420 415 405 394 411 429 449 454 458 454 451 449 438 415 394 374 367 366 356 391 400 390 378 370 369 365 364 358 349 339 336 340 357 367 365 358 354 352 346 340 335 324 301 276 298 310 308 323 329 310 301 291 278 273 280 282 278 270 262
526 524 515 504 484 476 507 519 504 487 467 447 428 413 401 399 402 403 409 425 444 449 449 441 436 431 426 420 416 416 412 449 475 492 493 487 483 477 463 452 434 415 403 390 399 400 426 445 454 458 455 449 442 434 411 391 373 359 354 348 380 395 387 381 382 383 383 381 367 347 336 334 337 344 359 366 364 357 348 337 329 326 316 301 277 280 292 292 305 303 298 297 278 269 267 270 267 262 257 250
517 519 510 493 469 471 491 496 490 479 466 446 429 420 411 400 398 399 398 406 428 438 446 442 433 424 426 422 414 419 400 433 468 486 488 488 483 471 464 458 436 417 408 397 383 396 425 441 447 455 459 454 445 431 410 392 374 356 339 338 363 382 382 385 391 392 388 375 356 344 341 343 342 341 345 356 355 349 343 336 321 315 317 304 280 271 269 271 281 281 284 278 268 263 260 258 254 251 249 250
505 511 506 495 477 457 470 478 474 468 463 459 454 443 429 418 410 408 411 396 394 413 426 433 431 420 423 415 405 402 389 423 446 464 475 482 476 460 453 438 423 411 405 399 387 389 429 442 446 456 459 454 445 420 402 385 371 353 331 338 354 366 371 389 393 378 369 364 359 355 347 341 337 334 350 353 353 351 343 335 329 319 308 298 288 287 285 273 268 268 264 262 259 255 253 251 250 250 251 252
492 500 497 491 475 452 451 472 486 490 482 476 471 461 444 436 432 424 422 413 398 390 393 409 416 413 404 406 396 377 379 411 425 450 463 466 459 451 440 433 420 408 402 398 384 382 426 438 445 454 453 441 426 416 400 382 356 339 326 325 340 343 362 378 375 377 375 364 361 348 333 334 331 328 348 357 354 349 349 349 346 338 326 313 299 290 283 274 267 261 257 257 257 254 251 251 251 257 266 265
479 487 488 482 468 451 442 464 490 498 494 487 482 478 466 464 458 453 443 429 417 403 392 383 391 388 381 380 374 360 374 390 402 427 444 438 432 433 432 423 410 406 397 393 379 381 422 428 429 433 426 416 411 409 394 369 362 344 323 313 321 323 336 351 360 366 362 355 343 330 325 326 325 328 341 350 343 345 348 349 346 339 333 324 317 308 299 290 279 277 268 255 255 253 252 252 264 285 288 285
463 467 473 470 457 443 435 457 487 500 496 490 486 481 477 480 478 473 461 444 426 409 400 388 374 368 363 361 361 351 358 378 395 411 426 419 408 405 406 403 396 391 389 392 362 394 419 424 423 419 416 416 410 394 381 375 363 345 329 310 310 315 316 314 316 330 342 337 331 332 317 305 303 325 330 329 331 335 340 344 342 341 339 335 327 320 312 293 279 271 260 253 253 253 253 260 279 292 289 288
448 448 452 451 445 434 432 455 483 497 496 491 485 483 483 483 479 471 459 445 432 413 398 389 389 389 389 392 385 370 345 370 389 395 397 393 384 381 374 376 362 354 358 357 360 410 414 417 420 409 400 400 397 386 370 356 344 332 321 310 300 300 305 296 295 306 305 303 308 312 301 289 280 293 315 320 322 320 328 330 329 323 319 318 312 306 301 287 264 257 253 253 254 255 261 273 291 295 300 295
456 445 438 434 429 426 442 462 483 499 501 496 491 486 480 476 472 464 451 441 431 420 422 419 409 406 398 393 381 369 346 354 372 375 377 379 370 374 367 354 347 339 334 331 369 398 399 407 410 398 394 398 397 386 380 370 356 343 333 323 317 315 303 296 288 298 297 288 284 290 286 288 285 270 279 295 305 306 312 313 319 315 299 291 283 278 276 272 264 256 254 254 254 256 267 279 297 307 305 299
470 462 456 444 431 423 438 462 488 504 509 505 497 492 490 487 479 468 454 446 438 441 437 432 427 419 406 390 379 364 349 338 347 353 352 353 349 355 346 347 347 337 327 323 350 376 379 390 391 390 391 392 392 391 389 384 378 367 352 338 334 329 316 295 279 281 278 273 266 266 269 268 267 263 266 275 275 278 297 300 297 292 283 276 274 268 259 259 261 255 254 257 263 257 263 282 300 311 307 296
484 479 463 450 439 432 427 453 484 503 514 513 508 502 499 490 478 467 455 444 441 449 440 425 421 417 402 382 364 351 344 332 332 338 337 326 325 336 334 337 341 339 327 319 326 343 360 375 383 386 391 395 389 386 387 398 398 388 369 353 338 323 306 294 282 268 266 265 265 265 264 263 263 263 262 261 262 261 265 273 271 268 264 258 258 258 258 257 256 255 263 281 278 260 264 283 297 307 311 314
476 476 473 461 451 440 424 444 471 495 504 507 507 506 502 491 478 470 460 447 443 444 436 420 402 394 387 369 361 361 358 343 327 328 329 319 318 320 325 322 321 320 322 323 318 321 346 367 386 385 389 392 385 383 385 392 399 394 379 355 328 311 302 291 274 268 272 275 272 270 267 267 273 277 274 274 276 276 266 260 261 260 259 259 259 257 257 256 256 264 295 301 285 264 263 273 285 314 330 322
441 443 446 444 436 429 425 432 458 486 490 489 491 496 501 494 491 481 466 454 440 432 418 410 392 381 378 378 380 378 364 354 351 339 338 336 330 321 318 318 318 318 318 323 319 318 333 351 368 368 376 385 380 378 384 389 390 388 372 341 318 304 292 280 269 279 288 291 293 291 285 281 285 291 292 284 279 277 277 269 265 264 262 260 259 257 259 267 269 274 299 309 298 275 262 265 279 309 328 327
440 435 422 417 411 411 407 424 440 471 484 477 473 475 487 491 488 485 470 459 457 446 429 415 406 408 409 405 401 392 371 370 376 372 367 358 353 346 329 326 325 321 318 318 318 318 321 334 343 348 352 366 364 370 381 383 383 377 354 321 298 285 280 272 277 294 314 320 316 311 314 306 301 311 309 297 289 284 281 283 283 273 270 269 267 270 274 278 280 285 317 331 309 288 276 267 276 310 331 329
468 458 448 436 427 428 409 411 427 450 472 474 465 460 473 481 487 477 472 468 459 448 439 430 423 422 423 416 403 390 378 378 377 375 369 364 360 344 341 349 348 344 339 329 321 318 318 320 324 333 336 340 350 358 371 376 370 350 322 296 285 271 269 267 284 309 332 342 337 340 342 334 324 330 324 323 312 309 309 306 292 285 296 298 296 296 292 290 298 303 333 338 310 295 291 274 270 305 324 330
496 487 475 460 444 434 424 406 415 433 441 448 453 442 460 471 477 476 476 477 469 456 446 438 433 426 423 410 397 386 364 349 346 352 357 365 358 346 344 354 352 349 341 330 322 318 318 318 318 326 327 321 328 337 347 353 359 336 306 291 278 271 268 272 306 333 351 352 355 360 363 359 348 341 342 337 325 334 328 311 304 301 320 326 326 318 310 316 314 321 333 325 304 292 286 270 268 290 318 336
509 499 488 474 458 444 431 419 399 413 419 420 426 418 444 461 474 481 488 492 484 472 461 457 440 424 409 394 390 376 365 346 322 327 329 336 344 342 343 342 349 350 338 331 323 318 318 318 318 319 319 318 318 324 327 325 323 310 291 279 271 269 268 287 327 352 364 372 374 375 378 376 373 367 362 355 345 340 335 324 316 332 341 344 336 329 339 337 340 349 345 327 310 300 289 269 272 287 312 341
512 503 495 481 465 455 442 425 410 398 391 400 402 400 433 453 467 476 491 498 495 486 485 474 451 429 406 388 380 365 365 344 320 318 318 318 320 326 325 330 334 333 323 326 320 318 318 318 318 318 318 318 318 318 302 304 305 295 276 270 270 270 274 305 342 361 377 386 386 395 397 397 396 393 388 382 371 359 347 334 332 342 363 365 358 357 362 357 370 364 349 330 314 299 278 269 281 295 311 335
530 523 507 486 467 461 452 435 423 416 408 386 382 382 402 429 449 466 482 491 493 487 480 467 443 420 395 376 369 355 354 345 320 318 318 318 318 318 318 318 318 318 318 318 318 318 318 318 318 318 318 318 318 316 295 286 277 275 271 270 269 274 288 321 343 354 371 388 405 416 423 425 422 420 413 404 384 365 354 348 344 354 380 386 388 389 388 388 385 366 345 322 304 287 271 281 293 305 321 341
556 540 524 501 483 475 469 453 435 421 411 398 378 373 372 404 443 461 475 488 489 479 466 446 424 403 386 360 342 337 336 333 321 318 318 318 318 318 318 318 318 318 318 318 318 318 318 318 318 318 318 318 318 316 295 279 278 280 271 271 271 290 300 314 331 337 364 397 426 439 438 432 430 426 416 399 383 375 368 366 362 369 387 407 413 415 412 408 391 369 341 321 306 289 274 292 295 309 324 341
569 554 538 521 498 482 472 459 441 431 420 406 394 380 375 374 428 456 467 481 482 471 456 439 416 390 367 352 333 324 319 318 318 318 318 318 318 318 318 318 318 318 318 318 318 318 318 318 318 318 318 318 319 317 286 277 285 282 276 282 291 314 316 332 352 342 359 401 432 439 438 435 433 429 421 410 400 392 383 374 381 388 397 418 431 430 417 402 381 362 349 328 309 290 275 283 294 307 319 335
570 559 549 535 522 505 482 465 450 436 425 416 404 391 383 366 412 445 456 473 476 462 447 427 399 375 358 343 329 319 318 318 318 318 318 318 318 318 318 318 318 318 318 318 318 318 318 318 318 318 318 318 318 319 304 298 291 284 289 300 309 327 334 341 361 354 353 393 420 437 443 442 441 438 436 420 396 386 385 394 400 405 405 417 434 426 402 386 374 368 356 326 301 290 281 278 289 291 312 327
565 559 546 536 525 511 492 475 457 445 426 414 398 387 395 372 385 431 457 471 472 461 439 415 392 377 363 347 335 324 318 318 318 318 318 325 334 327 320 318 318 318 318 318 318 318 318 328 319 318 318 321 324 325 331 323 307 297 315 322 326 339 347 354 365 366 359 379 410 433 450 451 446 440 432 413 398 394 399 408 415 416 416 415 423 408 393 384 372 362 346 315 300 295 284 282 300 295 318 328
544 539 531 527 516 502 487 470 451 436 421 410 393 380 376 358 383 412 447 460 463 446 425 407 396 383 370 360 348 338 319 318 318 318 319 339 356 356 343 335 332 332 320 325 330 323 318 321 322 324 326 334 345 344 341 331 308 315 338 347 346 356 366 373 374 373 371 380 398 431 448 449 448 442 432 421 410 411 419 422 421 421 425 416 402 391 376 371 356 339 317 305 302 294 283 293 307 310 302 311
512 511 520 515 504 489 477 462 441 426 405 400 387 383 362 350 386 412 434 446 444 434 421 411 400 395 382 369 356 342 320 318 318 318 319 338 363 375 375 365 356 342 342 355 347 324 318 334 343 341 342 346 355 361 351 330 313 330 343 355 361 370 383 388 388 389 385 387 398 421 440 449 453 445 436 425 428 434 433 433 424 421 419 403 392 380 355 343 336 319 303 287 283 284 300 299 317 322 314 304
477 479 498 507 491 474 456 433 417 406 390 379 374 362 353 343 377 403 426 431 435 431 418 403 398 387 365 348 333 326 329 321 318 318 318 329 361 384 383 370 363 338 347 359 339 319 333 353 364 364 368 373 376 376 365 337 317 337 348 359 374 386 396 399 405 405 403 404 416 430 450 454 455 446 435 432 434 434 430 426 415 415 409 394 381 362 339 323 312 298 290 292 291 299 306 306 323 324 313 305
448 456 474 485 476 457 437 422 414 397 374 368 359 364 366 345 364 390 406 423 425 417 403 382 370 366 353 331 333 334 336 329 319 318 318 324 355 379 381 376 366 335 334 346 330 327 355 373 386 390 399 404 398 385 366 343 329 354 363 372 380 393 402 411 415 415 413 413 425 451 461 459 448 437 434 432 433 434 423 414 401 398 392 380 360 337 316 305 294 291 300 297 304 311 314 316 324 324 320 321
426 432 443 460 463 448 426 412 393 372 371 381 387 384 383 349 350 375 384 408 409 400 391 381 360 345 342 330 334 335 331 325 318 318 318 320 346 369 382 378 368 342 336 348 325 336 367 390 408 414 415 418 411 393 371 360 345 370 386 394 409 413 405 414 427 434 429 434 440 460 469 463 446 435 429 418 417 424 424 411 397 386 371 355 337 319 307 295 292 304 305 307 319 324 327 328 329 333 334 331
415 415 415 425 432 420 404 392 378 392 409 412 405 395 386 366 338 334 358 384 388 385 386 371 352 344 333 321 322 320 320 318 318 318 318 318 334 361 382 382 367 351 351 341 322 334 361 388 411 422 436 426 414 402 384 372 361 389 404 412 426 431 429 434 435 437 443 454 453 464 472 460 442 428 421 412 400 413 405 394 390 379 367 351 325 307 296 295 308 318 319 329 336 343 343 343 340 343 344 340
433 436 423 400 391 387 387 398 408 427 439 440 429 413 390 380 367 340 330 351 374 378 377 374 361 346 328 324 322 319 318 318 318 318 318 318 324 354 371 372 366 365 362 350 334 332 354 385 407 441 445 434 427 406 393 380 392 401 414 418 431 433 436 443 447 447 450 455 451 457 454 440 422 416 414 402 383 380 379 377 373 361 342 325 311 300 296 303 324 335 340 348 354 357 359 355 354 356 356 354
435 432 418 405 399 389 403 417 441 459 460 455 441 419 397 392 377 374 361 333 345 367 374 365 349 329 318 318 318 318 318 318 318 318 318 318 321 351 369 382 397 387 376 367 362 341 359 390 418 444 449 441 422 404 400 398 402 412 423 430 430 436 444 448 454 458 458 452 447 444 429 422 414 406 401 393 382 366 362 356 353 352 335 321 304 299 307 320 343 356 363 369 372 376 376 376 377 371 367 362
458 443 429 419 407 404 416 441 474 488 482 468 455 432 420 406 387 373 366 352 336 334 358 342 326 318 318 318 318 318 318 318 318 318 318 318 323 346 375 404 413 398 390 385 382 362 366 392 425 444 445 438 423 414 417 412 409 428 441 448 452 452 449 445 446 456 458 445 444 433 422 423 416 406 402 391 379 365 360 351 338 331 324 311 304 307 322 341 366 381 394 396 396 397 401 399 396 387 378 368
469 451 441 435 420 423 438 467 493 503 490 475 463 452 441 422 398 384 370 356 339 322 327 321 318 318 318 318 318 320 331 322 318 318 319 324 337 353 384 411 419 411 404 398 386 373 362 397 426 444 443 441 438 431 423 429 419 437 460 467 469 463 452 442 436 444 451 445 437 421 416 414 407 401 391 384 374 366 359 353 342 327 323 307 313 311 326 359 386 402 416 418 417 425 422 410 405 393 379 367
468 448 440 435 432 441 463 482 493 500 496 480 466 463 461 437 411 393 379 358 346 333 322 318 318 318 318 319 321 337 349 329 318 318 334 343 357 369 393 418 425 420 420 415 402 390 373 396 428 443 444 455 449 438 437 439 431 442 462 472 470 468 454 444 434 436 451 453 441 425 413 413 409 397 395 388 376 366 356 350 338 324 311 312 319 326 325 358 383 408 419 421 433 441 424 412 405 394 380 365
453 442 446 448 450 458 477 488 486 481 480 471 458 459 447 419 402 394 377 363 352 339 332 318 318 318 323 336 338 355 358 334 320 335 353 359 376 389 410 434 433 431 436 426 411 401 393 394 423 435 444 452 454 454 449 446 444 460 472 478 471 465 455 441 427 426 443 451 443 429 408 405 403 390 388 385 377 369 355 344 333 317 315 326 339 337 336 341 368 394 415 422 440 435 426 417 411 397 383 372
447 451 465 474 479 485 487 483 478 459 447 440 434 426 411 387 374 367 356 342 334 326 322 318 319 334 346 360 369 359 351 329 327 354 368 375 380 404 435 453 442 448 443 430 415 406 395 396 418 432 447 454 460 458 454 452 452 467 479 480 469 457 448 432 422 417 425 425 423 415 398 379 373 373 368 373 374 367 345 335 325 314 327 345 357 350 348 349 352 380 402 422 434 437 433 424 413 396 378 370
475 478 490 499 505 503 496 476 465 445 420 406 396 384 370 362 356 339 331 324 325 322 318 319 328 350 373 389 384 356 340 330 344 365 379 388 397 427 458 457 458 454 443 426 411 400 400 401 413 429 445 455 459 459 455 452 455 464 472 472 459 444 435 426 421 413 405 400 394 389 382 373 371 367 362 350 354 352 332 322 317 322 342 356 362 360 359 356 351 360 390 412 426 433 431 421 410 397 384 379
511 513 519 526 527 520 506 475 466 443 415 394 371 356 348 342 332 323 319 319 319 319 324 338 354 374 396 397 378 345 332 347 372 381 394 405 421 454 466 471 471 464 453 437 422 411 403 399 406 421 437 454 463 460 458 457 465 468 473 465 456 448 437 431 426 417 408 402 396 394 390 382 375 370 362 357 347 336 331 328 322 334 355 368 373 375 371 366 362 354 377 401 417 430 430 428 419 411 397 387
544 546 547 547 544 535 511 474 465 437 409 390 369 355 340 327 319 319 319 320 319 324 330 353 379 396 403 394 368 351 342 369 398 394 409 421 441 465 475 480 480 473 458 444 436 429 421 415 412 425 443 462 469 464 460 461 465 473 474 465 456 450 440 436 430 418 412 412 409 407 398 388 384 377 367 362 353 346 337 338 328 342 361 380 386 384 376 371 364 354 370 393 414 431 439 439 426 417 403 391
569 572 572 573 562 541 511 471 459 432 401 377 362 348 336 327 320 319 322 342 341 346 346 373 397 416 411 391 371 354 363 394 406 412 420 431 453 468 471 480 483 474 468 460 450 437 425 424 416 432 453 462 464 464 463 463 471 477 477 472 463 461 446 439 433 427 427 426 425 418 405 400 389 379 371 365 356 350 348 341 328 351 379 397 401 398 387 379 370 360 370 388 407 418 434 435 430 418 405 394
579 583 588 586 569 540 501 464 445 421 389 369 352 341 331 323 320 321 331 351 357 354 362 379 403 417 416 399 384 367 382 407 418 425 430 439 452 458 460 472 480 482 471 463 452 436 422 419 422 438 458 474 480 478 474 473 478 484 484 480 482 474 455 448 444 441 445 442 433 423 427 414 396 382 375 369 360 348 343 332 338 365 395 413 418 413 403 389 376 366 365 377 399 418 435 447 439 426 415 405
580 584 583 583 568 532 490 448 427 409 385 369 361 343 331 320 322 339 361 361 360 368 381 384 404 417 417 412 411 383 385 411 423 432 434 433 435 443 451 466 478 483 482 470 456 444 428 425 432 444 454 460 470 482 491 491 495 494 492 494 494 480 463 455 455 461 462 453 444 448 449 432 405 394 385 366 352 339 329 342 366 377 401 421 428 425 409 396 384 375 367 378 404 423 448 447 440 434 422 410
577 577 572 568 557 532 501 459 425 408 385 379 365 346 329 322 332 365 384 376 378 387 397 398 419 424 429 436 434 404 384 389 404 415 416 414 419 439 456 473 484 490 488 477 466 450 433 429 432 443 455 457 458 473 496 507 507 498 497 503 495 481 466 463 467 471 477 473 469 466 458 441 416 398 380 367 352 335 337 363 377 393 410 422 430 426 413 402 393 387 373 387 411 430 440 436 432 427 418 409
559 562 554 543 530 512 491 463 431 415 385 373 357 342 335 327 333 367 389 397 405 414 425 425 443 453 451 449 434 412 420 402 412 409 407 407 413 428 444 469 491 490 479 472 468 457 442 435 440 457 463 470 477 491 511 528 516 503 504 504 495 485 471 469 474 481 487 488 481 472 459 441 420 403 393 378 356 337 350 371 387 405 422 428 428 423 416 410 403 397 387 407 422 434 441 457 450 434 423 414
546 543 534 520 497 486 478 465 450 425 394 379 371 358 346 330 335 363 394 414 421 440 449 458 471 476 467 444 435 436 437 426 423 420 416 413 422 440 445 472 498 488 480 485 483 467 451 442 450 461 466 473 492 510 521 526 514 501 501 489 480 477 473 473 478 487 491 487 484 477 458 439 430 417 402 387 362 339 352 371 392 411 430 437 436 425 417 410 403 392 399 417 431 444 458 477 471 454 440 428
538 538 525 511 494 480 469 463 453 424 400 390 379 363 351 336 336 367 404 440 441 456 469 496 499 486 468 456 470 467 460 453 446 431 423 421 434 451 453 474 498 494 486 500 495 481 460 453 464 471 472 474 489 507 516 517 512 495 480 469 461 464 470 472 477 483 485 483 481 475 463 452 439 419 398 386 363 337 352 374 398 418 439 447 440 429 423 414 404 399 407 423 439 449 461 478 481 468 454 442
529 530 515 507 498 476 454 439 442 423 407 397 372 355 352 329 332 363 400 436 449 464 491 513 519 497 481 483 488 484 478 468 460 446 437 433 443 460 469 474 488 496 494 506 506 494 480 480 488 491 488 491 499 509 511 507 502 487 469 460 453 451 460 471 477 477 470 466 468 468 459 453 438 418 397 382 357 338 358 382 406 428 445 454 450 439 428 413 402 412 420 439 450 457 465 485 493 486 472 460
514 528 519 513 505 481 454 436 419 412 406 391 367 347 344 328 331 352 387 420 439 467 495 522 528 508 512 513 510 504 495 490 476 460 446 451 453 463 479 490 493 492 500 510 512 510 506 509 519 514 510 500 503 506 498 493 492 482 468 455 446 442 448 458 468 466 450 448 449 449 444 440 426 411 387 366 345 341 366 393 418 440 458 462 454 443 430 412 406 422 433 447 460 467 479 495 493 484 474 463
495 513 512 514 508 487 462 438 423 402 386 372 358 343 338 334 334 335 365 404 433 461 489 519 522 523 532 536 529 515 510 502 479 463 449 460 473 474 482 492 501 507 509 514 521 524 529 530 533 524 506 492 490 487 482 489 480 469 461 449 445 437 430 437 449 448 428 424 426 426 422 419 406 390 367 348 341 352 378 408 431 457 471 464 458 453 439 417 412 430 445 467 476 479 491 496 488 476 464 451
477 495 501 508 505 485 459 430 417 400 383 360 345 337 335 346 355 345 350 386 419 448 474 496 510 531 550 556 548 533 525 505 487 472 457 473 486 490 498 503 513 516 518 524 537 536 541 541 539 528 510 493 488 482 476 479 464 454 449 447 436 426 415 407 419 414 400 400 397 398 400 398 381 368 352 344 346 363 395 415 436 471 476 465 455 452 438 419 417 436 455 482 488 497 497 493 482 470 460 449
472 485 483 482 473 466 456 445 432 406 376 352 338 335 353 364 373 362 344 365 393 419 441 470 497 525 555 573 565 555 537 516 499 484 473 487 500 506 510 520 522 528 531 536 546 550 558 559 553 540 521 508 504 496 487 477 468 460 451 435 420 413 409 406 402 398 392 384 382 379 376 370 362 355 350 347 352 370 391 408 441 471 475 469 458 445 426 414 423 441 467 488 501 499 494 488 480 470 460 449
461 475 472 466 452 447 441 445 438 407 368 343 336 347 381 392 391 386 364 356 373 399 429 461 487 515 543 568 576 567 549 529 506 494 485 502 516 519 529 534 536 542 547 557 565 569 568 565 562 550 533 522 517 506 496 482 469 458 450 435 423 427 429 426 424 416 405 400 401 408 391 382 373 360 354 354 358 373 382 408 446 467 476 474 464 447 426 416 425 444 479 493 503 501 495 489 482 473 462 451
448 460 457 442 424 421 429 430 419 398 367 341 342 365 399 419 419 401 380 370 359 383 411 441 460 493 524 546 568 576 560 539 513 506 497 518 529 535 540 549 552 562 574 579 578 576 573 574 565 554 542 535 528 519 504 487 472 465 454 438 443 447 445 443 438 428 420 415 410 414 401 381 371 364 363 362 364 366 382 412 447 465 478 481 475 455 434 425 432 449 478 495 504 501 494 485 478 472 463 454
430 440 437 422 404 399 401 409 401 370 353 339 343 378 417 443 449 421 400 379 361 371 388 411 436 466 495 522 543 569 566 547 525 514 506 528 539 550 559 567 575 586 594 590 584 581 581 579 572 563 559 551 542 531 514 496 481 471 455 454 462 464 460 461 453 442 431 424 416 408 396 375 375 378 373 372 374 374 383 412 440 464 478 482 479 463 442 430 438 457 473 488 501 503 494 483 477 472 464 455
405 410 411 402 386 384 383 383 369 352 342 342 353 393 436 466 470 441 413 387 367 360 370 388 412 443 470 493 516 540 555 553 538 522 513 529 544 560 573 583 593 603 614 610 598 590 590 586 580 572 563 557 547 533 519 499 481 472 462 471 479 476 474 474 467 453 439 428 416 400 383 380 388 390 388 383 380 376 386 409 439 460 473 478 477 467 448 437 441 457 472 482 498 506 501 492 483 474 465 458
411 397 390 383 380 373 365 362 355 343 349 362 363 396 439 477 497 474 431 401 382 370 357 365 393 421 446 467 484 503 529 552 556 532 522 528 542 554 566 584 597 615 636 626 613 605 598 592 583 571 560 549 534 523 514 493 475 469 483 494 494 487 485 485 479 459 440 427 411 393 394 396 402 404 400 389 380 381 392 416 442 461 476 480 477 468 455 446 449 462 471 482 492 506 509 503 494 482 472 465
416 416 408 402 392 376 362 347 346 355 371 396 392 404 445 484 511 500 462 430 404 384 362 364 370 398 422 440 450 468 503 536 554 540 530 529 534 545 553 575 594 613 638 636 627 617 606 592 580 567 552 535 521 511 500 486 479 484 499 504 512 504 494 490 482 459 434 419 403 404 415 419 418 411 401 390 385 390 403 430 450 467 481 486 477 463 455 450 457 469 480 488 493 505 511 506 497 485 473 468
434 431 417 405 383 358 350 348 360 387 413 432 432 427 458 493 519 526 500 461 427 401 376 362 360 379 402 412 412 437 471 514 538 541 534 522 519 529 545 565 583 596 621 635 626 618 604 588 573 559 544 532 515 503 493 490 493 498 508 516 519 508 496 484 466 443 422 410 411 419 432 438 426 417 410 397 385 394 417 437 455 474 497 498 487 469 457 455 464 475 485 493 503 510 510 503 495 484 474 474
438 425 402 379 360 350 348 356 383 416 446 466 478 467 473 505 533 538 514 473 435 402 376 372 362 368 384 383 383 407 436 474 497 514 521 505 497 519 533 553 568 585 595 614 619 612 606 594 580 565 547 530 526 512 501 503 505 511 521 527 520 508 483 462 448 434 426 422 423 433 441 443 442 432 418 399 390 406 422 442 456 482 504 508 493 476 465 466 473 484 493 501 510 518 515 511 504 492 481 484
427 403 377 354 348 355 359 375 403 441 471 494 506 506 505 520 540 535 498 452 419 391 386 388 369 365 370 371 378 388 403 431 453 472 474 463 478 500 518 539 561 572 582 590 605 613 608 602 592 576 562 556 545 526 521 521 521 527 528 528 515 497 478 476 465 450 447 445 449 449 453 454 444 438 422 401 397 415 429 443 465 490 506 511 498 487 481 481 487 492 497 506 515 520 518 517 513 499 488 483
408 387 367 351 350 360 378 398 429 468 501 528 538 536 534 537 539 521 477 433 398 400 408 404 388 370 365 371 389 400 400 402 424 434 432 428 450 475 506 531 549 561 569 575 583 600 607 607 604 594 587 578 564 554 544 539 541 535 527 523 508 497 499 496 486 475 475 475 474 471 467 453 438 425 419 405 406 418 428 445 471 491 506 511 502 493 489 491 496 498 501 508 517 526 522 511 503 490 480 471
389 367 356 352 354 368 393 421 462 505 542 567 578 570 562 554 534 492 445 414 412 412 416 416 404 379 365 368 385 405 416 417 417 414 414 415 426 452 481 509 530 546 554 562 572 583 601 612 617 610 603 596 586 572 562 558 547 534 522 515 510 519 524 524 509 501 496 491 481 472 458 447 431 420 417 419 419 430 436 448 471 486 506 522 514 504 498 498 504 513 518 521 525 526 518 507 495 481 465 455
370 355 353 356 363 379 407 448 493 526 564 598 611 602 584 557 507 465 426 421 434 432 431 423 407 384 373 367 380 398 418 434 445 450 447 442 433 430 452 478 506 523 539 546 557 567 587 601 620 621 620 616 602 588 580 565 546 536 526 521 526 533 537 539 540 530 515 493 481 467 448 432 431 430 429 431 431 440 451 453 465 486 504 520 519 515 511 509 515 518 520 521 518 516 508 495 482 472 456 438
360 356 357 360 372 392 427 469 509 543 577 610 634 627 599 543 486 450 440 455 451 448 439 426 412 397 385 369 375 394 414 431 449 464 474 476 466 463 454 451 470 497 512 527 540 549 569 585 603 619 627 629 616 600 587 571 550 537 532 532 543 549 554 555 550 540 529 505 479 460 444 444 446 441 439 440 446 453 457 459 472 491 506 520 525 520 517 514 508 506 504 509 505 500 483 466 457 451 437 421
366 358 362 366 386 412 440 478 519 553 593 626 656 646 611 556 499 458 470 481 479 463 444 432 418 410 390 380 375 385 404 422 443 466 487 506 514 510 499 486 478 470 482 499 518 533 550 571 587 605 624 629 623 611 593 575 559 549 543 544 558 562 569 567 557 544 525 502 475 457 448 454 454 451 450 452 459 467 465 467 480 496 510 528 538 529 518 506 496 488 484 486 482 480 461 438 423 427 412 398
364 358 367 372 393 421 449 488 536 569 604 642 674 667 634 575 507 481 500 509 519 494 458 434 425 410 398 394 388 374 387 413 436 461 488 511 536 542 538 528 514 496 480 480 495 513 533 555 576 593 612 622 624 615 599 590 577 564 556 562 571 576 576 568 555 543 514 489 469 457 456 461 469 471 471 472 486 500 493 483 488 505 518 530 538 525 512 491 477 464 464 466 463 459 442 424 402 399 385 379
365 359 373 383 389 418 449 490 540 577 614 649 690 683 651 590 531 519 525 538 548 525 480 446 432 412 413 404 396 383 377 401 420 447 479 505 528 540 544 541 533 519 506 498 485 495 517 544 567 582 593 600 608 605 608 603 591 580 579 586 587 588 582 566 554 541 517 499 484 471 478 483 493 498 503 509 522 539 535 513 514 524 530 538 538 519 501 477 464 455 446 446 440 431 419 403 391 383 377 374
362 364 376 392 389 417 449 485 525 559 607 645 691 685 659 619 582 564 560 562 550 526 489 456 433 423 426 415 402 394 381 383 408 441 480 503 508 516 518 523 530 524 514 504 495 497 507 536 555 570 577 579 583 594 606 612 611 603 606 605 601 597 589 566 556 544 530 515 500 490 502 510 520 527 539 540 541 542 540 539 543 546 552 554 540 518 505 486 473 463 444 430 421 414 409 410 406 395 384 377
359 369 385 402 394 420 450 483 510 548 595 629 671 678 659 648 633 620 603 582 547 517 479 450 439 450 439 430 414 407 396 381 397 437 474 492 484 486 491 497 511 522 523 510 501 511 519 515 522 539 551 559 569 581 592 608 614 613 611 610 603 597 587 569 559 547 537 521 501 509 527 530 542 548 554 549 551 551 541 542 547 547 552 557 540 521 509 497 488 479 469 451 430 421 422 419 412 399 387 387
370 379 395 412 404 415 443 469 491 530 572 603 633 649 643 649 657 653 631 589 547 510 477 466 463 471 458 443 428 420 413 392 384 421 453 471 457 452 462 477 497 521 528 514 517 529 537 530 534 534 534 538 547 560 584 605 611 609 608 608 602 595 578 565 557 546 535 520 511 521 534 549 558 560 560 561 563 564 552 545 545 546 544 545 531 518 508 497 485 481 474 467 450 439 425 418 407 398 397 399
385 383 403 420 421 410 417 444 468 495 533 570 597 593 606 641 656 663 642 604 551 513 498 498 485 481 476 459 445 435 425 400 383 397 426 446 438 428 449 474 496 519 532 539 545 554 558 547 551 554 553 548 545 553 580 598 607 600 599 599 599 593 578 563 553 542 534 528 532 536 544 555 571 574 565 555 553 558 552 549 548 547 536 524 522 515 507 491 475 467 467 468 462 454 436 421 415 409 410 411
393 390 406 426 435 434 422 423 449 469 499 532 546 562 612 642 657 670 658 630 576 540 528 526 514 505 487 472 454 441 427 405 386 390 398 421 418 422 447 471 492 522 554 565 576 580 572 560 566 572 570 564 558 556 570 590 600 596 590 582 583 590 582 569 557 546 542 542 543 550 565 582 587 573 552 537 535 539 540 549 556 547 529 514 509 506 495 484 475 467 463 457 452 446 437 433 425 418 415 412
396 401 409 427 447 454 448 433 431 447 471 494 506 561 609 644 665 680 675 651 618 576 555 550 541 525 501 479 455 436 417 396 395 409 400 398 401 427 452 484 508 541 580 599 599 589 578 574 574 580 583 582 575 569 568 585 590 585 578 564 569 575 576 571 564 554 551 553 555 570 574 580 577 559 538 516 514 522 528 541 555 552 534 507 490 489 481 472 468 465 460 453 445 432 422 423 418 413 411 404
395 405 413 430 451 470 473 462 460 458 459 470 507 546 596 639 660 682 690 662 633 599 561 537 527 512 491 469 445 425 404 397 424 430 423 411 400 411 445 480 510 568 605 618 611 599 587 586 584 588 587 585 582 572 579 594 598 589 575 558 550 554 557 558 551 544 540 540 541 557 570 564 561 548 523 505 490 500 517 538 551 550 530 498 474 467 464 455 457 459 461 456 441 423 407 401 397 394 394 395
387 405 419 431 449 474 492 489 490 489 488 485 498 535 592 629 658 684 682 668 641 608 565 520 496 486 471 452 428 412 399 420 447 444 447 438 421 404 426 464 502 570 610 626 620 606 600 598 604 608 607 598 590 577 587 601 608 604 588 567 548 531 529 529 524 519 518 520 523 540 555 550 537 525 512 494 474 490 510 529 552 548 519 484 460 441 435 438 444 451 452 445 427 410 397 388 385 383 382 384
377 398 413 429 446 471 502 512 518 519 523 525 533 548 582 631 659 676 670 657 639 611 575 526 491 467 448 430 411 401 419 451 469 468 467 459 451 421 411 448 484 545 597 624 626 615 614 615 621 623 614 610 596 589 597 606 612 615 603 575 553 535 515 505 503 507 507 500 500 519 532 528 525 517 507 496 470 471 499 525 541 540 513 489 463 436 419 416 429 441 441 430 413 401 393 385 371 364 362 364
385 384 401 420 445 469 499 524 539 553 570 586 593 604 616 644 669 670 659 637 626 594 568 531 494 470 444 422 405 410 445 480 499 506 498 478 465 444 414 432 469 518 573 616 626 625 623 631 656 660 631 618 610 606 607 611 618 624 622 599 564 543 528 519 507 494 489 484 480 490 511 520 511 507 502 485 455 452 478 500 517 524 519 499 474 450 426 406 407 419 416 407 396 385 377 369 360 351 346 338
396 385 394 410 437 463 491 519 549 585 627 640 644 658 673 681 683 672 648 615 602 563 544 519 490 470 442 419 409 424 453 502 534 546 539 516 484 463 431 423 461 504 559 603 624 628 635 650 671 669 665 656 638 622 620 620 626 631 634 623 593 567 549 537 526 516 505 494 489 478 475 491 498 489 479 462 437 438 463 473 486 499 507 507 489 465 436 409 393 397 395 387 383 377 370 359 351 340 332 327
414 400 394 410 425 450 480 513 546 591 654 687 702 716 711 702 696 679 652 617 586 550 518 495 478 461 438 417 421 453 479 516 551 572 569 553 517 475 444 423 452 500 544 588 615 625 637 660 673 671 672 670 666 655 648 642 637 636 645 642 625 604 585 567 554 544 532 523 507 492 482 466 471 468 441 421 413 416 429 437 448 462 470 480 472 450 425 405 387 379 378 374 367 358 347 336 329 326 328 333
428 416 398 421 432 449 477 510 544 591 662 720 735 730 721 712 697 680 662 640 617 595 554 520 495 469 442 418 438 485 521 543 568 585 591 583 555 508 464 435 435 487 523 566 605 620 631 655 671 672 679 677 671 667 664 666 665 657 653 658 651 636 621 608 595 577 559 539 524 516 506 483 453 438 427 427 419 407 401 402 413 430 442 441 432 418 403 388 378 372 372 369 357 342 330 328 332 339 349 358
435 430 414 415 437 454 478 511 545 589 663 720 735 726 710 701 688 675 664 652 637 617 578 543 508 476 445 429 462 507 551 568 581 599 606 597 578 541 490 453 440 474 506 550 593 609 624 650 666 672 684 681 673 666 662 663 666 658 648 653 659 657 650 638 622 603 585 562 543 529 508 481 459 462 460 455 443 426 410 400 393 400 407 406 401 389 377 370 364 362 360 355 343 333 331 340 351 359 370 371
