# 100 100
304 326 365 383 379 376 376 362 316 288 272 261 263 272 284 293 290 276 257 247 244 244 243 245 246 249 251 251 248 244 242 244 246 251 256 264 275 290 298 301 295 290 291 293 307 322 320 308 294 286 285 280 265 250 245 242 239 237 239 242 241 235 229 225 223 218 214 211 209 207 207 207 207 208 208 209 209 208 215 219 224 227 230 232 232 233 229 228 230 236 244 253 254 250 250 258 252 235 222 210
319 346 376 358 328 319 315 312 282 263 256 255 256 261 266 269 263 251 244 244 244 244 245 247 249 250 252 251 251 251 252 251 253 259 266 276 288 309 328 334 325 311 306 305 316 338 363 345 317 308 313 316 302 280 260 249 243 241 243 243 242 236 232 230 227 222 216 212 210 208 207 208 208 208 210 211 211 211 213 217 223 228 233 230 227 224 224 223 223 226 233 242 251 252 252 257 260 245 230 221
331 356 354 323 298 285 275 263 252 251 253 255 255 257 257 253 249 247 245 244 245 251 257 260 257 261 266 268 264 261 258 260 269 276 285 293 298 303 335 345 334 320 312 314 331 361 396 374 337 337 337 350 353 332 296 272 255 246 243 242 240 242 238 235 231 226 221 216 213 212 209 210 209 209 211 214 217 215 215 217 220 226 230 228 227 224 222 221 220 220 223 228 235 241 243 246 251 241 225 214
337 331 313 294 281 267 258 253 250 249 250 250 250 251 250 249 247 246 248 256 269 268 266 261 261 274 280 283 277 272 279 297 307 308 309 311 317 320 330 351 357 354 348 339 347 372 403 396 369 381 369 372 400 380 336 293 268 252 247 243 240 241 240 238 232 227 224 220 216 214 212 212 212 212 213 216 218 218 218 218 222 224 226 228 227 227 225 224 221 219 217 219 222 227 230 236 244 243 226 209
344 336 312 294 277 262 253 249 250 251 250 250 250 249 248 246 246 245 249 265 270 261 260 259 262 278 293 295 290 291 312 335 341 335 336 342 345 346 346 369 389 388 384 375 375 386 408 420 414 414 394 390 409 393 351 305 268 257 261 250 243 241 240 237 236 232 226 223 220 217 214 213 213 213 213 217 220 222 222 221 223 226 227 228 228 227 227 227 225 222 219 215 214 217 219 225 230 230 215 202
354 338 309 293 282 267 256 251 256 252 249 248 247 248 248 248 247 246 254 268 271 269 263 261 270 286 298 307 312 321 348 380 385 364 365 382 388 387 379 403 435 448 426 424 433 437 444 451 461 449 419 413 413 389 350 307 271 281 310 292 270 253 244 240 237 233 231 228 224 220 216 214 213 214 214 214 218 222 223 222 222 223 223 225 226 225 226 226 224 222 219 216 213 210 209 212 215 212 202 194
335 326 303 301 295 286 276 266 261 260 256 250 253 254 252 250 250 251 260 272 277 268 263 265 277 301 314 325 339 364 396 426 431 404 406 427 436 436 430 444 466 479 471 481 491 492 491 476 480 467 438 424 413 388 355 322 287 309 350 339 303 277 259 246 239 234 230 226 224 221 218 214 214 214 214 213 215 219 219 218 216 216 217 220 223 222 219 218 215 216 217 216 214 210 205 201 199 195 191 188
316 312 293 299 315 307 293 282 271 261 255 254 257 256 257 266 270 270 271 277 276 268 270 271 279 304 321 330 362 390 416 450 460 446 461 494 510 507 492 493 502 504 511 528 546 520 488 458 467 456 430 412 394 378 361 334 298 322 360 357 321 293 269 255 245 239 235 229 223 220 217 214 213 213 212 212 213 218 216 213 211 207 209 215 220 219 215 211 208 209 214 217 214 207 201 197 194 192 193 193
302 301 283 279 294 297 283 267 258 256 259 260 264 264 263 277 284 282 290 296 289 278 281 289 290 297 305 328 357 375 399 437 468 489 511 542 564 556 538 529 528 526 543 560 550 503 461 434 444 432 407 404 393 373 354 329 304 324 352 358 337 308 284 264 249 237 230 227 223 218 215 212 210 212 209 208 209 214 214 211 209 205 202 203 206 209 209 207 203 203 204 205 204 201 198 197 194 200 209 216
307 289 273 266 268 266 266 261 261 262 264 268 270 265 261 268 275 288 300 302 293 283 296 308 302 300 306 316 336 355 379 412 448 500 541 574 576 566 553 535 532 537 552 558 526 480 456 426 411 407 401 412 398 367 339 319 322 338 361 384 381 358 324 290 265 244 232 226 221 218 215 212 209 208 206 207 208 211 210 208 205 204 202 201 199 197 197 196 195 196 196 195 196 196 195 198 201 208 223 234
315 295 277 267 261 262 260 260 262 267 273 276 276 265 268 281 283 290 297 304 305 296 299 313 308 308 318 326 330 347 373 406 448 501 551 581 578 569 557 537 521 518 520 508 481 459 443 414 392 385 388 401 394 364 333 339 352 361 387 412 416 403 364 324 297 269 250 236 225 218 215 213 211 209 207 206 206 207 207 206 203 201 198 197 196 195 194 194 194 194 194 193 193 195 204 219 221 220 226 241
325 311 295 277 265 263 262 265 281 300 300 295 286 268 277 295 292 294 301 324 325 310 303 310 314 317 336 348 346 349 371 405 455 515 567 589 587 575 562 550 533 515 490 466 448 433 415 397 387 381 375 373 367 357 343 371 385 394 416 438 444 446 403 353 320 293 266 250 239 227 219 215 212 211 210 209 207 207 208 209 208 201 199 201 198 196 195 195 194 194 195 196 199 208 223 239 240 239 238 241
323 306 289 275 273 277 277 280 293 317 309 293 282 271 270 291 294 299 305 323 333 320 313 325 326 325 343 367 369 368 385 417 464 519 573 594 599 590 573 562 550 536 514 489 472 448 424 409 403 391 379 366 357 351 360 386 411 427 442 454 469 479 442 390 352 317 284 259 243 233 227 219 213 211 211 210 209 207 212 214 212 207 205 210 209 205 200 196 196 195 196 198 204 216 229 243 246 247 247 245
316 299 282 276 286 298 297 293 295 303 301 289 278 273 272 279 294 306 317 328 332 328 328 342 343 338 342 367 385 398 419 450 487 529 573 597 601 596 586 578 565 551 535 529 516 484 450 434 436 418 398 389 377 367 370 388 417 440 451 451 467 481 459 420 383 351 322 293 267 245 231 222 216 214 211 209 208 207 211 214 213 211 209 210 208 204 201 200 201 200 201 204 206 216 229 239 243 245 246 243
316 298 283 278 293 307 302 297 296 296 296 289 282 284 286 285 292 309 318 325 340 348 349 353 361 358 354 370 398 423 450 493 536 567 594 603 603 600 595 586 574 564 560 559 550 525 495 477 472 454 435 428 409 388 383 399 423 442 433 425 433 447 443 426 400 387 369 333 289 261 242 226 218 215 211 208 207 206 209 218 215 213 211 209 206 203 202 202 204 205 206 207 207 214 227 235 241 244 248 246
316 303 291 284 299 309 313 321 316 299 289 289 295 299 298 291 289 299 312 324 341 363 373 371 386 386 378 387 415 448 477 531 576 594 598 597 598 598 594 583 570 563 562 565 566 547 522 504 490 476 467 465 449 418 406 420 448 462 432 405 401 401 403 406 395 399 390 349 295 264 245 227 217 211 209 208 207 206 206 212 217 219 219 215 212 207 206 210 212 211 210 210 208 211 217 225 236 242 246 247
310 299 294 290 309 328 338 352 343 310 302 311 327 332 318 302 293 300 315 329 345 365 389 396 408 408 405 414 439 477 507 543 568 580 582 569 576 590 590 580 565 556 549 550 561 550 521 497 485 477 477 491 489 453 430 440 464 470 438 403 390 384 380 374 370 380 385 363 312 275 249 231 219 212 209 207 206 206 207 206 211 214 219 219 218 215 215 220 221 220 219 217 216 217 224 230 235 239 239 239
312 317 311 298 301 327 357 378 362 325 319 335 355 368 351 325 308 302 314 331 349 366 394 412 423 431 439 454 464 485 504 520 534 546 546 544 565 581 587 587 573 553 536 528 536 533 501 476 461 448 461 496 513 491 461 459 465 464 446 415 403 394 381 362 349 345 352 342 317 289 265 249 234 227 223 216 210 207 208 207 207 209 213 215 217 222 224 227 227 225 224 223 223 222 226 230 230 224 225 228
338 352 331 303 296 317 341 367 369 343 340 360 385 392 371 344 329 316 311 324 342 360 377 403 436 459 470 473 465 466 472 491 495 499 489 508 549 568 575 578 580 561 530 508 495 482 458 438 415 400 424 477 505 518 505 484 468 442 423 410 414 418 404 377 349 324 310 309 301 282 259 245 235 232 231 227 220 213 209 209 212 210 212 212 216 224 236 239 237 235 233 231 233 232 230 231 230 221 216 212
361 379 352 315 298 310 333 356 374 371 358 371 398 415 398 363 338 324 321 322 334 355 376 403 443 470 464 451 443 445 439 461 470 464 448 462 506 541 560 563 560 551 532 511 495 447 418 400 380 362 388 433 468 502 516 513 468 421 399 395 395 402 393 380 348 317 289 273 266 258 248 237 230 226 226 226 222 215 214 215 221 220 219 214 214 222 232 236 234 234 234 231 231 233 232 230 225 216 210 209
386 378 348 319 302 313 342 367 389 399 387 382 404 432 426 382 346 332 332 334 337 355 382 417 450 461 444 427 422 419 421 444 450 438 427 438 461 504 545 557 554 543 530 521 509 477 425 391 358 339 344 374 420 445 459 475 451 407 376 363 352 354 347 339 319 296 277 257 242 235 229 224 222 220 220 219 220 231 236 235 232 229 227 223 224 232 231 227 225 222 220 218 217 217 218 217 212 210 210 210
403 386 350 318 303 314 347 379 415 426 414 400 412 434 433 389 354 348 351 350 348 360 383 420 449 438 410 402 405 398 412 440 437 413 406 418 442 473 521 547 553 549 542 527 513 491 461 406 352 324 323 345 378 393 414 431 410 390 362 332 313 310 305 293 281 267 252 240 233 228 224 222 221 220 220 219 227 232 234 233 234 236 234 232 235 244 242 233 228 223 221 218 216 213 213 211 210 210 210 209
404 403 366 334 310 307 337 376 422 439 438 426 424 441 442 400 372 374 378 371 360 364 383 415 445 443 410 386 384 382 406 438 430 402 395 420 434 464 497 531 546 549 545 531 517 495 467 405 343 315 310 323 342 361 373 396 387 373 354 324 290 275 277 264 254 243 234 231 229 225 223 222 222 222 221 220 221 224 228 231 237 239 239 238 241 245 244 236 231 224 222 219 215 214 212 210 209 209 210 208
398 412 383 349 324 317 315 349 390 407 424 445 446 464 470 435 399 401 408 398 382 379 389 407 429 435 412 386 367 372 392 419 416 391 378 397 412 441 469 503 522 532 539 532 517 485 438 394 354 321 306 300 316 343 342 345 348 338 323 300 268 247 242 238 234 230 227 223 222 220 220 221 220 220 219 218 218 219 220 223 229 235 241 245 247 248 244 236 229 227 223 215 213 211 209 208 207 207 207 208
402 407 382 351 335 332 322 321 352 376 399 420 437 462 470 456 438 429 443 439 422 412 415 421 436 443 422 390 365 359 369 372 383 377 357 378 399 415 442 474 487 491 513 536 512 468 416 373 355 336 321 302 293 323 326 309 308 296 273 252 238 234 233 233 234 234 234 232 228 223 221 221 220 220 219 218 218 218 219 221 224 232 242 248 248 248 242 237 231 224 219 212 210 208 207 207 207 207 208 212
413 397 380 361 346 336 326 316 327 351 367 380 403 424 418 415 420 417 412 417 430 441 448 456 454 443 421 393 366 349 350 353 356 356 347 360 380 401 436 462 462 451 469 498 495 459 409 367 338 330 315 306 289 288 297 281 275 264 243 236 234 232 231 230 231 236 234 231 227 224 225 225 224 221 220 219 218 219 223 230 235 237 240 242 241 238 237 236 233 226 216 209 209 207 208 209 209 209 211 215
414 399 390 379 357 336 322 322 322 326 340 358 377 380 377 375 379 377 372 374 388 404 413 435 438 421 410 387 364 347 341 340 339 340 340 344 362 387 405 428 433 432 441 448 451 435 399 371 352 318 297 293 292 275 260 256 249 242 239 236 234 232 230 229 227 227 226 227 227 231 234 234 232 230 227 224 221 220 228 238 242 241 239 238 239 237 233 231 229 223 214 210 210 211 211 211 211 212 214 217
378 369 364 363 352 337 322 332 337 334 331 336 351 355 357 357 359 358 357 359 369 372 373 394 410 399 395 385 373 360 348 339 333 330 333 342 357 370 370 390 407 419 423 419 416 405 381 368 376 347 310 283 275 272 273 263 250 245 247 244 239 232 229 230 232 232 239 239 237 235 233 230 228 227 225 223 220 219 221 231 238 238 235 230 227 223 220 218 221 216 212 214 219 220 220 219 215 219 218 220
365 352 344 338 334 329 323 331 352 368 358 342 336 339 342 344 350 354 353 354 361 372 384 397 399 390 397 401 389 376 367 362 349 333 329 341 354 353 350 367 382 398 405 392 393 391 370 354 366 350 311 284 283 277 269 257 253 259 255 245 236 231 232 243 255 251 245 242 240 236 232 229 228 229 229 227 224 221 221 223 223 223 221 217 214 212 211 210 210 211 213 219 225 228 227 226 220 217 216 217
369 355 346 337 334 331 328 332 351 363 359 350 342 339 342 346 350 354 357 359 367 386 407 412 411 397 386 389 387 373 366 362 360 345 329 339 345 340 336 349 356 365 378 367 362 364 347 335 335 317 293 295 295 280 267 258 259 259 252 245 242 237 243 269 286 274 258 250 243 235 230 229 229 236 245 241 232 225 223 226 224 218 215 211 211 211 213 216 218 220 220 223 235 236 233 228 221 217 217 217
374 361 349 347 346 340 335 334 359 371 362 353 349 348 350 353 355 359 366 374 385 403 406 400 399 400 396 385 368 358 355 349 347 340 335 347 336 325 321 328 336 347 352 343 335 332 327 324 314 302 301 309 297 281 267 260 262 261 262 265 256 246 250 280 303 293 272 255 243 236 232 229 229 235 251 250 241 232 227 226 224 221 217 217 217 220 221 226 228 228 226 221 226 232 234 229 222 220 222 224
366 355 350 358 359 351 345 342 349 365 368 369 364 360 359 361 364 370 377 392 411 414 394 381 381 389 399 395 377 370 361 346 330 326 330 343 336 322 313 318 325 339 337 325 320 319 321 321 315 313 313 306 291 279 270 264 265 268 274 273 263 251 260 287 304 300 277 262 250 242 236 233 232 234 253 258 249 241 236 233 232 228 224 224 224 223 221 224 226 225 223 220 225 233 238 234 227 231 239 238
366 358 360 368 375 365 357 355 348 356 373 395 394 384 377 374 378 385 390 399 400 396 381 369 367 370 379 388 386 389 389 365 340 321 310 324 333 324 315 311 317 330 329 318 313 314 316 322 329 334 326 311 293 281 274 270 269 271 275 270 262 260 279 298 303 291 276 266 258 250 245 238 238 243 248 248 245 242 239 238 234 232 234 235 231 226 223 221 223 221 219 219 223 230 233 230 229 248 244 239
367 369 373 379 389 377 369 363 357 355 376 391 395 397 397 390 389 406 409 395 381 371 365 356 354 350 350 358 369 373 374 360 344 326 314 310 335 341 336 322 311 315 314 307 308 313 320 332 339 341 335 316 300 289 289 282 276 275 274 268 270 298 321 328 308 280 264 259 253 247 242 237 240 255 261 257 250 244 239 236 235 244 253 247 238 230 227 224 224 222 221 220 222 225 226 223 225 230 226 226
378 388 389 391 395 379 369 362 356 353 362 371 380 390 407 415 403 406 408 387 371 366 361 354 352 359 357 342 333 346 349 341 333 321 314 301 333 360 345 325 311 306 306 307 309 318 326 334 344 350 355 341 321 305 302 299 293 293 293 286 292 334 372 365 326 294 274 262 259 255 248 243 245 254 258 257 254 250 247 244 245 260 267 258 247 238 233 229 226 224 222 220 220 221 220 221 222 221 221 221
389 409 400 397 398 381 369 362 357 356 366 372 378 385 396 408 407 392 386 379 371 366 366 364 360 359 353 343 329 321 328 325 325 311 302 293 328 344 330 322 314 305 304 306 307 313 317 321 331 349 363 359 341 327 319 318 322 335 328 314 318 352 394 396 362 325 295 279 275 267 257 258 256 255 252 248 248 253 255 256 258 269 276 265 252 243 236 230 226 222 220 220 220 220 220 220 220 221 221 223
400 421 409 403 408 391 375 365 362 361 371 379 383 394 408 417 429 415 392 385 381 375 370 374 363 348 337 328 320 311 305 302 301 304 291 286 306 312 318 327 320 308 302 309 307 305 305 307 317 339 366 363 351 337 329 328 325 327 320 319 323 331 360 379 349 313 288 275 274 266 261 274 268 261 253 246 242 250 257 260 265 267 257 246 235 228 223 221 220 220 220 220 220 220 220 220 221 222 224 229
405 419 417 411 411 393 379 372 371 368 375 390 396 405 424 446 444 423 397 382 378 373 367 363 358 352 354 339 321 310 307 312 317 325 308 287 281 283 291 324 320 307 302 301 301 297 297 299 307 326 348 347 336 328 322 316 308 306 306 312 314 310 315 339 330 310 295 278 266 260 260 263 264 263 258 250 243 240 245 260 273 274 259 243 232 225 220 220 220 220 220 220 220 220 220 220 223 226 230 237
411 418 429 426 421 407 396 387 382 379 382 400 409 418 433 447 434 412 395 388 376 366 366 358 358 372 377 351 333 324 324 330 325 327 323 308 302 306 283 291 307 308 312 310 304 299 294 293 299 312 326 320 318 317 309 299 293 288 284 295 296 294 304 331 330 310 295 281 268 266 266 272 275 270 262 251 244 238 238 260 278 270 254 241 231 225 221 220 220 220 220 220 220 220 220 226 232 236 240 245
436 433 444 451 446 436 418 402 397 393 390 408 425 437 435 424 417 406 404 399 391 389 395 374 362 361 358 349 353 345 340 353 333 315 314 311 305 306 299 276 292 312 321 321 309 300 293 289 289 295 298 299 299 297 301 299 291 283 276 274 274 280 302 327 328 315 300 293 287 279 273 282 281 268 257 248 242 236 234 248 265 261 250 239 231 227 222 220 220 220 220 220 220 220 225 234 239 244 249 253
470 462 472 487 488 481 443 418 417 407 400 416 443 448 438 429 437 427 431 424 401 397 394 372 363 357 359 373 370 356 340 346 331 308 298 294 296 293 288 278 273 304 318 327 316 305 296 291 290 286 287 288 286 286 295 304 293 284 277 273 272 277 305 322 321 322 318 311 302 289 280 275 267 258 249 242 238 235 233 240 257 255 246 237 230 225 221 220 221 220 221 220 222 225 230 235 241 249 260 263
502 507 520 537 538 517 456 455 464 437 414 411 449 461 445 435 448 447 455 455 422 391 380 368 362 361 369 384 376 361 344 320 303 294 285 278 274 272 272 268 261 283 308 330 320 312 306 299 296 290 283 280 277 276 289 296 289 284 280 276 273 271 293 315 318 332 323 306 300 295 286 275 264 257 249 244 241 238 233 233 247 245 237 231 226 221 221 227 230 230 228 227 227 229 232 236 243 254 265 272
534 543 576 598 576 534 476 487 506 475 441 420 457 469 448 445 458 461 472 480 447 402 375 364 365 369 377 387 396 383 352 314 294 283 281 274 267 261 259 258 259 268 285 307 312 311 319 318 301 296 285 281 278 270 279 284 284 284 281 278 274 269 277 297 317 329 326 301 291 300 292 279 268 261 255 251 245 240 235 233 230 229 225 223 221 222 235 244 244 239 234 231 230 230 233 240 249 264 273 277
534 562 600 622 586 545 504 510 517 498 476 455 445 459 451 454 468 475 486 479 443 401 377 363 365 374 385 392 419 404 346 305 286 276 274 278 273 266 258 254 260 265 272 287 291 288 299 304 298 309 307 292 280 271 266 270 272 277 281 276 273 270 268 280 312 299 316 297 281 296 289 275 264 257 252 251 250 243 235 231 228 224 223 222 222 231 253 258 254 247 240 235 235 235 239 247 260 276 281 283
500 539 582 601 581 553 540 541 528 515 509 488 463 454 471 471 474 489 494 477 440 409 389 372 358 369 377 392 404 369 326 293 278 269 267 273 272 266 257 252 264 277 269 270 269 267 268 274 288 312 324 307 291 278 272 270 266 262 267 268 265 265 269 276 306 291 305 287 274 270 268 267 264 258 253 247 242 236 236 240 238 235 231 229 226 238 260 264 262 255 246 241 242 242 248 260 277 290 292 290
471 507 547 573 576 566 568 575 549 526 504 484 475 471 494 501 488 497 504 482 449 423 407 386 357 356 368 381 364 329 301 288 279 270 265 264 262 259 255 250 257 270 270 262 258 257 255 262 282 296 292 298 293 285 292 294 285 274 264 258 262 266 269 272 292 294 302 291 277 267 257 268 266 258 250 242 237 232 241 255 253 248 244 239 233 238 251 256 259 255 249 250 250 252 256 271 289 300 301 298
471 496 520 541 556 571 594 603 580 553 519 496 499 490 518 538 510 511 518 490 443 411 401 383 353 345 353 361 338 313 298 286 278 272 269 267 263 254 250 248 251 257 260 257 254 250 249 260 278 282 273 274 279 279 296 294 286 277 270 264 257 258 259 264 282 302 296 290 270 257 249 247 248 243 240 238 238 237 235 253 266 263 253 244 237 234 237 241 246 248 250 257 262 266 269 274 292 308 312 308
458 471 482 498 518 557 600 621 608 583 539 519 527 513 526 561 551 537 546 523 467 415 383 365 348 336 341 357 342 318 300 290 282 270 262 261 262 258 253 247 247 254 258 266 263 258 251 254 275 273 264 260 259 259 269 277 278 273 268 263 260 256 255 256 267 289 287 266 251 245 240 239 238 239 241 245 246 243 238 237 259 263 254 245 238 236 237 240 245 250 254 260 274 282 281 280 295 313 322 320
434 446 462 483 515 547 586 615 615 594 558 544 550 534 531 564 585 583 582 551 491 437 394 364 342 328 332 358 362 336 309 295 288 277 264 254 253 254 251 251 250 246 248 260 263 260 255 248 254 256 254 250 249 247 248 251 253 255 255 259 262 258 252 246 244 249 248 242 239 240 238 241 244 247 250 252 248 244 240 235 242 257 256 251 247 243 242 245 249 254 259 265 278 283 280 281 295 311 324 325
444 469 492 507 519 537 575 611 618 606 583 573 563 549 552 572 604 620 599 542 485 439 401 371 345 324 323 345 362 335 314 301 295 282 268 255 248 247 249 256 257 255 249 244 245 247 250 253 248 246 244 244 243 242 243 244 245 246 249 249 248 243 244 251 246 240 239 239 240 243 247 253 260 265 261 254 247 241 238 236 241 258 270 267 259 253 250 252 254 262 271 276 281 283 281 282 290 303 314 317
453 474 483 487 489 509 549 595 609 599 594 589 570 561 575 593 613 600 566 517 470 441 403 373 344 322 312 320 331 320 309 304 298 284 272 260 250 246 249 254 255 256 252 246 241 240 242 247 242 241 240 245 243 239 239 243 246 247 242 237 236 239 252 269 271 261 254 251 250 254 264 270 270 265 255 248 242 238 235 235 245 261 271 271 264 259 255 256 261 277 285 286 285 284 283 288 296 305 312 313
439 448 455 457 461 493 532 568 575 557 570 577 557 548 568 589 610 590 531 471 437 416 387 362 339 321 309 303 303 304 300 299 295 287 277 264 254 247 251 258 257 256 251 246 241 239 239 238 237 236 236 239 238 234 234 237 239 240 237 248 257 261 270 283 283 274 266 261 257 265 276 273 267 259 249 242 237 236 235 236 241 253 262 262 260 259 258 260 273 290 300 296 290 286 286 294 302 305 308 310
417 432 432 433 457 490 515 535 530 504 534 564 537 507 511 537 573 579 544 472 416 386 361 346 333 322 313 304 295 291 286 284 282 277 272 263 254 247 250 254 256 256 256 254 251 246 242 239 237 235 235 234 233 232 233 233 234 236 247 264 271 273 275 286 292 283 275 267 261 262 262 258 253 246 241 237 236 236 236 236 241 250 254 256 257 261 266 272 284 301 310 303 297 294 297 304 306 306 304 301
412 419 408 426 459 474 482 496 489 471 506 535 516 485 471 495 529 534 520 485 439 401 360 334 322 316 310 308 302 294 283 276 270 267 262 256 250 244 242 244 249 251 252 256 264 261 253 245 240 236 235 233 232 233 235 238 244 254 266 276 278 278 278 281 288 287 278 273 280 277 265 255 247 242 238 237 236 236 237 237 240 245 248 253 258 267 277 286 294 307 313 309 305 305 304 301 297 293 291 292
381 392 393 419 441 446 454 463 453 452 485 493 472 456 451 468 479 480 490 496 485 442 383 341 314 302 298 300 299 295 287 277 271 270 266 256 250 240 238 235 235 237 242 247 255 260 253 245 239 235 234 233 234 241 244 250 257 268 278 283 280 277 275 275 280 289 285 294 315 308 281 266 253 245 240 238 239 239 239 239 239 242 247 255 266 273 280 290 298 303 315 316 310 302 293 283 276 273 273 282
380 378 382 404 422 425 444 442 428 447 481 471 445 432 429 437 443 444 471 486 476 451 405 357 321 299 291 294 296 292 289 281 269 265 263 255 247 239 233 231 229 228 229 231 235 238 239 237 233 231 231 232 237 245 252 258 266 279 294 292 282 274 270 269 272 287 295 313 325 326 298 274 261 249 242 240 240 241 242 243 241 241 242 249 261 269 277 285 287 291 307 310 306 298 286 276 268 265 264 275
406 375 375 390 401 413 443 434 412 437 472 454 428 415 412 413 424 436 462 452 427 412 385 351 323 300 286 293 298 298 299 294 282 267 258 250 243 239 235 234 233 232 229 228 226 227 228 230 230 229 233 243 250 256 263 268 275 288 311 310 289 278 269 265 266 277 297 309 299 295 297 281 263 252 245 242 242 245 251 255 252 247 243 241 247 255 266 273 273 275 284 286 288 287 280 271 263 259 259 268
407 375 376 386 386 403 414 411 399 427 441 421 406 400 399 404 417 441 467 446 406 387 367 345 323 301 283 282 294 306 306 299 296 281 267 257 247 240 236 236 234 235 232 230 228 227 225 225 226 229 233 239 245 254 263 275 290 303 314 314 294 277 266 260 261 282 309 313 298 280 269 263 254 249 246 245 247 257 268 268 261 253 244 239 239 245 251 255 255 255 259 264 266 270 272 265 258 254 253 257
399 372 395 379 376 386 385 381 388 410 403 385 379 384 392 404 421 443 463 461 422 391 372 352 329 306 289 274 276 280 291 298 298 291 280 271 260 252 245 242 237 234 232 229 227 226 225 224 225 226 228 230 234 243 258 272 291 307 313 303 285 270 259 255 259 275 295 294 284 273 261 256 252 252 251 251 257 275 283 278 267 257 248 241 237 240 242 240 239 239 242 248 250 254 257 253 249 245 245 245
371 355 372 369 360 365 365 363 370 375 368 362 372 395 404 409 429 453 453 450 416 396 366 345 324 311 296 277 269 267 277 302 309 306 305 308 302 287 273 255 242 235 231 228 226 224 224 224 224 226 227 226 227 232 241 256 270 285 303 305 286 270 257 253 265 269 268 274 285 284 275 267 263 260 257 262 274 287 284 278 274 271 261 251 242 235 232 229 226 225 228 233 237 241 242 240 238 238 240 240
347 338 334 341 343 346 346 349 355 349 348 373 381 377 377 381 404 419 414 404 382 358 338 323 304 294 286 275 266 260 264 284 306 309 299 302 303 297 284 266 250 239 235 231 228 227 226 226 224 226 226 228 228 229 234 242 255 266 276 287 281 263 251 250 272 272 266 268 290 308 303 292 281 271 266 279 290 288 285 287 285 282 270 256 246 237 229 224 221 220 220 221 225 229 231 231 230 230 233 234
346 351 347 333 329 341 337 338 341 338 359 373 361 351 356 365 375 385 381 371 349 328 314 309 306 295 284 275 268 255 255 256 275 296 290 283 280 288 290 275 259 242 237 235 234 231 228 225 225 228 232 232 231 231 233 242 253 260 265 266 255 243 235 237 251 255 254 257 278 303 305 309 297 280 281 292 291 282 283 288 284 276 268 257 247 238 233 228 225 222 221 218 220 222 222 222 222 223 226 228
339 348 350 342 327 326 328 323 325 339 352 347 336 337 354 364 361 356 350 341 330 328 325 322 312 305 301 293 283 264 249 243 248 263 272 270 269 278 283 274 255 238 228 229 230 228 227 226 238 242 241 238 236 233 233 244 263 265 263 258 246 237 233 231 231 235 237 246 261 276 292 311 304 291 295 282 282 279 270 265 263 262 260 252 244 236 236 236 234 228 223 220 216 217 216 215 217 220 226 230
321 325 333 334 330 321 314 311 324 336 331 323 318 324 336 348 346 338 329 329 351 360 359 349 333 323 319 312 296 278 258 242 238 240 242 239 238 251 252 243 231 231 222 215 216 216 219 231 245 249 246 242 239 234 229 231 246 255 259 261 253 244 237 232 230 231 233 237 246 258 281 305 305 301 292 278 264 259 261 255 249 248 248 246 239 231 229 232 231 225 220 216 213 211 211 212 215 216 219 222
332 327 317 315 317 317 312 303 303 311 308 303 311 315 319 330 327 328 324 347 381 386 386 382 362 342 332 321 309 298 278 259 242 236 235 230 224 221 221 220 216 214 214 214 215 215 218 227 236 232 234 233 234 231 227 225 228 235 246 257 258 251 242 235 231 229 231 234 240 250 272 307 313 307 290 269 253 248 247 247 246 244 239 235 231 226 222 220 218 215 213 211 209 209 209 209 210 212 215 219
327 328 322 311 302 300 299 295 292 289 287 287 293 294 310 321 319 323 333 360 380 386 391 393 381 360 342 325 310 303 295 280 263 248 244 238 230 226 221 222 219 223 221 218 215 215 215 218 218 217 217 220 226 228 225 222 219 220 233 241 250 249 240 233 228 226 227 230 236 244 263 297 305 295 286 270 257 254 252 248 247 247 245 240 236 231 225 221 219 215 211 210 210 209 208 207 208 209 212 215
325 333 321 307 296 287 287 288 288 284 283 284 285 291 306 312 308 326 357 390 393 391 382 377 374 350 331 314 298 292 295 292 279 266 259 251 243 238 235 234 236 241 239 235 232 227 218 216 214 214 214 215 214 215 213 214 215 216 221 229 239 237 228 224 224 223 224 228 234 240 250 271 287 279 271 270 270 265 259 258 256 254 249 243 238 232 227 224 221 218 215 212 210 209 208 208 209 210 213 217
312 320 312 303 293 284 282 283 281 279 281 288 287 286 287 297 317 351 387 430 427 408 384 361 356 333 315 301 287 281 285 288 281 273 266 258 253 249 245 243 242 248 249 245 242 239 234 232 224 219 216 216 215 216 215 215 216 216 218 218 218 217 217 218 220 221 223 224 227 230 235 246 271 275 268 264 265 262 261 264 261 255 249 242 237 232 228 227 226 223 219 216 214 212 210 210 209 211 214 220
298 294 292 287 281 278 278 279 278 277 279 282 283 294 313 333 354 379 421 469 458 414 374 352 343 348 340 318 307 293 275 276 274 272 264 257 251 248 246 246 250 250 248 243 239 235 231 227 223 218 216 215 214 213 213 213 215 215 216 217 218 219 222 222 223 224 223 224 224 225 225 228 249 260 259 259 256 252 248 244 244 243 243 241 234 228 225 226 226 226 228 223 218 216 212 210 209 213 219 228
284 281 279 275 274 275 275 276 275 275 277 280 297 324 352 380 396 407 450 489 471 420 379 359 361 374 369 339 315 299 277 269 268 268 263 258 255 254 249 246 248 247 243 238 234 230 227 227 225 223 222 220 220 218 214 213 214 216 216 216 218 221 223 223 222 222 222 222 223 226 228 227 229 241 250 257 253 249 244 239 238 238 236 233 229 222 218 218 218 225 228 227 221 216 212 206 209 217 230 232
272 272 271 271 272 273 274 274 275 275 277 283 309 335 364 394 410 418 440 463 469 454 427 387 376 377 360 327 302 288 274 265 266 268 265 261 260 261 258 255 252 249 244 240 237 235 233 232 231 229 226 222 223 222 220 215 215 216 216 216 217 221 220 220 220 221 222 226 236 247 255 253 244 243 242 246 246 243 240 239 236 235 235 232 228 223 220 215 212 211 214 218 215 212 208 205 212 218 221 223
270 270 270 271 272 272 273 274 275 275 278 290 311 329 350 370 385 402 419 446 475 483 451 415 391 358 330 305 288 276 267 261 267 275 273 268 264 261 258 257 255 252 247 243 241 242 238 234 231 227 223 220 219 221 222 222 215 218 218 217 220 222 221 220 220 223 224 227 238 252 266 275 272 260 252 246 244 243 243 242 239 235 229 229 226 219 214 211 206 204 203 202 204 205 204 203 207 211 212 211
270 270 270 271 271 271 272 272 272 273 278 292 308 328 353 370 386 404 420 450 500 513 478 436 395 349 316 296 282 274 268 261 260 267 273 272 267 263 261 258 256 251 248 244 240 236 233 230 228 225 221 219 216 217 218 218 214 215 216 220 228 229 227 223 221 225 227 225 232 243 256 274 288 283 270 262 255 255 257 251 243 236 228 221 215 211 209 206 204 202 201 200 199 199 198 198 199 199 199 201
269 269 269 270 271 271 271 271 272 273 279 297 317 334 357 382 409 428 443 460 500 519 469 418 373 337 314 299 292 284 275 263 258 254 256 260 257 254 253 250 247 243 242 238 237 235 232 230 227 225 223 220 218 216 214 214 213 212 213 219 224 227 227 224 223 223 222 223 228 235 243 262 291 296 281 273 263 257 253 247 239 232 225 218 213 209 207 204 204 203 201 199 199 198 197 196 196 195 195 195
268 268 269 269 269 269 270 270 272 276 283 298 318 336 357 383 413 447 469 485 492 495 442 395 361 338 324 311 303 298 289 275 263 254 247 246 245 243 241 239 238 236 237 235 233 232 231 230 227 225 222 219 216 214 214 214 214 213 212 214 218 224 226 224 224 223 222 223 226 231 236 251 285 299 286 275 267 263 254 246 237 229 221 215 210 211 209 208 207 204 202 200 199 196 197 196 195 193 192 192
269 268 268 268 268 268 269 273 278 281 286 298 320 338 351 375 410 439 459 475 481 480 453 415 380 363 352 333 316 308 301 286 274 262 252 245 241 239 237 235 232 230 228 227 227 226 227 227 224 218 218 215 214 214 214 213 214 213 212 211 213 219 219 221 222 222 221 221 224 227 233 246 278 296 284 268 264 262 254 243 234 226 218 212 214 219 215 210 205 202 200 198 197 198 198 198 196 195 193 189
272 271 270 269 268 269 272 278 282 285 288 298 313 327 340 365 390 410 424 445 455 464 472 455 418 395 381 350 327 311 296 283 274 267 258 251 247 243 241 239 235 231 227 222 220 219 217 216 215 215 215 214 214 214 216 215 217 215 212 212 211 216 214 216 220 223 222 222 223 227 233 245 267 280 271 262 261 254 246 239 232 224 221 217 216 214 211 207 201 197 196 195 195 198 198 197 193 188 187 192
277 274 272 270 268 269 271 277 281 285 288 298 308 316 326 341 361 380 401 425 439 452 466 468 434 396 372 348 335 319 304 291 283 279 274 268 261 253 243 238 235 232 227 222 218 216 217 216 218 215 216 218 220 221 222 222 222 220 216 213 211 211 212 213 218 223 225 223 227 237 243 250 263 270 260 258 254 249 252 246 240 235 229 224 224 217 211 205 199 195 191 190 189 190 189 189 186 196 208 205
278 275 273 270 268 267 269 272 276 279 285 294 300 308 325 343 359 385 409 426 440 450 464 457 413 394 381 370 358 338 316 301 293 290 287 284 276 266 258 243 233 227 220 217 217 217 219 223 225 227 226 224 224 225 224 222 220 218 216 214 212 210 211 212 214 220 227 223 233 250 260 262 262 261 253 251 246 243 247 244 239 235 232 234 233 228 220 212 204 199 194 190 186 185 184 185 187 194 194 185
274 273 271 270 268 267 267 270 273 276 281 288 297 310 332 356 376 410 447 451 445 468 486 466 433 431 424 408 383 353 329 315 309 310 302 294 280 267 254 240 227 219 218 218 218 218 227 240 244 243 238 233 230 226 222 219 217 215 214 213 211 210 210 211 214 219 225 224 227 242 262 270 265 255 246 243 246 245 240 238 236 237 241 248 249 240 229 218 210 203 197 193 190 188 187 186 184 185 184 184
275 273 272 272 271 269 266 268 270 275 281 293 306 315 330 358 383 417 456 467 463 484 505 488 475 475 466 444 408 377 369 353 348 348 322 300 280 260 246 231 221 219 218 218 220 237 250 254 255 253 250 243 236 228 223 219 216 215 215 213 213 215 216 214 213 218 224 230 228 229 242 255 254 246 238 241 247 248 244 241 240 243 247 250 248 240 232 222 215 210 204 200 196 193 194 188 187 185 184 182
274 272 273 273 272 270 267 268 273 276 283 300 318 329 338 354 380 412 451 475 484 502 526 531 531 535 535 501 450 418 414 385 390 386 346 303 282 262 245 231 220 219 219 220 227 244 258 262 264 263 261 252 242 232 225 220 218 216 218 217 216 216 215 212 211 216 219 229 231 228 229 236 242 236 234 240 248 248 246 246 245 247 249 248 243 237 232 227 219 214 209 204 198 197 194 187 185 182 182 181
270 268 268 268 267 266 264 270 276 278 285 308 336 353 364 377 403 432 459 482 497 515 550 567 559 548 557 555 512 473 440 408 427 419 358 306 278 260 246 236 222 220 221 223 229 238 252 261 264 264 260 252 248 241 233 228 223 219 218 216 215 215 210 210 212 216 219 226 231 232 231 231 232 230 232 237 244 251 253 251 250 251 254 250 242 233 227 220 218 218 214 208 200 194 189 185 183 182 182 183
268 265 264 264 263 263 263 270 275 277 282 308 337 356 370 387 425 460 471 475 487 513 549 565 537 509 527 570 558 510 448 434 456 438 376 319 289 267 249 234 222 221 223 224 223 224 229 240 249 252 254 255 252 245 236 228 222 218 216 215 213 213 210 210 211 216 218 229 243 247 244 238 232 231 228 236 247 258 259 249 246 249 256 248 238 229 221 217 219 218 212 202 194 188 185 184 183 182 182 183
264 262 261 261 261 261 262 265 268 271 278 298 322 344 360 371 408 455 464 462 470 493 506 499 474 469 500 560 565 510 458 463 489 456 392 337 313 282 254 232 221 222 224 223 223 223 223 224 230 241 247 249 248 242 233 226 221 218 218 217 216 216 215 214 210 217 219 228 236 245 246 236 228 225 226 235 245 247 214 191 194 231 250 239 228 221 214 209 209 205 196 190 186 186 186 184 183 182 182 183
260 260 259 258 257 256 259 260 261 264 270 285 307 331 343 354 388 437 443 443 455 457 443 432 430 439 474 518 525 484 457 487 506 463 393 348 319 277 248 226 221 224 225 224 222 222 221 221 222 230 240 241 239 235 229 226 224 223 223 222 219 219 221 220 214 213 218 223 232 237 232 223 220 224 233 236 236 230 223 217 207 221 229 222 213 208 206 205 200 196 192 190 189 191 189 184 184 182 184 190
259 257 257 257 256 257 256 258 258 261 267 278 294 311 325 347 383 421 421 425 441 426 393 388 397 413 454 462 446 428 432 476 468 423 372 345 318 280 246 225 222 229 233 229 226 224 223 223 222 223 230 233 232 228 231 233 231 227 225 222 221 222 224 222 217 211 212 216 224 226 222 219 221 227 232 232 230 222 228 231 226 219 213 209 205 207 206 204 202 201 200 199 199 197 189 184 183 186 196 205
260 259 260 259 259 259 255 255 257 259 263 272 285 301 321 353 388 410 408 413 427 409 374 360 368 400 422 396 374 371 404 449 421 369 327 318 299 273 244 224 228 251 253 242 232 228 225 227 230 228 226 225 225 226 225 225 227 225 222 223 230 235 236 231 225 220 212 213 221 217 219 221 222 223 224 225 222 225 239 252 251 244 235 228 226 224 221 216 210 206 202 200 199 195 186 184 183 197 210 215
262 264 262 260 259 258 256 254 255 257 261 269 284 301 318 344 378 396 397 400 404 394 366 345 350 376 377 353 337 340 378 399 362 333 306 291 278 259 240 224 233 257 255 246 236 229 226 230 236 233 227 224 225 225 224 223 223 222 225 234 244 253 256 250 242 232 220 209 219 222 225 225 229 229 229 229 230 235 246 258 262 257 252 251 244 237 231 224 218 212 208 203 199 193 185 183 185 202 215 219
264 265 264 261 258 256 254 253 253 255 259 266 287 315 322 333 356 384 388 376 373 364 348 337 324 328 324 318 310 325 371 361 321 301 286 275 262 252 244 225 238 259 258 251 241 235 231 234 243 241 234 227 225 224 224 223 223 227 236 243 250 261 274 275 263 248 234 210 216 224 228 234 238 235 234 234 235 239 247 260 269 268 265 259 250 243 236 230 224 217 209 202 196 187 185 184 186 201 213 223
264 263 261 260 258 254 252 252 253 257 260 264 291 336 340 337 348 377 386 361 344 334 320 315 307 295 289 286 289 312 339 323 297 280 273 268 267 265 253 227 249 274 274 263 252 241 234 239 252 250 241 233 226 225 225 229 235 241 248 249 248 253 265 275 279 266 246 221 212 235 245 246 242 238 239 238 241 246 256 270 278 280 275 263 252 245 237 230 222 212 204 198 190 185 185 184 192 199 206 215
264 261 257 255 254 250 252 254 256 259 261 260 280 332 344 334 332 351 374 373 350 325 305 294 286 278 273 268 273 285 288 283 276 268 264 263 268 270 254 229 261 298 295 272 256 242 238 247 255 251 243 235 232 236 242 245 250 258 268 264 254 244 245 257 267 262 245 223 222 253 261 255 249 245 242 241 243 247 257 268 275 280 277 264 250 237 227 217 207 202 197 190 185 184 185 189 205 210 210 211
269 262 257 253 250 251 251 253 256 259 260 253 254 291 322 318 301 312 339 361 365 345 317 305 294 276 260 253 251 250 250 251 256 259 260 258 254 253 245 230 269 311 305 274 256 243 248 258 261 255 250 249 254 259 260 261 259 272 283 275 260 246 234 238 241 240 230 211 235 251 256 256 252 245 239 237 236 239 246 259 269 276 277 262 244 229 219 210 204 200 195 185 184 185 185 202 213 216 215 214
277 266 261 258 254 252 250 249 250 251 252 250 251 251 265 279 278 284 302 322 345 347 329 330 316 291 269 251 243 243 241 235 234 244 252 247 237 232 235 251 270 297 294 271 254 249 259 266 265 264 264 268 275 280 277 272 268 276 286 276 260 248 240 232 226 221 213 210 234 246 252 253 251 245 239 235 235 237 244 258 269 274 276 269 258 243 230 218 207 200 188 185 185 184 196 210 219 224 227 227
288 276 268 268 268 266 263 260 258 258 261 271 275 274 255 247 248 256 265 280 302 312 316 337 332 310 276 255 259 268 251 234 232 231 232 231 236 259 277 283 298 308 300 277 261 259 264 268 268 276 282 286 292 296 289 281 280 279 276 271 265 263 264 254 236 222 210 206 223 238 242 245 247 243 238 235 235 240 247 259 270 275 285 294 290 267 240 218 202 194 187 186 186 192 208 218 225 233 243 245
301 289 281 282 282 278 274 269 267 277 279 289 304 312 287 261 250 245 243 248 262 281 285 313 330 314 275 257 253 250 236 238 244 244 244 244 258 286 308 317 333 346 333 292 271 272 279 276 281 298 301 302 306 305 296 293 287 277 267 262 263 266 269 256 237 221 208 204 210 224 232 232 231 229 228 231 241 252 255 257 263 268 282 299 292 264 235 211 200 193 189 186 187 195 207 219 227 233 243 251
316 304 298 301 299 292 283 271 279 286 288 303 325 338 321 305 277 272 260 245 245 257 261 275 299 302 279 263 251 238 236 257 279 284 274 273 292 311 335 345 360 393 376 318 283 278 283 287 298 318 320 312 310 304 295 298 290 277 267 255 249 248 247 240 226 216 203 204 204 209 219 219 219 220 229 240 253 263 264 257 251 257 274 280 268 250 229 213 201 197 190 186 192 206 211 213 218 225 231 238
332 325 326 324 311 295 280 277 288 292 293 311 333 347 342 332 303 283 262 244 241 244 246 251 268 282 285 288 269 237 247 272 311 315 301 322 359 355 370 374 377 392 380 342 298 291 299 303 307 319 324 313 304 296 286 288 290 281 269 258 247 235 226 221 212 209 211 207 205 204 202 208 212 220 238 253 265 269 264 248 236 244 259 258 248 238 226 212 203 200 192 187 201 215 219 215 213 215 221 229
353 355 347 324 296 279 276 288 305 298 298 310 322 328 326 306 283 267 253 244 241 240 240 240 254 269 276 277 257 247 272 294 319 336 343 370 420 405 398 402 392 374 350 331 308 307 316 316 313 320 325 312 294 285 277 275 272 269 261 247 233 224 220 217 217 220 225 227 222 213 204 200 204 213 238 261 271 259 238 221 211 233 251 254 248 238 228 216 207 200 192 187 203 221 228 225 219 217 219 226
389 390 364 325 291 278 280 292 309 303 305 316 332 345 353 338 324 298 267 253 243 239 239 238 243 253 256 247 241 267 292 313 333 353 384 415 448 458 450 435 407 372 344 322 311 311 316 314 317 326 331 314 292 279 270 269 263 255 243 231 223 231 233 229 227 229 247 253 239 223 212 206 201 202 211 246 251 227 209 197 195 200 229 249 252 244 228 215 204 197 191 187 205 228 237 238 229 222 221 229
