# 100 100
170 178 176 171 169 168 169 167 164 162 160 159 159 158 158 158 160 163 169 171 169 168 167 151 147 148 151 150 147 146 147 147 157 156 155 156 152 151 150 149 149 149 149 158 158 156 155 156 159 166 170 174 171 174 176 179 181 166 147 147 149 153 157 159 163 170 177 183 193 211 232 262 306 304 321 347 366 394 426 424 421 422 422 416 384 349 326 308 313 319 294 260 246 240 226 219 218 218 217 216
172 173 176 174 169 168 170 170 168 165 164 166 166 166 168 169 171 172 171 170 165 165 158 148 147 149 151 149 147 147 147 150 156 155 154 156 151 150 149 149 149 149 149 151 156 152 154 154 156 160 164 168 168 176 179 182 173 152 147 147 151 154 157 160 165 170 173 179 196 199 216 237 257 274 304 327 342 369 414 424 415 416 422 400 371 338 306 285 291 314 286 253 235 232 224 216 211 210 211 205
174 172 171 170 172 174 180 178 176 175 174 174 174 173 174 174 177 177 170 168 161 153 148 147 147 149 150 149 147 146 149 156 156 155 152 154 151 150 149 149 149 149 150 153 163 154 154 153 155 158 163 164 165 176 183 183 162 147 147 150 152 155 158 162 168 173 176 179 186 191 200 216 235 249 275 297 334 356 380 380 371 371 389 370 351 330 298 268 255 263 252 231 224 224 219 214 207 205 206 198
172 172 175 177 181 180 177 178 178 174 172 171 170 173 169 167 171 173 170 166 156 148 146 147 147 148 147 145 146 149 156 156 158 152 150 154 150 149 149 150 150 150 151 153 161 157 155 154 153 156 159 160 162 168 174 174 151 148 147 151 153 156 159 162 168 173 176 183 190 193 186 198 224 235 257 274 302 331 362 349 342 344 360 356 330 304 289 256 241 232 226 218 216 215 212 207 204 201 201 196
170 172 176 178 179 175 170 170 171 166 162 160 159 159 157 156 156 158 163 157 151 150 149 147 146 146 147 147 148 154 155 156 156 153 149 152 149 149 150 150 151 151 152 152 159 160 156 152 153 155 157 159 161 163 161 153 148 147 148 154 155 157 159 163 171 174 177 181 188 192 182 185 201 218 232 243 261 284 321 313 309 314 333 335 319 286 261 247 231 222 216 211 209 207 203 197 199 198 197 194
169 167 166 166 166 166 164 171 174 167 162 159 158 156 154 153 152 151 160 150 154 152 149 148 146 146 146 147 147 152 156 158 156 154 150 154 149 149 149 149 150 151 152 153 158 164 157 152 152 155 157 159 158 158 150 148 148 147 150 155 157 158 161 166 169 172 174 175 177 177 171 179 189 198 208 222 235 247 261 278 278 287 292 316 311 311 261 237 226 220 213 207 203 201 198 192 190 193 194 192
170 167 166 165 164 162 162 169 173 174 170 161 156 155 154 152 153 153 151 150 156 153 149 146 146 146 145 147 149 157 157 158 156 154 154 156 150 149 149 150 150 151 153 153 157 163 157 152 150 153 155 156 155 152 148 148 148 147 150 156 157 160 165 172 175 174 170 166 164 164 170 178 184 187 196 198 210 221 235 247 250 248 258 277 269 293 274 251 220 214 209 205 200 197 193 190 188 190 191 189
179 172 167 164 162 162 161 163 168 170 168 162 158 155 155 155 157 156 156 152 156 155 148 146 146 143 144 146 152 161 159 157 156 153 152 154 150 149 149 150 150 152 152 154 159 164 158 152 149 150 151 152 151 150 149 148 147 148 150 158 159 162 168 176 178 176 169 163 157 162 167 173 177 179 185 185 198 201 214 223 224 227 229 236 234 246 236 227 212 206 207 202 198 194 192 188 186 187 188 187
182 180 172 168 170 172 164 160 159 158 157 157 155 155 158 158 158 158 155 153 157 155 147 147 146 142 146 148 151 160 167 164 160 155 152 151 150 149 149 149 151 152 151 154 162 166 159 154 149 149 149 149 151 153 149 147 147 147 148 157 161 164 168 175 179 177 169 162 153 156 161 167 170 170 177 173 184 188 202 206 206 204 204 208 212 216 210 202 199 199 204 202 194 191 190 187 184 184 185 185
181 180 179 178 177 174 168 163 162 161 160 160 159 159 160 159 158 154 152 156 156 155 147 147 145 142 146 155 155 161 169 164 160 156 153 151 150 150 150 151 151 152 152 154 159 167 155 155 149 148 147 150 152 153 150 148 147 148 148 152 159 163 163 164 167 161 156 150 148 149 148 150 152 156 165 163 172 188 193 194 195 194 197 197 197 196 192 191 191 195 200 201 193 188 186 185 184 181 183 183
177 178 176 174 173 168 165 165 164 164 163 162 160 161 159 156 152 156 157 158 157 155 148 147 147 143 149 156 162 167 168 163 159 156 153 152 151 150 151 152 151 151 154 155 160 164 155 155 149 148 147 149 152 154 153 148 148 148 148 149 150 151 152 151 152 150 148 148 148 148 148 148 148 149 150 166 180 185 186 185 186 187 187 190 187 189 186 185 188 193 195 198 193 185 183 183 182 179 180 180
179 175 174 171 169 168 169 167 166 165 164 163 162 161 161 158 153 159 159 159 158 156 150 147 147 145 153 158 165 170 167 162 158 156 155 153 153 151 151 151 151 151 153 154 161 162 155 155 148 147 148 149 152 155 156 153 149 148 149 148 148 148 148 148 148 148 148 149 149 149 150 149 149 149 149 152 173 177 179 179 180 181 180 180 181 183 184 182 188 189 190 194 191 184 180 180 180 178 176 177
178 177 175 173 172 170 170 168 166 165 164 163 162 162 162 159 153 158 160 160 158 156 151 147 147 147 159 165 166 171 166 163 159 156 154 153 153 152 151 150 151 152 152 154 162 163 152 155 149 148 149 151 154 156 157 157 155 152 150 148 148 148 148 148 148 149 150 152 153 153 153 152 151 149 149 149 160 169 172 174 175 176 175 175 177 178 179 181 185 186 184 188 188 186 179 177 178 177 174 173
176 176 175 173 172 170 169 168 167 166 165 165 164 163 161 158 152 159 162 160 157 155 151 147 146 146 154 165 180 179 170 166 161 158 158 157 155 152 151 150 151 152 152 154 162 163 152 154 151 149 149 150 153 155 156 157 156 157 156 151 149 149 150 152 152 153 154 154 155 155 154 153 151 150 149 149 158 166 168 169 170 171 171 173 175 176 176 179 182 183 180 180 184 184 181 174 175 174 171 172
174 173 172 172 171 169 168 167 166 166 165 164 164 162 159 156 153 169 165 161 157 153 150 147 146 146 148 163 178 184 178 172 166 162 159 160 158 154 154 152 153 153 152 155 162 164 153 153 150 149 149 151 153 154 155 156 157 158 159 153 152 155 156 157 157 156 156 155 155 156 154 152 151 150 149 150 160 162 165 166 167 167 168 170 172 173 174 176 178 179 178 175 180 181 178 174 171 170 174 179
174 172 171 171 170 169 169 167 165 164 163 161 160 159 159 155 162 174 167 165 159 154 149 147 147 146 146 155 171 184 184 177 169 164 161 159 159 159 157 154 153 153 152 154 163 158 152 152 150 149 150 151 153 154 156 156 157 160 168 165 153 150 155 160 160 159 158 157 156 155 154 152 150 149 149 155 159 159 161 163 164 165 166 168 169 171 173 175 175 175 174 173 177 177 175 173 170 168 174 179
173 172 171 170 169 168 168 166 163 161 160 159 158 157 154 155 164 175 169 167 161 155 149 147 147 147 146 150 169 177 185 183 176 167 164 162 161 158 157 154 153 153 153 153 162 159 152 152 150 150 150 151 152 153 154 155 157 162 172 170 161 155 152 159 162 163 162 164 163 156 152 150 150 150 152 157 158 158 160 160 162 164 165 166 168 170 172 172 170 170 170 171 174 173 172 172 170 167 170 175
174 171 170 169 168 168 166 164 162 163 164 160 161 157 156 155 159 163 168 168 164 155 148 147 147 147 146 146 160 167 174 184 182 173 166 165 164 158 156 155 154 154 154 154 161 161 152 151 150 150 150 151 152 153 154 155 158 161 168 172 162 153 154 162 166 168 170 167 164 153 150 150 151 157 158 156 154 155 157 160 162 163 164 166 167 169 169 168 167 167 168 169 171 171 170 171 170 166 170 172
177 175 171 168 167 167 167 165 164 166 167 163 160 160 159 155 156 163 168 168 165 155 148 147 147 147 146 146 152 162 165 171 178 174 169 167 167 161 157 156 155 154 155 155 158 163 152 151 151 150 151 151 152 153 155 156 158 160 165 170 163 151 161 171 173 167 152 150 149 150 150 153 156 159 160 159 158 154 158 160 160 161 163 165 166 166 166 165 166 166 167 167 168 169 169 170 168 165 168 169
180 177 176 173 169 166 165 164 164 165 164 164 161 158 156 155 155 161 169 169 165 156 148 147 147 146 146 147 149 158 161 170 181 179 174 168 165 161 159 156 155 154 154 155 158 165 154 152 151 151 152 152 154 155 157 160 161 163 164 162 158 150 165 173 173 153 150 151 151 151 153 155 156 159 160 160 160 158 157 157 158 161 162 164 165 163 163 164 165 166 167 168 169 171 172 172 167 164 168 169
179 172 171 171 171 168 165 164 162 162 162 162 160 158 156 155 157 161 170 169 164 158 148 148 147 146 146 147 149 163 163 171 185 185 177 166 163 160 159 157 157 155 155 155 161 166 155 152 153 152 154 154 154 156 159 162 165 170 172 166 156 150 159 165 166 150 150 151 151 152 155 156 157 159 161 162 163 164 163 160 159 160 161 162 162 162 163 165 165 166 167 169 173 176 176 176 170 162 167 165
184 185 177 170 165 165 164 163 162 161 161 160 159 157 156 155 156 162 170 168 161 157 148 147 146 147 146 147 149 159 170 171 187 185 174 166 161 158 158 157 156 155 155 156 163 166 156 152 155 154 156 155 155 158 160 164 170 180 186 174 156 151 157 161 165 150 151 151 151 152 156 156 157 160 165 168 171 171 169 167 163 161 161 163 165 166 166 166 166 166 167 171 175 177 177 177 172 161 166 166
173 177 183 176 165 165 164 162 160 159 161 162 159 158 156 156 157 161 170 172 166 159 149 147 147 147 146 147 152 153 157 169 183 181 169 164 161 158 156 155 156 155 156 158 167 165 155 152 156 155 157 156 157 159 163 166 176 186 185 174 155 153 158 162 167 154 150 151 151 151 153 155 157 162 170 175 179 179 178 174 167 165 166 170 174 177 173 169 166 166 167 172 176 177 176 176 172 161 162 168
174 170 169 167 166 163 162 162 163 160 159 159 158 157 157 156 157 158 162 169 169 160 148 147 147 146 146 149 153 154 156 159 164 169 167 162 160 158 157 155 156 156 157 162 167 163 155 152 155 156 157 158 159 160 166 172 180 182 178 168 158 152 152 159 172 167 150 151 151 150 151 151 153 156 160 167 177 180 181 178 172 170 171 175 186 186 176 168 166 165 166 171 175 176 175 173 168 159 163 172
174 171 169 167 166 166 162 161 164 160 158 158 157 157 157 157 158 160 161 154 151 147 147 148 147 147 148 153 154 155 156 157 158 164 163 162 161 161 159 157 156 158 159 170 167 162 153 152 154 157 159 160 161 164 165 172 175 178 176 173 168 160 156 152 178 174 155 150 150 150 151 150 150 151 151 151 160 169 176 177 177 176 177 181 185 181 173 167 164 164 166 171 174 170 163 157 155 154 164 175
176 174 172 168 166 165 165 162 160 159 159 160 160 159 159 159 160 162 154 147 147 147 146 147 149 148 148 154 156 156 155 157 157 157 158 161 163 162 161 159 158 158 159 169 168 159 152 152 157 157 159 161 163 165 166 169 176 177 176 171 165 161 155 157 177 177 165 156 151 150 151 151 152 152 152 152 151 153 161 168 173 173 175 176 177 173 169 166 164 162 163 160 158 154 154 153 153 154 155 170
175 173 172 169 166 164 164 163 160 159 159 162 164 163 162 161 158 155 148 147 146 146 149 148 148 150 147 150 154 156 157 157 157 158 157 158 161 163 162 160 159 159 158 166 165 156 153 154 161 161 161 161 163 165 169 169 174 172 167 167 161 159 153 160 175 174 167 166 161 155 153 155 155 153 153 152 151 152 152 155 158 160 162 165 168 168 166 165 165 159 154 154 154 154 153 154 154 154 154 157
174 172 170 168 164 164 162 162 160 159 160 164 169 172 171 167 163 157 146 147 146 147 147 148 148 150 149 149 157 156 157 157 157 158 158 159 160 162 164 161 160 159 158 163 163 154 153 156 162 163 165 166 167 173 175 170 171 167 161 160 157 157 154 157 162 170 172 176 168 161 158 157 157 154 154 153 150 153 153 154 155 157 160 161 162 164 164 164 162 154 154 154 153 154 155 155 154 154 154 154
172 171 169 168 165 163 161 160 160 160 162 167 176 193 197 183 168 154 147 147 146 148 149 148 150 151 149 149 157 157 157 158 158 158 158 160 161 162 162 161 159 160 164 164 159 154 154 156 159 165 165 169 175 177 174 170 168 163 160 158 158 158 153 156 165 176 183 186 177 167 162 160 158 156 155 153 151 154 153 154 156 157 159 161 161 161 161 161 157 153 153 154 155 155 156 157 157 155 155 154
170 169 169 167 166 164 163 161 159 163 164 166 175 177 179 175 168 156 147 146 146 147 149 147 151 151 150 148 156 157 157 158 158 158 159 161 162 161 161 161 160 170 168 166 157 153 153 157 159 165 168 176 177 176 173 173 166 162 160 159 160 159 153 161 163 170 178 189 189 179 167 162 159 157 156 152 152 153 153 154 156 157 159 160 161 161 160 159 154 153 154 154 155 157 160 162 161 160 155 154
168 166 166 166 166 165 164 162 160 160 164 163 165 166 169 171 166 151 147 146 147 147 148 147 152 152 150 150 157 158 157 158 158 160 164 162 167 162 161 160 160 170 170 163 155 154 154 156 159 163 169 177 178 176 176 177 168 162 161 161 162 162 156 156 161 166 176 187 191 186 173 166 162 158 155 152 152 152 153 155 155 157 159 159 160 160 160 157 153 154 154 155 157 160 162 162 162 162 157 154
170 168 166 164 164 164 163 161 159 157 157 159 161 164 165 169 174 153 147 147 147 147 147 148 152 151 150 150 158 158 158 158 158 162 172 166 166 165 162 163 161 165 170 160 154 154 154 155 159 164 170 177 178 178 178 176 168 163 164 168 165 163 158 153 160 165 171 183 190 190 181 170 165 162 157 152 153 153 154 155 154 156 158 159 159 159 156 154 153 155 159 161 160 160 162 162 163 162 158 155
172 171 169 167 163 161 162 159 157 156 155 155 156 160 164 165 163 146 147 147 147 147 147 149 151 151 149 150 158 158 158 158 159 163 179 173 167 164 165 163 162 163 170 160 155 155 155 156 160 164 170 177 179 176 171 167 165 164 168 173 167 162 158 154 163 168 172 179 188 191 190 184 178 169 160 153 152 152 154 154 154 155 156 158 157 154 153 153 153 158 160 162 161 162 162 163 162 163 157 155
169 169 167 167 165 162 161 158 163 162 161 158 155 155 163 162 160 147 147 147 147 147 148 150 150 149 150 150 156 158 159 159 160 163 175 181 173 166 166 167 164 162 169 161 156 157 157 159 160 163 168 173 179 177 173 172 167 160 163 164 160 156 155 154 164 167 168 174 181 185 185 186 187 177 161 154 152 152 152 153 154 155 155 155 154 153 152 152 157 160 161 162 161 161 162 163 163 165 159 156
168 166 164 163 163 163 160 160 162 167 170 166 160 154 157 159 158 153 146 148 148 148 149 150 149 150 151 150 154 158 158 159 162 166 172 180 179 170 168 172 167 163 168 165 157 158 160 163 165 164 167 172 177 176 177 175 167 160 155 156 155 159 157 154 161 163 166 168 168 170 172 176 180 176 164 158 152 152 152 152 154 154 153 153 153 153 153 156 159 161 161 163 162 163 164 164 165 168 169 159
168 166 167 168 166 165 168 168 165 166 169 169 166 160 153 156 157 160 152 147 147 148 148 149 150 151 151 151 153 158 158 159 162 168 177 175 174 174 169 169 167 164 166 169 159 157 162 163 164 166 169 174 179 179 179 173 165 157 161 163 162 161 155 154 160 162 163 164 162 163 166 168 169 168 164 159 155 152 152 153 153 153 153 153 153 153 156 161 160 160 161 162 162 164 164 165 168 171 176 178
170 169 169 171 171 170 170 170 170 168 168 167 166 162 157 151 154 163 161 147 147 147 147 149 152 152 152 152 153 158 158 160 165 172 180 180 176 174 174 170 168 165 166 170 160 158 161 163 165 166 174 175 179 180 177 174 167 157 169 169 163 159 159 154 157 158 157 156 156 160 162 164 164 163 161 159 160 157 153 155 157 155 152 153 155 159 160 161 162 161 161 163 163 165 167 169 173 178 182 183
171 173 172 171 170 167 167 167 168 167 166 167 173 166 160 155 150 151 152 147 147 147 147 148 153 153 152 153 154 158 158 166 172 174 177 181 178 174 180 175 170 168 166 169 159 159 161 167 166 171 179 179 180 179 178 174 163 157 167 165 162 161 163 158 156 157 159 159 161 155 160 163 163 161 161 160 161 161 159 156 156 157 158 160 161 161 161 161 162 163 163 164 165 168 172 174 176 189 206 197
174 174 172 170 169 167 165 166 166 164 164 164 169 166 160 157 153 160 158 147 148 148 148 148 154 153 152 153 156 158 159 167 170 170 174 180 180 176 182 185 178 173 168 169 160 159 162 167 168 174 181 179 180 180 180 175 163 160 167 164 165 167 166 165 168 165 163 161 164 158 160 162 163 162 161 162 162 162 162 162 162 157 160 159 161 161 162 162 163 163 165 167 170 172 180 191 194 200 221 218
175 174 171 169 167 166 167 166 165 164 162 164 163 158 153 155 169 173 166 148 148 148 147 150 153 153 152 154 158 162 170 170 167 172 179 186 184 180 179 190 187 177 171 171 161 159 164 167 171 176 180 178 179 179 175 169 161 164 174 167 167 169 171 170 173 168 163 163 165 160 156 157 156 158 162 166 166 165 164 166 163 156 158 160 160 162 162 163 164 166 169 171 179 184 194 199 200 205 215 221
174 173 172 174 170 167 164 162 165 165 162 159 159 156 166 172 175 169 157 148 148 147 148 151 152 153 153 154 159 161 169 168 168 176 186 191 189 185 178 188 193 184 175 172 163 160 165 169 176 179 180 177 177 177 174 165 159 169 177 171 171 174 176 176 175 168 166 166 167 165 161 162 161 157 162 166 167 168 168 167 163 160 157 158 161 164 172 172 170 172 178 185 191 196 197 194 198 203 207 210
176 174 176 178 174 171 168 166 165 159 159 160 156 161 176 186 173 162 154 148 147 148 148 151 153 153 153 156 160 160 163 166 169 174 180 184 188 184 180 185 193 188 178 174 164 162 168 173 179 180 179 176 174 173 174 166 160 173 174 176 177 179 179 179 177 174 173 170 172 169 167 165 163 158 162 164 167 169 170 167 164 162 158 157 162 167 185 187 182 176 184 189 189 189 192 190 200 207 207 202
176 175 179 177 178 177 173 178 178 168 164 172 170 167 178 187 176 167 156 148 147 148 148 150 154 153 153 158 161 162 165 164 166 169 171 180 190 191 189 184 191 192 180 176 167 165 171 177 179 177 175 172 170 170 168 163 162 164 169 174 179 180 180 179 178 176 173 171 170 166 164 160 158 162 166 164 166 168 170 168 166 160 156 160 164 166 180 189 185 175 179 181 184 183 184 188 198 207 205 196
176 176 180 178 176 179 180 180 178 173 168 174 184 191 181 177 173 170 160 149 149 147 148 150 153 154 153 158 160 159 161 160 162 164 168 178 191 194 193 189 193 189 181 177 169 168 174 179 179 174 172 169 167 168 165 161 167 168 167 170 175 179 176 176 171 168 166 167 166 162 158 158 164 166 167 168 169 168 169 169 165 157 163 171 175 178 179 181 179 172 172 178 179 180 184 190 200 202 199 192
178 180 182 178 174 172 171 173 172 172 172 177 189 194 180 179 167 161 156 149 149 148 147 148 151 152 152 156 156 156 157 157 161 164 167 171 176 181 191 195 196 191 182 177 171 170 177 180 176 173 171 167 166 165 162 164 168 170 171 173 176 177 173 170 166 164 162 163 162 158 160 162 166 169 168 170 170 169 169 169 162 159 161 162 164 167 168 169 172 173 173 175 176 180 184 190 193 194 190 188
180 184 183 180 177 174 171 169 171 169 172 181 184 179 174 178 175 165 157 149 149 148 148 148 150 150 151 157 156 156 157 157 162 163 164 165 169 174 185 197 197 194 184 178 174 173 179 179 174 170 170 168 164 163 162 166 172 176 178 180 178 172 168 166 164 165 163 158 160 162 163 163 168 170 169 168 168 168 167 164 158 160 163 166 167 169 171 172 172 174 175 177 179 180 182 184 185 186 187 187
181 182 186 187 180 177 172 169 168 169 172 174 174 172 169 166 164 160 156 150 149 148 148 148 151 150 152 152 152 153 157 159 161 161 161 164 169 172 182 196 197 193 185 180 180 179 180 180 176 171 168 166 165 164 164 168 176 180 181 180 175 169 166 165 165 165 162 160 162 161 163 165 169 169 167 165 164 162 162 161 157 161 161 164 168 169 171 173 174 174 175 176 178 179 180 181 181 187 189 185
180 180 179 180 178 177 173 170 167 169 173 171 174 182 181 179 167 159 154 151 150 149 148 148 150 151 154 156 152 152 155 159 161 160 162 166 168 173 183 194 192 188 182 178 177 181 182 183 179 174 169 168 170 168 164 167 172 177 181 179 174 171 169 165 163 163 161 159 161 161 164 167 168 166 165 163 162 162 160 160 157 157 161 162 164 167 170 171 172 173 173 175 177 177 178 180 181 184 191 186
180 181 179 174 176 176 171 169 167 166 170 168 172 182 182 172 161 157 153 151 150 148 148 147 148 151 159 158 153 153 154 155 159 162 165 168 170 175 184 191 187 184 181 179 178 178 180 183 181 177 171 177 181 177 169 167 177 180 179 174 171 168 166 164 164 165 165 160 163 162 167 168 167 169 169 165 162 163 161 160 161 157 161 161 163 168 170 169 169 169 169 174 175 176 178 185 186 184 189 188
178 181 182 175 172 176 176 171 168 164 169 168 174 172 168 164 160 158 152 153 150 150 148 147 148 153 161 157 153 154 156 156 160 164 165 169 173 180 187 190 186 185 183 179 177 179 182 182 180 175 174 181 183 182 176 166 170 180 178 175 169 166 165 164 166 168 164 160 164 164 168 169 169 173 170 166 165 164 162 161 162 158 162 162 163 167 169 168 168 168 167 171 173 174 178 190 191 189 189 187
178 180 182 180 176 173 175 174 177 173 162 169 171 170 163 161 160 156 151 152 150 151 150 147 148 155 161 159 157 155 155 157 163 164 164 168 175 189 194 193 185 182 180 178 177 180 181 181 177 175 180 183 179 177 177 167 170 176 181 180 172 168 166 165 168 168 160 163 164 164 166 169 171 170 168 166 165 163 161 161 161 158 162 162 162 164 166 167 166 165 167 170 172 172 178 189 192 188 185 185
181 180 178 176 175 169 165 162 162 164 160 160 161 159 161 159 160 157 151 151 151 151 151 148 147 155 161 159 156 156 156 157 161 167 166 169 175 186 196 195 188 183 178 177 176 178 182 181 179 180 181 182 177 172 168 166 171 179 182 183 176 172 168 166 168 167 162 162 164 164 165 167 169 169 170 172 167 164 163 163 162 159 162 162 163 163 162 164 165 165 167 170 170 171 176 184 186 188 187 185
178 178 172 169 168 165 166 171 172 165 170 165 162 161 156 156 157 159 152 151 149 149 150 148 147 155 161 159 158 157 160 162 161 165 167 169 174 182 191 197 192 185 180 181 177 176 180 182 183 184 183 181 176 171 166 169 177 181 184 185 180 175 171 169 167 167 165 160 165 164 165 169 170 173 175 173 168 165 165 165 161 158 160 160 162 162 163 163 164 166 168 168 169 170 173 179 182 180 185 185
172 173 173 168 167 164 167 172 177 174 181 174 175 170 162 162 157 155 152 151 149 148 148 149 147 154 160 158 157 161 161 164 163 164 166 168 172 178 185 195 194 186 184 180 175 174 177 179 181 182 181 178 171 167 167 175 183 187 189 185 182 176 171 169 167 166 164 161 165 165 166 170 174 178 176 170 167 164 163 162 159 159 162 162 162 162 164 165 164 165 166 167 168 169 172 177 181 178 181 184
174 170 170 170 166 166 169 175 186 184 184 181 180 173 164 162 161 159 152 151 149 148 149 149 147 154 160 158 159 159 159 161 165 164 165 168 172 175 179 189 191 189 185 181 178 176 173 173 175 176 176 172 168 167 169 175 183 186 186 183 178 174 173 175 173 167 162 164 165 166 167 171 175 177 172 168 166 164 162 162 159 159 162 162 163 164 165 166 166 166 167 167 167 169 174 181 179 178 179 182
168 171 169 166 168 170 173 175 186 191 189 184 179 173 164 162 162 161 153 149 149 149 150 149 149 151 161 159 158 158 158 159 161 164 166 169 170 171 176 181 186 188 185 182 179 179 175 174 173 172 171 171 174 175 169 181 182 178 182 177 174 180 178 179 176 170 163 164 165 166 168 171 174 177 171 168 167 164 160 159 158 158 160 160 163 164 164 165 166 167 169 169 169 170 174 181 178 179 178 178
165 173 176 175 177 177 178 177 186 189 187 182 179 172 164 162 162 161 151 149 149 149 149 149 149 149 162 161 158 160 160 162 163 165 166 170 175 173 175 178 184 192 186 185 182 177 177 176 175 175 175 174 177 177 169 176 176 180 181 176 178 182 181 175 171 169 163 165 166 167 170 173 176 181 171 166 166 164 160 158 159 161 160 160 161 162 164 166 166 167 168 169 170 171 174 176 179 181 175 175
164 174 178 183 190 190 183 182 188 186 182 179 175 169 163 159 161 156 149 148 149 149 149 150 150 149 159 161 158 161 162 163 166 168 169 170 176 176 177 181 184 193 189 186 183 179 174 173 172 172 172 171 171 170 174 175 184 185 182 178 182 184 183 176 171 168 162 165 167 168 170 174 180 181 171 165 164 163 160 159 161 162 161 160 161 163 164 165 167 167 168 170 171 171 174 178 176 177 173 173
162 170 177 180 189 192 185 184 187 186 182 177 175 174 165 159 153 150 150 149 149 150 150 149 149 148 159 160 160 161 163 164 167 171 175 175 177 181 179 185 190 196 192 188 185 180 174 174 176 172 174 173 171 172 181 181 185 185 182 179 182 184 182 174 168 166 163 166 167 167 170 176 182 177 170 165 162 162 159 160 161 162 162 162 161 163 164 165 166 167 168 170 170 171 172 173 173 173 172 173
161 163 168 174 180 182 179 178 184 179 179 175 175 175 163 150 149 150 150 150 150 149 149 148 149 148 159 160 161 162 162 163 166 170 175 179 183 185 183 185 190 195 195 189 181 177 174 175 174 172 171 171 171 175 181 182 185 184 182 180 184 184 180 173 169 166 163 167 167 168 173 180 179 171 167 165 162 160 159 159 161 162 163 163 162 163 163 165 166 166 168 169 169 170 172 174 170 172 174 173
160 164 169 170 176 180 177 170 178 169 169 171 168 162 151 149 150 150 151 150 149 150 148 149 149 153 163 163 163 165 163 163 165 170 173 187 193 192 191 189 186 189 192 190 187 181 175 175 172 172 171 172 173 179 188 193 191 186 183 182 185 185 181 176 173 169 163 166 169 170 175 181 174 167 166 164 161 160 160 159 160 161 162 163 163 162 163 164 166 166 167 168 169 169 170 170 171 173 174 175
159 161 164 166 172 182 170 161 156 152 151 151 151 150 150 151 150 151 150 149 149 149 149 149 148 153 162 163 165 164 164 165 167 170 175 184 196 205 194 189 184 184 188 192 189 185 179 176 174 172 171 173 175 183 189 197 194 188 185 185 187 186 186 180 176 175 168 163 167 169 172 175 171 166 164 164 161 161 162 162 160 161 162 163 164 165 164 164 165 165 167 167 167 167 168 168 173 178 175 174
162 158 159 159 160 158 154 152 151 151 150 150 150 150 150 150 150 149 150 149 150 151 149 149 148 149 165 167 168 167 166 167 171 174 177 183 198 201 193 190 184 182 182 187 188 184 183 181 177 177 173 173 178 185 190 194 192 188 185 187 188 187 187 186 184 182 171 163 166 168 171 174 170 165 162 162 162 162 163 162 160 161 163 163 164 165 165 165 166 166 166 167 169 167 167 173 182 183 179 174
165 158 156 155 154 153 152 151 151 150 151 151 150 150 150 152 151 153 153 152 153 153 150 148 149 148 164 168 168 168 167 169 171 175 178 183 194 197 193 189 185 182 183 181 181 179 179 179 176 177 178 174 177 180 185 188 190 189 189 187 187 187 187 188 186 181 170 163 167 168 169 172 168 165 163 164 164 162 163 162 161 160 162 163 163 164 165 165 166 168 171 175 177 175 172 173 181 182 179 177
158 156 154 154 152 153 151 151 152 151 151 151 150 150 152 154 153 155 155 156 155 155 150 149 148 152 156 161 161 160 159 164 167 170 171 179 188 193 193 188 185 185 187 184 181 181 180 177 176 177 178 175 176 180 187 188 191 190 189 188 189 188 185 185 181 170 164 167 167 168 169 171 170 170 167 164 163 162 163 163 162 162 161 163 164 165 165 164 166 168 175 178 176 180 187 181 180 180 178 180
155 154 153 152 151 151 152 154 158 155 156 156 155 158 160 156 156 160 162 162 156 156 151 148 151 152 153 155 155 156 159 166 172 172 175 182 186 193 193 190 187 184 181 181 181 184 182 178 176 177 178 175 177 180 187 190 191 187 184 184 186 187 182 178 174 168 165 169 168 168 170 172 170 173 171 165 163 163 164 164 163 162 161 163 163 164 164 164 165 166 168 172 174 178 184 184 181 184 179 179
153 152 153 153 152 158 163 164 163 159 163 162 163 164 162 153 160 162 163 161 156 154 152 148 151 150 154 155 154 157 162 171 176 176 181 191 189 191 193 191 188 185 182 183 181 180 182 179 177 178 178 177 179 182 187 190 190 185 180 179 185 185 179 175 171 168 164 170 168 168 171 172 172 175 175 167 163 164 164 164 164 163 161 162 164 163 164 164 164 166 167 171 175 177 184 187 186 193 190 189
153 153 152 153 162 167 166 164 162 163 165 164 164 163 158 155 161 162 163 161 158 154 152 147 151 151 156 158 156 162 178 181 181 185 186 196 192 190 190 189 187 186 183 186 184 181 181 181 180 179 180 178 178 183 188 190 191 187 181 178 184 188 180 174 171 167 164 169 168 169 171 171 172 173 171 167 164 165 165 165 164 163 162 162 163 162 163 163 164 166 170 176 177 178 186 191 194 199 202 197
153 155 161 166 167 166 163 162 165 166 165 165 163 156 155 160 161 163 163 161 160 153 150 148 152 152 165 161 162 172 182 177 188 196 199 196 193 192 189 187 185 185 186 191 187 184 183 181 181 181 182 180 179 182 189 190 191 188 181 176 179 185 181 176 171 166 172 173 170 170 172 172 176 171 168 165 165 165 165 165 163 162 162 162 162 162 162 163 165 168 173 183 182 180 187 188 191 195 200 195
162 168 167 166 164 166 172 169 171 174 171 165 162 156 161 163 163 164 163 161 162 155 149 149 150 156 166 163 167 171 174 175 195 198 197 195 192 191 191 193 188 186 188 190 191 188 188 187 184 183 186 183 181 181 186 192 191 188 182 177 175 177 175 171 165 170 181 178 175 174 174 172 172 168 165 165 166 166 165 164 165 163 164 164 163 164 163 165 166 169 176 185 184 181 186 188 187 191 196 194
164 165 165 166 169 171 179 174 177 175 172 166 161 157 163 163 163 164 165 162 161 157 149 149 150 153 166 166 170 173 171 178 204 203 200 197 193 192 195 196 191 188 190 193 198 197 197 197 190 186 191 186 182 181 184 192 192 189 183 180 176 173 171 168 168 171 175 182 184 183 180 174 170 167 166 167 167 165 164 167 169 166 164 166 167 166 165 167 169 177 184 186 184 181 183 189 187 188 191 191
165 167 168 171 177 184 184 179 179 177 177 169 162 156 158 163 164 163 164 162 161 154 149 149 151 155 158 172 179 176 172 182 209 204 198 196 195 196 200 200 197 193 193 196 200 209 211 202 191 191 195 191 183 180 191 197 197 192 187 181 179 181 180 175 169 169 168 172 176 179 183 180 173 166 167 167 166 165 169 172 170 166 164 167 170 169 168 169 179 191 189 186 183 181 182 187 191 189 187 187
169 169 172 177 182 191 187 184 180 177 176 169 164 163 158 161 163 163 163 162 160 152 149 149 152 158 155 164 173 171 170 182 208 202 199 198 198 199 203 205 205 200 199 201 205 207 207 194 190 197 198 191 184 181 187 199 199 195 188 182 182 187 187 181 175 173 170 167 170 174 179 183 175 167 168 168 166 167 171 175 171 166 166 168 172 173 173 180 191 194 189 185 182 181 181 183 186 194 192 188
176 174 177 179 188 193 191 186 183 180 174 168 165 161 161 157 162 162 163 162 157 151 150 148 156 159 156 158 165 169 168 178 200 201 201 200 201 203 206 209 207 202 200 206 207 208 204 191 190 199 195 195 186 180 180 194 200 196 190 185 182 185 187 182 176 173 171 168 169 180 179 177 172 169 170 168 166 168 171 174 171 167 167 171 179 184 186 191 193 192 187 184 181 180 180 182 183 187 197 201
178 178 178 185 195 195 192 186 181 177 172 167 163 164 164 159 163 164 165 164 156 152 149 153 159 159 156 158 165 172 174 174 183 200 205 206 206 208 209 209 203 195 194 201 197 191 190 189 186 193 188 192 189 180 177 178 186 186 185 183 176 175 178 177 176 174 173 169 172 186 179 172 169 174 170 168 171 169 168 171 171 169 170 177 190 192 189 190 196 193 188 184 181 180 182 182 183 184 190 197
181 183 183 192 194 190 186 182 178 174 169 167 167 165 164 158 163 164 164 164 154 149 150 155 159 158 157 159 167 171 174 178 184 198 209 212 210 213 215 211 201 193 191 193 193 188 185 184 183 186 184 184 188 183 180 176 175 175 174 175 179 179 175 173 172 171 169 168 177 194 180 174 171 170 169 173 175 171 170 169 170 172 172 177 183 182 179 184 187 190 188 183 180 179 183 185 185 186 188 193
184 188 186 192 192 186 185 181 177 173 170 168 168 165 162 159 163 165 164 163 151 149 151 158 159 160 157 160 168 171 178 176 182 184 198 214 216 220 221 210 201 192 188 188 188 186 184 181 182 186 181 181 181 181 179 176 175 174 180 188 190 187 184 180 174 171 172 169 186 202 183 176 173 176 178 179 178 173 173 172 170 170 172 175 174 174 173 174 174 177 183 181 180 179 182 186 189 189 190 196
190 195 192 196 199 196 193 186 184 179 172 169 167 165 161 162 165 165 163 159 148 149 153 158 159 158 158 164 171 174 180 179 185 189 191 203 225 212 206 204 199 195 188 185 186 185 183 180 180 181 179 178 179 178 178 176 175 187 194 198 194 190 187 182 176 173 172 169 188 205 196 181 177 181 184 180 176 172 172 175 173 172 171 172 174 177 177 178 183 179 180 184 180 181 184 193 197 196 193 194
195 199 200 202 202 192 190 192 188 179 172 169 166 164 161 163 166 165 165 151 149 150 156 158 158 157 159 177 183 177 184 188 193 200 207 205 214 200 194 198 199 195 188 185 184 183 181 181 180 179 178 177 178 179 177 175 177 207 203 202 198 192 190 185 178 173 171 168 183 200 202 187 182 184 176 173 175 172 172 175 178 180 175 173 173 181 188 192 193 185 179 185 181 184 190 195 196 194 191 184
195 199 201 201 196 191 186 185 179 177 178 175 169 166 165 161 166 166 158 149 150 151 155 157 157 157 165 180 186 188 203 203 206 215 222 208 200 193 190 193 191 192 190 186 183 182 180 180 180 180 177 178 179 177 176 175 176 201 205 202 201 194 192 187 180 174 171 169 181 187 191 189 185 184 175 179 184 184 174 172 175 178 174 174 174 179 192 198 196 188 178 178 180 184 189 190 188 186 181 184
196 200 199 196 191 188 187 185 188 186 187 178 172 167 167 161 164 166 155 150 150 152 157 156 156 159 171 178 186 186 198 200 194 197 199 197 194 191 187 187 185 182 184 186 185 181 179 180 180 180 177 177 176 178 176 175 175 178 196 203 203 197 194 190 183 176 172 170 178 183 182 182 182 182 175 177 181 181 175 174 174 173 175 176 176 178 190 195 192 185 179 179 179 180 185 182 180 182 181 184
196 199 195 191 190 192 195 195 193 191 187 180 175 168 165 161 165 166 156 149 150 154 155 154 156 165 177 178 179 178 177 178 183 191 188 191 188 185 184 184 181 180 179 186 183 182 180 178 178 179 178 178 184 182 178 176 176 175 179 196 200 199 197 192 185 177 173 171 176 180 179 178 178 177 175 177 178 178 175 175 178 177 179 181 179 180 187 193 194 189 180 182 184 181 179 180 184 188 187 185
192 192 188 187 192 196 197 195 191 185 181 178 172 167 165 164 168 166 157 151 151 153 153 156 157 163 173 172 171 168 172 177 181 189 187 181 181 180 180 178 178 177 177 185 182 179 177 177 183 181 180 182 188 183 180 177 177 176 177 192 195 193 195 190 184 178 173 170 173 178 178 178 177 176 180 186 181 178 178 178 180 182 182 184 183 184 190 195 197 194 184 181 184 186 185 184 187 187 188 185
185 185 185 187 192 196 197 193 189 187 181 178 176 171 167 163 174 162 156 153 150 154 156 160 161 158 162 162 163 170 173 176 178 183 185 181 176 175 177 178 176 176 175 182 180 177 175 178 191 183 183 185 188 183 180 178 177 176 181 202 200 193 187 185 181 176 175 174 173 170 171 176 178 177 184 188 188 184 181 182 184 186 186 187 187 195 196 197 197 194 188 182 180 183 185 190 197 194 191 188
178 181 183 190 192 195 197 194 188 182 181 181 177 166 162 166 169 153 151 151 151 156 157 161 162 159 159 161 161 168 171 172 172 178 180 177 174 172 174 175 174 174 173 179 175 174 175 189 191 187 190 194 192 187 181 178 177 176 197 211 210 200 189 182 179 182 183 179 177 173 172 172 177 178 178 182 191 192 192 193 197 195 193 193 195 201 198 197 196 192 188 185 183 182 183 187 197 197 194 191
177 180 186 195 195 195 196 194 190 187 180 175 171 163 172 174 159 150 149 149 154 157 160 162 163 162 161 164 165 166 170 171 170 174 176 174 173 172 173 175 174 172 171 172 172 175 178 197 193 192 198 195 193 190 184 178 177 176 186 212 213 200 190 184 183 189 186 183 181 176 174 172 178 181 180 180 188 190 194 199 201 201 200 198 197 196 195 197 196 193 190 189 188 189 189 185 188 189 191 194
175 179 188 195 197 198 198 195 189 183 183 178 170 164 174 172 153 151 150 149 157 158 163 163 164 164 164 166 166 167 170 170 169 170 172 169 170 170 169 173 173 169 170 171 171 174 178 193 200 191 189 188 184 182 179 178 177 176 179 206 220 214 207 200 197 192 187 185 182 178 176 172 175 183 183 182 181 185 191 194 195 194 193 194 192 192 193 198 197 195 193 191 189 190 190 187 188 191 193 195
174 177 181 188 194 198 196 192 187 184 177 171 166 171 178 172 151 151 149 151 158 159 163 164 165 165 166 165 165 165 167 167 168 168 166 168 169 168 168 170 171 170 169 170 170 172 175 187 199 192 187 184 181 179 179 178 177 177 178 191 220 216 211 204 197 190 185 183 182 178 176 174 172 178 186 188 184 181 186 190 190 189 189 190 190 189 192 200 201 199 197 195 193 190 187 185 190 192 194 198
172 174 177 181 188 193 195 192 187 180 175 168 168 179 180 172 151 149 150 153 158 161 163 164 166 166 165 164 166 166 166 165 167 167 166 168 168 167 168 169 169 169 170 170 170 172 174 181 194 197 193 189 181 181 184 178 177 176 177 186 214 213 209 203 197 191 186 186 184 180 179 175 172 178 187 192 184 181 185 187 188 186 187 188 188 188 198 201 202 202 201 199 197 193 190 188 187 189 196 203
173 174 174 177 180 181 188 187 183 179 178 174 166 179 179 169 151 148 149 153 158 163 164 165 165 164 164 164 164 164 163 165 167 166 165 166 167 169 168 169 172 171 171 171 171 173 175 179 186 192 192 190 185 181 182 180 178 176 176 178 189 197 196 194 195 193 189 187 185 182 179 175 173 178 187 191 184 182 185 186 185 184 185 186 186 189 198 198 195 201 207 205 202 197 195 192 189 189 195 200
171 171 171 172 173 175 175 181 184 183 179 171 167 179 178 176 151 148 150 153 157 160 162 165 163 163 166 167 163 163 164 162 166 165 168 170 169 172 174 173 177 174 173 172 171 173 176 179 182 188 188 186 185 183 180 180 180 177 177 177 178 181 185 186 189 189 187 186 184 181 176 174 174 179 190 192 185 182 183 183 183 183 184 185 188 193 194 188 184 191 207 210 206 202 200 197 194 191 192 194
170 169 169 169 169 169 169 168 175 170 168 168 176 179 180 175 150 148 150 152 160 164 162 162 164 164 166 167 170 171 168 166 166 167 171 178 175 174 180 181 180 177 175 173 173 175 178 182 191 194 192 189 186 184 181 182 181 178 178 178 178 180 184 189 192 190 185 182 179 176 176 177 173 179 191 193 188 185 185 185 184 184 185 187 190 195 191 183 182 185 203 209 204 202 200 198 197 193 190 193
173 172 170 171 171 175 180 171 167 168 174 177 181 179 181 174 152 150 148 151 165 165 167 166 166 164 167 170 179 180 175 174 176 173 176 185 183 180 191 195 196 185 178 175 176 177 180 187 199 202 197 193 190 188 184 187 187 181 178 178 180 187 198 197 195 189 181 178 176 178 178 176 174 175 190 191 187 186 188 188 186 186 187 189 192 194 188 182 181 181 187 200 194 188 187 194 198 194 191 193
176 175 171 172 175 182 186 179 178 173 181 182 181 182 181 172 152 150 149 151 164 167 167 164 164 166 169 179 190 190 186 187 186 180 179 191 196 195 193 196 199 196 183 176 179 181 185 193 209 207 203 199 193 190 186 188 187 182 178 179 186 200 200 195 190 183 178 177 178 179 178 177 176 174 183 188 185 187 188 189 188 186 184 186 188 188 183 180 180 180 180 181 182 183 185 186 196 197 193 193
174 173 173 173 177 185 186 186 183 176 178 182 182 182 179 166 153 149 150 152 160 168 168 164 167 173 177 184 187 187 186 186 185 185 184 186 187 187 185 187 190 190 184 180 179 182 185 190 204 213 210 204 197 194 189 190 191 183 179 179 189 202 194 192 186 179 177 176 178 179 179 180 179 175 176 181 190 191 186 187 184 181 180 179 180 180 180 179 179 180 182 182 182 183 188 190 191 196 193 192
175 173 174 174 178 184 187 185 183 178 177 182 182 182 180 162 153 149 150 153 158 164 167 166 166 178 183 182 182 185 186 184 185 185 183 184 183 182 180 182 184 184 184 187 186 185 190 193 196 204 205 207 203 196 191 190 193 190 181 181 195 198 192 187 181 178 177 177 177 179 182 184 182 177 175 179 188 194 188 180 179 178 179 181 180 180 179 179 179 181 184 185 184 184 190 196 195 195 193 193
177 174 175 177 182 186 187 185 184 183 177 176 181 182 179 160 153 150 149 152 160 158 162 166 167 181 184 184 180 183 185 182 181 181 179 182 182 182 179 179 180 182 186 195 199 189 190 190 191 193 196 205 208 201 195 192 193 191 183 185 200 195 191 183 179 178 178 177 178 181 184 186 184 178 175 179 184 191 189 180 180 182 184 185 185 185 182 180 180 183 186 187 186 187 193 196 197 196 192 192
176 175 177 179 184 186 185 184 183 180 178 173 176 182 176 158 153 152 149 151 163 161 158 161 167 175 183 181 176 182 185 183 178 176 176 177 174 175 176 178 183 184 189 199 202 193 189 187 189 190 195 204 214 206 199 196 193 187 183 191 198 194 186 181 181 183 182 180 182 184 187 186 185 181 175 179 182 186 185 180 183 184 185 185 185 185 187 184 182 183 185 187 188 193 195 194 193 192 190 191
177 177 180 183 182 184 182 181 178 178 173 170 168 176 172 156 153 153 150 149 158 161 159 163 172 177 182 176 171 181 183 180 177 174 173 171 175 182 180 180 186 190 195 197 192 186 186 187 192 191 195 203 211 207 200 199 195 187 183 197 198 191 186 186 186 184 181 180 182 186 187 187 188 188 179 176 178 181 180 180 183 184 186 183 181 183 188 189 188 190 189 187 191 195 192 190 189 189 188 189
181 184 186 186 186 187 184 181 180 184 183 175 167 170 167 156 153 154 151 150 149 157 157 160 168 180 182 177 166 172 171 172 175 173 170 171 177 180 183 180 187 194 197 188 184 183 184 185 190 193 197 202 207 205 200 201 199 190 184 189 195 193 189 185 183 181 179 178 180 185 187 189 191 189 183 179 176 177 177 178 180 182 181 180 180 181 184 188 190 193 189 185 186 187 187 187 188 187 189 189
