# 100 100
794 790 785 782 776 776 773 766 762 763 764 751 738 719 705 689 669 655 641 624 618 610 596 586 563 546 521 495 517 553 574 589 596 597 597 602 622 656 667 662 653 645 642 636 625 609 596 581 562 549 534 513 504 527 550 580 602 599 584 582 587 586 572 553 542 528 518 514 508 501 489 461 431 412 435 482 504 528 557 571 573 563 543 527 509 491 479 466 457 445 428 410 395 377 384 401 416 455 479 482
785 779 776 775 772 766 758 743 733 731 729 719 703 691 677 665 655 646 639 627 618 607 593 581 563 546 519 495 533 564 602 618 623 624 627 628 632 665 688 690 676 662 655 639 620 598 573 556 545 539 521 522 533 540 559 583 610 608 597 597 602 593 578 564 551 541 536 529 519 504 482 455 434 417 457 492 526 557 577 595 586 562 550 538 521 509 498 484 473 458 437 414 392 383 401 423 449 482 487 479
753 748 748 750 749 746 734 712 696 689 687 680 666 653 644 638 637 632 623 614 611 602 585 573 557 536 510 497 533 562 603 629 642 647 651 655 659 681 707 713 695 675 659 636 608 577 556 542 532 521 519 534 541 555 578 606 630 623 613 616 623 612 598 583 575 572 568 553 529 507 481 452 434 425 470 501 532 559 586 599 580 562 546 532 522 515 501 487 475 461 439 415 397 383 420 457 474 483 482 474
716 707 713 716 714 711 702 682 664 656 649 641 635 631 627 625 622 615 608 605 601 592 579 562 545 515 510 517 521 552 590 626 653 675 680 685 690 702 720 706 688 669 649 631 608 575 551 534 523 527 535 543 554 575 602 631 645 644 637 643 647 639 627 616 610 604 585 558 534 509 482 456 443 432 473 496 528 557 584 596 579 559 538 516 500 489 483 475 467 456 443 425 406 385 427 474 478 481 479 469
722 694 682 676 669 664 662 650 639 631 626 619 614 612 609 603 605 603 600 594 590 580 566 551 531 521 551 554 539 541 575 610 646 676 697 709 716 722 717 693 660 633 613 594 576 560 546 532 532 543 552 563 578 596 621 646 663 662 660 662 666 654 641 632 619 600 571 546 525 508 485 461 443 432 465 486 515 545 582 597 582 555 528 506 488 472 458 453 450 443 433 418 408 387 427 474 484 483 479 475
737 712 693 685 673 656 640 628 617 611 611 605 599 595 592 590 594 592 588 582 574 561 551 538 522 549 577 576 558 542 560 598 636 669 698 718 734 729 712 678 635 604 581 563 551 545 545 548 554 569 582 595 614 627 638 659 678 679 677 678 676 658 639 626 607 581 552 530 511 503 487 466 446 449 479 493 519 552 590 602 586 557 526 502 482 468 456 450 439 429 420 413 409 392 435 479 494 491 489 491
750 734 724 709 691 676 660 644 627 613 601 591 585 579 575 578 581 578 572 563 552 541 532 536 554 580 602 596 575 558 557 589 631 666 696 716 724 724 711 684 647 613 582 561 560 569 575 581 587 607 623 633 649 663 670 674 686 688 687 675 663 645 630 611 585 558 536 519 507 495 485 464 440 460 492 518 539 571 604 609 582 554 526 502 496 489 477 466 455 445 436 428 414 397 439 482 499 499 504 511
767 753 749 739 723 701 679 658 646 634 620 610 600 588 576 566 563 563 552 545 549 549 550 574 590 607 621 615 594 579 571 605 640 673 700 716 714 709 699 672 638 607 577 581 598 611 617 618 619 631 649 672 687 688 676 666 666 666 664 658 647 631 618 599 576 551 532 521 503 491 473 454 443 477 505 539 557 579 612 609 581 550 530 523 516 513 501 488 476 463 451 435 413 421 452 467 483 505 524 545
783 770 764 760 753 734 708 686 670 657 640 624 611 600 592 585 573 556 561 573 579 578 566 589 608 623 638 630 613 599 587 624 653 682 707 715 708 687 671 646 619 593 606 622 635 646 652 653 652 665 677 686 677 663 647 637 635 633 632 626 622 611 600 591 579 560 543 527 511 495 477 451 472 494 522 567 589 604 617 609 583 562 561 555 544 538 524 508 489 475 458 436 409 448 483 499 498 503 539 564
799 794 784 773 764 752 744 734 714 686 666 645 626 613 609 598 585 567 589 595 595 595 581 590 616 635 652 645 638 619 603 634 666 696 712 711 696 673 647 627 611 621 640 655 669 681 689 693 690 689 680 663 642 628 618 609 607 607 601 596 592 586 582 582 580 567 550 534 518 493 465 454 495 519 550 589 609 623 623 612 599 593 589 580 565 552 538 519 494 478 464 443 416 451 485 506 528 527 546 572
800 802 796 787 778 763 756 757 756 737 712 681 635 625 616 606 589 577 606 620 620 616 603 592 615 641 657 670 660 647 628 636 673 704 716 714 701 680 663 640 638 648 669 690 704 710 708 698 689 674 651 629 610 601 594 585 580 583 582 580 577 568 563 570 574 565 552 540 519 485 456 469 512 541 567 584 593 616 627 627 618 614 612 601 580 560 546 525 502 489 477 454 425 442 480 503 536 552 561 578
801 799 795 793 781 765 758 759 758 747 727 696 651 625 606 598 579 595 622 638 636 631 623 612 612 633 657 683 675 664 661 657 674 704 723 725 711 697 682 666 667 677 692 709 716 714 704 690 673 648 624 602 586 577 573 565 561 564 563 563 559 550 548 550 554 557 547 533 512 477 452 473 500 519 537 562 592 618 633 642 634 622 613 600 582 561 547 528 507 494 484 468 437 430 471 493 522 553 570 581
792 787 783 774 762 751 747 748 746 738 721 696 658 629 608 591 583 608 643 653 649 643 640 633 629 633 648 678 692 691 691 690 698 718 732 737 723 710 698 690 694 704 709 710 709 702 692 674 649 622 602 587 571 563 557 548 537 542 542 542 544 541 535 532 537 537 527 518 498 466 462 487 497 518 545 579 606 628 630 625 626 619 608 596 583 559 543 525 503 492 482 472 447 427 462 480 501 529 548 565
781 760 749 744 737 729 722 722 718 709 694 672 643 620 600 583 605 631 656 668 666 663 659 653 650 654 664 676 697 713 719 719 719 731 737 738 732 724 717 714 720 727 721 712 701 690 677 656 630 604 588 573 562 548 535 525 515 511 510 517 525 525 520 510 510 509 502 498 477 460 490 513 526 539 565 589 616 628 618 609 604 601 598 592 579 556 537 519 502 491 479 466 445 438 448 461 473 492 512 539
766 746 725 710 706 701 694 687 683 673 664 650 627 606 592 601 624 649 679 697 694 690 686 682 676 680 687 697 708 725 735 734 733 740 740 738 736 735 733 732 732 729 719 710 699 683 654 628 609 590 573 562 548 530 521 522 521 516 511 503 498 495 490 484 483 483 479 471 466 473 510 538 560 574 591 608 627 626 607 591 582 578 576 574 566 551 532 518 498 488 476 456 447 467 470 470 478 489 514 547
753 735 715 688 675 671 662 657 654 649 645 637 611 608 619 626 638 673 704 726 723 717 712 709 702 702 704 717 724 736 741 743 741 740 737 734 730 732 733 731 730 722 712 702 692 674 650 618 590 571 557 541 531 538 550 551 543 531 530 523 514 504 494 486 485 482 482 488 494 488 509 545 583 602 615 637 649 624 602 585 566 558 559 556 548 540 528 513 496 484 468 448 465 481 486 489 495 511 533 560
754 735 714 692 679 664 651 644 638 632 627 622 620 643 660 668 667 690 717 732 738 734 730 722 715 713 710 718 721 731 738 746 741 733 727 727 717 719 720 717 713 705 698 693 682 661 637 608 585 565 542 545 562 571 576 573 560 551 552 546 539 525 506 505 510 513 519 526 521 505 502 536 572 604 630 653 649 624 602 580 557 539 541 540 533 525 515 500 489 479 458 467 468 480 503 511 518 538 561 580
768 744 729 719 709 693 681 671 660 653 645 637 645 672 692 699 702 710 721 741 752 750 746 740 733 718 696 699 701 719 730 740 736 727 715 715 706 698 699 699 696 692 688 680 667 643 623 599 577 548 556 583 597 601 601 593 580 573 569 565 557 535 523 536 539 544 552 552 532 517 504 531 562 593 619 648 643 622 603 577 554 535 519 518 512 505 499 492 476 468 475 484 487 482 502 530 544 563 585 601
776 760 744 736 728 721 716 707 697 689 678 661 674 688 713 725 723 725 735 751 766 764 758 751 740 725 691 665 682 706 719 726 724 719 708 698 694 687 688 690 686 679 675 667 653 631 609 587 561 561 591 613 624 626 620 611 599 592 584 567 555 537 550 570 579 581 576 555 534 517 510 523 555 590 619 644 638 618 600 574 549 529 512 501 498 493 484 477 482 494 500 507 507 500 504 530 559 585 602 605
779 776 765 757 747 741 739 734 725 717 706 687 701 713 735 745 746 746 752 763 765 759 754 746 727 709 679 653 656 684 702 709 710 704 699 692 684 674 672 676 674 656 653 649 638 620 601 576 561 592 616 637 652 647 636 626 618 609 600 592 576 553 567 592 601 594 578 553 528 523 529 541 567 600 633 650 639 616 598 575 553 539 523 507 506 498 492 495 499 519 532 540 531 526 531 551 573 596 614 612
780 779 778 775 771 768 768 765 757 740 731 725 728 739 747 755 758 759 757 760 758 753 748 736 711 687 666 647 629 660 682 697 699 696 693 686 676 655 647 653 652 640 627 625 619 605 583 565 582 612 631 655 667 666 654 644 636 629 625 615 600 578 584 606 607 598 578 550 541 558 562 574 592 615 646 654 641 612 592 575 564 548 525 529 535 524 515 521 516 535 559 563 556 557 561 580 601 616 626 620
773 774 778 780 780 782 786 784 778 769 756 748 747 754 757 758 758 756 749 743 743 738 734 717 693 672 654 638 614 632 661 678 691 693 689 680 659 642 630 633 630 629 619 601 598 579 572 582 605 624 648 672 688 681 670 663 655 648 641 631 619 598 595 613 611 602 578 570 566 584 603 613 625 644 655 650 631 604 583 562 549 543 543 555 558 542 541 546 545 554 574 590 591 592 596 611 627 635 634 627
753 751 761 769 772 778 789 794 791 782 772 767 768 768 761 751 745 742 731 712 716 711 703 690 677 659 639 624 605 613 640 660 675 685 687 679 663 639 622 619 617 614 602 588 589 596 601 609 623 643 662 688 695 693 687 681 675 671 661 650 635 620 611 628 628 611 594 595 593 604 625 645 655 659 654 638 616 598 579 568 569 567 567 574 574 563 565 574 580 588 600 616 622 625 629 638 640 636 633 630
723 721 742 748 752 760 778 792 801 800 791 780 773 762 747 732 722 713 699 684 682 679 670 660 658 646 634 614 592 593 615 638 652 676 684 681 672 656 630 614 607 603 602 611 619 626 634 642 650 661 683 694 698 699 698 696 691 686 678 664 649 638 632 639 637 628 624 623 620 625 643 660 668 664 652 637 615 597 588 588 588 586 586 592 591 586 593 605 613 619 628 637 645 646 646 641 630 621 623 625
699 706 716 715 721 737 760 773 788 800 792 774 760 745 728 712 695 684 674 666 655 655 648 639 635 633 630 614 589 569 592 605 631 668 680 678 671 661 641 631 623 613 625 635 644 655 666 670 676 684 692 693 694 695 696 696 695 687 681 675 662 650 644 642 638 635 636 639 642 645 654 664 673 673 656 643 631 618 613 613 614 610 608 610 611 608 613 624 628 627 633 646 654 651 639 624 610 601 602 606
669 688 689 683 690 717 736 757 769 772 765 754 741 727 711 691 672 663 656 647 628 633 632 623 614 615 617 608 592 560 566 586 606 638 663 672 670 664 660 655 642 635 644 654 666 676 686 691 693 693 692 689 684 686 687 686 686 681 676 672 665 657 653 649 644 642 644 648 647 648 651 655 663 674 671 656 642 634 628 627 626 629 631 630 629 625 619 618 610 602 604 614 625 624 615 604 591 578 578 584
640 658 668 658 672 698 714 737 749 750 742 732 720 706 689 668 652 639 630 624 609 606 611 605 595 588 596 592 579 553 550 572 592 616 648 670 674 671 667 659 652 655 662 666 676 690 695 695 694 690 684 678 669 672 674 676 674 671 668 666 663 655 647 645 645 643 641 641 640 639 640 642 647 656 671 665 646 636 626 622 618 621 626 631 634 627 611 599 586 575 573 580 586 591 591 587 572 563 561 565
623 639 644 637 657 678 703 718 730 728 717 709 703 688 671 655 630 613 609 603 595 586 588 581 574 563 577 575 555 539 561 593 614 637 663 673 677 675 670 667 664 665 668 672 683 691 692 690 687 681 667 657 652 653 656 656 659 654 649 651 655 650 640 631 632 636 635 634 627 625 627 631 634 640 654 660 640 626 617 610 603 604 606 622 635 622 601 584 571 557 552 561 566 568 573 575 564 553 547 551
616 619 628 621 650 678 698 709 708 703 696 690 682 673 660 641 617 593 590 584 581 577 566 556 555 548 559 551 534 557 589 619 643 657 667 677 680 677 673 670 667 670 673 679 685 687 687 684 679 668 655 647 640 638 638 639 639 631 627 632 636 638 633 623 617 620 627 629 625 614 605 610 617 624 630 638 633 620 608 596 589 587 591 606 629 618 594 575 557 540 530 544 550 559 565 567 560 548 535 536
618 595 602 626 651 674 691 702 700 689 678 671 666 662 653 639 614 585 570 567 566 573 569 552 538 535 538 528 554 579 611 642 653 657 666 675 678 676 672 669 666 670 673 678 680 682 682 678 669 653 644 638 622 618 623 624 624 617 607 622 623 621 618 616 608 606 612 617 622 616 600 588 592 601 611 621 624 615 604 591 582 575 577 590 611 613 590 572 555 543 527 517 540 559 563 563 555 544 532 522
623 578 597 622 645 667 683 692 690 677 661 649 646 648 645 639 625 596 572 554 548 558 568 557 538 520 519 548 573 593 614 631 639 651 661 670 673 673 668 665 662 662 667 670 671 673 677 673 661 646 629 617 608 589 597 604 605 599 582 607 614 614 607 605 597 585 595 608 614 609 597 577 564 576 586 600 611 608 603 596 585 577 569 585 602 606 590 574 562 549 535 507 536 556 559 554 546 535 525 514
618 571 588 616 643 666 684 687 679 666 648 616 610 618 626 632 629 612 586 564 543 540 549 544 530 509 537 569 576 587 598 601 607 639 661 668 668 666 662 660 656 653 656 659 662 667 671 671 662 648 631 606 588 571 572 587 586 580 561 580 606 608 599 596 577 558 574 595 603 605 594 579 548 545 562 576 592 599 598 594 586 576 565 577 586 589 580 569 559 540 526 499 526 548 553 542 533 526 517 507
602 562 577 610 643 668 685 685 674 658 633 594 577 586 598 618 624 615 601 578 552 534 527 528 517 507 540 561 567 571 576 577 601 640 662 666 665 661 658 652 647 643 646 649 653 662 668 668 663 652 639 622 592 568 550 561 561 560 545 564 581 590 583 583 570 535 551 574 590 598 590 577 557 536 532 546 568 588 590 590 584 574 560 555 569 572 566 559 544 528 508 486 519 540 543 534 519 509 503 503
584 553 566 599 637 666 685 689 676 658 638 603 572 557 570 590 612 610 602 587 565 549 530 515 508 504 530 534 532 544 558 582 616 646 662 665 663 660 655 647 640 627 633 642 647 655 662 666 663 655 642 628 610 585 556 536 536 542 529 544 553 560 561 551 555 533 524 557 580 584 579 563 549 536 517 539 574 589 588 584 579 569 554 542 544 554 548 541 531 521 489 481 518 533 530 524 510 498 487 502
569 544 558 592 635 666 690 697 684 667 647 622 591 566 546 560 584 602 602 594 576 555 534 518 501 497 510 519 538 557 580 604 633 655 661 662 660 657 653 645 636 620 619 635 641 647 654 661 661 659 648 633 618 600 577 556 531 516 510 517 526 532 535 530 532 528 511 534 558 578 576 554 532 524 512 533 563 587 588 582 573 562 545 534 524 532 528 525 521 515 483 469 504 518 516 510 503 493 478 495
553 535 559 600 642 671 694 704 690 674 656 639 624 594 559 535 551 575 588 587 571 552 534 518 503 490 517 548 571 591 610 635 656 661 658 657 655 652 649 642 635 625 610 630 634 638 646 655 659 657 652 639 624 612 600 582 561 541 519 498 498 509 513 513 517 518 498 521 552 578 577 555 533 515 500 514 539 570 581 579 574 567 551 530 511 512 516 513 510 505 492 453 477 489 491 498 497 487 465 482
537 527 562 608 648 667 682 698 695 678 666 650 635 614 577 539 529 545 564 572 563 544 530 515 497 489 530 572 595 611 630 652 662 658 654 652 649 645 642 638 632 626 605 616 623 629 637 648 653 653 651 645 633 618 609 601 587 566 543 521 498 484 489 491 503 501 491 522 558 579 587 565 548 528 507 493 512 537 559 571 573 570 563 549 531 512 493 494 500 496 482 460 438 454 459 486 494 486 465 465
520 532 565 609 643 653 665 684 690 682 674 660 641 622 592 556 524 524 540 552 552 540 527 512 487 489 532 573 604 628 647 657 663 656 651 649 644 638 633 631 627 622 602 593 603 621 627 637 643 646 645 643 634 620 612 605 600 591 570 547 526 504 480 470 482 487 487 514 544 570 588 575 560 543 518 489 491 512 535 555 569 575 571 564 550 529 510 484 471 465 453 442 432 425 427 464 488 485 469 448
511 536 568 606 629 637 651 669 682 682 678 669 650 627 603 569 534 516 515 527 535 532 522 510 484 486 527 561 594 626 645 655 662 660 650 644 638 630 624 623 622 619 610 588 585 608 618 623 632 636 636 633 626 616 610 609 606 601 596 580 548 517 502 488 470 461 468 492 516 552 571 575 561 550 527 501 478 495 514 533 555 570 578 575 562 545 524 506 496 491 489 478 466 452 419 440 475 481 467 435
506 534 560 592 605 615 638 665 686 696 690 679 660 636 610 574 551 527 506 502 514 518 513 505 483 482 523 556 582 611 628 643 655 659 651 640 634 624 614 610 614 614 610 596 572 591 607 611 620 624 625 621 616 610 608 609 609 606 599 585 564 547 533 522 506 488 465 453 487 519 546 555 554 549 534 509 482 474 491 511 533 558 576 581 573 554 537 529 520 514 510 494 481 463 426 420 461 474 465 429
501 527 548 564 579 612 637 666 693 704 693 679 664 643 620 598 576 552 523 503 493 500 501 501 478 487 528 553 571 594 606 627 642 652 649 638 632 622 608 598 599 601 602 595 570 572 593 600 607 610 610 608 606 603 602 609 610 610 606 596 584 572 568 560 538 511 492 461 459 493 518 532 539 540 534 513 491 465 469 490 520 548 566 576 574 562 552 546 539 530 517 498 482 462 425 402 436 458 454 422
498 519 531 546 583 618 642 670 697 701 692 677 667 650 635 612 590 563 540 521 503 484 486 490 473 484 513 531 547 561 582 611 632 644 646 638 631 627 617 600 586 585 588 588 573 552 566 589 595 597 600 600 596 596 594 602 606 609 607 600 588 576 571 563 551 527 502 481 447 472 494 505 510 517 521 513 496 474 453 481 513 546 555 557 557 561 560 557 551 534 518 501 486 469 449 412 398 424 436 407
492 510 519 547 589 625 651 676 696 694 692 679 662 656 640 619 597 574 552 535 514 496 476 476 468 475 491 504 518 535 569 604 626 635 638 634 628 624 620 608 588 575 573 577 570 551 546 568 579 583 593 590 585 587 585 587 595 597 597 591 579 569 561 554 541 525 509 488 467 446 478 486 488 494 500 499 492 474 450 481 517 541 541 538 538 544 546 548 545 537 523 509 498 484 461 433 402 389 401 398
484 501 522 557 602 632 655 679 692 687 680 672 653 643 635 614 593 569 547 532 515 502 485 469 460 471 498 528 549 554 571 600 619 627 630 629 624 621 618 611 596 579 564 565 562 552 536 544 551 568 583 582 577 582 579 572 582 583 585 578 568 560 547 536 528 520 510 493 477 444 452 472 473 478 484 487 484 469 444 483 515 528 525 520 525 531 529 530 529 529 525 517 507 493 474 456 427 399 385 381
479 509 540 584 621 644 663 682 684 682 670 655 640 628 620 604 584 561 539 523 510 499 483 463 463 487 528 554 574 581 594 604 615 620 622 623 621 616 613 606 591 576 568 558 550 544 537 528 531 549 567 572 564 574 574 556 571 573 572 567 556 544 532 521 517 512 500 487 472 461 433 438 456 467 470 470 468 451 444 485 503 501 500 504 508 518 516 516 509 510 517 523 517 504 489 473 452 431 412 395
492 518 549 585 623 649 666 671 670 669 661 649 628 607 597 589 576 561 543 522 508 491 472 458 473 507 550 574 588 599 609 612 613 614 616 620 619 613 605 598 590 594 594 586 576 574 568 553 532 522 539 551 539 547 552 539 556 565 558 553 541 525 511 505 495 497 489 464 434 424 424 416 419 442 454 456 456 446 441 466 469 473 479 489 494 498 498 496 490 491 500 512 517 513 500 485 479 468 453 433
512 541 579 612 637 655 662 661 663 661 653 640 614 596 575 580 570 554 532 515 501 479 459 459 484 528 567 580 595 601 606 607 606 608 612 618 619 612 604 601 603 606 606 604 600 596 592 577 561 536 513 520 515 519 524 519 532 535 526 522 514 498 482 479 468 476 471 430 446 462 451 438 427 408 408 427 439 440 428 449 446 448 452 465 475 479 477 474 469 468 488 505 515 514 507 498 493 483 472 459
538 570 603 639 656 649 649 648 649 650 642 625 600 580 555 570 566 546 521 503 494 476 452 459 495 537 566 576 589 596 596 596 600 604 608 614 617 610 599 597 599 601 605 605 602 598 600 589 577 559 537 519 508 501 497 498 507 505 498 491 481 461 446 440 437 439 437 449 486 499 488 472 460 446 430 407 405 427 415 435 433 432 439 446 448 454 456 450 446 454 481 498 510 512 511 505 496 482 468 449
554 586 619 648 647 637 630 628 630 630 623 609 590 568 538 549 554 533 513 497 485 474 453 456 487 511 532 563 587 592 588 588 594 602 607 611 612 605 593 587 589 591 595 600 598 593 597 593 581 574 565 559 548 526 506 489 485 478 474 467 455 467 468 467 473 475 480 495 526 535 519 497 472 459 446 436 414 397 402 417 421 422 426 432 433 432 431 424 424 447 465 486 505 516 516 507 495 481 471 463
574 602 631 645 637 625 611 608 606 606 602 593 579 562 531 527 531 517 499 488 478 462 446 457 476 493 531 569 587 588 583 588 595 603 609 613 612 605 592 579 575 576 578 585 587 583 587 588 579 579 578 574 564 548 534 518 505 498 494 489 472 496 498 499 505 513 523 538 547 543 532 508 487 467 455 442 428 402 384 388 398 404 419 418 415 415 415 411 411 433 454 480 501 519 518 510 499 492 484 478
602 627 642 639 628 611 597 585 582 585 584 578 568 555 528 510 510 502 487 479 468 451 443 464 504 524 538 569 577 571 585 594 600 609 616 619 620 615 602 585 569 559 562 565 565 564 572 571 565 565 565 558 552 543 541 540 533 527 526 488 502 515 520 523 532 542 552 551 544 535 523 503 487 471 456 445 429 409 392 385 378 381 400 406 402 400 399 398 400 423 447 474 497 513 516 513 505 500 495 489
637 649 649 636 613 594 576 564 555 561 564 563 556 548 526 506 494 487 477 467 458 452 443 488 535 559 555 558 562 567 589 598 609 620 627 629 629 627 612 590 573 556 545 547 545 543 548 549 550 549 543 535 531 526 526 525 519 522 521 493 528 535 542 548 554 556 555 549 536 521 500 486 470 465 451 435 421 420 421 416 406 392 376 377 378 377 379 379 388 412 435 461 482 501 512 515 506 499 496 491
656 658 648 640 616 587 558 528 525 531 536 538 540 540 526 506 489 475 468 459 450 447 458 516 560 570 568 567 563 568 586 599 616 629 635 632 623 621 615 590 574 557 538 531 529 527 530 533 532 531 525 519 515 511 509 509 487 494 492 515 543 554 557 556 552 550 548 542 529 510 488 464 454 450 439 439 450 449 443 433 422 399 389 385 374 369 368 366 372 394 418 443 469 485 495 498 495 493 495 496
664 665 648 639 622 590 566 531 506 503 507 512 513 517 516 503 484 471 461 453 436 438 486 541 571 569 561 563 560 565 580 597 616 626 632 627 619 614 606 588 572 556 538 520 514 509 511 515 515 514 511 506 501 495 492 493 486 490 495 515 526 535 540 544 546 542 536 531 521 503 482 466 460 454 460 478 484 479 470 453 426 401 427 432 408 389 375 369 364 380 397 420 449 466 473 477 478 479 484 488
661 658 645 636 624 593 564 536 507 493 486 486 488 493 498 493 478 465 456 443 430 445 502 552 563 556 552 548 543 557 575 598 611 622 626 619 613 605 593 581 572 560 544 529 510 497 495 498 504 500 495 489 483 477 475 476 472 478 484 494 506 513 515 517 519 522 525 525 517 504 498 491 487 486 491 496 488 477 466 445 416 427 460 470 464 453 431 402 371 366 376 398 430 451 454 453 453 460 470 476
652 652 644 633 623 599 567 538 514 496 488 480 473 472 478 474 471 463 453 436 426 456 510 542 547 537 529 523 527 552 573 597 609 619 622 616 612 597 574 568 572 571 562 542 524 504 488 485 492 487 478 474 466 459 457 453 463 473 479 483 486 489 492 495 496 495 510 520 521 518 515 512 508 502 498 491 479 468 455 427 438 458 479 481 476 468 458 431 399 372 363 373 402 423 429 431 436 441 451 467
642 641 642 632 619 602 569 546 529 513 500 489 477 466 458 455 463 464 461 438 425 462 509 523 525 515 503 503 528 559 585 602 611 620 623 615 604 588 563 555 565 573 571 554 534 517 505 490 478 474 470 469 468 465 463 462 446 452 465 465 466 464 465 469 473 483 504 519 523 523 520 515 510 501 492 483 471 455 442 450 467 479 485 485 476 463 452 432 412 392 376 361 371 394 404 408 415 426 436 452
631 632 636 630 616 601 582 572 559 542 526 511 490 475 467 449 443 454 456 447 429 466 499 508 507 497 484 509 549 575 599 606 610 620 620 610 596 571 555 543 547 555 560 555 542 524 504 490 483 478 474 472 470 463 453 447 450 443 437 442 445 444 445 449 452 472 496 516 523 523 518 511 504 498 488 475 462 461 465 474 485 495 498 490 478 464 448 430 409 392 380 365 357 368 383 390 401 410 422 429
620 627 631 629 618 611 598 588 577 559 537 520 504 485 469 457 441 435 447 445 433 461 484 488 490 482 478 516 557 586 601 601 607 614 612 603 589 565 549 538 530 534 538 531 522 517 520 504 487 478 473 470 467 461 454 453 442 427 420 415 419 423 427 430 442 464 491 511 522 519 513 505 498 492 483 475 481 484 489 491 500 509 505 496 485 467 452 438 421 405 389 373 359 356 363 375 387 398 409 417
606 620 628 633 633 625 610 595 579 567 544 520 509 488 467 452 443 424 425 438 433 442 465 473 475 467 479 526 560 583 587 595 597 605 600 593 582 562 543 531 524 520 521 528 547 545 533 521 508 495 488 484 480 474 470 468 455 437 428 415 406 405 410 418 443 468 492 509 523 525 515 509 503 495 490 492 500 508 516 513 513 508 504 498 488 470 455 447 428 410 394 378 365 357 356 359 373 383 394 404
589 607 623 638 649 631 618 600 579 562 538 517 505 483 459 449 441 437 421 421 433 422 439 453 462 460 493 534 557 576 577 585 589 589 588 585 573 555 537 523 516 514 523 538 556 569 566 550 533 521 514 510 503 494 485 477 460 456 441 420 408 403 399 423 452 481 498 510 528 531 525 520 512 508 507 511 517 522 523 519 515 512 503 495 487 475 461 448 434 415 396 385 377 365 356 356 357 364 375 387
573 596 619 637 643 628 616 601 577 558 536 516 499 475 453 444 436 431 423 406 414 412 415 429 442 469 500 532 545 565 569 571 571 573 575 571 561 545 531 517 510 511 520 539 563 576 576 571 565 555 546 537 533 519 501 490 474 467 451 432 412 395 391 413 448 481 500 518 537 540 539 532 527 525 526 521 519 518 515 515 514 514 506 494 488 482 469 452 432 418 405 394 377 366 362 357 356 356 357 366
558 586 610 627 632 621 609 597 571 552 532 512 493 468 448 434 433 421 409 394 417 440 450 442 443 466 493 526 539 554 564 559 555 553 554 550 541 528 520 514 510 506 517 542 565 573 577 568 561 558 554 554 552 538 521 503 483 470 455 435 417 399 380 400 430 469 497 516 530 544 546 545 544 541 533 523 515 510 506 505 504 502 500 492 485 479 470 450 436 425 413 393 379 398 393 374 358 356 356 356
549 577 602 619 622 616 604 591 566 547 525 506 491 467 445 425 423 413 394 407 464 492 490 475 461 468 495 517 531 543 554 554 548 539 540 534 527 524 518 514 507 500 514 547 567 576 577 562 554 551 550 543 540 533 519 500 481 465 446 427 408 396 379 390 420 458 489 509 523 543 547 546 544 541 534 522 508 500 497 494 492 489 485 480 476 472 466 451 435 423 407 384 394 407 408 401 375 359 356 356
549 572 594 612 612 609 597 586 563 543 525 503 481 459 439 422 409 394 387 426 483 507 512 502 491 493 504 516 527 532 545 541 535 529 527 527 520 512 509 506 496 495 511 546 563 573 565 553 543 533 526 515 509 501 491 479 466 457 437 421 402 388 373 390 423 455 484 503 515 535 543 543 543 537 529 516 501 492 487 484 480 478 477 473 469 466 457 442 431 418 403 388 406 410 406 401 391 372 357 356
547 569 585 601 605 601 590 576 558 539 521 499 477 455 435 418 411 393 386 435 479 496 514 514 516 521 525 529 528 531 529 520 523 520 518 514 503 496 495 495 486 485 500 530 554 558 554 545 530 514 501 491 483 473 464 457 453 445 428 415 396 378 368 395 430 455 472 490 503 516 536 539 539 533 525 516 502 489 481 476 472 470 467 463 456 451 441 430 421 412 396 395 412 412 402 395 386 370 368 363
552 576 589 596 599 598 587 573 557 538 518 497 477 451 432 413 403 390 389 438 466 482 499 511 527 537 543 547 543 540 537 528 508 501 492 490 489 487 486 486 477 475 488 506 537 548 545 536 517 504 488 475 466 459 451 443 435 424 416 407 385 368 368 399 426 443 459 473 490 503 525 534 534 527 521 514 504 494 484 477 472 468 464 458 449 438 428 416 408 401 391 404 417 415 405 394 382 385 389 382
557 580 588 595 591 588 580 568 554 533 514 494 471 448 432 419 411 395 389 431 450 466 480 499 516 538 547 548 547 545 542 532 519 508 500 490 477 472 475 477 471 465 477 499 529 540 534 523 508 491 476 466 454 447 438 428 417 407 401 398 382 362 363 393 418 426 441 461 481 496 515 526 529 526 518 512 506 500 494 488 484 480 469 463 457 447 438 428 415 404 396 414 420 419 408 393 390 400 402 394
561 582 583 590 586 577 572 562 544 524 507 488 467 445 428 415 410 393 387 422 433 452 466 484 503 518 531 536 540 536 536 527 516 502 488 486 483 470 456 465 463 456 468 494 525 531 528 515 502 485 469 457 440 428 421 413 402 390 385 381 375 362 355 374 388 409 438 461 475 483 500 517 522 517 515 512 504 498 495 492 488 484 478 469 458 452 443 433 417 403 411 421 421 415 407 402 412 425 423 409
571 577 579 581 583 575 562 553 536 518 502 483 460 439 423 411 403 389 383 415 424 435 453 476 491 503 513 517 526 528 529 527 521 509 486 474 472 466 455 453 456 447 461 486 511 522 518 509 500 486 470 455 441 428 410 395 384 376 371 368 367 362 346 360 386 417 440 451 458 468 489 507 511 513 505 503 499 497 490 486 483 480 475 464 451 442 434 420 415 430 432 427 425 418 421 418 436 439 432 417
567 565 571 571 567 566 559 543 526 511 497 478 457 438 423 410 400 395 377 399 414 423 437 466 483 495 504 512 514 522 532 530 522 516 503 479 464 453 443 432 438 434 457 480 497 501 501 499 503 496 475 458 446 435 421 405 395 381 365 357 358 359 346 356 397 423 436 441 442 454 473 494 502 506 503 492 489 490 486 479 474 471 467 457 442 430 429 436 448 453 448 440 434 426 428 437 448 443 429 415
556 551 552 556 554 549 543 530 519 508 494 474 453 433 417 407 401 391 386 380 413 435 458 474 485 496 503 512 516 519 528 526 519 514 510 491 470 458 447 442 426 421 445 456 469 476 476 483 501 499 479 460 449 439 427 413 403 391 377 363 349 348 341 362 400 418 424 426 427 441 460 482 497 497 495 489 484 482 477 471 464 462 461 447 442 459 458 454 450 452 450 447 440 434 439 448 450 443 428 412
545 543 540 538 537 536 531 520 510 498 483 466 445 424 412 405 398 392 372 396 441 463 477 488 495 500 501 509 511 515 523 523 516 507 506 499 477 461 452 447 431 413 422 440 444 449 453 460 485 491 479 457 444 438 429 416 408 398 385 369 352 339 332 358 390 403 407 412 411 430 453 475 491 488 487 486 479 471 468 468 463 454 451 456 458 464 460 454 450 451 450 446 443 443 443 444 447 440 426 413
538 529 526 523 523 521 519 513 504 491 473 457 440 421 406 401 397 381 365 415 459 470 480 486 493 496 493 501 506 511 521 521 518 508 501 501 489 463 450 441 432 423 409 417 428 431 437 446 461 474 462 443 432 429 423 415 408 400 387 370 352 337 327 351 377 385 387 391 400 427 450 472 489 485 482 481 475 470 467 462 460 465 465 465 464 464 458 455 451 448 449 448 446 442 440 438 440 434 431 426
528 523 506 499 506 510 507 502 494 481 467 450 435 417 402 397 394 383 372 436 464 466 473 477 485 487 485 488 499 509 518 519 519 513 505 501 494 484 470 456 444 428 412 406 408 418 425 438 449 454 445 434 425 417 412 409 403 398 387 369 351 341 327 341 360 364 364 379 407 431 455 481 487 488 483 480 479 475 470 467 466 467 465 463 462 459 455 451 449 442 440 440 438 435 430 428 426 431 434 430
514 513 503 485 483 491 495 490 483 472 460 443 427 415 403 391 386 385 378 437 458 459 463 465 470 476 479 480 493 502 511 513 516 514 508 503 497 489 483 472 454 434 414 396 404 404 405 420 435 443 437 426 420 413 403 401 394 390 384 373 361 349 330 329 348 350 374 398 417 433 459 479 481 482 480 478 478 476 474 471 467 464 458 452 450 448 446 442 439 433 425 426 424 423 416 408 409 417 425 426
500 496 490 476 461 468 477 480 479 469 457 440 425 411 398 386 377 372 370 418 436 446 453 454 456 458 464 477 484 494 506 508 509 506 505 501 496 489 483 474 465 449 430 412 396 388 383 384 400 427 429 418 411 406 395 384 379 379 373 366 354 344 331 320 337 364 392 411 423 434 452 469 474 472 472 468 466 466 467 462 456 451 448 443 438 434 432 430 424 420 413 411 408 403 396 390 395 412 420 419
493 479 472 457 443 444 456 475 473 459 453 438 423 405 389 381 375 360 370 402 421 424 432 438 443 446 456 476 481 487 494 499 504 505 499 494 490 481 476 472 467 460 447 431 417 409 402 395 379 401 418 412 403 398 394 381 367 365 361 358 350 339 330 317 348 382 397 405 417 426 438 452 459 460 462 460 457 454 452 450 441 436 430 426 422 416 415 411 407 404 403 397 392 387 384 383 393 406 420 421
486 468 452 437 428 424 434 454 462 452 450 438 425 408 394 386 374 351 370 386 410 412 410 415 428 439 450 469 476 479 483 486 492 495 492 487 487 478 470 467 462 459 453 443 430 417 407 400 392 374 397 405 397 390 387 381 370 357 348 346 343 337 329 316 343 376 391 398 401 409 421 434 436 439 442 436 434 434 433 432 424 414 408 404 400 394 397 396 394 391 392 389 382 379 377 381 393 404 411 411
475 461 442 424 411 402 413 433 443 440 434 427 414 403 388 373 377 353 371 375 386 395 395 413 432 434 443 467 470 475 476 479 484 492 490 483 480 476 470 463 453 451 446 441 432 421 411 401 392 379 369 391 405 396 385 383 373 362 350 340 332 326 324 321 330 360 375 385 388 394 403 419 418 421 420 412 405 406 407 412 404 392 390 385 379 376 381 383 386 382 382 379 375 368 364 368 381 400 407 405
463 448 430 416 402 390 397 409 416 411 411 409 402 393 381 367 369 352 344 364 377 382 393 415 427 431 438 455 466 468 471 474 481 486 487 485 482 472 466 464 447 436 429 428 421 413 406 400 395 389 365 368 394 402 389 382 376 369 354 347 337 324 316 311 326 348 354 366 374 380 388 398 403 404 402 397 389 387 385 388 391 387 377 370 364 363 363 366 369 377 378 372 366 361 359 358 370 387 396 397
455 434 417 402 389 377 375 385 390 385 382 385 386 378 367 358 355 338 354 376 378 384 389 400 417 431 440 454 464 467 469 474 479 479 480 481 482 476 463 456 444 432 420 413 408 408 404 398 391 382 366 357 386 394 394 383 374 367 362 349 337 325 322 307 318 337 343 344 352 366 377 379 382 385 386 382 374 372 369 365 370 376 378 371 362 359 359 359 362 360 362 362 360 357 354 351 356 368 377 378
448 429 410 393 380 369 360 362 367 369 367 365 366 364 355 346 336 341 361 392 408 406 409 419 430 438 452 460 465 468 469 468 471 476 480 476 472 469 461 450 442 427 420 405 394 390 398 396 392 387 371 350 376 381 388 385 374 366 364 354 339 325 318 316 302 323 337 334 333 349 361 363 364 367 368 364 360 362 361 359 355 355 361 362 357 350 350 351 354 352 352 353 350 347 348 347 349 352 359 363
439 422 402 383 368 357 347 350 349 351 352 355 352 352 338 333 339 353 378 411 422 424 429 438 442 445 456 462 467 474 476 471 468 464 463 464 465 469 463 453 436 427 415 414 414 396 384 378 380 370 359 350 355 360 372 378 374 365 354 349 344 332 319 312 302 312 327 327 323 332 341 344 343 348 351 349 349 350 354 357 353 348 345 348 348 345 340 338 340 338 339 339 339 337 340 341 344 350 351 352
432 417 396 378 363 351 339 344 343 341 348 352 347 337 328 334 349 366 401 415 430 442 448 453 453 454 461 469 476 483 481 478 480 479 475 472 466 457 449 443 441 438 435 432 428 422 413 395 378 385 376 360 343 332 351 372 379 372 355 338 333 331 321 310 302 303 309 312 315 322 332 336 334 337 340 337 337 340 341 347 350 346 343 341 340 342 340 337 334 335 335 331 330 327 330 333 342 352 352 350
421 404 382 368 357 349 341 335 334 331 325 325 324 324 331 345 358 385 410 419 436 450 458 468 468 469 474 479 483 486 484 482 480 480 483 476 465 458 453 450 446 445 443 438 433 426 420 412 402 394 385 376 363 332 337 360 371 371 363 344 329 318 312 302 298 293 298 302 307 311 321 327 325 331 336 330 327 328 332 337 337 336 336 335 333 335 332 330 327 325 324 324 326 326 319 321 337 348 345 343
403 382 366 360 347 341 334 313 319 322 324 325 333 340 343 353 382 401 410 423 442 451 464 476 483 486 488 486 486 488 487 483 478 476 477 474 465 461 456 450 442 439 438 435 434 429 423 414 403 394 386 374 352 326 324 337 356 361 360 347 335 323 315 307 299 288 286 295 298 300 307 311 317 323 326 323 316 313 318 323 327 334 333 335 335 333 331 330 329 328 326 323 322 321 321 317 327 333 335 333
372 357 338 338 314 311 314 331 354 355 354 355 351 348 348 357 390 406 411 425 444 446 461 475 483 488 488 484 482 483 484 482 477 472 471 468 464 462 458 449 441 435 433 428 426 426 423 418 405 384 376 369 366 344 327 321 344 347 345 341 333 322 322 312 298 286 279 283 289 292 296 302 311 318 317 314 309 306 309 315 330 334 339 347 350 349 349 346 340 334 329 327 325 330 331 318 316 321 326 326
349 337 302 308 320 347 358 374 385 381 373 367 361 358 358 360 376 399 411 422 437 443 452 462 472 477 476 475 474 472 474 472 471 469 465 461 456 452 452 447 440 433 429 425 420 418 416 413 402 391 380 369 361 352 336 316 336 330 320 330 328 321 320 314 301 291 285 275 275 282 288 292 300 308 307 302 300 304 316 331 341 343 343 349 355 358 355 350 344 340 337 332 326 323 323 317 304 316 318 318
339 323 299 313 352 368 393 410 402 392 385 379 376 372 375 377 380 390 407 423 433 442 448 457 467 472 468 465 464 460 458 460 460 459 458 453 450 445 442 439 434 427 423 419 416 415 412 408 404 395 384 372 361 354 343 321 313 308 314 306 314 310 310 307 301 292 289 286 277 267 272 282 291 299 302 297 299 316 338 346 344 343 341 343 348 352 351 347 344 340 337 331 324 319 317 314 301 309 314 314
325 303 293 326 365 382 410 412 405 402 399 395 389 381 388 397 402 400 406 425 437 440 448 468 473 470 466 464 463 460 454 452 451 453 451 447 442 439 435 434 430 425 421 416 412 407 402 400 398 390 379 369 362 354 346 335 326 319 321 311 298 297 292 299 295 286 287 291 287 280 271 267 280 290 297 294 307 326 335 334 337 337 334 330 336 342 344 341 337 332 328 325 321 319 316 314 308 292 310 310
311 291 309 347 371 385 404 414 412 412 410 406 394 389 395 405 417 415 418 433 448 454 460 479 483 474 467 463 461 460 458 453 448 447 446 443 441 441 437 430 424 418 411 405 396 391 386 384 386 383 376 366 358 351 346 333 313 312 308 302 302 303 290 285 289 282 274 280 284 283 281 279 267 280 284 287 304 316 320 320 328 333 330 323 318 332 334 329 324 318 314 311 310 307 303 302 304 284 292 300
294 293 344 368 385 397 405 415 429 427 416 409 402 402 406 417 429 433 431 444 457 471 475 477 481 475 469 464 456 454 451 451 450 445 442 440 436 432 430 428 423 420 413 406 399 395 386 376 369 364 354 346 344 337 330 320 328 328 317 311 301 297 300 293 283 283 285 275 267 277 278 277 274 267 280 285 299 310 316 317 319 320 318 310 304 314 323 321 313 309 306 303 300 297 293 289 290 278 283 293
284 315 361 385 404 412 410 417 436 438 428 417 415 415 417 427 434 439 442 446 458 471 478 479 478 473 468 462 453 448 444 446 448 446 442 439 436 433 427 423 419 415 411 405 398 392 387 380 373 355 351 354 348 344 336 332 330 321 319 321 310 305 305 303 302 301 295 290 280 271 269 260 259 248 268 280 289 303 312 313 310 304 300 299 294 293 297 300 298 296 299 300 300 297 292 284 276 261 280 286
292 343 382 408 420 426 425 425 438 447 445 434 424 423 423 435 439 443 448 447 456 463 468 473 472 469 465 459 449 441 436 438 438 438 438 435 430 427 422 418 414 410 406 398 391 385 383 377 360 356 362 360 356 351 347 339 327 333 331 328 324 319 315 318 323 320 313 308 302 294 289 286 281 266 251 281 284 288 300 315 315 311 307 297 291 286 284 283 278 276 275 278 283 281 280 275 266 247 262 273
314 361 400 411 420 434 438 441 444 448 455 455 436 428 429 436 444 446 451 455 453 456 458 460 459 458 458 458 452 445 440 432 427 426 428 429 426 424 420 416 415 405 395 382 384 380 372 366 371 368 364 360 356 355 356 350 343 351 351 348 347 338 330 329 329 326 320 314 308 300 295 289 286 281 246 251 280 279 287 304 308 302 300 295 296 294 288 286 282 275 271 270 269 267 264 260 262 242 271 287
337 375 403 408 413 419 436 447 452 459 462 462 451 436 434 443 446 445 445 451 452 455 458 459 459 453 447 441 435 434 433 430 427 424 420 417 415 414 409 405 401 397 399 398 395 388 383 377 381 380 375 368 364 364 367 367 366 372 370 365 360 347 336 328 322 317 313 308 303 298 297 294 288 283 259 238 267 277 279 291 299 300 298 295 296 293 288 284 279 275 271 269 270 267 265 260 242 243 270 286
316 343 378 397 400 406 421 437 450 463 464 459 458 449 441 440 442 447 443 442 445 449 452 457 459 457 455 449 440 432 425 420 417 416 414 413 412 411 408 407 405 412 410 408 405 399 391 386 388 390 390 384 379 378 378 380 378 384 382 377 369 358 346 334 323 315 309 303 297 293 292 290 285 279 256 240 247 273 271 283 298 300 292 287 282 271 278 269 264 269 268 265 266 263 261 260 246 237 263 282
321 289 326 381 388 395 408 425 441 452 450 447 450 448 446 441 435 436 438 436 439 439 443 446 446 445 443 442 442 441 434 430 425 422 418 414 410 407 406 408 415 417 419 421 417 409 401 397 398 396 399 399 399 391 386 383 381 383 380 376 371 363 353 342 327 316 308 302 297 290 287 283 279 270 229 240 246 258 268 278 294 299 291 286 261 266 255 250 258 243 257 259 258 257 259 260 257 232 248 270
290 277 314 366 370 379 391 403 427 440 436 432 435 435 432 434 434 430 430 429 430 431 433 437 440 436 432 431 431 430 429 426 423 422 420 416 412 409 407 409 413 415 421 424 421 413 407 404 409 404 402 396 392 390 385 381 382 380 373 367 358 350 341 330 319 309 302 296 291 284 276 274 271 266 239 232 249 264 261 272 282 281 270 276 297 303 297 286 278 259 236 238 250 252 253 254 252 227 240 259
