# 100 100
543 550 542 523 519 513 512 522 535 556 576 582 582 590 589 579 569 554 540 532 525 518 509 510 503 491 486 483 481 479 474 471 464 461 460 459 460 453 449 439 438 437 434 444 473 505 508 495 516 563 600 632 668 697 695 675 651 637 650 670 667 657 632 615 607 613 617 608 575 557 544 540 553 561 589 619 629 635 659 673 691 708 719 707 689 673 658 635 610 555 494 508 550 605 633 650 678 700 712 711
556 556 556 542 526 518 511 515 526 553 567 577 587 584 590 597 589 580 572 559 548 545 534 527 520 513 514 512 508 505 501 495 487 479 474 467 453 449 455 468 477 484 496 516 534 544 545 535 522 583 622 665 718 736 732 711 683 676 692 702 696 677 662 634 624 623 635 635 602 569 558 554 555 561 598 608 608 628 646 665 676 694 707 706 695 679 666 649 627 590 517 479 510 550 594 623 638 655 678 696
562 580 571 553 545 527 517 515 523 535 553 572 581 588 588 595 602 601 593 586 582 573 564 556 551 545 542 538 532 530 523 520 515 506 495 484 471 474 494 512 528 539 548 558 572 581 582 568 537 592 637 698 746 749 746 739 729 720 715 715 706 696 675 651 642 629 635 640 614 585 565 557 555 556 571 573 571 593 624 643 667 674 692 697 694 688 669 659 638 613 540 487 470 499 529 560 602 621 630 646
570 594 601 574 557 541 527 516 513 527 539 553 569 585 591 598 604 614 618 609 603 603 597 590 587 582 574 565 559 551 543 535 528 523 510 497 481 482 518 546 563 575 587 598 612 620 620 601 555 597 642 714 757 758 754 755 754 746 735 734 723 706 696 680 658 644 634 640 641 604 584 571 560 557 553 551 559 567 570 607 649 665 678 691 691 681 667 658 637 617 565 505 464 458 480 508 537 572 605 619
575 600 620 609 575 556 537 523 515 522 530 531 558 571 582 596 604 612 626 633 624 619 618 619 618 610 602 592 579 571 561 550 539 531 515 498 480 489 537 571 588 603 615 633 647 662 666 627 578 609 656 727 761 767 768 768 765 757 747 745 735 724 712 704 682 668 652 658 646 627 615 615 602 567 552 533 523 536 539 566 629 662 668 683 689 679 664 640 614 590 553 517 491 468 450 460 489 520 547 576
575 602 628 638 617 581 551 538 520 515 518 524 541 554 572 580 592 604 617 629 632 625 617 616 621 621 620 613 589 573 562 550 534 523 506 491 479 509 551 584 605 626 643 661 692 717 716 663 606 611 665 730 757 768 776 775 772 763 754 748 739 735 727 707 701 690 676 677 663 644 640 637 635 594 562 533 496 488 500 542 587 643 659 670 680 677 666 651 628 609 598 577 542 513 482 453 444 474 507 530
574 606 631 652 649 621 575 560 536 521 516 516 527 536 554 567 576 586 598 614 620 615 600 588 590 589 586 586 573 564 553 539 524 513 497 482 494 530 568 599 627 650 671 703 726 734 733 704 655 641 678 719 750 764 771 771 769 759 752 745 741 738 732 721 710 698 686 678 676 676 660 637 634 621 575 549 493 463 466 504 554 607 652 659 672 673 668 663 656 645 629 623 599 558 526 501 467 439 455 490
570 605 629 656 665 654 623 581 555 538 525 516 521 526 534 546 561 571 578 583 593 597 578 565 566 564 562 558 549 543 537 526 511 501 486 489 516 555 587 615 645 677 698 717 729 730 737 727 702 677 718 744 749 756 761 763 762 756 748 741 739 738 733 725 718 710 698 689 684 679 672 641 633 628 592 551 497 454 445 467 516 560 628 647 659 667 671 678 681 670 649 637 629 612 576 536 513 473 439 442
567 601 628 652 667 667 657 620 583 562 542 526 517 520 526 527 539 549 559 564 563 565 560 555 551 548 549 548 539 529 521 510 498 492 496 516 546 578 612 646 670 688 698 703 709 716 725 732 727 718 738 750 754 757 757 753 752 750 742 724 731 730 730 721 721 713 702 695 686 678 667 638 634 628 588 551 502 453 431 439 480 528 581 619 650 661 669 686 700 687 669 653 640 632 620 577 538 510 476 439
570 600 624 650 668 674 673 656 625 593 570 550 531 519 521 525 530 532 537 540 540 545 542 540 536 533 527 525 522 513 507 500 495 501 521 552 576 605 643 675 689 696 698 699 694 686 703 722 731 733 743 753 756 758 761 733 696 709 713 676 687 698 708 719 716 709 701 696 691 683 668 643 632 621 564 533 505 450 425 417 442 488 540 585 635 653 665 676 696 699 683 668 654 645 627 615 573 532 507 479
577 606 623 643 663 680 691 680 656 629 603 583 560 541 526 523 525 525 524 523 519 524 524 520 518 514 510 509 507 503 503 507 511 529 557 582 602 632 672 686 689 689 694 688 678 658 659 697 729 736 750 755 762 765 764 745 685 646 657 640 639 658 687 711 709 704 702 697 689 685 664 638 623 592 559 517 490 450 414 406 410 448 503 551 601 640 651 665 678 690 688 679 665 651 637 629 602 550 528 507
574 609 634 653 663 676 698 706 691 662 639 617 597 579 559 545 536 532 525 520 519 516 514 516 515 516 520 515 514 515 522 537 554 572 591 614 642 664 690 693 691 691 689 677 654 639 617 662 712 737 749 752 759 766 763 754 712 644 598 594 598 641 683 708 706 700 696 692 692 694 682 655 639 615 584 545 487 439 400 391 383 420 462 518 566 617 644 655 666 677 681 681 668 654 642 631 602 577 545 524
574 606 634 650 668 672 701 716 718 697 669 654 636 613 600 585 567 564 554 550 544 538 533 531 534 538 547 551 551 553 554 564 582 601 624 653 678 696 715 710 693 690 688 672 631 607 586 627 682 731 744 749 752 747 747 746 711 648 584 559 579 642 687 702 702 698 696 694 694 695 683 674 658 636 616 570 516 453 411 373 366 393 425 482 537 578 624 645 655 665 668 666 659 653 644 633 611 598 561 534
573 603 629 646 669 680 699 717 719 716 694 675 666 652 639 624 608 599 590 586 582 580 574 566 563 565 577 586 590 593 593 591 605 625 654 685 706 721 726 721 693 674 676 666 612 565 550 594 647 707 730 743 745 720 709 700 676 635 584 548 568 628 680 697 696 694 693 690 694 689 680 672 652 635 617 579 532 474 423 382 356 368 387 440 491 540 577 624 645 656 663 664 654 645 638 627 610 594 561 537
571 599 622 641 663 682 700 713 716 715 712 695 680 674 667 656 647 639 632 624 617 613 609 601 600 598 598 611 623 633 636 632 638 651 676 693 718 729 728 725 706 667 645 641 596 546 512 558 607 662 699 733 739 705 673 657 646 620 577 539 554 608 666 691 692 691 691 687 685 680 668 650 630 613 604 581 542 484 439 393 362 346 360 393 445 499 540 581 635 646 655 659 653 639 615 599 583 564 549 533
564 598 618 632 650 674 691 704 705 708 711 709 698 685 680 678 682 682 680 670 663 655 646 634 635 635 634 642 648 664 679 676 675 682 690 696 714 725 717 718 724 697 650 608 575 535 485 518 565 611 652 697 727 698 658 629 619 596 562 528 544 598 658 681 677 684 688 681 678 668 647 625 608 601 601 593 556 497 441 401 368 341 342 362 400 448 501 541 589 631 643 650 648 643 628 602 581 555 534 520
575 587 614 630 642 664 675 686 695 694 696 699 705 704 700 701 706 714 718 714 706 702 685 664 665 665 662 666 669 683 695 693 691 696 700 704 713 720 708 701 715 711 678 611 573 522 481 483 529 568 608 642 686 683 653 610 590 571 547 517 539 590 648 662 663 671 686 681 677 668 656 635 615 590 571 575 559 510 452 405 367 344 332 340 359 395 448 497 537 581 622 635 638 638 634 616 600 574 546 521
593 589 609 628 638 652 662 667 681 676 668 670 679 694 706 716 720 734 742 740 735 730 718 690 681 690 694 694 695 698 700 699 696 696 703 710 714 717 708 694 697 697 690 630 576 529 485 463 486 533 575 608 639 658 649 611 569 552 531 505 535 578 619 641 651 664 682 683 680 673 669 658 645 625 595 570 556 526 480 430 375 344 330 327 334 349 392 442 488 533 573 610 622 624 631 617 604 594 582 549
599 602 607 622 635 645 653 657 661 633 613 612 625 658 693 715 730 745 758 762 756 748 738 720 704 711 714 716 715 714 705 700 695 693 700 708 715 714 703 694 681 676 677 649 595 547 495 454 450 500 542 575 600 628 635 608 570 537 520 499 531 567 599 615 637 656 681 681 682 677 674 671 667 650 630 601 571 543 501 461 425 371 333 323 320 324 345 386 439 485 531 559 588 612 621 617 607 600 595 572
597 607 614 623 633 641 645 643 637 594 554 548 562 597 653 706 736 755 768 771 769 755 744 739 723 718 720 724 722 721 713 700 675 674 687 698 702 701 700 687 658 639 644 652 605 547 508 476 438 462 510 543 569 600 613 598 568 535 518 494 530 554 573 594 612 637 669 676 682 680 678 678 678 670 657 641 609 564 534 500 461 422 369 328 318 317 323 344 387 434 477 519 541 564 595 609 605 602 601 589
591 600 613 625 635 645 641 626 602 556 523 507 518 550 596 669 729 764 773 785 779 763 738 731 729 723 721 723 723 723 719 705 674 646 658 680 687 690 689 672 650 630 619 624 616 574 513 475 444 436 477 511 542 574 591 582 563 536 515 491 517 548 557 576 599 620 644 672 682 688 687 683 683 682 673 659 649 601 555 522 493 454 416 367 322 314 314 321 341 374 418 463 502 525 547 565 588 599 597 593
579 590 604 617 635 659 659 633 596 539 509 487 488 517 558 612 693 748 771 792 792 774 729 700 717 714 713 716 717 721 723 717 687 649 619 639 657 668 666 659 646 630 621 583 585 577 537 488 439 420 440 482 518 550 564 559 544 527 508 484 500 523 535 562 591 616 639 673 681 691 690 689 688 686 681 666 661 647 597 546 513 485 452 414 363 321 313 312 315 329 361 404 449 482 510 531 549 567 571 564
563 571 589 607 631 669 676 663 613 555 510 482 474 495 533 573 637 718 766 794 801 784 746 692 665 685 694 695 696 703 711 717 694 670 619 593 610 631 637 635 626 621 611 567 548 561 530 483 435 412 415 449 489 528 536 530 512 495 479 511 545 555 563 577 597 621 650 674 680 688 692 691 688 686 683 676 666 657 634 582 539 506 484 453 415 363 330 313 310 311 322 354 395 432 460 495 516 534 538 537
547 551 563 586 617 655 677 672 631 569 521 487 466 478 505 540 596 684 752 787 801 793 762 714 649 627 663 680 686 694 702 705 690 679 643 598 566 585 595 608 611 618 610 575 536 522 510 487 435 409 406 416 455 497 512 506 485 470 504 557 582 591 596 604 620 630 661 674 677 680 683 685 684 685 681 677 672 661 653 626 580 537 505 482 457 418 370 331 312 309 310 320 346 383 416 445 473 495 513 514
547 533 536 551 584 636 672 674 648 589 535 488 461 462 476 521 570 647 728 770 789 788 763 731 682 612 598 625 649 668 690 699 694 687 665 622 576 543 554 574 581 600 592 572 539 514 487 470 433 407 401 401 430 466 481 477 466 482 540 584 613 623 630 635 644 648 669 675 675 674 675 674 677 677 673 673 668 664 660 654 617 585 539 507 481 458 420 376 331 312 310 309 318 339 370 401 420 444 468 488
554 526 521 528 549 599 649 673 666 610 550 502 472 450 466 505 549 609 680 738 770 760 730 720 699 651 579 575 602 629 664 690 694 685 668 634 599 559 523 534 542 566 568 563 545 538 501 476 444 411 400 396 404 419 447 448 458 491 544 587 624 635 636 638 646 652 669 670 660 659 667 663 665 665 664 662 661 658 651 649 628 610 580 540 510 480 458 423 380 336 314 308 308 312 327 354 379 398 419 438
563 526 510 509 531 564 610 653 666 627 558 510 475 447 455 487 531 582 634 703 747 733 682 674 673 663 608 544 559 588 627 676 683 672 656 633 606 579 544 509 506 530 540 548 551 539 513 497 465 432 399 393 394 394 416 425 451 484 529 570 619 630 636 640 641 643 664 663 645 637 657 657 655 652 656 650 649 647 640 617 609 601 589 569 540 513 482 457 424 386 347 318 308 307 311 327 343 361 381 404
569 527 506 498 514 540 576 617 650 635 571 517 482 449 444 472 515 560 607 681 726 719 675 629 632 640 620 553 514 553 595 651 683 677 664 641 615 584 549 521 503 491 509 516 524 525 523 507 479 447 406 392 392 393 399 405 440 474 513 547 594 622 630 632 627 631 651 654 639 625 634 642 652 649 649 647 644 640 637 620 597 586 581 560 546 532 509 485 456 423 394 360 326 310 307 310 325 334 345 367
559 532 499 490 500 521 552 591 622 642 588 524 485 455 439 461 502 546 590 667 709 708 668 611 590 601 603 563 504 528 571 613 678 688 679 661 636 608 575 543 516 484 475 490 503 501 495 497 475 464 428 394 390 391 394 400 431 458 493 531 562 595 618 625 614 623 636 634 631 624 622 625 635 647 645 641 640 636 628 617 584 571 561 556 548 543 524 501 477 456 426 391 361 327 311 308 309 318 325 334
550 521 495 485 485 505 528 563 599 629 607 541 497 458 435 453 492 530 579 657 705 694 652 603 565 566 574 553 498 504 551 585 649 699 704 690 663 629 597 564 529 500 478 466 471 468 464 474 458 447 426 397 394 392 391 393 418 445 474 509 537 569 596 615 606 609 608 606 613 619 609 611 613 623 634 640 636 632 627 612 578 574 565 558 549 541 532 523 502 475 446 420 392 358 328 311 309 319 325 324
549 526 502 488 476 487 506 536 571 607 608 562 500 460 432 444 481 517 568 640 707 693 651 601 560 536 545 532 490 486 529 566 610 685 713 706 688 652 617 586 555 533 511 484 462 449 447 436 436 424 420 401 397 395 391 389 395 424 453 490 518 543 569 592 595 598 601 598 600 602 593 590 597 608 620 633 632 632 631 625 601 574 571 559 536 519 525 520 515 501 473 439 404 387 362 333 312 309 321 323
567 541 515 497 484 469 488 513 547 579 599 569 507 458 431 437 470 510 556 622 694 704 666 611 561 523 516 510 478 473 511 549 588 667 717 723 701 674 645 619 583 564 545 517 498 477 462 449 451 430 414 404 398 393 390 387 387 399 426 465 496 521 542 562 576 581 588 591 589 592 588 578 579 596 605 617 626 627 627 619 602 581 571 551 536 522 511 500 497 495 481 457 433 404 375 357 331 313 304 303
570 546 512 488 473 459 471 490 517 549 577 575 528 464 429 430 465 506 539 600 671 713 690 634 573 529 502 497 464 464 496 532 572 655 715 729 726 698 682 649 621 594 571 549 534 519 503 486 472 455 441 424 412 394 388 386 386 389 398 428 466 491 519 537 554 562 568 580 575 574 575 570 571 575 591 606 613 617 616 608 588 582 574 559 542 535 526 512 499 494 492 480 461 434 412 384 353 331 316 309
572 540 509 489 470 463 458 467 486 508 538 567 533 474 435 426 453 490 529 583 649 706 711 663 600 542 503 477 462 455 483 518 560 635 705 730 746 734 721 694 665 634 599 575 560 550 538 533 517 497 475 452 433 412 393 387 385 385 385 391 431 458 488 512 527 538 547 557 555 554 552 545 553 563 572 590 596 587 589 584 577 575 558 549 530 511 511 502 491 488 487 483 475 463 444 415 385 357 330 313
581 559 533 500 477 463 455 449 462 475 502 533 526 479 436 422 442 481 516 564 633 691 715 693 632 565 519 478 455 448 475 507 545 603 684 721 734 733 724 716 708 670 639 613 596 589 577 574 554 533 514 489 461 441 419 395 386 384 384 384 395 427 445 479 497 510 523 531 535 529 528 523 526 548 558 564 565 565 565 563 556 548 545 541 523 506 500 491 478 470 465 461 453 446 445 435 414 394 367 340
602 563 538 516 498 479 461 444 447 450 475 497 505 480 445 419 434 471 505 544 605 670 708 714 664 594 539 494 455 444 464 499 529 573 642 698 723 726 723 716 706 690 666 646 630 623 631 626 600 575 552 524 495 464 440 415 400 388 384 384 385 399 413 442 471 497 502 508 513 515 515 516 518 525 525 526 531 542 541 537 531 524 518 510 497 491 483 471 456 448 444 441 435 429 425 422 423 414 399 374
637 595 571 551 530 508 483 458 442 433 445 466 476 479 447 419 423 452 488 529 577 630 676 705 689 616 552 516 475 445 450 485 516 553 603 674 712 724 721 712 707 696 677 654 645 643 643 641 631 613 593 563 532 494 469 445 427 417 391 384 384 388 395 416 446 474 486 482 483 498 504 514 518 542 534 522 518 520 515 509 507 501 497 493 486 474 464 458 454 451 445 437 431 425 418 411 407 404 398 386
684 633 598 573 551 526 500 480 459 440 429 439 449 457 446 430 419 445 482 520 559 605 650 671 667 623 571 526 490 455 441 471 504 539 576 639 688 707 711 708 699 674 659 645 632 634 632 633 640 638 630 618 578 536 498 473 447 427 409 387 384 391 391 399 425 440 448 461 476 483 501 517 539 564 563 538 522 517 508 495 490 488 486 481 477 469 460 454 448 444 441 430 421 418 416 413 409 402 399 392
746 698 636 604 578 554 525 506 490 467 442 424 427 428 436 431 415 436 468 508 552 587 626 650 653 624 584 545 505 460 437 460 490 522 553 593 640 662 674 668 659 648 637 630 616 613 608 603 610 623 631 636 625 594 535 501 470 446 424 404 389 396 399 394 405 418 445 465 484 503 511 525 559 588 594 559 523 519 510 493 488 487 487 478 463 457 453 452 447 436 425 416 415 411 409 407 406 403 396 392
766 749 697 639 605 576 550 527 507 488 455 436 422 418 420 428 413 437 460 498 538 567 601 628 632 623 589 551 514 468 434 444 471 502 535 555 584 614 629 635 643 640 633 622 602 593 592 586 583 578 589 606 617 628 578 529 506 476 455 426 408 391 394 398 400 420 453 488 505 509 518 544 590 609 605 562 519 510 510 506 500 494 485 474 472 471 467 459 446 431 423 415 406 406 410 407 405 403 400 394
771 761 730 665 627 596 560 530 508 490 471 462 441 424 413 419 409 424 451 485 529 551 578 595 609 602 587 560 519 479 443 436 458 487 514 536 547 569 590 605 614 620 635 646 605 576 577 571 560 552 550 559 579 599 603 557 527 512 481 435 405 392 387 387 393 415 448 493 511 520 533 559 600 600 577 536 516 517 513 502 496 492 485 477 471 468 460 447 436 426 419 409 398 386 387 386 386 390 393 391
759 756 740 696 654 622 591 566 541 520 499 485 472 439 414 413 410 418 453 478 512 538 556 574 580 581 571 552 518 497 465 449 441 468 490 512 525 533 540 552 569 588 601 615 600 566 554 551 546 537 526 518 521 530 546 558 544 527 510 475 438 408 391 386 388 404 440 492 516 526 531 534 539 541 532 523 520 516 503 490 486 483 475 466 457 453 447 436 420 406 393 382 378 372 369 375 375 370 371 375
744 743 734 715 695 673 644 616 579 548 526 502 475 449 431 418 408 411 436 460 488 522 535 555 564 558 555 544 521 497 476 455 430 445 465 481 490 506 516 522 522 532 547 558 566 559 545 532 522 513 510 504 494 496 503 513 521 526 521 498 467 434 407 390 392 409 440 484 510 521 528 530 529 528 524 516 511 505 496 488 482 476 467 455 446 439 426 411 396 387 378 371 364 358 357 361 366 352 342 344
726 734 726 718 718 717 705 680 632 587 552 518 492 474 458 428 413 414 412 440 471 493 516 527 542 548 540 520 499 476 469 458 435 423 440 448 458 464 473 481 485 496 508 506 502 502 503 501 500 497 488 483 475 472 475 482 490 495 497 494 486 462 428 408 397 412 449 482 507 516 524 522 522 519 514 509 505 497 486 480 471 459 450 438 425 412 405 397 381 372 365 359 351 348 348 341 344 337 333 330
699 705 701 699 714 731 717 709 696 640 591 551 516 489 465 447 435 416 405 420 446 461 487 503 510 521 529 515 487 462 446 438 430 422 416 433 436 437 440 445 448 453 460 467 468 471 468 463 464 466 462 461 456 455 452 454 458 467 471 470 468 461 446 436 404 415 445 469 502 508 510 508 507 505 501 496 489 481 468 455 446 435 425 415 408 398 386 374 366 362 361 354 347 341 336 334 330 328 328 337
671 675 684 683 709 722 715 712 707 687 625 585 553 519 490 474 458 437 406 406 418 442 458 477 485 485 498 496 483 464 440 425 416 412 413 410 421 424 426 430 434 436 437 436 436 438 438 436 432 435 440 446 440 441 438 434 439 438 448 453 447 446 444 434 401 412 439 452 473 492 497 494 491 488 484 477 465 449 436 426 418 412 405 397 383 370 364 356 354 349 345 341 334 330 328 327 329 329 329 334
646 649 655 672 698 717 719 715 711 704 672 614 586 551 517 488 468 441 418 406 403 416 433 450 460 462 474 474 469 456 438 422 409 397 395 397 403 404 406 408 412 414 414 416 419 423 423 425 426 422 421 418 417 423 428 417 417 419 420 424 428 431 428 428 419 388 426 433 438 449 457 458 455 455 450 444 435 422 417 412 406 398 383 367 361 352 350 345 344 338 332 330 332 337 339 342 343 340 339 340
645 631 635 657 683 706 716 716 717 717 707 675 625 587 547 511 482 454 446 434 410 397 413 427 441 455 460 455 449 443 432 424 410 402 393 388 388 390 393 396 397 396 395 397 396 400 400 402 407 412 404 397 398 403 406 403 399 403 404 407 408 407 410 419 411 387 400 416 418 422 423 420 419 417 414 409 402 398 406 396 383 364 360 352 345 341 337 333 330 329 331 344 360 355 349 345 343 342 348 354
653 620 625 630 661 686 706 709 710 712 705 679 630 607 578 540 508 476 460 445 426 411 400 402 413 419 425 428 429 428 422 415 406 399 392 390 381 379 379 379 379 379 379 378 375 374 375 375 380 386 383 387 395 391 386 382 377 386 393 391 390 387 391 414 408 393 378 395 401 402 406 403 401 397 393 389 383 374 378 366 357 349 342 338 335 334 330 329 332 337 341 344 352 353 348 353 368 372 374 372
645 621 615 613 625 651 682 697 700 696 701 681 622 597 590 570 531 494 471 453 430 422 413 400 392 395 403 405 405 403 399 401 398 390 381 375 370 367 365 363 362 365 363 360 359 359 358 359 364 369 368 371 384 392 382 368 363 364 373 377 371 365 361 383 392 385 379 365 375 373 375 372 373 370 363 361 358 355 353 349 344 338 331 332 329 329 330 336 341 342 352 361 355 367 397 407 403 395 394 394
622 624 601 598 604 617 648 676 682 683 693 687 655 602 586 583 555 519 489 459 440 426 416 412 411 382 394 402 407 401 395 389 386 377 369 364 364 365 364 362 361 360 359 360 359 358 359 359 368 369 367 361 360 369 371 369 360 358 356 361 359 351 348 358 369 364 359 358 375 369 362 352 348 346 346 343 342 341 339 338 332 330 330 330 330 334 340 348 353 359 366 368 393 412 422 433 435 431 421 411
606 614 593 591 593 585 610 639 651 649 665 677 683 658 616 583 569 546 511 478 451 439 430 418 406 395 382 382 387 386 381 372 369 364 362 362 361 362 361 364 360 359 359 359 370 382 369 362 360 359 360 363 365 361 358 359 357 354 352 351 351 348 346 350 359 366 356 349 354 354 347 341 337 336 336 334 334 333 332 332 331 331 331 336 343 351 359 363 365 371 381 402 416 437 466 456 439 446 451 447
591 589 592 577 576 573 573 592 603 615 631 648 667 680 665 601 558 547 531 502 474 449 439 429 421 408 398 384 376 380 368 364 363 364 367 365 361 361 360 360 362 363 370 380 384 384 376 371 371 373 373 377 376 375 372 370 370 369 368 363 362 358 354 350 344 346 356 346 344 341 338 336 336 336 335 334 333 333 333 333 334 335 345 352 356 361 372 380 386 396 405 424 446 487 518 502 458 457 461 459
597 576 577 575 557 553 556 559 566 573 583 592 615 639 654 632 578 546 528 509 486 458 433 418 409 398 385 377 371 368 366 365 364 368 370 365 361 364 368 375 386 387 388 386 384 385 386 391 391 392 397 395 392 400 399 393 390 386 384 380 375 374 368 365 357 349 343 341 341 339 345 344 338 337 336 339 345 339 334 338 346 358 361 365 374 381 391 404 418 429 445 451 462 491 523 531 506 473 464 464
588 576 564 552 550 537 526 533 542 545 547 547 554 568 583 580 561 542 530 517 493 467 452 441 424 396 384 378 369 367 366 366 366 367 366 366 379 383 385 389 393 395 401 402 407 411 409 414 414 412 414 409 414 416 415 410 406 406 405 397 390 389 388 382 369 359 353 347 345 345 343 344 343 344 354 362 348 346 356 367 363 372 381 388 392 400 421 436 452 470 473 474 476 495 527 538 532 498 480 473
587 578 564 539 545 534 516 505 510 519 518 515 521 526 524 523 522 510 493 478 457 446 433 414 398 388 391 382 369 373 391 383 370 371 373 388 396 404 408 410 411 418 421 421 424 424 424 427 428 430 428 433 444 446 445 442 436 429 427 424 422 410 397 387 373 366 365 363 366 371 366 356 353 360 365 363 360 371 384 378 380 393 397 403 420 445 458 464 485 509 508 502 512 514 530 538 521 509 497 484
590 575 562 539 531 527 519 505 490 487 486 485 496 492 485 481 472 470 465 453 439 425 411 399 386 377 371 372 370 395 408 392 378 376 386 403 413 421 425 430 436 444 452 456 457 459 463 468 469 467 467 468 472 472 469 465 459 455 451 442 423 414 407 400 393 382 379 386 388 382 370 369 379 380 373 379 390 391 392 397 400 410 420 445 466 472 475 504 529 547 559 558 548 536 534 535 535 550 545 506
578 568 559 556 552 532 519 506 493 480 477 459 464 473 464 462 454 450 437 430 421 398 384 377 375 377 392 384 373 396 405 400 400 397 406 422 426 438 454 464 471 475 481 486 491 495 495 496 496 495 493 489 487 480 468 463 462 453 445 441 425 416 414 414 410 407 409 412 405 395 395 397 400 392 397 405 404 405 408 410 417 439 460 479 487 498 525 551 563 581 581 573 565 559 559 542 539 544 542 516
553 559 557 555 551 539 535 522 498 476 463 463 442 436 441 440 439 424 408 398 397 394 385 382 379 397 408 395 395 417 427 425 417 423 427 435 446 462 480 494 504 511 523 532 535 535 533 528 523 518 514 510 505 497 488 481 474 461 465 461 447 449 445 436 439 442 434 427 411 413 419 421 417 411 413 415 420 419 427 443 462 477 492 506 526 543 569 574 594 595 589 578 570 565 562 546 542 541 538 498
533 545 545 538 537 529 519 510 495 477 450 443 434 417 413 409 403 396 393 389 388 388 391 393 394 419 423 425 433 446 436 425 436 437 440 452 470 506 538 551 554 559 567 569 567 565 562 552 545 539 536 533 524 509 503 493 489 493 489 479 468 465 456 456 451 444 439 431 441 448 442 436 432 436 441 445 441 454 471 485 495 507 535 562 560 595 604 603 606 605 598 584 572 564 559 555 557 556 540 519
510 514 520 516 512 506 490 474 472 465 448 444 439 422 407 402 413 416 413 410 411 407 408 404 419 443 457 467 468 451 437 447 441 441 460 490 539 590 609 620 619 606 614 615 612 618 606 582 570 564 557 546 532 524 523 515 511 506 499 488 483 474 478 474 472 474 475 457 468 464 466 469 471 468 463 465 473 489 500 516 530 559 589 599 614 624 622 620 617 612 603 593 586 577 568 567 565 539 520 507
499 494 483 481 475 467 454 448 438 428 421 413 412 418 427 440 446 434 437 433 420 425 418 434 458 483 501 500 481 467 458 448 447 465 494 543 607 638 662 668 670 663 638 629 621 621 608 578 574 574 562 545 549 546 546 545 536 526 519 513 505 504 505 505 504 494 490 493 494 492 497 497 498 496 493 495 494 510 528 550 578 623 639 638 643 645 642 635 623 614 605 598 592 589 586 585 577 545 535 521
468 461 452 450 450 440 437 442 441 423 426 437 447 460 472 476 464 447 441 439 438 432 445 480 513 535 529 509 499 481 455 454 472 501 542 587 626 660 666 665 667 666 652 633 623 618 602 589 585 577 571 573 576 574 567 560 551 541 534 533 529 521 518 519 519 525 529 527 522 522 523 523 521 518 516 516 520 533 568 607 644 648 654 662 661 659 657 645 627 620 609 603 594 583 579 575 551 535 529 521
441 436 434 436 434 432 432 440 439 446 465 481 499 515 516 506 482 465 455 438 433 457 493 543 569 559 530 517 499 468 458 469 510 547 584 621 647 664 669 670 668 665 651 636 621 603 593 593 597 603 604 600 597 591 581 569 560 556 549 536 528 548 572 584 574 563 561 554 550 551 551 548 548 545 541 548 544 553 586 624 646 662 669 666 659 655 653 642 625 616 607 602 595 583 570 556 542 535 532 527
442 445 446 449 456 465 463 473 485 507 529 565 596 586 556 524 496 463 434 436 447 493 551 589 586 543 529 521 494 472 482 498 546 576 608 641 661 670 685 678 664 656 640 624 613 614 618 623 632 642 647 637 624 607 596 579 561 558 550 540 550 584 618 637 639 634 616 590 581 584 582 581 578 571 567 564 552 567 587 621 645 663 669 663 657 651 644 629 615 608 603 598 589 578 561 547 545 544 546 545
449 459 478 478 491 506 513 531 562 600 620 642 641 616 563 518 476 447 434 444 482 538 598 621 587 547 531 517 497 504 502 528 566 600 632 653 667 684 688 674 654 649 642 641 636 637 643 654 662 674 664 647 632 612 584 575 576 579 574 568 574 607 641 652 654 652 649 642 625 623 613 607 600 593 585 571 562 580 595 620 643 659 666 660 654 645 630 613 598 600 594 584 570 556 553 559 565 558 556 554
459 481 491 508 530 547 570 601 632 646 652 650 631 580 535 503 467 439 436 467 522 590 632 638 588 538 528 518 520 525 507 535 579 621 648 668 682 692 690 676 669 678 676 662 660 666 674 680 695 693 676 649 631 608 593 593 602 600 596 593 593 624 651 659 666 661 656 653 640 635 621 612 611 604 591 580 585 598 607 628 642 660 664 659 650 636 613 595 588 585 575 570 569 572 580 586 587 581 573 571
466 501 521 553 585 602 622 643 652 655 655 630 583 535 500 469 444 439 454 504 579 635 653 640 573 533 545 539 544 534 519 538 585 628 660 683 695 695 696 693 689 694 691 688 692 697 700 698 703 697 676 645 628 603 605 628 632 620 612 603 606 641 657 665 669 669 668 658 638 634 619 621 613 600 591 599 607 617 633 645 653 653 658 655 642 620 599 595 593 595 596 595 599 605 610 610 603 586 586 598
483 518 550 593 614 632 642 649 651 652 636 604 551 514 489 458 443 446 486 550 627 659 663 639 579 550 555 573 570 550 530 538 588 625 664 688 698 704 712 714 712 710 713 709 709 707 709 711 704 695 667 641 626 614 638 651 646 632 619 606 627 651 671 679 678 673 671 654 644 632 629 624 611 606 604 615 625 636 656 668 668 661 656 645 633 615 606 611 606 611 611 612 619 621 623 623 614 600 613 622
497 536 573 607 634 651 660 660 658 647 622 584 532 485 463 454 448 466 524 596 659 682 666 640 602 564 576 610 598 570 541 537 586 627 666 697 704 714 722 727 724 724 726 721 718 719 717 717 703 689 656 636 625 642 657 658 655 638 622 627 648 666 679 686 684 679 674 652 642 634 635 621 621 618 620 629 638 653 673 678 676 675 669 651 634 618 624 623 619 625 629 635 636 635 638 633 623 624 636 644
525 568 590 618 642 654 665 666 653 629 597 547 502 470 468 470 458 498 560 619 665 684 678 645 610 574 603 640 626 588 555 539 579 626 668 699 712 729 739 746 742 744 739 735 727 725 720 711 698 678 651 642 651 664 671 666 655 640 637 649 664 680 693 693 684 678 671 648 640 633 629 635 636 632 636 641 651 664 679 682 680 679 673 642 625 622 625 630 629 643 650 657 655 657 660 650 641 649 661 664
553 584 613 637 652 657 670 672 656 634 602 554 509 477 491 480 471 529 585 632 667 689 686 663 614 580 625 657 647 610 569 543 569 622 663 698 719 738 760 768 758 752 751 745 737 733 716 702 682 660 651 660 675 689 689 671 658 652 654 666 675 692 704 699 685 675 662 649 636 627 635 643 643 649 651 653 659 674 683 684 680 674 657 626 622 623 627 637 644 655 659 664 671 667 672 668 670 674 679 683
567 597 619 636 660 667 674 668 655 628 585 536 513 489 507 488 493 552 602 640 670 687 689 677 623 589 643 676 668 633 586 554 564 621 657 695 719 745 770 771 766 760 759 751 743 731 706 689 681 680 681 689 694 698 693 669 659 659 664 677 688 700 705 704 692 673 661 646 625 631 635 649 650 659 660 660 667 677 678 679 672 662 642 620 619 628 639 650 658 664 669 677 680 683 685 684 684 689 694 690
591 613 638 650 664 669 672 659 650 628 594 541 505 510 526 499 511 565 616 649 678 695 693 680 627 604 659 689 682 655 617 571 564 621 660 697 720 750 776 780 790 775 763 756 746 725 707 699 696 699 702 702 705 704 694 679 668 663 674 688 698 709 713 701 684 667 657 640 614 628 644 652 659 662 663 664 671 674 664 659 652 645 631 618 630 640 652 659 668 674 674 674 679 685 687 688 691 699 693 687
606 633 653 661 676 676 676 657 649 625 588 543 506 528 529 502 519 575 622 653 685 706 700 680 631 620 670 696 690 670 644 590 567 627 662 689 721 754 786 797 791 774 762 752 738 725 722 718 719 718 713 712 712 706 701 694 682 677 681 696 701 709 711 696 677 663 646 626 603 630 649 649 660 662 663 662 669 656 651 643 627 606 603 609 638 649 659 664 667 671 668 670 675 679 685 689 695 695 691 684
615 646 662 671 688 693 678 656 642 622 585 532 516 549 540 515 530 583 625 656 690 719 710 686 645 638 684 711 703 684 660 606 579 630 663 680 711 751 792 804 789 769 761 754 746 739 731 726 726 726 726 723 718 709 707 703 695 687 684 694 699 702 708 680 653 632 621 598 600 643 649 653 657 657 661 660 660 652 638 626 595 565 563 606 636 650 658 662 663 663 661 663 667 668 672 681 687 693 692 689
638 654 670 676 693 705 688 664 646 625 577 529 537 556 550 526 538 588 632 662 695 734 724 695 658 653 699 722 714 693 669 614 610 641 664 679 706 739 765 787 778 757 757 758 756 752 746 739 735 734 733 730 724 713 709 705 702 700 694 688 683 691 694 672 641 602 587 563 614 646 647 654 653 649 645 647 649 643 626 604 564 535 547 586 608 629 638 644 652 648 642 642 647 654 663 672 674 681 688 688
657 673 689 694 706 709 692 662 633 601 554 537 558 573 570 537 554 603 638 664 701 739 737 705 668 675 708 719 716 698 675 629 631 656 663 673 695 723 748 753 751 747 751 757 762 755 750 746 744 740 737 733 730 717 708 702 701 700 698 694 672 649 658 643 604 568 557 547 614 641 646 653 655 650 636 623 621 618 603 583 554 512 517 555 585 594 607 624 632 635 635 627 624 635 648 657 661 666 673 681
662 686 703 715 725 725 708 668 627 589 559 553 571 596 586 557 580 618 648 677 717 760 750 717 680 691 716 728 720 700 677 638 650 666 662 657 672 699 718 723 725 727 742 752 759 752 750 741 739 739 737 732 728 715 704 698 697 694 684 681 661 637 615 605 576 546 528 543 586 613 636 650 646 647 640 620 594 580 561 542 514 486 470 499 529 554 581 591 601 617 619 617 607 614 634 643 647 658 670 682
678 691 714 729 734 726 716 677 634 599 567 577 602 617 600 573 605 642 667 698 737 764 763 732 693 714 738 762 740 705 683 662 674 683 676 659 631 646 665 679 688 708 731 742 742 740 737 723 721 727 731 727 722 711 698 683 671 662 657 655 640 627 593 570 560 537 514 524 558 602 625 640 654 639 633 628 619 609 592 566 529 498 469 456 479 504 532 553 569 589 591 594 588 596 613 620 634 646 661 675
692 707 728 741 754 749 731 684 640 602 579 604 632 632 616 591 630 668 695 723 759 770 772 739 716 741 763 772 761 724 696 683 692 700 700 685 647 596 612 620 641 679 708 718 715 715 713 706 703 714 721 720 712 707 681 653 633 630 631 626 606 598 582 555 541 521 502 519 558 591 619 635 652 651 648 650 656 662 638 603 567 532 499 469 444 462 493 514 528 542 552 564 571 579 588 598 622 635 650 661
702 721 740 763 776 768 742 695 658 628 594 622 651 648 633 607 646 682 712 751 768 776 779 764 745 775 777 779 775 751 712 706 714 712 718 713 691 638 569 568 604 640 671 689 688 693 694 690 673 687 704 709 706 693 668 633 602 597 595 593 589 582 566 538 510 490 488 511 540 573 604 633 654 665 661 659 664 668 652 624 602 567 533 506 475 446 443 472 497 514 525 536 548 564 572 585 610 626 636 650
708 733 755 789 792 776 743 693 660 621 604 639 670 672 655 623 653 689 728 765 775 781 786 784 776 786 787 783 775 757 728 725 723 718 716 722 716 680 615 538 562 594 624 640 646 654 660 661 643 645 653 658 663 659 655 620 588 572 570 573 571 565 547 527 493 469 469 494 531 570 613 634 650 657 656 651 640 640 631 603 576 548 527 507 482 454 428 433 456 479 494 504 518 539 558 571 587 610 618 627
714 739 765 793 792 766 729 684 665 623 621 659 686 698 684 664 656 691 735 767 780 794 797 792 791 794 796 787 778 769 761 744 726 713 702 709 711 696 654 568 520 549 575 591 601 609 614 623 608 598 600 599 599 598 595 583 573 562 550 552 555 551 539 516 482 449 463 514 548 586 618 622 632 635 626 620 612 607 589 564 543 522 500 478 459 440 421 400 421 439 454 473 482 506 538 557 563 589 598 604
723 744 768 787 790 759 727 691 659 625 645 677 701 721 711 700 684 689 739 767 780 809 825 815 800 799 799 789 783 782 780 755 728 704 676 671 682 685 662 610 534 512 537 551 560 569 574 574 571 566 564 560 558 558 557 556 553 547 535 521 522 525 521 499 471 432 470 504 530 557 577 585 598 606 602 601 583 569 547 520 500 475 452 430 417 403 394 379 382 407 421 433 454 484 512 534 544 549 559 578
730 748 771 790 791 758 731 699 661 649 667 693 719 738 734 720 711 700 741 768 779 801 834 839 826 813 801 784 782 784 781 759 731 700 663 628 629 642 640 619 571 517 500 517 531 542 546 547 546 543 541 535 536 539 538 534 529 521 510 491 481 484 481 474 457 423 455 480 496 508 521 534 546 570 584 572 552 528 505 487 465 441 414 386 367 357 352 351 350 362 383 404 432 471 494 508 510 506 511 524
727 749 765 787 791 757 726 697 662 672 688 712 736 752 755 745 736 733 746 768 778 792 814 835 845 827 798 773 756 746 741 737 726 704 673 642 603 588 591 586 566 539 508 489 495 517 526 527 526 517 511 504 504 505 505 500 490 478 469 452 436 438 436 435 433 416 420 444 456 468 479 493 506 518 526 517 496 456 434 423 401 376 353 342 339 338 338 337 337 335 341 369 408 452 481 499 499 497 495 496
721 742 758 777 782 755 728 696 683 697 712 726 747 762 765 765 762 761 762 767 775 789 801 810 819 816 797 750 712 703 704 703 698 686 667 643 613 572 550 553 552 545 527 503 476 476 492 497 496 490 483 478 468 456 447 435 426 417 404 391 389 388 391 393 393 394 388 399 411 422 433 442 446 453 448 432 416 394 378 361 349 343 341 341 350 363 362 348 338 334 333 337 371 421 458 481 490 492 486 477
712 728 750 765 765 745 719 699 705 715 729 740 752 761 770 770 763 761 759 755 764 775 794 804 809 806 792 741 708 666 649 654 653 649 638 619 592 557 529 522 532 537 531 515 494 461 452 462 459 456 444 428 412 401 396 396 384 379 374 371 369 367 367 371 369 370 370 374 375 373 379 389 395 394 382 366 357 352 347 345 344 345 357 393 434 438 424 405 377 350 334 332 336 373 413 439 456 462 457 442
711 728 748 756 755 745 729 719 722 732 743 748 756 764 769 769 760 753 752 721 720 732 768 791 796 794 789 751 721 685 648 617 605 602 589 572 550 526 506 490 493 505 508 502 484 459 442 425 421 411 401 394 390 387 386 381 375 372 373 381 394 406 414 413 404 391 379 370 365 360 357 356 354 352 352 354 352 349 347 350 371 402 437 476 487 480 469 454 436 407 367 338 331 335 362 390 404 409 409 407
716 728 750 757 753 747 739 733 733 735 746 748 752 764 768 759 752 727 732 692 668 704 739 754 759 765 768 753 734 704 672 640 612 592 575 560 552 544 530 516 498 478 466 459 448 436 421 414 405 402 416 412 412 410 398 379 375 387 417 441 458 460 463 462 453 438 422 406 389 383 380 377 370 364 361 362 360 366 388 418 446 471 505 519 517 508 499 486 470 452 418 377 344 330 330 340 358 367 368 364
717 727 739 748 754 752 750 744 734 726 736 736 738 741 741 733 727 710 689 669 642 680 704 712 715 720 732 738 731 711 687 668 647 629 610 601 594 580 561 551 530 509 483 461 446 430 417 413 421 448 466 471 476 456 397 378 398 447 482 518 540 535 523 514 498 474 449 436 435 433 423 415 403 395 391 377 405 431 451 474 497 521 536 536 531 525 518 507 489 473 452 416 382 356 335 330 329 331 332 330
702 717 729 744 760 765 757 738 718 695 698 710 716 719 714 703 691 688 665 644 627 659 677 680 673 678 701 713 715 709 708 692 668 658 638 631 623 615 601 585 572 552 532 500 462 430 417 441 486 517 514 508 497 447 387 391 461 522 541 571 578 566 549 533 513 482 491 493 490 477 467 459 452 446 433 402 454 479 491 516 537 553 555 549 542 533 526 520 508 491 473 454 429 400 376 355 341 335 333 335
718 738 750 770 776 778 768 745 731 706 669 664 674 684 688 682 668 666 652 624 603 627 646 646 629 660 682 698 710 724 722 708 693 682 674 664 652 643 639 614 595 574 549 513 461 424 444 503 554 568 559 549 497 430 383 430 530 565 575 580 581 570 558 548 541 530 538 539 540 534 524 513 494 467 430 426 483 520 536 548 559 565 564 563 555 546 540 534 526 513 497 481 461 445 427 407 388 379 378 383
725 741 761 785 799 800 781 769 754 730 705 674 645 640 652 656 645 633 627 600 584 592 610 609 613 664 685 701 720 723 716 712 705 694 692 689 676 666 657 628 602 576 538 500 454 425 485 566 615 620 608 569 496 415 389 473 578 607 606 591 577 574 568 560 554 567 575 570 579 580 572 531 491 439 423 471 500 548 574 584 583 584 584 592 599 592 584 573 570 549 525 512 495 475 458 443 427 417 415 415
747 748 760 786 815 812 795 784 765 744 727 704 678 651 627 611 607 594 592 589 578 568 577 578 606 650 684 704 714 712 707 704 704 694 688 692 689 679 669 634 606 570 523 486 454 431 509 598 622 623 617 585 496 409 399 496 575 613 612 608 598 590 577 572 577 594 602 608 609 599 552 502 451 458 488 523 547 584 613 625 618 610 623 638 647 645 638 620 610 580 554 545 526 504 487 468 459 453 452 448
769 769 774 784 800 810 802 788 768 751 735 719 705 680 661 638 624 620 594 570 562 556 551 564 588 619 654 684 699 703 696 689 686 679 669 675 681 680 668 640 611 569 524 489 461 444 501 580 606 615 607 588 508 414 405 488 560 618 630 623 610 597 589 598 605 622 633 628 617 574 520 462 462 496 517 556 602 629 636 648 644 636 650 660 668 664 658 642 627 610 580 560 552 529 504 487 476 475 478 471
782 787 791 794 798 805 799 783 769 756 742 729 716 705 694 677 660 647 621 586 562 546 540 552 573 598 626 661 681 692 687 673 659 649 643 647 655 660 653 637 614 582 544 504 471 444 495 576 607 624 614 592 522 419 412 511 592 633 637 624 616 616 619 634 640 647 654 635 596 546 480 460 507 533 551 597 640 660 660 667 668 665 670 675 675 669 660 645 628 606 584 556 547 535 514 499 488 488 486 469
797 802 803 802 799 789 782 770 754 740 731 717 708 700 702 697 683 663 643 616 590 558 539 533 553 581 607 636 660 675 681 668 639 623 619 623 628 631 632 626 613 590 558 514 473 444 501 577 613 630 622 599 539 431 404 494 587 626 634 633 636 642 654 667 675 670 662 634 580 526 465 505 546 582 619 655 679 687 688 685 679 672 671 673 669 660 650 632 603 582 558 547 532 520 504 490 482 473 460 441
812 812 809 806 783 767 753 743 726 715 705 698 687 685 688 691 690 675 657 631 606 577 548 529 535 559 583 607 628 647 658 651 629 612 601 600 609 611 613 608 602 584 559 518 476 445 503 571 613 628 629 605 557 443 397 454 550 608 642 648 653 662 670 677 688 682 665 635 579 513 480 547 590 628 658 681 696 703 703 699 678 668 662 658 651 642 625 598 577 558 545 531 517 496 485 478 477 463 461 467
