# 100 100
556 554 535 498 457 434 414 399 397 395 372 375 394 385 388 381 352 331 330 325 320 329 347 357 349 331 316 307 292 292 281 271 279 279 279 273 272 277 287 289 289 290 298 308 322 325 322 319 317 304 295 290 291 293 300 325 341 341 349 354 344 330 320 325 331 340 352 371 390 409 425 440 451 459 469 474 478 482 476 479 492 503 512 527 541 551 560 567 575 574 562 553 549 533 513 500 482 464 448 431
587 588 564 514 456 424 413 416 424 412 369 355 357 350 349 346 339 337 345 333 327 316 319 347 359 345 325 312 296 294 274 277 285 288 281 279 275 280 283 292 296 295 295 294 300 308 312 315 320 320 314 308 310 314 301 316 325 329 329 335 334 323 321 333 337 344 349 360 376 395 411 424 439 450 456 459 462 463 460 468 481 495 509 522 534 545 552 554 561 566 564 557 543 521 508 497 478 460 446 430
613 619 586 514 455 421 405 392 389 382 362 376 386 383 368 357 353 356 363 350 335 324 311 322 346 352 342 326 308 291 276 294 293 294 286 284 280 284 294 301 304 305 301 299 299 301 305 310 315 316 319 323 330 333 316 302 306 309 309 315 317 316 326 340 348 344 347 356 365 380 397 413 429 437 443 440 441 448 462 474 486 495 504 511 522 530 533 537 545 548 547 543 534 520 504 484 466 455 444 428
630 638 613 535 465 428 408 393 383 378 368 381 416 422 400 381 378 379 388 376 350 328 319 306 321 338 349 339 323 290 280 300 306 302 294 285 278 285 308 318 319 322 318 314 317 319 317 315 325 332 334 340 342 341 335 328 329 329 329 326 325 318 323 330 336 341 347 353 360 375 390 406 418 429 433 426 432 447 457 468 479 487 495 501 505 507 512 519 526 531 534 535 530 519 502 476 459 449 439 431
640 649 629 543 467 433 415 405 398 393 376 375 400 439 436 424 419 410 421 418 380 335 320 308 303 310 309 312 304 284 297 318 323 313 305 289 282 297 319 332 336 336 333 326 323 324 319 328 334 339 342 350 352 345 346 348 353 358 356 346 334 330 334 336 340 348 353 355 362 370 388 405 415 422 423 415 425 437 452 461 469 478 484 484 487 493 502 509 516 522 525 528 527 516 497 477 461 448 436 428
649 663 647 540 475 446 433 423 418 404 386 381 385 410 444 455 453 447 441 438 415 364 330 317 310 304 303 302 291 295 320 333 331 320 312 294 287 304 324 334 341 345 339 337 329 320 318 326 325 329 337 343 344 343 353 362 367 373 365 347 335 340 348 353 350 352 362 364 365 368 379 392 402 409 412 410 419 425 436 451 460 470 471 479 481 483 492 499 504 510 515 519 517 506 489 476 469 455 439 433
658 678 663 557 491 462 454 445 424 411 400 389 384 391 412 445 455 453 441 420 397 388 367 337 321 311 308 306 309 311 327 333 333 322 307 296 290 303 322 330 337 346 338 328 317 313 311 312 312 316 326 330 335 341 351 353 356 358 351 339 340 344 353 368 372 364 364 381 390 384 377 383 395 403 400 409 413 416 424 436 448 455 455 461 462 468 477 485 492 497 503 505 500 494 493 488 478 458 446 443
658 676 676 584 509 481 471 457 436 431 419 404 394 392 395 410 427 434 421 395 378 366 366 351 323 323 321 320 325 322 331 336 338 333 319 307 298 297 317 318 322 321 319 309 305 307 315 315 322 326 326 336 336 341 347 346 345 343 343 346 346 345 356 374 391 389 389 389 403 409 401 386 393 397 399 406 408 411 418 425 434 437 438 443 449 453 460 468 478 485 488 490 501 502 497 486 474 470 467 456
659 670 679 616 527 493 481 465 455 447 430 413 403 405 402 401 413 427 428 408 393 374 353 340 327 338 343 344 347 342 340 343 347 344 335 322 307 294 302 304 307 306 300 299 299 309 317 318 326 330 341 343 340 343 346 347 348 349 354 357 355 356 357 374 397 412 409 404 405 412 424 406 395 398 400 403 403 406 410 419 427 426 426 431 430 426 439 449 458 471 478 484 492 493 486 478 484 485 474 460
662 667 668 618 532 491 490 476 463 454 442 423 414 421 418 410 415 430 446 432 413 391 368 352 336 337 356 371 378 374 362 355 353 351 345 336 317 302 295 294 299 299 299 299 304 310 319 327 335 341 348 351 349 348 348 352 356 359 364 370 371 372 367 376 399 422 431 424 420 418 420 422 408 398 400 402 402 399 397 411 418 419 417 413 398 389 401 409 433 465 475 482 478 474 472 474 477 473 465 457
608 613 596 554 503 475 484 474 465 459 446 428 427 433 426 418 420 431 447 451 431 408 377 361 349 343 342 365 397 420 407 386 374 364 353 348 330 306 303 296 299 301 303 312 309 313 321 332 343 353 357 356 354 354 355 362 370 377 383 389 391 389 381 381 398 420 444 442 435 429 424 415 407 400 402 402 404 398 395 407 416 417 412 394 370 372 387 405 430 448 463 472 478 473 464 461 460 458 455 452
528 529 518 487 452 458 463 462 464 458 448 435 435 441 434 424 430 443 450 471 458 424 392 375 366 356 345 352 379 406 426 416 401 385 367 362 351 329 316 308 297 300 302 303 299 315 333 344 354 365 369 371 368 369 378 384 392 405 413 414 414 405 399 395 401 419 437 453 444 434 428 417 408 407 406 403 399 391 393 403 412 418 419 407 383 369 397 409 420 431 445 463 472 470 464 458 452 448 447 443
494 491 480 457 432 426 439 449 461 462 450 447 447 453 442 432 439 455 464 487 483 448 409 390 390 373 358 351 369 396 421 425 409 394 379 373 365 350 337 333 318 311 304 295 290 311 337 357 378 388 401 403 391 385 404 415 427 440 446 445 437 423 414 413 415 420 432 448 454 440 433 428 425 417 412 403 395 387 393 405 412 409 400 391 372 363 390 413 427 435 445 462 476 478 470 460 451 441 436 430
471 468 462 446 419 404 422 437 449 450 450 456 463 459 452 443 455 463 484 513 501 462 416 419 414 392 375 368 358 389 423 431 420 404 386 379 370 359 349 348 339 331 323 297 286 297 331 361 386 401 421 426 425 397 404 426 450 458 472 471 463 442 435 431 430 432 436 442 452 447 436 434 435 433 428 413 400 388 382 392 393 387 375 373 355 365 381 391 415 433 447 462 477 480 473 466 458 449 437 428
446 447 444 436 417 401 423 429 438 446 451 469 474 469 463 458 470 474 489 517 498 459 441 449 445 421 407 396 373 387 429 440 432 414 391 383 376 363 356 353 347 341 332 301 282 287 308 334 355 374 390 400 415 412 417 425 433 449 464 470 469 462 462 450 449 447 446 447 443 436 428 424 428 427 426 416 397 387 373 376 371 357 346 341 343 360 356 364 374 393 423 454 474 480 482 476 467 456 443 435
415 416 417 418 395 391 410 430 446 459 464 471 474 472 467 464 477 482 492 511 492 480 473 478 474 450 434 426 396 384 428 446 447 430 411 394 383 366 356 355 346 330 317 300 282 281 293 308 326 341 353 369 388 411 430 440 441 451 464 471 462 461 478 475 467 465 460 455 447 436 424 415 412 410 400 388 380 382 373 361 357 364 357 346 334 343 340 344 356 368 385 408 419 421 432 447 456 448 433 419
375 384 392 393 377 365 400 416 428 447 459 462 458 462 466 461 464 481 497 514 503 502 499 497 482 458 445 435 396 395 425 452 460 446 435 418 402 380 359 354 340 323 310 298 283 280 286 297 308 326 345 359 381 399 421 435 449 463 476 480 460 437 456 478 477 473 473 463 454 442 428 416 404 395 391 383 377 382 380 374 376 370 351 342 341 326 326 327 333 343 353 365 376 382 387 392 390 392 382 365
347 358 367 367 352 350 381 393 404 411 432 443 449 456 464 463 455 455 470 485 498 510 506 501 485 464 446 424 405 418 441 463 469 462 453 436 417 400 371 354 340 321 317 297 279 278 281 295 308 326 345 364 377 389 405 428 460 476 485 484 455 418 445 461 466 463 459 457 455 447 436 422 408 405 410 399 381 374 378 380 370 358 346 337 336 330 315 313 321 326 333 339 345 350 352 351 349 344 334 320
342 357 347 344 331 337 356 375 386 387 403 424 438 447 455 455 449 440 452 456 466 481 478 476 475 460 435 425 437 433 451 471 476 478 468 453 431 419 390 364 341 316 315 293 277 276 277 286 295 316 338 356 362 378 399 430 463 485 489 476 447 405 448 474 473 463 453 446 440 437 434 424 419 420 422 425 404 395 381 363 355 350 338 331 322 316 313 304 310 313 318 321 323 325 324 322 320 314 307 301
345 337 330 328 324 345 360 367 372 374 379 391 404 419 435 443 432 442 448 445 455 459 454 448 448 442 433 450 468 457 456 477 483 487 474 461 443 435 406 379 354 323 305 288 278 276 276 279 289 299 318 328 347 370 403 437 462 472 451 420 413 393 434 457 472 472 466 461 450 438 434 440 440 434 440 443 433 417 408 396 381 374 365 354 345 331 315 299 303 302 306 311 312 308 306 304 301 296 287 278
321 321 314 308 345 361 356 356 355 357 368 378 383 393 409 425 422 435 437 434 446 454 453 441 441 448 448 477 489 478 467 483 494 494 479 464 458 446 418 395 369 336 312 292 279 275 274 275 281 292 304 315 333 355 384 417 432 425 389 375 372 378 405 430 447 456 462 464 463 456 453 455 461 454 457 462 453 439 427 424 407 395 387 378 363 343 323 308 290 293 292 292 294 290 291 287 286 283 277 270
308 312 307 308 344 346 339 345 341 342 355 362 378 382 400 405 395 409 418 418 418 440 449 434 442 453 460 486 501 494 483 493 503 500 486 470 466 444 425 404 381 350 320 300 279 275 275 275 278 285 301 310 322 331 361 380 385 367 359 367 382 384 389 407 425 442 448 456 466 468 465 472 481 479 470 471 465 456 447 445 432 417 399 385 367 352 335 313 296 284 280 276 271 271 270 267 268 268 269 267
305 300 295 302 328 335 333 329 320 325 336 344 362 377 383 383 370 378 393 390 395 420 415 422 442 459 469 489 512 508 501 507 506 501 488 469 465 440 422 405 377 348 315 297 282 274 274 274 279 283 290 299 298 308 341 358 347 349 366 377 391 402 405 406 415 430 431 445 458 459 448 468 492 491 472 451 459 472 461 456 441 420 405 390 370 356 335 313 301 288 277 275 274 265 267 262 256 255 252 251
292 277 293 326 336 333 329 316 307 318 327 339 349 361 365 364 349 356 365 370 381 381 406 433 455 458 468 486 521 521 516 514 507 494 481 460 456 438 414 385 362 333 307 284 279 276 275 274 281 290 290 286 292 302 312 332 335 359 377 395 411 418 424 426 423 423 416 434 440 439 432 433 472 490 472 441 423 432 453 432 419 406 386 372 357 342 324 305 290 282 293 285 277 274 263 259 258 252 249 246
275 270 287 303 308 308 305 307 325 332 342 347 348 350 350 347 329 348 367 367 367 386 419 448 464 460 459 477 517 519 515 511 501 482 468 454 446 437 406 380 354 327 302 287 281 283 275 274 276 283 285 283 293 311 317 322 342 368 398 419 436 452 457 451 444 433 412 410 416 423 412 403 423 459 470 446 407 389 398 405 389 377 362 351 343 325 307 290 290 307 311 308 302 298 288 282 279 273 267 261
265 284 287 280 284 290 305 320 326 334 342 342 336 333 330 320 319 355 369 359 368 390 414 437 450 453 453 449 463 466 478 496 487 476 464 444 427 426 394 374 347 322 295 292 287 289 277 277 278 276 278 277 289 311 320 335 362 385 416 441 458 474 486 480 459 437 412 396 396 410 413 399 387 405 430 442 428 406 372 353 348 355 340 328 317 304 293 294 320 331 335 336 330 325 313 308 299 286 279 274
275 278 295 297 301 305 307 301 306 314 324 329 325 312 304 322 337 348 357 348 361 383 401 415 426 438 442 438 419 412 421 455 473 457 445 426 399 397 385 356 331 310 293 292 282 280 278 284 287 274 276 274 280 293 307 337 371 394 421 446 464 487 495 492 465 446 431 411 391 386 378 387 381 377 400 409 429 439 405 364 338 326 322 311 299 301 312 330 352 353 358 357 351 347 337 328 312 298 291 280
285 282 283 292 299 303 302 297 292 302 308 313 306 293 313 341 347 343 344 336 362 376 389 399 405 412 428 430 414 387 385 401 433 439 412 388 373 364 366 348 322 306 300 287 282 283 282 289 296 280 279 274 274 284 291 317 357 388 412 439 457 481 491 492 484 459 432 412 398 393 384 369 362 360 378 389 386 413 420 384 345 324 309 315 315 319 339 365 373 368 372 375 367 358 352 341 330 316 294 267
275 284 283 283 290 292 294 289 284 292 300 306 290 294 313 327 331 324 319 333 355 373 382 386 388 389 409 419 407 389 369 368 382 404 398 379 360 348 348 357 335 314 294 281 285 293 287 294 298 294 284 273 271 281 287 305 337 373 398 425 444 461 465 477 485 478 452 432 424 410 393 375 358 349 360 373 370 361 381 374 337 318 331 347 342 341 359 372 374 370 375 385 377 373 373 361 343 316 268 237
268 275 279 281 280 282 281 278 278 286 285 291 279 283 291 301 304 308 323 345 362 370 374 372 369 374 389 404 403 391 373 353 351 361 369 366 353 333 351 358 343 320 292 283 303 307 299 302 300 297 291 276 269 273 281 295 324 357 384 402 424 433 439 457 469 475 477 470 453 430 408 388 367 353 345 343 346 338 334 332 326 342 351 375 372 362 364 363 362 358 364 378 395 402 395 371 334 273 235 226
255 264 267 267 263 259 259 263 264 271 273 274 270 281 299 312 320 330 345 355 364 361 364 363 358 366 376 384 388 390 381 367 346 341 345 347 332 320 329 344 330 309 294 283 299 313 310 313 305 295 288 278 272 269 273 284 307 340 361 384 398 410 424 438 453 460 477 486 482 451 429 409 387 370 359 354 353 361 348 342 346 366 371 392 397 387 375 360 351 348 361 381 401 403 392 344 284 241 229 225
244 250 250 252 251 254 255 254 257 259 262 266 272 284 303 314 322 334 346 352 357 354 344 344 346 354 361 364 366 371 374 369 351 331 324 327 320 323 313 319 312 303 293 284 293 305 314 319 311 291 278 272 272 271 275 286 295 316 344 364 378 399 405 417 436 447 464 484 492 476 457 438 410 392 386 380 379 385 383 372 365 395 399 402 411 402 384 360 344 330 342 358 371 380 364 304 256 232 226 225
249 247 258 265 264 263 267 262 260 261 269 281 288 293 305 319 327 334 333 338 338 334 330 330 335 340 345 347 348 352 356 356 344 333 323 310 305 303 305 307 300 296 286 283 296 304 306 315 310 304 280 275 270 271 277 286 294 306 325 343 360 377 384 403 415 437 458 485 484 472 456 447 426 428 426 418 402 404 406 384 375 400 429 416 407 395 376 357 339 323 308 314 325 330 313 272 241 226 228 234
270 257 259 274 275 270 277 274 277 268 274 283 293 301 302 307 315 322 322 325 328 324 323 321 322 324 327 330 330 332 340 342 331 321 313 310 307 298 299 300 296 290 285 285 298 311 303 304 312 306 293 277 269 269 273 277 282 295 309 324 343 359 377 383 404 429 455 471 470 480 477 466 457 458 449 438 438 428 407 396 392 398 439 424 398 386 372 359 351 333 313 284 288 287 278 250 230 226 230 234
270 261 267 273 285 282 282 283 287 278 277 284 286 289 291 300 309 314 317 317 321 324 319 315 314 318 315 314 317 323 324 330 321 309 301 299 300 293 294 294 286 283 287 293 304 310 309 300 308 297 302 286 271 270 271 282 282 288 298 314 336 354 364 372 395 421 442 440 449 471 491 502 497 491 479 469 460 441 426 414 410 404 432 432 405 393 384 375 361 335 310 296 273 257 248 237 231 227 227 228
265 263 274 279 282 288 288 286 287 282 279 280 283 287 288 292 297 300 312 307 309 313 313 312 308 306 309 305 305 307 306 318 317 305 304 294 299 288 284 284 280 282 290 300 304 309 310 298 297 293 295 293 276 270 267 280 288 302 313 310 318 334 343 357 375 397 412 433 457 474 496 512 507 503 500 488 475 456 437 428 424 417 424 436 418 406 399 389 370 345 332 314 290 257 241 235 230 227 226 227
269 269 280 288 285 288 292 286 289 289 286 286 290 290 291 294 294 293 297 304 302 306 306 309 303 305 302 304 299 303 298 299 302 297 295 295 289 285 280 278 280 285 296 295 304 305 303 296 310 298 285 287 274 270 267 276 284 302 329 339 336 339 347 363 380 390 411 441 465 476 483 504 517 507 503 492 486 466 452 443 439 435 436 446 438 420 404 392 374 365 356 333 303 269 244 232 228 226 226 226
277 276 281 288 290 290 290 286 287 294 294 290 291 300 304 306 306 305 301 299 300 300 301 300 297 298 297 289 288 291 292 284 288 288 285 284 283 278 275 275 278 291 290 287 304 305 295 295 313 309 287 283 274 272 272 267 272 292 321 350 362 366 368 383 397 407 419 438 453 458 460 480 493 491 491 498 490 482 470 468 459 453 452 457 457 435 406 390 382 388 384 358 324 288 247 229 226 226 226 227
281 274 278 286 289 292 292 287 289 292 299 299 297 303 308 314 314 312 312 309 306 298 298 298 296 295 300 295 286 281 279 276 278 281 286 283 283 282 273 272 273 292 289 287 294 298 293 295 309 309 294 287 275 275 269 272 266 278 296 327 359 380 393 403 407 411 422 422 427 432 440 452 466 476 480 492 487 474 462 463 467 462 452 449 451 439 411 393 396 402 386 358 329 282 238 226 226 226 226 235
279 270 273 281 287 290 292 289 289 289 295 298 297 299 302 312 315 319 318 312 305 300 295 293 290 294 291 290 290 288 277 276 276 273 272 272 273 275 269 270 271 285 287 288 296 300 294 298 311 317 304 294 275 267 268 269 268 265 282 301 331 361 387 404 404 402 405 407 406 404 415 427 439 451 460 474 476 455 445 438 449 454 437 421 417 425 422 398 390 390 367 339 312 270 230 226 226 227 228 235
274 271 273 270 274 285 280 281 281 285 291 298 302 304 307 308 313 312 315 314 306 296 292 297 291 286 289 281 280 286 275 279 280 273 273 272 269 268 268 268 270 270 277 285 291 302 293 298 319 316 304 300 288 266 264 271 268 267 269 284 307 332 359 380 398 387 377 383 381 380 387 402 420 429 441 456 455 443 432 421 421 433 426 402 389 396 420 406 378 363 364 324 281 247 227 226 227 227 231 235
265 264 267 258 261 279 273 270 272 279 285 294 304 305 305 308 306 312 313 315 309 303 297 291 293 284 286 291 277 278 273 270 278 275 278 280 277 271 272 267 270 275 283 283 278 292 279 283 291 294 289 300 302 276 263 268 268 270 263 272 282 309 336 357 371 365 352 349 348 355 371 390 409 424 432 437 440 429 424 413 404 409 405 390 373 370 387 408 373 332 316 290 256 234 227 227 227 230 238 240
230 231 241 247 247 262 271 269 265 270 275 281 292 295 297 300 302 304 306 305 309 305 300 292 290 285 277 287 279 275 275 270 271 269 269 268 272 267 267 273 272 271 273 286 274 277 280 273 273 278 279 299 303 291 269 265 263 263 265 263 273 292 308 329 348 350 343 338 338 367 386 397 414 419 419 422 421 410 402 395 387 385 385 383 364 354 351 361 352 325 296 271 238 228 227 226 227 238 257 255
244 254 247 238 232 235 259 268 262 265 267 269 273 278 282 287 288 292 305 303 294 300 298 290 287 296 287 276 275 266 265 263 264 273 276 267 267 266 267 269 266 273 268 279 282 269 270 277 272 284 269 286 288 301 290 276 259 263 261 261 263 280 297 302 322 333 327 321 329 365 378 385 395 398 408 407 409 390 372 370 368 359 356 360 353 349 332 319 314 304 297 262 231 227 226 227 233 256 280 273
257 260 265 258 246 231 245 259 258 267 264 266 271 271 271 278 276 279 288 298 298 287 291 292 288 290 294 288 283 277 263 260 268 279 285 280 270 266 266 268 270 272 273 272 274 267 267 275 275 270 265 266 276 301 304 298 271 259 262 262 263 269 277 288 293 305 305 304 320 344 354 361 372 382 401 398 398 390 363 348 339 333 341 341 339 335 317 299 289 278 282 261 228 227 227 227 242 267 288 294
260 266 266 262 248 244 231 239 265 274 266 265 274 266 270 284 283 274 275 279 281 287 275 273 282 275 278 276 274 271 266 260 278 281 280 283 282 268 275 273 279 290 278 267 267 268 270 284 286 270 276 266 281 273 284 305 296 269 255 257 258 263 262 269 274 282 285 296 313 327 337 344 346 353 374 380 387 391 369 346 322 310 318 317 325 325 311 298 282 267 270 261 233 228 227 229 242 270 292 309
269 270 272 266 257 259 251 231 250 266 263 262 266 257 266 269 275 276 270 277 279 280 279 271 271 274 277 276 273 275 262 262 278 286 279 282 283 271 283 269 276 278 270 275 273 276 277 276 278 278 268 266 273 269 273 292 300 292 264 262 253 257 259 263 264 270 281 297 313 325 329 334 333 341 356 358 357 358 363 348 323 300 292 285 286 298 300 281 263 252 256 262 234 228 227 230 239 267 292 311
276 273 273 270 264 264 259 242 235 238 240 249 255 250 245 248 251 253 262 274 271 272 274 268 261 267 258 262 268 262 269 280 277 293 288 287 290 273 274 269 282 280 272 283 282 273 271 274 282 291 268 276 270 266 274 277 286 299 280 270 266 255 257 258 265 268 282 286 292 304 306 309 314 321 326 332 333 332 330 326 313 293 283 271 260 259 267 255 241 239 237 233 227 228 229 231 237 254 279 307
276 276 274 272 267 271 266 257 247 247 246 235 243 237 254 254 264 257 250 259 269 259 252 253 253 259 255 256 258 257 266 283 287 290 284 278 276 275 278 272 282 295 284 291 302 287 280 273 277 293 283 273 273 268 275 275 275 287 281 269 266 263 254 253 262 266 279 275 277 286 291 290 298 298 305 309 306 311 314 311 300 293 289 277 263 246 247 242 235 234 231 228 227 229 231 232 239 251 270 297
277 278 277 274 269 274 271 263 253 248 248 247 236 248 254 249 253 265 260 255 249 251 269 270 269 277 274 261 266 266 269 286 288 281 291 296 291 284 287 280 275 289 279 284 308 309 295 280 281 298 300 276 269 270 259 267 267 281 285 272 260 256 252 252 260 264 265 265 271 278 287 296 282 276 284 293 288 284 283 282 277 277 280 278 264 244 240 236 230 228 228 228 228 230 229 233 244 258 271 293
282 283 281 277 274 273 272 265 259 254 252 250 236 254 263 257 256 261 270 269 267 263 271 277 271 271 265 268 277 286 275 294 298 296 293 299 295 293 302 296 289 281 282 282 303 316 313 290 293 286 287 278 274 280 267 258 258 257 264 263 254 257 256 258 254 266 268 263 259 261 266 270 278 278 269 269 277 276 278 267 264 264 249 251 245 236 234 232 229 228 228 228 231 230 232 238 249 265 283 297
287 288 285 281 276 275 273 268 263 259 257 251 232 250 254 256 260 260 264 267 272 274 274 274 273 268 264 277 282 294 286 289 298 294 312 307 309 304 306 306 291 292 283 282 294 306 308 303 306 295 276 272 284 270 268 262 267 257 254 256 260 269 263 254 250 254 262 261 262 262 258 259 261 260 260 265 256 253 265 264 271 266 248 237 234 230 230 229 228 229 229 230 231 231 235 244 256 277 307 317
292 293 290 286 281 278 277 275 270 265 259 249 233 251 259 260 275 270 269 275 274 275 276 278 278 271 272 271 279 275 280 286 300 296 312 314 323 315 312 303 298 305 283 291 300 300 306 307 296 303 287 278 277 285 267 275 268 258 257 265 272 276 273 262 253 247 252 259 270 261 261 255 256 258 251 245 248 248 259 256 252 251 243 232 230 229 229 231 236 233 234 234 234 236 239 248 255 294 332 342
298 296 295 291 287 283 282 282 278 272 261 251 240 237 253 264 269 271 271 276 279 280 286 281 278 283 284 281 286 286 290 293 315 305 301 305 310 316 324 312 308 316 291 298 310 312 305 309 300 293 295 289 286 285 282 277 274 261 261 269 274 283 290 287 277 257 248 246 250 258 256 253 263 261 253 250 242 242 246 247 240 234 231 229 229 229 229 231 234 233 233 234 235 243 243 255 254 284 312 339
304 305 299 296 292 288 288 287 283 276 269 262 252 249 238 265 274 274 272 272 277 279 285 290 287 285 289 291 285 291 293 292 295 295 314 312 310 311 314 311 309 312 312 297 300 304 293 306 304 300 307 299 304 304 283 287 281 262 260 269 269 274 283 289 288 274 262 254 251 248 244 244 255 255 262 250 247 251 243 236 233 231 230 230 230 229 229 231 231 231 231 231 237 245 246 260 258 275 295 308
309 312 307 302 296 295 293 291 288 280 274 267 260 256 237 259 267 272 278 275 283 284 282 289 296 284 296 296 292 282 290 306 300 299 309 305 306 311 315 314 317 325 328 312 316 292 287 292 284 294 301 300 309 313 284 286 287 265 269 265 261 265 272 277 283 292 275 263 268 263 251 242 240 243 252 254 251 252 240 234 232 232 230 230 229 229 231 232 231 231 232 233 236 240 245 247 267 272 282 291
312 317 316 310 301 299 297 296 291 286 281 272 267 263 247 240 256 268 272 279 282 293 290 289 289 285 288 292 296 289 288 305 308 299 314 319 319 327 319 331 330 333 330 329 329 287 284 286 278 286 289 285 296 303 287 281 275 262 267 272 275 286 299 287 276 281 283 268 258 254 251 252 246 238 236 237 237 236 234 232 231 230 230 230 231 232 235 237 234 235 235 235 237 240 242 249 252 272 273 279
312 317 319 316 309 305 302 300 296 290 284 280 272 263 256 251 242 253 254 269 280 286 285 290 296 301 300 302 307 303 294 295 306 307 320 313 311 319 318 324 335 338 326 331 332 289 288 300 281 280 278 272 285 291 279 270 262 260 262 267 267 280 298 302 286 278 286 289 264 265 267 260 244 239 237 240 240 239 232 231 231 231 232 236 244 239 244 242 241 240 246 242 239 238 242 248 250 257 267 277
313 317 320 319 316 311 307 304 301 295 289 285 276 271 266 262 250 251 262 249 275 285 291 292 300 304 307 306 307 299 295 312 313 312 304 305 310 317 323 327 341 332 322 330 330 294 281 294 284 290 285 272 274 279 290 281 272 263 267 286 276 274 299 305 295 285 279 276 266 283 286 270 258 248 240 234 235 232 231 231 232 234 240 256 253 261 254 249 251 251 254 254 252 240 243 246 247 253 259 271
314 317 320 321 320 318 314 309 304 299 290 286 281 276 272 268 264 266 268 251 264 284 291 289 296 299 307 307 306 304 297 303 305 319 319 314 318 335 334 326 338 330 317 319 324 305 283 292 288 280 282 286 284 278 269 267 270 269 271 273 270 272 290 293 289 298 295 284 272 266 272 279 266 255 244 239 235 232 231 231 236 242 240 242 259 269 258 262 260 262 263 260 252 254 247 253 261 266 262 259
314 316 320 321 322 322 320 314 308 303 294 290 284 282 279 274 272 268 269 263 247 259 275 274 278 289 302 305 308 309 306 306 308 315 324 315 317 333 343 327 333 333 319 317 324 316 289 301 290 273 274 275 273 278 275 265 273 268 274 276 283 285 281 285 290 297 295 288 279 278 279 280 269 268 257 248 235 232 232 233 245 255 244 241 252 264 261 273 272 288 274 268 269 261 263 258 267 273 273 264
313 316 319 322 323 324 324 318 311 305 298 291 287 287 284 281 277 275 276 273 260 251 255 274 277 273 278 287 296 303 313 316 315 317 326 318 321 331 344 323 318 323 317 301 301 296 286 290 284 277 278 292 283 280 274 269 269 264 268 275 280 275 276 273 275 286 287 285 288 289 282 274 274 272 253 238 234 233 233 236 257 264 255 243 246 253 262 275 278 295 294 293 277 283 295 274 277 286 284 281
313 316 319 321 324 327 328 323 316 308 299 294 289 289 288 284 283 281 275 278 264 259 247 266 278 274 283 293 302 312 325 326 319 322 326 328 326 329 330 321 307 314 326 310 308 302 295 296 291 289 279 285 292 290 292 285 270 271 266 268 271 276 281 270 271 282 289 286 289 287 276 274 277 267 246 233 234 232 235 237 240 256 265 258 261 260 275 291 286 291 299 299 284 291 289 268 286 293 290 289
313 318 321 321 324 328 329 326 318 309 303 297 292 291 288 285 284 278 273 275 278 267 258 250 265 278 284 291 300 308 317 316 322 329 328 330 327 328 339 334 312 314 314 310 305 301 305 293 293 291 282 288 285 285 290 283 278 278 270 275 280 289 289 281 274 281 278 271 269 273 267 282 278 257 242 234 233 233 242 241 240 245 251 263 266 267 277 299 309 300 295 294 291 291 284 281 276 278 283 285
310 313 318 320 325 329 331 328 319 312 304 298 295 291 289 285 281 277 273 277 282 273 269 261 247 257 263 272 288 303 309 316 322 330 331 340 339 341 334 320 308 307 303 301 295 289 286 285 291 296 280 277 269 266 269 275 282 280 278 285 283 276 289 291 294 304 291 281 288 277 272 284 263 243 237 234 234 234 236 238 244 251 249 252 266 271 279 290 303 310 301 298 301 292 296 290 279 272 271 275
304 308 316 320 325 329 332 328 321 313 306 299 296 294 288 285 280 277 274 275 276 273 267 262 258 248 260 264 271 295 301 306 318 325 331 338 336 335 332 316 319 317 323 323 301 293 287 284 282 279 281 274 271 270 265 266 281 283 276 281 284 283 286 282 282 286 268 262 265 267 256 254 240 235 234 234 236 237 238 251 253 260 268 266 269 285 288 294 302 301 296 297 297 298 294 283 271 278 280 272
308 312 314 319 325 329 330 325 318 312 305 300 298 293 287 283 279 277 272 272 270 267 266 270 263 257 249 253 265 289 293 297 308 323 328 337 336 335 334 328 326 324 332 327 318 311 293 296 286 278 277 287 285 274 269 259 264 270 264 257 257 266 274 260 262 272 255 254 257 248 239 238 236 235 235 236 236 238 248 261 255 269 288 294 293 292 304 308 314 315 310 308 307 306 295 281 279 293 294 291
314 314 313 319 324 329 326 322 319 312 305 301 298 293 286 280 276 273 270 267 267 267 269 268 264 262 258 248 264 286 294 298 310 326 329 334 334 335 335 336 332 330 327 313 305 302 291 285 284 284 288 284 281 268 259 257 257 257 257 256 254 268 264 255 263 265 254 258 252 241 238 237 236 236 237 241 245 252 269 265 270 291 299 304 307 315 323 327 329 328 320 314 310 305 287 283 294 304 304 298
316 317 315 317 322 327 323 320 320 316 308 301 297 292 287 281 273 269 267 265 268 267 266 266 268 261 259 254 253 277 285 292 304 314 315 323 327 333 337 341 338 343 337 317 312 308 297 297 286 297 307 289 278 271 266 257 256 256 259 255 254 263 259 259 250 248 253 244 242 240 239 238 237 237 240 244 247 256 257 265 279 297 310 310 329 335 339 341 336 327 314 305 295 285 287 305 319 325 323 317
321 323 320 321 323 327 323 324 322 315 307 302 297 291 286 279 271 270 271 269 265 263 263 262 261 263 265 260 250 262 273 280 283 292 298 306 311 325 335 339 339 333 320 317 335 317 307 297 293 302 316 301 279 272 268 264 259 255 259 255 252 250 249 255 250 247 245 243 241 240 239 238 237 238 248 251 262 270 269 288 303 321 337 339 344 350 345 339 329 314 304 291 286 292 302 315 331 329 324 319
316 323 324 323 326 328 329 328 326 315 310 302 297 293 287 280 276 275 274 270 266 265 264 263 264 269 269 266 255 265 270 278 282 294 306 321 318 317 333 337 334 346 326 333 343 319 313 295 303 308 301 287 276 277 278 276 263 267 267 256 254 253 250 247 246 245 244 242 241 240 239 239 239 240 249 260 266 280 290 309 335 357 368 366 361 357 348 337 317 301 292 291 297 307 318 328 333 336 331 326
310 317 326 327 331 336 336 330 323 315 309 303 297 294 290 283 278 276 274 273 271 269 267 264 263 269 276 267 254 263 272 284 288 282 297 327 330 320 322 330 332 348 337 325 326 319 305 305 310 318 299 286 281 289 272 261 267 278 269 256 254 253 252 250 248 247 245 243 242 242 240 240 241 243 249 257 280 289 305 335 369 395 394 383 378 368 348 326 308 296 295 304 318 332 339 346 352 351 345 339
313 314 320 327 333 335 336 329 322 316 310 306 303 298 290 286 278 275 273 271 269 272 270 269 267 267 267 256 258 265 266 286 298 291 287 316 328 321 328 326 325 334 337 330 318 312 305 309 314 322 317 301 282 275 267 264 285 275 268 259 255 254 252 250 249 248 247 244 243 243 242 242 248 245 263 264 287 305 333 375 417 413 404 396 387 367 344 324 308 297 301 313 332 351 363 373 371 363 352 348
319 318 321 327 329 329 331 328 321 315 310 308 306 304 297 288 280 275 272 272 271 268 266 270 273 269 261 253 271 269 268 286 304 301 288 305 325 341 336 328 322 334 339 322 323 310 314 312 308 305 308 296 283 274 263 270 289 283 274 262 263 259 252 255 254 249 248 247 245 246 245 243 252 256 278 276 295 326 366 414 429 419 413 399 384 366 348 325 306 300 307 322 340 353 362 375 368 359 351 351
323 327 331 330 333 333 330 329 325 319 311 308 305 300 292 282 278 274 272 271 270 268 268 269 272 269 260 262 282 271 275 286 293 287 284 288 303 324 339 334 323 334 327 323 310 308 328 316 306 301 288 288 273 268 261 269 283 295 282 273 282 272 265 270 262 259 253 248 246 259 258 244 251 261 276 293 317 354 399 442 430 432 418 406 390 370 344 323 308 305 320 337 350 360 378 393 397 382 369 371
326 332 335 340 346 343 337 329 322 318 312 306 300 293 286 282 276 273 271 268 268 264 264 267 266 261 255 263 278 270 282 300 301 295 296 294 297 322 347 335 329 329 340 343 315 300 305 308 298 295 289 279 284 280 263 271 285 294 283 288 306 280 282 267 279 275 261 251 247 264 259 250 253 269 282 304 335 380 434 449 452 438 424 410 386 363 346 319 307 317 335 349 361 376 405 439 441 426 419 411
325 333 341 345 347 339 335 327 322 314 306 300 293 288 281 279 278 277 274 268 265 262 257 254 254 253 256 280 273 271 287 314 316 309 311 305 294 311 339 334 325 321 325 316 307 299 296 295 291 294 289 282 279 267 266 285 289 290 287 298 301 283 275 268 281 280 272 255 249 252 259 259 252 263 276 307 353 408 439 471 460 436 417 400 381 366 341 314 314 329 348 362 376 401 452 492 474 468 464 466
326 330 338 343 342 340 338 332 323 313 304 294 290 285 280 276 272 267 264 260 255 254 254 264 262 258 270 278 273 273 285 296 301 297 295 309 300 311 331 330 327 319 308 308 304 294 290 281 282 286 277 281 279 265 271 294 304 306 299 300 313 287 292 281 275 294 281 273 257 250 258 257 272 273 282 317 367 414 420 442 447 429 419 402 377 359 331 315 318 347 361 374 400 439 506 515 508 505 499 496
326 328 335 336 341 340 335 330 321 310 301 295 291 283 279 263 264 263 265 262 258 259 268 271 264 264 271 274 274 275 292 302 295 292 293 306 300 305 313 315 335 326 311 307 305 311 298 283 293 294 274 267 266 272 272 299 312 309 301 313 319 294 310 288 277 281 287 287 267 252 251 265 278 276 288 312 357 379 382 402 425 444 435 400 370 347 324 319 325 367 377 394 432 484 530 524 526 527 529 534
325 327 331 333 339 336 325 317 312 307 301 299 289 284 280 266 266 273 275 271 269 269 271 271 263 269 272 275 276 277 298 312 304 295 293 292 293 296 296 318 326 314 310 319 304 304 302 287 300 298 273 267 273 283 278 295 306 312 316 322 325 298 293 288 284 285 286 286 271 255 255 267 282 280 284 295 324 336 352 384 420 461 426 387 356 331 318 328 340 387 390 415 453 518 539 541 542 541 544 547
323 324 327 331 335 329 318 309 300 294 291 289 284 281 278 273 262 274 274 273 271 273 273 269 268 279 277 277 277 284 306 309 303 299 297 296 298 298 296 325 334 318 311 322 299 293 298 289 313 300 271 268 268 274 287 300 310 323 329 333 329 304 293 285 278 281 286 280 272 261 269 262 271 279 290 293 307 314 336 368 406 418 394 370 347 322 326 332 350 402 405 430 467 520 541 547 556 554 554 547
324 320 322 324 320 319 311 298 291 286 284 282 281 279 279 278 262 278 279 275 275 274 275 270 270 274 276 277 278 293 309 306 311 315 309 301 302 292 303 322 319 315 319 322 301 305 311 294 303 305 281 270 269 274 291 301 317 332 339 336 322 301 285 277 273 275 283 276 265 283 273 268 270 267 287 303 310 314 336 358 404 396 372 352 333 322 336 338 352 404 417 445 488 515 533 540 548 552 554 555
311 312 313 311 308 305 297 291 286 281 282 281 278 277 275 269 265 287 289 277 276 276 274 272 276 276 276 278 280 285 301 309 309 313 302 296 293 290 298 318 319 300 306 321 305 308 305 298 293 293 286 270 270 273 285 302 325 334 336 331 310 288 280 276 276 279 278 265 290 297 285 288 285 267 282 298 305 316 343 361 383 378 356 351 332 333 345 348 361 378 412 476 509 508 513 524 531 542 545 549
306 299 302 301 301 294 290 288 288 277 277 273 271 269 263 265 273 285 291 282 278 277 276 276 276 279 278 282 284 289 294 299 299 303 309 301 303 295 299 326 322 296 291 289 286 283 290 289 279 278 274 271 278 271 285 311 328 327 325 312 298 290 284 289 281 277 273 271 307 299 290 288 285 273 273 294 304 314 335 367 393 399 371 348 327 343 353 362 390 396 399 437 477 488 494 508 512 525 532 537
305 302 297 289 290 286 283 281 278 273 271 267 268 261 260 265 269 277 285 284 279 279 281 279 277 278 282 286 300 329 319 304 300 311 316 306 307 297 301 331 324 304 305 303 288 281 279 281 275 273 272 275 290 273 285 318 325 322 316 310 304 298 293 288 279 270 267 282 301 305 308 310 306 287 274 283 299 309 320 357 387 382 347 327 321 343 351 382 418 430 440 455 486 502 496 495 502 508 518 529
307 304 299 288 280 281 278 275 275 267 265 264 260 259 260 261 266 276 283 281 278 280 280 278 276 279 292 291 298 332 335 326 304 304 315 318 317 294 291 296 296 294 298 303 292 295 284 276 284 280 274 275 277 274 296 314 313 314 309 303 301 300 294 284 277 268 270 291 306 316 324 319 304 285 289 279 298 306 317 328 337 342 333 320 323 344 357 384 428 458 484 503 509 510 509 504 503 512 529 536
301 297 288 285 279 280 275 278 275 265 261 260 259 261 262 263 269 280 282 282 279 279 276 278 281 288 311 302 292 304 314 324 312 310 309 321 314 298 295 292 290 290 285 289 282 282 281 277 287 291 280 276 285 278 302 300 298 301 296 289 288 293 294 286 273 268 286 322 332 331 325 298 286 284 289 280 292 303 315 335 334 328 322 313 335 352 365 382 419 448 476 528 527 524 521 518 513 518 527 542
304 296 286 281 274 270 269 267 264 261 259 259 259 260 263 265 274 282 283 284 286 285 284 284 290 299 317 304 305 307 307 308 319 332 325 308 305 299 299 306 301 289 286 284 285 300 294 279 289 293 287 293 281 276 288 288 284 281 280 279 287 297 287 275 270 271 294 323 334 333 315 306 291 288 288 287 280 295 313 325 319 309 309 322 340 358 369 376 400 428 466 537 544 540 537 532 527 532 533 531
304 295 286 279 276 271 264 263 261 259 259 259 259 260 263 267 272 282 284 287 294 301 294 289 293 299 303 314 320 314 319 326 323 323 326 326 317 308 303 313 312 290 297 297 300 315 303 280 286 302 297 306 286 279 280 279 278 285 279 278 287 294 282 278 275 277 300 321 330 332 328 317 308 298 296 295 286 290 292 299 302 309 326 338 337 351 359 362 386 414 445 504 547 560 554 548 542 548 549 541
307 293 287 282 277 266 262 261 260 259 259 259 258 260 264 274 279 277 281 286 294 301 293 298 310 310 310 328 324 325 336 345 344 337 339 349 336 325 317 331 320 292 299 299 310 319 309 289 291 305 309 315 301 292 283 281 280 285 284 280 282 290 287 280 277 282 302 324 341 343 336 327 316 305 300 304 292 302 302 295 311 322 342 349 348 346 353 360 376 404 428 454 493 533 569 571 561 561 564 556
304 294 286 279 272 263 260 260 259 259 259 258 259 261 268 279 286 286 288 294 293 298 299 316 337 323 333 339 341 342 346 368 366 355 351 362 349 346 322 323 306 303 321 308 301 308 311 303 312 302 302 294 287 283 284 297 293 293 285 283 282 294 293 282 277 279 290 311 329 339 333 322 315 314 315 319 305 302 308 303 309 327 344 349 350 350 355 367 371 388 409 439 468 510 569 595 581 575 574 570
306 294 283 277 266 260 260 259 259 258 259 258 260 270 272 283 287 291 295 299 297 302 315 324 327 324 345 354 372 366 361 383 393 377 357 346 337 339 332 314 317 303 325 329 308 323 329 319 311 303 299 288 287 284 290 305 312 307 295 292 285 299 303 283 278 280 282 293 311 318 321 325 326 326 326 330 326 311 314 311 304 320 325 335 342 345 353 369 381 389 404 428 461 499 565 603 597 589 584 575
300 292 280 269 262 259 259 259 259 259 259 258 259 267 279 292 298 301 303 305 302 311 328 346 349 344 367 374 397 394 386 385 383 377 367 362 342 348 341 315 327 308 310 330 317 321 324 324 315 324 310 294 290 286 295 300 307 302 308 314 299 309 314 293 281 282 284 286 292 314 325 338 344 333 327 326 323 317 317 310 305 304 314 326 333 339 350 364 381 394 408 431 473 515 572 608 611 606 597 581
300 279 270 264 261 260 259 259 259 259 258 259 266 277 300 315 319 322 317 321 309 323 337 354 351 358 385 391 412 417 402 402 397 384 368 383 363 344 338 326 324 314 315 345 332 316 320 315 312 315 317 306 290 291 299 299 311 307 325 333 319 330 334 309 298 296 293 289 300 321 341 348 348 336 323 321 318 316 328 324 320 312 307 317 328 339 350 360 373 391 409 445 505 535 566 600 628 622 610 590
284 280 277 267 261 260 259 259 259 259 260 272 287 301 327 345 340 341 343 340 316 333 344 358 356 364 385 388 400 415 408 396 390 380 369 373 371 350 340 337 329 323 329 352 349 332 334 327 319 320 318 307 298 312 312 313 322 328 333 332 336 343 342 328 324 322 315 294 320 347 365 362 357 341 328 323 319 322 337 343 331 315 308 320 333 349 352 359 370 385 409 438 493 515 517 555 616 626 618 604
289 282 279 268 261 260 259 260 259 263 271 288 306 324 351 365 360 357 351 341 324 349 357 374 372 369 380 391 390 395 398 402 395 371 375 362 356 344 331 337 332 326 336 344 338 342 341 334 326 321 318 305 307 322 325 331 334 344 353 344 354 349 345 351 349 339 329 303 326 359 367 364 357 341 336 335 322 323 327 337 327 313 319 326 336 347 352 362 371 381 408 422 448 472 483 515 586 617 621 613
283 273 270 263 261 260 259 260 262 269 282 302 324 345 371 384 381 367 359 336 327 346 361 386 394 388 398 397 405 400 398 404 383 360 355 347 340 342 341 345 338 336 344 348 339 344 336 327 316 313 310 301 309 320 329 341 346 362 370 358 369 372 358 358 360 348 332 313 313 352 367 361 353 351 349 352 334 326 323 321 318 313 325 329 337 349 351 358 369 375 396 416 428 442 454 492 564 599 612 615
281 278 272 264 260 260 260 260 263 270 292 317 341 369 393 400 382 380 366 339 335 348 360 388 396 402 404 409 423 400 383 381 374 369 355 348 350 354 345 346 338 348 345 347 346 356 349 326 323 312 311 303 321 331 332 334 360 384 379 369 372 374 368 362 351 344 346 328 318 317 343 348 360 364 361 361 347 337 333 328 320 315 323 331 338 346 349 357 370 375 385 400 414 422 435 469 536 577 597 607
288 283 279 262 260 260 260 261 273 279 300 330 363 386 401 392 383 378 366 344 344 370 369 370 395 422 419 417 417 404 401 397 387 383 369 358 367 362 361 357 346 355 354 363 362 374 350 333 323 311 305 305 327 341 352 351 372 399 400 394 387 386 378 367 356 350 350 342 334 333 318 324 350 364 359 353 352 349 345 336 327 318 321 330 340 347 348 353 361 367 367 378 398 407 425 450 498 544 579 595
284 277 277 261 260 260 260 263 285 292 314 345 378 394 403 393 391 386 378 357 350 383 392 388 404 434 426 419 422 419 417 412 404 397 384 380 381 375 376 362 369 370 371 384 382 379 354 346 312 304 299 307 329 347 365 369 382 395 400 397 394 387 374 374 368 364 358 350 341 342 340 324 333 360 364 361 360 363 357 350 335 324 320 319 326 331 334 338 345 351 363 376 388 405 417 435 472 514 552 581
