# 100 100
251 254 250 248 248 248 242 234 228 224 221 214 205 194 194 212 218 218 210 199 190 183 214 220 215 210 215 215 215 218 223 224 222 224 227 224 223 225 226 221 223 235 254 271 270 261 263 277 287 301 304 295 285 277 266 265 263 244 228 222 219 222 230 238 230 217 204 198 210 220 217 222 227 232 230 224 215 218 225 231 241 257 260 256 253 252 256 257 263 266 261 256 256 263 272 276 275 262 248 238
242 244 245 245 248 249 240 232 226 220 215 212 207 195 209 224 229 228 218 202 187 187 214 221 217 214 219 216 220 219 224 230 230 231 235 233 231 232 236 228 224 229 239 249 253 252 263 279 293 305 303 287 275 269 258 254 248 231 224 221 218 217 223 231 226 218 208 199 200 216 214 220 228 233 230 224 218 225 232 235 241 251 254 252 248 249 255 255 259 263 261 263 267 274 280 281 270 259 244 236
239 241 243 244 243 242 236 227 222 220 221 217 212 203 221 229 230 229 220 202 185 206 218 224 224 216 220 221 229 227 226 228 232 236 244 245 242 240 244 236 229 236 233 234 239 250 259 271 282 289 290 277 263 256 250 242 237 239 233 226 220 215 215 223 227 220 208 198 201 203 210 221 231 236 233 226 218 226 235 239 244 249 248 244 241 245 248 249 251 255 261 266 271 279 281 277 261 252 243 234
239 241 242 243 248 245 238 230 227 224 222 219 205 213 225 231 227 225 216 200 190 211 221 227 227 221 226 224 228 232 236 235 235 237 242 248 248 245 249 240 238 241 238 234 238 247 255 269 279 285 283 273 256 245 241 238 240 244 238 227 220 217 213 215 221 224 211 204 212 208 212 219 229 237 238 226 219 222 230 237 243 243 241 236 237 242 245 247 252 254 260 266 271 279 277 269 253 244 238 230
243 246 248 248 251 244 235 229 225 224 224 211 215 218 225 229 220 214 209 204 185 201 216 219 219 224 225 220 222 234 246 250 249 248 247 255 255 248 253 250 244 244 240 236 241 255 267 277 283 285 277 260 250 248 253 247 246 245 237 233 227 221 218 214 210 207 204 214 225 219 216 227 234 242 241 237 232 223 222 234 239 234 233 237 246 250 252 253 260 261 261 267 273 279 272 264 252 242 236 226
250 251 256 252 245 239 234 233 229 221 216 212 224 221 224 228 220 216 214 203 188 188 205 213 215 217 213 212 216 226 234 247 256 264 254 260 260 257 260 257 255 250 244 243 247 262 270 276 282 283 274 261 257 257 259 259 256 251 248 241 232 225 221 220 217 211 204 225 231 231 228 236 244 251 255 258 253 238 228 226 228 229 234 245 258 261 260 260 266 267 265 268 277 280 268 257 245 235 231 223
258 260 264 261 255 249 242 235 228 219 223 219 226 223 224 225 218 213 210 204 196 194 196 203 206 206 208 213 217 223 228 237 250 266 269 270 269 270 271 264 264 255 251 249 249 260 270 281 289 290 280 270 263 262 268 269 263 259 255 247 239 233 226 221 222 214 203 214 233 238 239 243 259 263 263 263 254 243 238 237 231 229 240 249 260 266 268 271 274 273 273 276 282 282 271 255 238 226 225 220
269 268 272 271 269 262 248 231 223 224 229 222 224 224 224 220 216 217 218 209 201 204 193 210 221 217 216 222 221 224 231 242 252 270 284 288 288 289 283 271 273 268 261 252 258 270 282 295 297 292 281 268 258 259 264 259 246 245 247 248 243 237 226 218 221 214 203 213 227 242 242 245 257 262 262 254 247 242 240 239 234 232 247 258 262 263 268 274 277 277 280 281 281 274 259 243 231 220 220 220
272 269 269 272 271 260 244 227 222 229 232 228 229 227 224 224 222 221 220 205 207 211 197 211 233 224 226 226 223 226 230 248 261 273 290 298 302 300 288 282 283 279 265 254 263 276 288 295 290 279 266 255 248 249 251 240 231 230 232 233 232 234 226 218 215 208 206 213 221 234 243 247 256 259 254 248 243 241 240 238 233 234 241 251 258 256 260 264 266 276 278 274 266 257 244 234 225 217 214 215
267 261 257 255 256 246 234 227 228 237 237 231 233 231 227 231 228 223 218 203 209 209 200 208 231 235 241 236 232 234 233 241 259 269 283 301 308 301 289 293 292 278 263 257 263 273 283 289 282 278 273 258 244 241 242 233 226 226 222 217 216 219 221 217 210 207 213 211 215 225 232 240 248 250 253 248 244 241 241 241 239 240 238 244 250 248 251 252 258 267 270 265 258 249 239 233 225 216 210 215
265 263 257 247 244 237 236 232 236 241 238 233 233 230 232 234 229 221 213 205 209 211 206 205 225 245 258 253 247 248 248 244 247 264 286 306 311 302 294 297 294 283 271 263 268 273 281 285 277 269 268 258 244 235 235 233 231 223 221 220 218 214 213 211 208 213 217 219 215 220 226 230 236 243 250 250 247 247 242 240 238 237 237 240 242 242 242 244 250 256 261 259 249 238 233 228 222 216 208 212
269 262 254 249 246 244 238 230 234 244 240 234 232 233 238 234 228 214 207 211 215 213 213 203 222 240 260 257 256 263 264 259 249 266 291 306 309 305 298 296 297 294 282 270 276 280 284 282 271 262 254 247 238 237 238 244 242 229 221 227 226 215 212 209 210 220 229 226 220 222 226 228 233 240 248 250 249 249 244 243 242 238 237 240 240 234 236 238 240 246 254 253 239 227 223 219 216 215 209 213
273 263 254 256 258 254 239 234 232 241 242 235 236 237 230 224 220 212 213 219 219 217 217 202 216 233 255 264 268 276 272 262 251 262 284 291 300 297 287 283 288 286 284 278 290 293 289 282 275 263 249 245 247 253 254 250 243 236 226 229 236 219 210 210 213 222 235 229 226 232 237 237 241 240 243 247 252 253 248 248 246 242 237 239 238 231 228 227 231 240 251 243 233 224 217 215 211 207 205 212
275 264 258 260 263 255 241 240 235 239 242 237 238 233 228 228 219 217 219 229 228 228 221 202 213 229 247 269 275 273 267 259 251 259 269 270 277 277 274 275 276 277 281 288 298 297 288 278 270 257 250 254 255 268 271 262 251 240 239 234 231 224 211 211 216 221 230 227 229 241 247 246 245 242 243 248 254 257 253 249 244 240 236 238 239 233 232 230 228 243 243 233 223 220 217 217 215 209 202 205
271 264 260 257 254 250 246 244 238 244 242 238 235 232 233 230 222 223 221 229 235 229 218 204 218 226 241 262 258 253 255 250 246 253 258 258 264 266 268 267 270 272 277 286 296 298 286 272 263 260 258 259 263 262 258 257 257 248 242 239 225 216 221 217 215 220 226 229 235 239 245 247 245 242 245 253 257 262 258 248 243 238 234 240 242 241 244 241 226 227 228 221 217 218 216 213 212 211 208 201
267 262 257 255 259 257 249 241 239 245 249 245 240 238 233 225 226 229 224 222 232 225 214 203 208 218 233 242 235 232 245 245 243 249 251 256 259 265 264 270 276 276 280 288 295 290 281 272 268 262 257 257 258 250 238 235 240 237 231 229 224 212 219 228 217 229 237 236 237 234 238 243 247 245 250 255 257 260 251 243 239 236 227 232 234 233 234 233 226 216 213 212 210 213 211 208 207 206 208 203
269 265 262 261 264 257 248 245 242 247 249 243 238 237 229 226 231 229 220 225 233 226 217 208 207 205 218 222 230 240 243 239 242 249 255 261 263 263 260 273 279 279 288 290 287 276 272 265 263 261 250 239 234 231 225 224 229 222 218 216 213 215 217 219 217 228 233 229 228 225 229 238 247 249 246 249 250 248 242 234 235 233 226 217 216 218 221 223 223 220 210 205 205 209 208 205 203 205 209 207
273 271 266 262 258 255 255 253 248 252 251 244 236 233 229 235 234 226 222 230 236 227 216 216 217 207 218 233 244 249 252 246 246 251 261 265 267 260 256 264 267 270 274 277 270 262 258 255 255 259 242 230 226 223 219 218 217 216 214 214 214 225 231 226 219 221 219 219 221 224 230 236 248 246 241 244 247 246 239 229 223 224 219 212 209 214 220 220 221 219 214 206 201 203 202 200 204 206 205 202
278 273 268 264 261 261 262 258 251 260 257 246 239 237 235 234 227 229 233 238 241 230 219 224 217 210 226 239 250 253 256 254 253 255 262 262 261 253 253 258 266 273 272 263 256 251 248 248 243 240 232 225 222 221 222 222 218 219 215 218 218 228 234 233 233 235 228 220 224 226 231 239 246 242 239 244 247 244 237 234 226 222 221 215 210 209 221 222 217 211 210 204 200 198 198 195 199 201 199 196
285 277 272 271 266 263 262 258 253 259 254 246 244 242 239 234 227 233 236 240 242 231 223 218 214 213 228 239 251 258 262 261 258 255 258 253 250 250 253 257 264 272 271 264 256 251 245 241 238 233 228 224 226 230 228 227 225 224 216 217 220 226 229 234 241 242 236 226 221 227 231 240 238 235 234 238 240 240 241 236 230 230 226 217 208 209 225 229 224 213 205 203 205 203 201 197 192 192 193 191
290 283 277 281 275 267 263 258 255 257 256 250 247 243 238 231 231 231 234 237 238 228 218 212 211 215 228 232 246 260 266 263 257 253 254 248 250 258 260 261 266 270 272 265 255 248 245 241 238 236 231 226 228 232 232 231 229 225 217 215 219 225 226 229 235 233 227 222 220 222 225 229 230 230 233 239 242 247 247 243 239 239 240 228 209 209 226 230 221 214 210 210 212 214 218 212 200 189 193 194
289 285 284 289 282 272 267 263 262 257 253 248 243 239 234 237 238 235 236 235 231 217 219 225 222 215 216 222 236 253 259 256 250 255 257 246 252 262 267 270 270 273 271 263 257 249 243 239 237 235 231 231 232 232 232 230 227 223 217 215 219 225 225 228 231 232 229 226 222 221 224 226 227 231 240 246 249 253 255 249 248 252 254 237 209 204 219 226 220 217 218 218 222 232 235 226 208 193 190 195
294 292 293 295 287 278 272 269 264 256 250 247 240 235 237 241 241 238 237 231 226 217 225 231 227 219 221 217 223 234 242 239 249 255 256 245 256 264 271 277 277 277 274 269 259 250 242 241 236 231 231 235 235 235 232 229 223 222 217 216 217 221 225 230 233 236 231 226 227 225 223 226 233 244 253 258 261 260 253 246 241 249 255 239 207 199 217 223 222 220 219 222 229 238 233 225 214 205 196 189
298 298 300 302 297 288 277 268 262 254 246 242 239 237 237 244 246 242 235 227 226 217 227 229 229 221 222 232 233 226 229 229 241 248 250 242 254 266 275 280 283 278 273 264 254 248 243 242 236 234 234 236 236 235 228 224 220 219 217 217 218 224 234 242 239 239 233 228 232 227 224 230 242 262 272 276 277 276 253 236 225 225 234 230 207 197 216 222 224 220 216 221 226 229 225 221 216 209 200 188
302 306 307 309 302 292 279 265 258 254 245 244 243 243 237 244 245 242 232 222 219 219 232 231 228 222 221 228 235 238 242 236 230 236 242 240 249 258 270 278 285 280 267 259 254 252 247 241 237 236 235 237 239 237 233 227 221 217 217 217 218 226 245 257 242 239 234 232 234 229 228 235 253 274 285 286 287 282 262 237 222 211 215 220 207 195 208 216 221 216 210 217 226 224 221 212 205 201 196 187
302 310 312 310 300 289 276 263 259 254 250 253 249 245 239 244 242 238 231 230 224 222 236 230 227 227 230 227 230 241 243 240 236 233 233 237 243 252 262 274 280 277 267 257 252 249 247 242 243 240 237 240 241 237 233 227 221 219 221 221 223 228 243 253 241 236 234 235 233 236 241 237 249 268 284 291 292 283 268 244 226 210 199 201 200 190 199 208 212 211 206 211 216 211 209 204 199 197 197 193
296 306 309 307 296 285 277 269 267 263 257 255 247 242 242 243 240 237 238 232 220 225 235 233 232 237 236 233 227 237 239 238 238 236 234 239 243 252 264 273 276 273 266 258 253 248 247 245 246 241 240 242 241 237 230 225 224 224 223 225 226 230 235 239 239 237 238 238 234 240 251 246 247 264 287 293 297 291 276 250 229 210 196 193 192 188 194 204 205 204 201 204 204 198 194 195 194 194 199 195
290 300 303 304 295 285 276 270 266 259 250 248 246 244 246 245 242 238 233 226 219 233 238 238 237 240 238 234 230 232 238 241 246 242 239 238 239 245 255 265 268 268 263 256 250 244 245 243 244 241 242 243 241 237 233 231 227 225 229 230 230 232 234 238 239 242 243 239 237 242 250 247 250 266 286 298 302 292 272 248 226 204 195 192 190 187 186 191 194 195 200 206 206 205 198 192 189 187 190 189
286 295 299 298 294 284 272 262 258 253 249 255 254 251 248 243 239 234 226 221 225 233 238 239 245 243 239 239 235 238 237 240 248 245 243 244 244 244 250 257 264 264 260 257 254 247 244 240 238 238 243 245 242 237 237 233 230 228 227 230 233 235 237 238 242 248 252 250 248 247 251 251 259 272 293 298 297 281 259 242 224 214 200 193 189 188 185 184 186 191 203 210 210 205 199 196 195 195 188 183
286 293 297 297 292 283 272 261 255 252 252 257 256 250 243 234 229 225 225 221 230 235 236 243 250 245 243 239 236 248 245 244 246 249 252 254 252 249 258 268 265 261 261 260 254 247 243 239 237 240 245 244 240 238 238 235 234 231 228 227 233 238 239 241 250 258 266 264 258 257 261 261 264 273 286 291 294 285 267 254 238 226 210 196 188 184 185 181 182 190 208 218 216 208 204 199 200 205 199 192
288 291 294 291 288 280 270 260 257 255 254 256 253 246 241 235 228 228 233 223 228 238 241 247 250 248 242 236 236 247 249 248 252 257 262 267 260 258 268 271 266 263 263 258 251 244 240 237 236 241 244 242 240 240 239 238 237 234 227 229 235 237 242 244 256 260 268 272 269 271 271 268 273 275 282 295 294 279 264 250 236 223 206 195 185 181 181 178 178 185 204 219 219 214 209 200 201 205 202 197
289 292 293 286 281 274 269 264 260 258 255 251 245 238 236 231 229 233 232 224 230 241 246 250 253 253 244 239 236 240 245 252 262 274 273 273 264 264 272 271 271 267 263 257 251 244 240 236 231 239 240 239 239 240 240 238 236 234 226 233 233 234 240 245 254 252 258 274 274 268 265 273 282 280 276 284 275 260 250 236 222 213 211 198 185 178 178 176 176 180 190 204 214 213 200 195 198 202 203 197
291 295 294 288 283 279 274 270 266 261 252 246 243 237 233 235 236 235 229 228 234 242 244 248 252 255 250 245 240 247 249 253 265 280 276 272 264 269 273 273 271 266 260 256 249 247 243 240 234 231 236 234 235 237 239 237 235 230 226 236 233 234 240 248 254 247 251 264 267 255 258 274 280 268 259 261 250 237 232 230 225 232 228 209 191 178 176 176 172 179 184 181 187 191 180 182 190 194 194 193
290 295 299 293 291 284 280 275 268 259 255 250 244 239 235 239 237 233 226 230 231 234 238 244 247 253 253 249 249 257 258 260 268 278 275 268 268 273 268 261 257 254 253 250 244 242 241 235 231 227 230 229 231 233 234 234 234 227 225 229 227 228 239 250 247 244 243 245 247 246 252 256 267 260 247 231 228 225 231 239 232 236 233 217 203 185 174 176 171 181 179 174 170 168 169 168 171 177 175 174
289 295 301 300 294 289 283 276 268 266 260 252 247 241 237 240 235 230 227 235 233 234 233 236 239 244 248 255 254 261 264 272 279 279 277 276 274 269 263 258 251 247 253 247 237 236 238 233 230 226 222 223 226 229 231 234 234 229 221 220 222 224 229 240 247 253 244 234 230 250 246 241 247 242 233 219 213 222 234 243 237 236 233 225 222 202 181 175 174 169 171 168 172 169 169 171 167 164 163 163
287 295 303 304 300 295 287 281 274 267 257 250 244 240 240 247 241 234 229 238 238 242 240 239 238 246 250 250 253 260 271 285 290 284 282 278 273 267 266 262 253 255 257 246 239 235 232 230 228 226 225 221 220 224 230 232 230 229 224 215 220 226 224 235 247 253 238 230 220 232 227 231 233 223 213 205 208 225 242 253 241 231 231 230 225 206 188 176 170 178 184 184 189 182 186 186 180 176 175 171
284 294 305 309 307 299 291 284 274 269 262 253 247 242 247 257 248 238 230 235 238 245 245 246 244 252 258 258 256 262 273 286 295 289 284 277 271 267 264 256 255 262 251 242 239 237 236 233 232 230 229 224 218 219 227 228 228 228 225 221 214 221 219 234 242 231 229 229 222 208 206 214 213 207 198 196 212 228 239 250 246 230 221 220 214 203 189 178 171 177 190 195 194 189 188 187 185 179 175 172
282 291 304 310 312 302 294 284 279 272 262 256 252 246 251 265 254 241 231 236 239 245 248 253 251 251 261 268 268 275 282 286 293 288 281 274 265 260 258 255 264 263 249 241 239 238 238 235 233 230 229 224 217 216 224 224 227 225 224 220 214 211 212 224 243 222 224 232 219 208 201 203 204 200 196 195 208 218 228 245 240 221 211 213 218 218 200 183 176 173 184 191 193 191 193 190 189 183 178 173
281 289 301 308 311 304 296 290 282 272 267 261 255 247 253 265 256 242 234 236 238 241 245 251 255 250 262 271 276 278 286 288 290 285 279 271 267 266 264 263 266 260 248 246 241 236 234 235 233 231 229 224 218 214 221 225 226 225 225 221 216 213 205 215 239 225 207 208 200 199 197 196 201 199 195 193 200 201 208 223 219 209 200 201 211 208 196 184 179 174 180 189 192 191 190 189 188 187 182 176
278 287 300 306 308 304 297 292 285 279 274 265 255 251 261 264 256 244 235 234 236 236 241 248 253 254 257 270 272 275 283 287 288 284 277 270 272 270 268 267 270 262 253 250 241 234 228 228 229 229 228 222 216 213 224 228 227 226 224 221 216 211 208 202 220 216 199 193 194 192 190 191 192 190 188 187 190 190 188 191 193 199 191 186 189 186 182 178 176 177 183 189 192 190 188 185 186 188 185 178
273 282 296 305 303 304 299 294 287 283 272 262 253 263 269 264 256 244 235 242 242 237 242 247 254 258 255 262 265 269 278 283 285 283 280 277 274 271 271 273 277 264 255 248 237 231 226 222 223 227 226 220 214 214 224 228 225 225 225 219 212 207 203 199 198 198 200 208 206 212 209 210 200 195 195 192 186 188 192 186 184 184 183 180 180 177 175 175 177 179 182 187 192 192 188 184 183 183 182 183
269 280 291 302 302 301 297 293 288 283 272 260 257 267 266 261 253 243 238 247 242 239 250 256 263 264 263 259 258 264 273 280 286 287 281 278 272 268 269 276 284 267 252 246 238 230 227 225 219 223 221 217 214 210 220 224 222 220 222 216 207 200 198 196 197 203 213 212 211 213 215 213 214 212 212 206 198 187 192 188 183 185 183 198 209 191 180 183 185 184 183 188 192 192 189 185 183 182 185 186
268 282 290 299 300 297 292 287 286 282 273 260 260 267 262 257 250 240 239 249 243 239 248 255 265 269 268 266 264 268 271 279 286 285 278 275 272 265 263 273 282 264 246 241 233 228 225 223 218 222 220 217 216 211 213 216 217 217 213 214 208 202 198 197 204 209 217 221 219 218 218 219 226 229 226 222 217 207 203 196 188 196 196 214 229 208 190 187 193 192 189 187 189 189 187 185 183 182 184 186
259 276 289 298 297 292 285 280 279 277 270 260 263 266 258 251 245 238 241 250 244 240 244 250 260 271 275 273 272 275 280 287 289 284 277 270 265 260 256 261 273 257 240 234 228 224 223 222 217 216 215 214 212 210 207 207 210 214 208 210 218 211 201 197 201 209 217 230 233 229 226 231 233 240 241 233 223 209 198 189 192 201 204 213 218 209 198 189 190 189 191 191 193 191 189 186 185 185 187 190
248 267 287 298 298 291 282 277 272 272 267 260 266 267 257 247 241 241 242 253 247 242 249 255 262 273 277 276 276 281 287 293 291 284 275 271 273 267 261 251 260 252 239 234 229 224 221 219 217 217 215 212 210 211 214 209 205 205 207 204 205 210 205 198 199 206 214 224 237 243 235 233 227 222 229 227 216 200 192 195 202 211 211 213 207 200 193 194 193 192 194 198 195 193 194 193 190 188 189 191
242 255 277 291 294 292 281 276 272 266 264 267 269 266 255 245 244 250 244 252 249 244 254 261 263 270 271 273 275 282 290 296 293 285 281 279 276 269 262 251 242 238 235 230 227 224 222 222 222 222 219 215 216 216 216 212 207 208 215 212 203 200 200 203 206 208 211 216 231 250 237 222 212 204 205 205 196 195 208 213 214 213 210 203 198 196 198 202 202 203 210 208 200 199 201 195 191 190 189 187
236 246 264 278 290 296 286 279 275 272 271 276 274 265 254 246 251 258 253 248 248 245 253 257 258 261 262 268 275 284 293 298 295 289 283 275 273 265 260 249 242 243 237 234 230 229 228 233 225 223 222 220 221 220 213 209 206 210 210 208 205 206 205 216 223 219 216 219 224 234 225 213 202 195 193 193 196 213 217 216 212 210 205 200 207 209 210 216 218 217 212 207 202 204 201 193 188 186 186 185
234 245 261 276 292 299 292 284 280 279 279 279 272 263 254 250 257 260 254 251 252 248 248 250 252 257 263 273 285 294 299 303 300 290 282 274 266 259 252 246 250 255 249 239 234 233 233 233 226 225 227 224 223 220 216 209 210 215 214 208 211 219 216 220 222 222 224 217 217 213 208 202 196 197 206 208 206 220 224 220 221 216 211 205 214 221 223 227 227 218 207 201 203 208 204 195 186 182 181 180
230 237 256 276 293 298 296 291 285 285 284 276 267 259 252 251 261 264 258 252 258 255 256 251 255 265 274 284 294 303 306 306 303 293 283 273 270 261 253 259 261 261 254 244 243 238 233 227 224 221 223 222 222 221 217 210 214 217 215 213 214 221 224 225 223 219 224 219 207 202 200 203 205 210 224 227 215 222 231 227 229 222 216 209 217 229 238 237 222 209 200 195 199 200 196 190 186 182 179 178
224 234 252 273 286 291 289 289 284 286 286 277 270 264 257 252 262 265 260 252 258 260 261 256 261 269 283 297 306 311 311 308 306 294 280 269 262 263 263 269 266 261 255 251 252 243 237 228 226 221 219 219 219 216 214 218 218 218 217 218 218 222 224 222 220 214 215 213 206 202 206 215 223 224 237 246 227 219 236 232 232 227 218 212 222 238 250 239 221 207 200 197 191 188 186 183 180 177 175 177
232 236 248 265 278 280 275 276 274 278 281 277 275 270 265 257 256 261 260 256 258 261 263 266 269 278 292 307 315 317 312 306 304 295 280 272 266 273 276 276 265 256 251 254 248 241 236 231 225 221 218 216 213 212 222 226 224 220 220 220 220 221 219 217 215 211 207 203 201 201 206 219 236 242 246 251 236 224 239 234 229 222 215 214 223 241 243 230 217 208 202 202 197 190 183 181 178 177 175 172
231 236 243 252 264 265 257 255 261 265 270 276 281 276 269 260 255 261 265 261 265 264 270 280 283 290 304 316 316 312 304 296 301 295 284 279 277 279 282 274 260 246 241 242 235 227 225 225 222 221 219 216 217 217 223 228 228 225 224 224 218 217 215 216 214 211 209 203 201 201 208 223 248 257 251 238 232 228 234 232 224 217 214 224 232 245 243 232 217 211 207 201 196 191 187 185 179 176 175 174
224 231 236 241 249 251 241 240 250 254 262 274 283 276 268 265 260 263 272 268 265 267 274 288 298 303 317 320 307 295 289 284 289 290 288 286 282 279 278 266 250 239 232 228 227 225 222 220 220 218 218 222 222 221 225 227 228 227 227 222 218 217 216 213 211 210 206 204 206 213 220 232 249 251 247 237 233 238 235 226 220 217 219 233 241 242 243 233 220 211 205 201 197 190 186 186 184 181 178 175
211 217 222 226 233 239 232 229 234 241 258 275 284 279 276 273 264 267 279 272 261 267 277 294 307 313 320 313 294 284 282 277 273 282 285 282 276 268 267 258 243 236 229 233 242 238 229 223 221 224 230 228 230 227 225 225 225 225 224 223 223 224 220 217 217 213 207 205 215 219 224 233 239 240 242 245 248 251 246 231 221 218 223 234 245 243 243 242 228 213 205 201 198 194 189 185 182 181 178 178
214 212 211 213 217 225 225 223 228 237 256 276 288 285 282 275 264 269 278 271 269 269 278 295 309 316 312 298 287 281 277 279 268 265 268 269 263 253 245 241 234 230 239 249 247 238 230 224 226 230 230 231 234 237 235 231 226 226 227 227 225 228 223 217 214 212 209 211 222 224 221 225 228 238 249 256 261 261 251 235 223 223 228 234 244 250 253 251 239 220 209 208 204 199 193 189 186 181 180 180
227 220 219 215 213 215 217 223 231 237 251 273 285 285 281 271 264 268 276 281 285 274 289 303 310 307 299 288 281 281 273 276 270 257 251 259 256 246 237 234 234 237 249 250 245 236 228 227 230 236 234 233 235 240 239 237 230 226 228 231 226 227 229 222 219 211 219 218 224 224 227 236 236 242 254 261 265 259 244 233 229 233 237 243 245 255 263 257 244 226 213 216 217 207 196 189 186 185 182 179
232 225 230 228 219 215 217 222 228 236 248 265 278 281 275 268 271 271 277 286 294 282 295 307 304 291 283 282 275 277 272 266 262 255 247 253 258 245 235 238 241 244 248 244 236 230 228 229 233 241 241 237 242 241 242 245 235 226 224 223 220 218 220 222 216 215 223 223 220 226 235 247 249 248 258 264 267 259 246 234 233 240 247 249 246 250 255 252 245 231 220 212 211 204 198 191 184 183 180 174
241 232 238 235 227 218 216 226 231 236 245 258 272 279 277 271 277 282 285 292 295 283 289 299 298 286 280 275 269 267 262 257 255 254 252 247 243 243 241 241 246 247 243 237 235 234 232 235 243 247 244 241 247 246 240 238 234 226 222 220 218 217 217 216 217 214 221 228 224 227 239 252 258 255 262 267 261 251 240 233 233 242 249 250 250 253 252 252 250 239 229 218 208 200 198 194 185 179 172 171
247 238 244 240 231 221 217 222 230 237 247 256 270 281 283 275 279 286 294 302 299 288 285 293 291 286 291 286 279 271 267 268 266 259 254 247 246 254 246 245 255 247 239 238 239 237 238 245 249 249 247 246 248 244 237 233 231 226 228 233 225 222 227 225 222 219 226 228 225 234 242 253 259 263 272 269 260 253 238 229 230 237 242 247 252 257 253 248 242 233 222 214 203 197 197 196 185 173 174 178
251 244 247 242 232 223 219 219 226 238 251 260 273 287 291 282 278 286 298 302 298 290 293 297 294 295 296 296 290 281 276 273 268 258 247 246 254 255 243 253 263 255 246 240 245 246 249 253 256 255 253 253 249 242 235 230 230 236 238 233 227 226 235 231 225 224 232 233 233 229 237 248 257 271 276 271 257 248 234 226 226 233 237 239 246 249 246 237 225 216 208 200 193 187 182 178 173 176 178 186
257 250 251 244 233 227 224 219 224 238 251 264 277 293 297 288 282 291 301 301 296 294 303 306 304 302 299 298 292 279 270 264 262 255 256 260 267 256 247 259 267 259 248 240 248 253 258 263 263 260 257 253 244 237 231 232 239 241 236 230 226 231 235 232 226 228 242 245 236 230 234 244 250 259 264 266 260 248 235 221 215 220 224 232 238 242 230 222 213 203 194 187 185 182 179 173 177 182 184 190
263 258 254 246 239 233 227 221 220 234 244 263 281 298 300 290 285 294 300 302 300 306 313 314 308 303 297 288 277 269 264 259 258 267 272 271 269 255 251 267 265 257 250 246 255 260 264 266 263 259 252 245 239 235 238 244 245 241 235 232 232 236 236 231 229 233 247 248 239 232 236 244 253 254 257 259 259 251 234 218 207 209 225 235 233 241 228 210 196 190 187 186 184 181 175 176 186 188 192 194
270 264 256 248 242 233 226 222 221 229 238 259 278 296 300 296 292 294 298 303 308 314 318 314 302 293 287 276 272 276 274 263 261 277 278 269 259 250 258 270 265 258 253 248 257 261 263 261 259 254 248 243 239 238 247 252 250 244 235 233 238 242 237 233 239 243 245 246 243 241 246 256 261 264 266 263 253 241 230 217 205 207 219 222 221 223 226 218 204 192 190 188 182 179 175 181 189 190 192 191
273 265 257 250 243 234 228 225 223 235 242 253 272 293 304 305 304 302 302 307 315 322 323 309 295 287 280 281 281 279 267 264 270 280 275 267 254 260 272 274 266 258 252 252 259 260 263 267 265 257 250 247 243 241 252 252 248 241 235 238 242 241 236 235 240 249 249 253 252 256 257 265 265 266 266 256 245 231 226 219 206 197 206 206 204 206 215 219 211 200 191 184 180 175 177 184 183 185 185 187
274 264 254 248 241 231 229 234 228 230 247 254 267 283 296 302 303 296 300 308 319 325 323 311 300 291 285 290 284 272 272 277 279 279 270 261 255 272 278 273 263 258 253 259 264 264 272 275 267 257 250 246 242 248 254 253 249 242 240 243 241 239 237 239 241 245 247 252 250 252 253 259 262 251 249 247 230 217 212 214 206 195 188 189 191 196 207 212 203 196 189 182 177 175 179 186 193 195 196 192
273 261 250 241 236 233 241 245 237 226 245 254 261 268 275 288 293 283 288 302 314 321 318 319 312 298 292 291 280 275 284 285 284 277 267 259 267 275 279 274 266 260 259 269 273 272 269 266 259 251 247 247 250 259 259 254 248 244 249 250 246 242 241 245 245 249 249 245 240 238 247 262 261 241 237 236 220 207 198 200 200 193 186 183 182 184 193 201 195 185 179 177 177 182 185 188 192 198 199 191
268 258 248 248 244 244 253 256 246 228 237 242 247 252 257 276 284 272 273 286 299 306 311 323 317 304 298 288 278 279 286 291 286 276 264 272 282 282 278 272 270 262 268 275 276 273 268 263 257 251 254 258 257 264 260 252 247 247 253 255 252 248 246 251 252 251 247 241 236 234 251 267 260 236 220 219 211 197 190 185 184 182 181 180 180 178 178 178 177 176 176 178 187 190 194 196 193 196 199 192
268 258 253 258 251 252 260 261 250 233 227 228 232 240 248 267 280 270 264 273 285 296 312 323 320 311 301 289 282 285 293 294 286 279 267 283 289 283 276 271 267 265 270 279 278 273 270 265 258 252 260 262 260 259 257 252 252 250 249 248 246 243 247 254 252 248 239 234 229 231 251 255 255 237 217 198 189 182 180 180 181 181 180 181 183 187 192 197 193 188 184 193 194 192 195 197 196 200 199 193
269 257 268 268 259 258 254 249 244 234 242 237 228 235 244 261 274 268 258 266 276 294 313 324 317 309 296 287 284 290 299 293 281 273 275 278 286 283 281 274 273 273 273 278 276 270 266 260 254 257 269 268 262 261 258 257 257 253 245 239 237 234 238 244 243 233 225 222 224 221 230 231 227 222 215 196 182 181 182 187 191 194 188 195 202 201 201 204 199 194 189 203 201 200 199 197 197 200 198 199
266 275 277 272 264 255 245 239 235 247 255 246 230 235 242 253 266 266 254 258 273 291 311 320 311 303 296 292 290 297 300 289 277 279 287 278 287 292 290 281 281 280 278 275 271 265 260 258 257 263 275 273 264 263 261 260 258 250 242 237 235 229 229 231 230 222 215 216 212 206 203 205 199 197 195 186 182 186 201 211 213 206 196 209 212 210 207 205 199 193 190 195 197 200 202 201 201 202 200 206
277 284 280 272 266 252 243 238 239 248 255 250 232 232 247 246 249 253 250 256 271 291 309 317 311 309 304 302 299 301 294 285 275 283 288 280 283 293 291 287 286 282 277 271 268 268 268 265 262 267 269 268 265 263 262 262 255 245 240 234 230 226 220 223 223 218 212 208 204 199 195 191 189 192 192 187 182 200 218 221 213 207 195 211 215 212 207 205 199 194 193 196 200 206 208 207 208 204 209 215
287 289 288 285 274 257 246 240 240 242 249 252 234 232 248 259 258 254 248 255 265 283 303 313 316 311 309 309 307 302 293 285 279 284 289 284 281 287 289 289 288 282 276 278 282 279 275 272 267 266 263 263 261 263 258 257 253 246 243 238 230 225 218 218 217 214 210 206 207 202 196 190 195 205 204 195 186 211 220 208 200 195 195 203 212 218 217 214 205 204 202 197 200 212 221 218 213 203 216 223
287 293 296 293 279 264 258 248 243 243 249 251 238 231 244 259 264 263 253 254 264 276 296 306 312 312 316 315 311 305 297 289 282 285 292 289 289 287 291 292 291 285 293 295 292 282 281 279 270 264 260 254 254 257 254 246 247 242 242 242 235 227 220 214 214 214 211 214 217 208 197 190 193 204 204 195 187 217 212 197 194 197 208 208 213 224 223 214 210 212 210 204 201 209 224 223 213 207 215 217
291 298 302 296 283 271 265 258 246 244 246 245 239 231 240 255 266 268 258 254 263 274 290 300 306 312 318 318 311 305 298 292 284 289 295 296 296 292 290 294 293 294 298 297 290 280 277 274 268 264 261 252 249 246 244 241 238 236 233 234 230 228 229 219 209 208 207 208 209 197 192 191 192 200 189 184 187 215 209 194 195 197 206 212 215 216 221 222 224 220 216 210 205 206 219 223 214 207 212 210
297 303 302 294 282 268 262 251 252 246 244 240 237 234 236 249 264 268 261 256 262 271 283 296 304 308 320 323 314 308 300 296 292 299 303 304 299 294 294 299 300 296 297 297 285 278 276 274 271 267 265 253 248 245 243 244 242 239 235 231 230 233 231 229 224 214 204 201 200 202 196 193 191 188 189 189 196 214 214 199 200 203 204 212 219 221 222 229 230 222 216 212 208 208 216 220 216 214 213 213
298 305 303 295 277 265 257 258 256 248 245 241 240 237 235 244 258 271 266 261 266 270 279 291 303 310 321 325 317 309 302 298 301 307 308 306 301 299 303 307 305 302 296 301 286 280 280 275 270 263 257 251 247 247 253 247 242 240 237 234 233 233 231 231 233 221 208 205 212 219 210 198 187 189 187 188 207 215 211 203 210 212 209 209 218 223 226 229 225 217 213 210 209 210 214 221 221 220 219 217
296 305 304 294 280 267 263 268 259 249 247 244 241 239 238 242 255 272 271 267 269 273 281 292 307 312 318 320 315 305 303 302 306 310 309 307 306 312 317 315 313 305 289 293 286 280 279 271 263 259 255 251 249 248 250 246 242 241 239 235 234 232 229 227 224 218 208 211 219 221 211 194 189 191 189 194 212 223 219 212 212 218 214 212 215 218 226 227 220 214 213 215 216 216 218 225 225 222 220 221
293 301 301 291 279 267 269 274 268 253 249 246 243 243 241 240 254 274 278 275 273 274 282 294 310 311 305 306 301 297 302 307 311 313 312 310 314 319 321 317 309 297 279 274 275 273 268 261 254 255 255 257 250 243 243 243 242 240 238 236 236 234 230 228 225 219 214 216 220 217 203 189 196 203 207 214 214 225 224 220 222 223 215 213 215 218 222 224 221 219 219 220 219 219 224 228 226 223 222 219
293 298 299 291 282 273 277 281 276 258 251 248 246 247 243 240 254 276 282 282 276 275 279 291 306 309 297 291 289 293 298 305 311 318 318 316 319 318 312 303 294 282 269 265 271 273 266 257 243 248 249 246 245 237 236 237 239 239 237 236 237 237 235 234 231 226 223 221 218 210 197 192 212 221 224 225 220 228 230 228 233 232 225 223 222 223 229 229 231 227 224 224 223 224 228 230 225 220 216 213
291 295 299 296 287 278 282 284 272 261 253 252 251 249 245 242 245 265 281 285 275 274 276 283 296 302 289 281 286 289 292 299 307 318 321 322 319 311 302 293 283 270 258 261 275 281 275 267 243 236 234 232 233 232 231 234 236 237 235 235 237 240 240 239 234 229 228 222 213 205 193 202 219 233 234 227 226 230 233 236 242 244 242 240 237 234 236 242 239 234 232 230 228 228 229 229 223 215 212 211
287 294 299 297 289 290 292 283 269 263 258 258 256 253 248 246 244 250 272 285 273 272 274 279 284 292 283 280 286 283 287 295 310 319 323 326 321 317 311 300 287 268 252 259 277 287 274 258 242 235 232 228 226 228 227 231 233 234 234 233 235 239 241 242 238 232 227 220 208 199 192 211 225 235 240 235 235 239 243 248 258 258 256 256 257 255 252 251 251 252 247 240 235 230 229 226 221 216 213 212
285 293 298 296 298 300 301 291 274 267 264 264 261 258 252 250 248 248 265 284 270 269 271 276 277 281 281 278 282 279 283 295 307 312 321 327 320 324 327 306 282 262 248 255 259 270 258 244 237 232 230 227 225 224 226 227 228 231 231 232 233 237 237 240 238 234 224 213 200 192 196 212 224 237 245 244 242 250 258 262 269 272 274 275 275 272 266 269 277 275 265 254 244 233 227 223 221 217 214 214
283 290 292 296 306 310 308 296 283 279 272 273 267 262 258 256 253 250 262 279 267 264 269 275 274 275 277 273 277 275 284 292 296 297 309 321 316 309 308 291 266 248 242 247 242 248 244 234 231 230 228 226 225 222 222 223 222 227 227 231 229 228 230 229 228 224 215 204 195 193 202 219 230 241 254 257 253 258 267 278 287 294 297 299 301 295 283 298 312 308 295 274 260 247 236 227 220 216 214 214
275 281 287 298 309 319 322 313 303 291 286 294 278 268 264 261 257 251 256 273 267 261 266 270 269 271 274 272 274 272 281 283 285 285 298 317 308 289 281 269 252 241 236 236 236 235 233 230 228 228 227 225 223 220 219 218 218 219 223 228 224 221 221 216 214 209 202 196 200 202 211 227 235 243 262 272 265 266 280 302 326 336 337 328 319 309 308 322 339 334 335 309 281 258 250 242 232 219 214 212
279 283 290 300 315 327 335 331 318 307 306 304 289 273 268 265 259 256 255 260 262 260 261 263 263 266 272 268 272 271 278 278 274 278 290 301 292 274 259 252 243 238 236 234 232 231 230 229 227 226 225 223 222 221 221 219 216 214 214 222 218 211 211 206 201 198 197 205 220 218 203 216 233 242 256 268 277 280 295 324 340 346 342 328 323 325 335 339 347 355 360 345 314 276 252 246 236 221 215 210
283 293 299 308 322 333 344 344 333 324 315 301 289 278 275 272 264 262 260 258 262 262 262 260 258 262 266 264 265 266 270 271 267 272 281 284 277 264 250 244 240 238 237 236 236 234 232 230 229 228 227 226 227 227 226 225 220 217 210 209 210 209 205 203 201 202 209 222 223 217 204 207 221 231 243 256 268 279 297 323 344 356 347 335 337 338 337 325 325 338 354 356 334 295 262 246 239 225 215 209
290 296 302 314 327 338 350 350 344 335 321 309 302 298 293 285 276 271 266 263 264 269 272 267 262 259 259 262 260 264 267 266 263 267 277 280 273 266 258 246 241 239 239 238 237 236 232 231 231 230 231 233 232 231 229 225 220 216 210 219 224 223 217 215 220 221 218 219 215 205 204 212 221 228 236 244 251 265 292 319 348 364 363 346 335 330 322 308 309 319 333 343 335 303 271 250 234 226 216 207
289 293 304 315 329 340 349 349 346 340 335 331 324 321 314 303 292 287 277 260 265 273 273 271 268 266 260 259 257 261 265 263 260 263 273 276 273 267 260 249 243 242 243 244 239 237 235 234 233 232 232 234 233 231 227 223 219 213 215 223 227 226 224 226 228 225 219 213 207 210 212 217 224 228 231 235 241 249 270 296 312 337 347 349 338 314 299 290 294 304 309 317 315 298 269 247 234 222 211 204
278 290 301 313 327 339 340 339 340 344 347 348 345 339 330 317 307 299 285 264 273 281 282 276 272 269 265 260 258 254 259 257 256 260 270 272 265 261 256 249 244 244 246 253 242 237 236 234 234 233 233 235 234 228 223 218 213 213 216 222 228 229 228 227 224 220 214 209 219 223 222 221 226 228 230 231 232 236 242 261 277 301 313 320 322 311 284 271 278 284 286 298 300 283 259 243 230 218 207 204
272 288 299 313 319 326 332 333 342 352 359 358 352 346 335 324 314 301 285 275 285 296 295 283 274 272 268 265 262 259 261 256 252 254 265 269 261 254 252 249 244 242 243 245 240 237 235 234 233 233 235 234 230 223 216 214 216 217 217 221 226 228 226 223 220 216 212 212 220 226 228 226 226 227 227 227 229 229 229 238 248 263 277 294 297 289 270 259 266 266 268 287 295 272 252 242 231 221 212 203
274 284 296 306 318 324 325 330 342 352 360 360 351 341 331 320 309 294 281 288 303 313 309 290 276 272 268 265 263 260 262 259 256 250 257 265 259 252 248 246 242 239 239 239 239 236 233 234 234 234 237 232 225 219 213 220 222 224 223 222 225 227 226 222 217 215 216 218 222 228 230 229 225 223 222 225 225 225 225 231 235 242 254 270 270 262 253 248 250 252 258 285 285 267 245 239 233 225 218 206
272 283 291 300 309 312 315 328 339 350 356 355 349 340 329 314 299 295 300 307 320 329 323 297 278 273 268 264 261 257 257 258 251 246 244 250 254 248 245 242 236 232 235 236 236 234 232 229 232 233 231 228 224 218 220 231 229 227 224 223 226 228 227 224 218 217 219 221 224 230 236 240 230 221 217 219 219 219 221 222 224 228 237 246 248 241 240 237 238 240 250 282 281 259 241 231 227 222 217 207
265 277 286 294 299 300 312 325 337 347 352 349 343 333 323 307 305 317 322 327 335 341 329 301 281 280 272 266 262 259 251 250 248 252 249 243 244 244 237 236 237 239 234 231 232 234 232 228 226 228 229 227 222 216 222 235 232 230 226 226 229 231 230 226 221 218 221 223 226 231 234 232 228 221 215 211 210 212 211 211 210 214 222 229 232 230 228 229 231 235 248 276 270 248 230 221 217 215 212 206
273 273 280 285 291 302 314 323 335 346 350 346 339 329 319 308 324 334 343 346 344 339 326 307 288 284 275 269 263 259 249 255 257 255 252 247 241 240 242 241 240 240 238 234 231 230 229 230 233 225 221 220 218 219 221 231 232 231 227 228 231 233 231 228 224 219 224 226 230 234 233 227 222 218 212 208 207 207 207 204 204 205 213 221 224 220 219 221 230 235 240 260 251 231 219 212 208 207 204 202
278 282 285 290 299 315 329 337 339 346 347 343 336 325 314 322 335 348 355 350 341 332 319 303 290 285 278 270 265 253 252 257 262 259 256 252 251 253 254 248 246 244 239 238 236 234 231 232 234 230 223 222 225 225 225 230 231 230 228 230 232 235 233 229 225 221 224 227 230 231 227 224 221 216 212 209 203 202 202 200 199 202 210 212 213 212 211 216 228 231 230 238 232 220 211 205 202 201 199 194
278 285 294 302 308 315 330 340 343 346 346 342 336 325 322 332 342 352 350 341 331 323 311 296 288 283 277 269 260 255 263 261 268 270 263 258 258 264 263 255 251 249 244 243 240 235 233 234 233 229 224 229 233 232 229 231 233 231 231 233 236 234 232 229 225 223 226 228 231 232 229 223 219 217 215 216 214 205 199 196 196 204 210 208 206 202 205 213 221 223 220 218 216 210 206 201 200 200 200 193
284 288 294 304 315 326 330 335 343 346 345 342 338 332 333 337 344 348 341 332 322 313 299 284 280 275 264 260 263 268 267 267 274 281 275 267 267 268 266 258 253 250 245 242 240 236 234 233 233 227 228 237 240 243 233 237 237 235 236 238 239 234 229 227 226 225 227 228 232 235 233 227 223 219 216 216 221 217 207 196 192 199 205 198 196 196 200 207 211 213 212 209 206 205 201 202 204 200 193 186
288 293 298 308 319 331 340 341 343 345 345 344 340 339 339 341 343 342 332 323 312 302 290 281 267 263 273 277 278 275 272 276 279 286 284 278 274 266 262 256 250 247 243 240 239 237 237 234 231 228 231 237 243 243 238 245 242 245 242 239 236 232 236 233 231 226 226 226 228 232 229 223 221 219 215 212 210 211 206 198 191 189 192 187 188 192 199 202 205 204 204 203 203 201 202 200 195 189 182 183
284 293 301 315 332 343 348 346 345 344 343 342 342 342 342 339 337 334 324 315 305 295 285 268 269 287 286 283 281 280 279 281 282 285 281 277 269 262 257 254 249 248 249 245 244 241 237 235 232 229 232 240 243 242 242 248 248 249 244 238 238 241 242 235 228 223 222 219 217 221 218 214 211 211 211 208 205 206 202 197 192 189 187 185 189 191 191 193 197 196 197 196 197 196 201 204 198 190 181 180
276 287 302 319 340 352 352 348 343 341 338 337 338 341 339 334 330 327 317 308 299 289 274 280 295 298 292 289 289 290 289 286 284 284 277 270 263 258 255 252 249 253 259 254 249 244 241 237 233 229 232 240 243 244 243 250 251 254 252 242 239 245 247 238 225 221 219 217 209 207 207 207 207 207 205 204 202 201 200 199 196 196 198 190 198 194 187 185 185 187 191 191 191 191 186 191 189 187 179 173
