# 100 100
135 135 135 135 135 135 140 176 194 185 160 173 211 217 228 212 208 219 233 232 220 213 182 164 150 138 135 135 135 135 135 135 135 139 166 166 174 171 169 172 180 189 200 210 219 232 243 251 259 263 266 247 220 221 226 235 235 227 225 243 257 256 252 246 257 259 249 248 257 250 244 235 223 217 209 204 200 194 192 190 187 184 185 183 177 175 174 176 179 182 187 189 186 182 181 181 180 180 172 167
144 143 155 158 169 192 236 261 250 217 165 189 228 244 255 258 263 272 282 287 283 271 260 237 218 213 163 142 158 148 135 144 163 199 194 187 182 190 180 179 181 190 202 211 219 227 229 226 227 232 239 241 240 241 240 236 231 227 225 227 228 227 227 228 233 236 233 226 228 225 219 214 203 192 186 183 182 177 174 179 175 177 178 174 171 172 175 180 185 188 196 202 199 199 194 186 179 175 171 174
193 179 217 235 232 233 233 227 211 186 167 167 188 206 207 204 208 218 227 228 222 210 206 193 180 170 154 160 183 208 239 254 262 271 241 218 204 202 194 194 192 194 202 215 228 239 238 226 216 213 212 210 208 208 207 203 199 197 195 196 197 195 196 198 203 205 204 204 203 198 191 190 190 182 174 174 171 171 166 168 168 167 168 170 173 179 185 185 189 192 197 197 198 195 190 188 186 176 189 179
203 175 222 242 244 238 218 201 186 191 194 170 176 185 184 193 201 206 210 209 202 194 189 190 187 183 165 155 171 190 219 246 264 285 293 280 269 244 225 220 210 210 217 225 228 240 235 225 224 220 214 209 208 205 203 203 203 198 191 190 186 185 183 181 186 184 186 191 193 185 180 179 180 175 168 165 165 163 166 173 172 174 176 180 180 180 182 182 184 187 192 195 202 204 195 188 183 183 189 190
225 186 201 223 237 236 227 215 212 212 198 190 197 198 194 210 210 212 211 207 205 200 192 181 189 181 171 158 163 165 172 182 194 217 242 256 279 304 291 265 244 238 241 261 260 256 243 235 225 219 212 209 213 220 219 214 206 199 198 204 195 195 200 188 180 177 177 179 179 176 175 171 168 166 167 163 161 167 184 191 189 182 179 174 172 175 178 181 187 192 203 209 209 210 198 196 200 196 201 202
259 247 249 264 259 250 252 248 242 234 228 224 226 228 222 221 227 229 225 219 216 212 206 189 173 169 163 175 177 173 173 182 194 205 210 217 233 271 298 300 284 291 302 316 317 295 267 254 234 225 215 214 220 222 221 211 207 209 207 218 202 199 196 187 180 179 175 172 170 169 168 167 169 164 163 163 161 169 178 176 177 178 171 168 179 182 190 188 187 193 204 214 224 214 211 206 216 211 219 228
262 271 280 278 266 253 261 271 273 269 267 263 260 258 253 249 244 239 233 226 225 217 208 195 188 189 173 186 190 185 184 205 209 217 205 203 202 209 225 249 254 254 277 305 308 318 292 262 242 235 225 222 231 235 229 223 224 224 219 221 211 211 197 194 186 189 182 181 181 176 176 170 168 178 175 165 159 159 165 173 177 174 169 166 173 181 190 204 195 198 201 211 224 231 226 226 237 247 271 296
256 254 275 276 263 249 258 274 272 275 278 286 288 284 277 267 257 248 243 238 231 225 218 208 204 199 185 182 192 198 201 213 209 206 201 200 196 194 197 203 215 221 240 263 265 288 303 295 279 261 246 247 255 264 265 259 255 256 243 237 235 215 210 203 198 191 185 191 186 182 183 182 177 174 173 168 164 157 166 166 166 168 164 167 175 180 194 205 205 213 215 221 237 246 239 263 297 312 317 313
260 246 270 277 266 249 251 266 257 261 269 284 298 297 290 280 268 255 246 240 234 232 227 221 213 207 195 188 193 201 207 207 206 205 197 193 191 188 193 200 207 208 211 217 227 240 269 298 308 304 296 295 299 304 306 313 320 317 294 292 275 254 238 218 204 193 197 197 193 191 192 188 180 180 176 171 166 159 158 160 164 165 162 170 179 186 195 207 216 231 237 238 260 277 286 305 312 299 276 251
262 241 262 273 263 242 244 246 255 268 279 289 295 290 287 283 275 267 256 246 233 230 234 232 222 214 206 196 195 193 192 201 206 200 192 187 184 184 194 197 201 200 200 203 202 205 209 226 237 240 240 242 250 253 256 263 280 297 306 319 314 301 283 248 219 210 212 212 210 205 200 192 190 190 184 184 176 167 157 156 162 161 164 176 187 200 210 219 235 243 263 278 283 284 257 265 253 240 224 211
264 236 243 265 262 238 232 253 271 275 276 281 288 281 272 280 282 276 266 257 245 227 230 237 230 222 213 203 197 190 187 195 203 196 188 183 180 179 189 191 200 194 192 196 194 194 191 192 187 189 193 195 203 209 208 211 224 233 246 270 295 296 284 264 245 240 247 246 238 227 218 211 210 202 204 202 189 177 163 155 160 160 170 181 195 211 231 251 262 267 270 262 236 235 218 212 214 218 209 200
254 244 228 255 264 238 236 262 273 264 268 279 280 269 258 269 283 280 270 260 252 236 218 229 231 221 213 205 196 187 183 185 192 193 188 181 177 176 180 189 190 190 186 187 188 188 183 183 175 183 190 198 203 199 197 203 214 222 239 270 301 276 258 253 248 234 228 262 270 271 266 260 252 245 248 240 231 218 163 170 171 212 217 223 226 227 237 233 224 217 209 207 208 216 212 201 202 206 194 191
242 223 237 263 266 235 230 251 258 251 269 279 271 259 251 264 282 276 266 253 245 238 225 213 218 211 213 215 200 196 190 180 180 187 185 179 174 173 177 183 185 184 183 181 194 189 175 170 157 181 191 192 193 188 193 202 208 220 233 261 294 276 243 230 224 216 207 205 209 218 224 226 228 223 213 203 199 193 165 154 161 197 203 200 197 196 190 189 191 190 188 192 194 209 209 202 190 191 186 185
234 225 260 268 261 236 215 224 233 246 265 276 257 242 243 253 275 268 259 251 239 230 229 222 204 203 200 210 212 203 195 188 178 184 182 173 171 171 176 177 180 178 175 174 189 189 168 148 171 184 183 180 181 184 190 194 202 212 221 239 252 250 232 219 220 216 207 198 189 186 186 185 183 182 178 172 167 164 159 154 146 158 164 172 178 176 173 177 182 181 182 183 188 196 201 199 186 180 179 176
215 250 262 261 252 226 223 248 262 270 274 278 265 241 226 251 268 261 256 249 242 233 221 217 209 196 190 194 204 205 196 187 178 177 178 171 169 172 173 173 173 172 171 168 171 170 166 164 175 175 175 177 182 186 189 193 199 203 211 225 236 232 225 214 209 206 195 193 185 184 174 173 173 173 173 170 166 162 157 151 147 157 161 167 169 169 166 170 174 175 176 176 179 188 194 191 184 175 174 173
233 259 258 250 232 212 232 262 267 262 261 271 268 257 224 236 261 257 249 250 243 237 228 214 204 197 189 184 191 198 202 191 180 171 173 168 168 171 169 170 169 168 171 169 165 166 165 169 173 170 176 181 186 195 188 189 194 198 201 206 215 218 211 203 199 197 192 191 190 182 178 176 173 170 165 164 161 158 154 152 146 152 158 163 161 162 162 166 168 171 174 172 178 186 185 180 176 174 168 171
231 252 245 237 207 217 246 263 260 246 247 265 255 250 229 224 255 253 244 240 237 234 231 223 214 214 198 184 179 183 191 183 174 168 168 167 165 168 166 167 166 166 167 166 163 161 163 168 170 175 176 178 184 189 188 183 186 190 195 198 199 200 198 195 194 190 185 181 184 183 177 172 169 168 164 160 154 152 150 149 146 150 152 157 156 155 159 163 165 166 167 173 182 185 176 172 169 166 164 168
211 246 237 223 204 239 248 258 255 238 250 263 258 230 217 216 244 242 245 233 226 224 229 224 214 206 201 192 180 175 180 183 173 165 166 167 163 163 162 162 163 162 162 164 160 158 162 177 179 178 180 182 182 184 190 188 179 181 189 191 193 189 187 187 188 186 181 179 184 179 174 169 166 163 162 159 153 151 147 147 145 147 149 156 151 154 161 163 161 161 165 174 186 184 173 167 164 162 160 165
200 238 237 205 204 237 239 247 245 231 243 258 263 256 238 206 218 222 244 239 230 218 224 219 209 199 202 204 191 177 173 180 174 164 162 164 160 163 162 160 161 160 161 163 158 159 163 173 174 173 174 177 182 186 190 187 179 172 179 185 187 185 185 184 183 181 178 176 176 174 170 169 170 162 159 158 156 153 150 148 144 144 144 148 146 152 158 158 157 155 159 170 173 176 171 164 159 158 158 162
193 213 221 196 218 230 226 232 224 226 246 252 253 251 242 219 199 219 239 233 224 212 217 210 200 192 195 204 195 183 172 171 166 162 158 158 157 161 162 159 159 158 157 159 156 159 163 166 169 167 168 170 179 181 179 179 173 168 172 178 183 180 179 184 182 178 175 173 170 170 169 167 170 165 159 155 155 153 152 149 145 145 145 143 147 153 155 154 154 150 149 156 161 170 167 162 156 154 160 163
189 189 202 191 195 205 212 221 212 232 238 233 230 238 232 224 201 209 222 220 213 204 201 207 197 186 193 198 191 184 172 164 162 158 156 156 156 159 159 158 158 155 155 155 154 155 160 165 163 162 166 172 183 175 171 170 167 165 167 170 176 173 178 181 180 177 174 169 167 168 167 163 165 164 163 158 153 153 151 149 147 153 148 142 148 152 152 151 158 154 146 150 158 165 161 156 156 150 155 164
201 183 184 185 191 205 205 215 208 220 218 214 217 226 226 218 209 194 197 206 205 197 194 207 205 190 184 186 183 186 176 167 162 158 157 153 152 155 154 155 155 155 155 156 152 152 155 159 163 164 168 172 183 184 169 167 164 163 162 163 166 166 170 174 176 173 172 167 165 168 165 161 160 157 158 157 150 151 150 148 147 149 146 140 143 150 150 149 150 152 143 147 156 163 165 155 149 148 153 158
198 189 179 180 195 204 198 202 201 212 209 201 211 211 213 214 206 195 186 193 199 194 188 197 200 192 191 180 174 175 175 171 164 160 159 155 151 152 152 152 157 158 159 156 153 150 152 154 164 165 163 166 183 187 172 163 159 156 153 156 160 161 162 171 175 174 170 165 160 167 162 158 160 158 154 152 147 147 146 145 145 143 143 140 147 146 148 148 145 143 141 144 152 159 159 155 146 149 153 158
188 187 179 178 187 190 189 193 205 207 203 193 199 196 199 204 206 194 183 182 190 194 186 183 196 201 196 188 181 172 168 168 165 161 158 156 153 149 150 151 157 161 156 153 152 149 148 153 158 162 158 162 171 172 173 163 154 147 145 153 156 157 157 162 169 177 173 168 156 160 160 156 155 155 152 153 152 147 145 144 143 142 140 140 146 143 149 148 143 141 140 146 150 152 150 150 146 142 145 154
183 179 176 176 181 185 189 196 194 191 193 189 192 188 189 200 207 196 193 185 178 191 190 178 182 200 191 182 177 171 166 162 162 160 156 154 152 151 148 150 151 154 151 149 150 148 146 152 153 158 154 155 159 161 166 160 153 153 150 151 151 151 153 158 166 174 165 160 154 156 159 157 152 149 149 146 146 145 144 144 145 144 141 138 139 143 148 148 144 139 138 141 144 146 148 147 147 143 141 152
175 174 174 178 182 185 181 186 185 179 186 188 181 182 195 202 204 195 195 190 174 187 190 178 175 187 188 181 180 177 171 165 160 159 155 154 154 151 147 147 148 148 147 147 148 149 146 147 149 152 151 150 152 156 157 152 149 150 148 148 148 149 154 159 168 169 160 154 151 152 155 150 148 157 161 150 143 145 142 142 146 149 144 138 141 143 147 148 145 141 138 139 142 148 149 147 146 143 141 150
171 172 173 178 180 182 175 175 177 173 178 183 180 177 184 190 198 187 181 179 171 187 190 182 172 175 173 170 180 180 174 169 163 159 158 161 161 157 148 146 147 147 146 146 147 147 144 147 147 148 147 146 149 158 154 144 146 147 146 145 146 149 154 155 158 156 155 152 149 148 150 147 146 151 151 147 143 141 140 141 140 144 147 139 140 142 144 146 143 140 137 143 149 149 149 146 143 139 143 152
170 171 171 173 176 177 170 170 172 169 170 173 176 173 174 184 195 192 184 176 168 174 182 180 173 167 167 169 178 172 168 166 162 159 162 162 159 154 147 148 151 151 150 150 149 145 144 149 151 148 145 143 146 149 145 143 145 145 144 143 145 147 149 150 148 148 152 152 148 148 155 155 146 144 144 143 142 141 141 139 138 138 143 141 138 140 140 141 141 138 137 137 143 146 145 144 140 139 144 142
170 170 170 170 172 176 172 166 166 165 166 167 170 168 170 176 184 189 188 178 172 165 169 178 185 175 169 165 162 161 159 162 159 155 154 153 150 148 145 151 154 156 157 155 152 150 144 145 147 145 143 141 140 140 139 139 140 142 142 141 142 143 145 147 145 146 149 147 146 143 146 151 151 146 144 146 147 148 152 151 143 139 140 142 137 136 136 137 137 138 136 136 141 145 142 143 140 141 143 138
169 171 170 169 169 172 176 169 163 162 163 165 166 166 169 173 177 181 185 183 178 170 161 169 185 183 178 172 167 162 157 156 156 153 152 148 147 146 144 144 145 151 153 157 153 151 148 143 142 141 139 139 138 138 137 137 137 139 139 141 142 141 143 143 143 143 145 145 143 140 142 145 150 148 148 153 157 156 153 150 149 148 141 142 143 143 139 137 136 136 136 136 139 144 140 140 138 139 141 140
169 176 174 170 168 167 171 171 163 160 160 161 163 164 166 168 172 173 176 170 172 165 160 171 176 171 170 166 160 156 153 152 151 148 147 146 144 142 142 142 142 142 143 148 147 144 142 142 140 139 138 138 137 137 137 137 137 137 137 137 139 141 141 141 145 147 145 144 142 139 138 140 146 155 160 157 155 146 143 142 141 141 138 136 144 147 143 139 137 136 135 136 139 148 141 138 137 136 139 139
168 170 177 186 171 168 166 169 164 160 159 159 160 160 163 163 162 163 164 163 166 169 158 168 164 159 158 157 153 150 149 149 148 148 147 146 144 142 141 141 141 141 140 140 141 142 142 140 139 138 138 138 138 141 141 137 136 137 137 137 138 139 141 143 148 155 148 144 141 139 137 138 142 149 149 149 146 144 139 137 137 137 136 136 139 143 144 139 137 136 136 135 137 146 145 148 143 136 135 135
172 169 177 185 179 175 170 164 161 159 158 158 158 158 160 162 158 157 158 157 158 160 157 156 155 152 151 149 149 149 147 146 147 147 146 145 144 142 142 143 143 143 141 140 139 140 140 138 139 138 139 142 144 149 147 143 138 137 137 136 137 138 137 137 137 143 154 143 140 139 137 137 137 139 139 138 139 140 138 136 136 137 136 136 136 137 140 139 137 136 136 135 136 140 140 141 141 137 136 135
166 166 175 179 174 170 168 164 161 160 159 158 156 156 157 157 156 155 154 154 154 153 154 153 152 150 149 147 147 145 144 145 145 144 144 144 143 142 144 145 144 144 144 142 140 140 139 139 140 142 148 151 152 152 151 148 145 142 138 136 136 137 136 136 136 136 144 140 138 138 137 137 136 136 136 137 137 138 138 136 138 138 137 137 136 136 137 136 136 136 136 136 136 136 141 144 138 136 136 136
161 163 167 176 173 168 165 163 160 160 159 158 157 156 155 154 154 152 150 150 151 151 151 150 150 148 147 146 146 145 146 146 145 144 143 143 144 144 145 145 144 144 144 143 142 142 142 146 151 154 162 161 157 153 152 151 149 148 145 140 136 136 137 136 135 136 136 136 136 137 137 137 136 136 136 137 137 137 139 138 139 138 137 137 137 140 147 140 135 136 136 135 136 136 137 139 136 136 136 136
160 163 168 177 175 170 164 161 160 159 158 157 156 157 157 155 152 150 149 149 149 149 149 148 148 148 147 147 146 147 146 146 146 148 144 145 148 147 146 147 149 150 149 149 149 151 161 164 167 164 166 164 160 153 151 151 150 150 149 148 141 136 136 136 136 136 136 136 136 136 137 137 136 137 137 137 137 137 139 145 143 139 137 138 138 143 147 141 137 136 136 136 135 135 135 135 136 136 136 136
160 163 167 171 176 171 165 163 161 161 157 154 153 155 155 152 150 150 149 149 149 150 149 150 148 148 147 150 152 152 153 155 154 156 153 153 153 152 154 154 155 160 160 160 163 166 167 169 167 164 164 157 150 147 147 147 148 148 149 149 146 141 140 138 137 136 136 136 135 135 136 137 136 137 136 136 136 137 141 154 153 145 142 141 144 145 144 140 139 136 136 135 135 136 137 136 135 135 135 135
158 159 173 183 178 172 165 163 161 162 153 151 151 151 151 150 150 150 150 151 152 153 157 157 156 152 155 158 155 156 157 157 154 156 155 154 155 156 161 164 169 165 157 162 169 167 161 166 161 153 147 142 141 140 139 139 139 138 142 148 146 143 140 139 137 137 136 137 135 135 135 136 135 136 136 136 136 137 141 155 159 156 152 150 148 146 145 146 143 138 136 136 135 138 140 136 135 135 135 135
163 158 166 176 172 169 165 160 155 152 152 152 152 151 151 151 151 151 152 153 154 159 162 160 159 156 160 160 157 159 160 159 158 158 157 157 157 161 160 166 175 169 168 169 161 153 158 165 155 144 140 139 139 139 138 137 137 137 137 137 141 144 142 139 138 137 136 136 135 135 135 136 136 135 136 136 136 136 138 146 160 160 158 153 152 148 151 149 144 139 136 136 135 136 136 136 135 135 135 135
171 164 160 161 163 162 155 153 153 153 152 153 153 152 153 153 154 153 157 159 158 158 166 169 163 160 165 162 159 163 167 166 162 160 160 161 163 170 170 163 164 173 170 162 159 155 150 156 147 141 143 141 140 141 143 141 138 138 138 137 137 137 137 137 139 137 136 136 136 136 135 135 136 135 136 136 136 136 136 138 145 153 162 161 163 159 157 155 147 141 137 136 135 136 137 136 135 135 135 135
164 162 159 158 156 155 154 153 152 153 154 154 154 153 155 158 158 158 161 163 162 156 161 169 164 170 171 164 162 168 172 169 166 165 164 165 171 180 179 171 173 170 162 155 149 143 142 142 142 142 155 157 158 159 159 159 149 143 142 140 139 137 136 136 138 137 136 136 136 136 136 136 135 135 136 136 136 136 136 137 141 146 159 172 180 178 156 151 151 142 141 136 135 137 136 135 135 135 135 135
180 168 164 167 164 158 155 154 153 155 155 155 155 156 160 162 163 164 166 166 162 158 168 175 169 176 176 172 171 175 173 173 177 174 173 173 181 169 173 164 158 154 149 146 144 143 143 148 149 148 158 170 169 162 166 159 152 148 146 143 141 139 137 137 136 136 136 136 135 136 135 136 135 135 135 135 135 135 135 136 140 144 154 165 171 161 154 148 145 141 141 143 135 136 135 135 135 135 135 135
182 172 171 177 167 159 155 154 154 157 157 157 160 162 165 167 170 171 170 165 161 160 169 176 172 180 180 176 174 177 177 179 181 178 180 176 171 171 166 152 148 145 144 144 144 148 153 157 163 161 160 168 171 172 169 164 161 152 148 144 145 143 140 138 137 136 136 135 135 136 136 137 136 136 135 135 135 135 135 135 142 148 146 153 162 154 149 150 143 138 137 137 135 135 135 135 135 135 135 135
167 166 166 165 163 157 155 155 156 157 158 164 170 174 172 176 176 175 171 167 164 162 174 180 173 180 182 180 180 179 183 178 178 183 180 158 163 161 153 152 146 147 148 149 149 154 159 167 171 170 167 170 170 170 168 168 164 154 149 148 148 148 143 139 141 139 137 137 137 136 137 137 135 136 136 136 135 135 135 135 136 140 143 150 154 153 151 143 140 136 136 136 135 135 135 135 135 135 135 135
165 165 164 163 161 157 156 156 157 158 163 174 177 179 179 180 181 178 172 166 166 172 178 182 177 179 183 185 186 183 174 170 183 179 168 157 157 152 150 148 146 150 151 152 153 155 160 166 170 174 170 169 168 170 169 167 164 157 150 151 149 144 139 142 143 144 142 140 139 138 136 137 135 136 136 136 135 135 135 135 135 137 141 142 154 152 147 141 137 136 136 136 135 135 135 135 135 135 135 135
165 164 163 160 158 157 157 158 157 158 167 186 185 187 187 186 186 185 178 168 178 182 185 181 184 184 186 185 187 185 174 183 175 166 159 155 153 150 149 147 147 156 154 153 155 160 163 170 174 175 172 171 166 163 161 158 157 155 153 149 145 140 141 146 145 144 143 141 140 138 137 136 136 136 136 136 135 135 135 135 135 135 135 137 141 153 151 141 137 136 136 136 137 137 135 135 135 135 135 135
164 163 161 159 158 157 159 159 159 160 169 185 188 188 186 186 183 178 173 173 183 187 187 185 187 190 191 189 189 188 189 178 167 160 156 154 151 149 148 148 152 160 157 157 158 164 170 177 179 172 171 169 169 168 167 164 165 159 147 143 139 145 145 148 147 145 144 141 139 138 137 136 136 136 136 136 136 135 135 135 135 135 135 135 135 142 147 141 137 138 139 137 137 136 135 135 135 135 135 135
164 162 159 158 158 159 159 157 159 162 166 174 184 184 182 180 178 180 180 185 180 185 188 189 186 192 196 195 192 192 186 170 163 158 157 154 150 149 150 153 156 161 163 159 165 170 173 183 179 170 164 164 168 170 169 160 153 148 142 142 147 155 146 151 148 147 145 141 141 138 138 137 136 136 136 136 136 136 135 135 135 135 135 135 135 137 144 139 137 139 141 139 136 135 135 135 135 135 135 135
161 159 159 159 160 160 159 158 161 166 177 184 184 190 189 186 182 186 179 187 184 188 194 196 194 196 201 198 196 191 175 167 161 158 157 153 149 150 151 153 156 158 160 158 163 176 174 179 172 165 163 158 155 157 163 166 151 142 141 150 162 158 153 156 152 148 145 144 142 140 139 138 137 136 136 136 136 136 136 136 135 135 135 135 135 135 137 138 137 138 137 136 135 135 135 135 135 135 135 135
159 159 159 160 160 160 160 161 164 179 195 190 194 194 192 187 185 186 182 185 188 193 199 199 196 199 200 194 184 178 172 166 160 157 156 151 150 152 152 152 154 156 159 160 164 173 172 176 171 169 165 160 158 152 149 150 146 141 146 162 168 161 160 161 158 150 146 146 145 142 140 139 137 136 136 136 136 136 136 136 135 135 135 135 135 135 135 135 135 135 135 135 135 135 135 135 135 135 135 135
160 159 160 160 160 161 162 163 167 181 195 197 197 196 192 189 190 190 190 185 194 199 202 200 201 201 198 185 179 174 168 163 160 156 153 151 151 154 154 153 152 154 157 161 164 168 173 173 169 167 168 166 159 153 149 146 145 141 158 169 170 167 168 162 155 149 146 145 145 145 141 140 139 138 138 136 136 136 136 135 135 135 135 135 135 135 135 135 135 135 135 135 135 135 135 136 137 136 136 136
160 160 161 161 162 162 164 166 167 173 179 194 200 198 192 196 195 195 195 189 197 204 204 203 204 202 195 185 175 170 166 164 162 153 151 150 153 154 155 153 152 154 156 158 160 163 173 167 166 163 162 162 159 154 149 146 143 142 147 153 160 163 162 155 151 149 146 145 146 145 144 141 140 139 138 138 137 136 136 135 135 135 135 135 135 135 135 135 135 135 135 135 135 136 137 139 139 138 138 138
161 162 161 161 166 168 171 174 171 172 179 194 204 196 198 197 203 203 203 192 195 203 205 202 197 196 188 180 172 166 166 164 156 152 152 154 155 156 157 154 152 153 154 155 157 163 165 162 163 163 158 154 152 152 149 146 144 142 145 148 151 155 159 152 150 148 147 146 146 144 144 144 142 141 140 140 138 136 136 135 135 135 135 135 135 135 135 135 135 135 135 138 143 142 140 141 140 140 139 139
163 162 162 165 168 173 174 178 174 175 182 203 204 204 208 203 212 211 210 195 199 207 203 192 183 180 180 173 170 162 160 154 152 152 154 156 156 160 159 155 153 153 153 154 157 162 162 159 159 158 157 151 150 148 147 145 144 143 144 146 151 160 169 157 152 149 154 158 155 147 147 150 148 145 141 141 139 138 136 136 135 135 135 135 136 135 135 135 137 141 142 145 153 150 145 143 142 141 139 138
164 163 163 168 172 177 186 185 179 180 186 200 214 215 217 213 217 217 206 201 202 211 195 182 179 174 171 166 167 160 153 154 154 155 157 157 157 162 165 162 159 158 156 156 156 156 159 157 154 152 150 150 150 147 146 144 144 144 144 146 150 158 168 161 157 156 156 156 157 151 150 154 157 152 145 143 146 149 146 140 138 138 138 137 136 135 136 144 155 154 148 155 154 150 149 150 147 143 139 136
170 169 168 167 168 175 184 191 192 191 196 203 210 219 219 220 220 217 209 208 199 200 189 178 174 171 170 168 161 156 155 157 157 158 159 157 157 159 161 165 165 163 159 154 153 153 153 152 150 149 148 148 147 148 148 146 145 144 144 147 153 164 175 170 160 158 157 155 154 151 151 154 154 153 148 145 150 156 159 149 147 144 142 142 138 135 137 149 153 160 159 156 155 152 156 155 150 143 137 136
177 173 175 171 169 172 179 184 189 188 189 194 196 200 200 202 211 206 203 202 195 193 187 183 182 179 171 165 157 155 157 158 159 159 160 159 159 158 158 159 159 160 159 154 153 151 150 149 149 150 149 148 147 147 147 146 145 145 145 149 158 170 169 170 162 153 149 148 151 150 150 149 147 148 152 149 150 151 152 149 146 143 142 143 139 136 136 137 144 153 159 163 161 149 149 153 149 142 137 136
182 177 180 174 176 176 175 179 182 182 183 187 189 194 191 194 198 200 199 193 186 185 186 179 174 171 165 158 157 156 159 160 160 160 161 160 158 158 156 156 157 158 155 154 153 151 150 150 150 152 151 149 151 149 147 145 145 146 149 151 159 167 163 159 156 149 146 144 144 149 151 148 147 145 147 147 147 146 146 146 143 140 137 136 136 136 135 136 140 143 147 151 151 146 144 144 141 139 136 135
182 182 186 179 184 182 178 182 181 181 182 184 190 200 187 188 193 194 194 187 181 184 185 174 167 162 158 158 159 158 161 161 162 161 161 161 159 157 156 155 156 156 153 153 154 154 153 156 154 160 156 153 152 150 147 146 147 148 150 153 160 171 166 154 152 149 146 143 142 146 150 147 146 144 143 143 145 144 144 144 142 139 137 136 136 136 135 136 138 138 140 141 144 145 141 139 138 137 135 135
185 188 193 188 189 187 182 183 190 187 186 183 189 192 182 186 194 184 192 186 179 180 182 173 164 160 158 161 161 160 164 164 164 162 161 160 159 158 159 158 156 154 153 155 157 155 158 164 159 163 160 159 155 152 148 147 146 147 151 155 162 173 168 157 152 150 148 142 141 144 147 146 144 142 143 142 140 140 141 142 139 137 136 135 136 136 135 135 136 138 137 138 139 139 140 139 137 136 135 135
201 201 202 199 196 188 186 185 189 194 190 185 182 180 179 178 180 182 184 187 184 173 169 163 160 159 161 163 162 160 166 169 166 163 161 161 160 164 162 162 157 156 156 156 162 161 161 172 168 170 162 160 161 160 152 150 148 148 154 156 165 173 166 155 151 149 146 142 140 140 140 140 139 139 142 141 140 140 139 138 138 136 136 136 135 135 135 135 136 135 136 137 139 139 140 140 137 136 135 136
225 221 214 217 205 197 199 197 194 198 205 197 194 190 193 190 181 173 173 177 179 170 163 160 161 162 164 163 162 160 165 173 171 167 164 162 162 164 163 162 164 162 162 159 164 170 180 181 177 170 161 155 152 154 156 156 156 154 150 155 160 159 155 152 148 146 143 142 141 142 142 140 140 139 139 139 137 139 138 137 136 136 137 137 136 136 136 136 137 137 137 137 137 138 140 142 136 135 135 136
227 224 222 224 222 219 217 214 205 207 207 203 201 198 195 192 189 183 173 167 167 165 161 163 165 165 164 164 161 162 166 171 175 171 170 170 166 170 168 168 173 172 173 172 165 178 193 181 174 166 159 155 153 151 150 149 149 148 148 152 156 153 149 147 144 145 143 142 144 146 147 145 143 143 141 139 138 137 137 137 137 137 137 138 137 136 137 136 138 139 139 138 139 142 141 143 137 135 135 137
219 220 216 213 218 217 216 207 203 199 196 193 193 191 186 182 180 177 170 163 162 162 163 169 170 167 165 165 161 168 170 172 177 180 179 179 173 172 170 170 168 170 169 174 174 180 185 175 168 163 159 154 152 151 150 149 151 151 149 147 146 151 145 144 144 146 147 147 146 144 148 148 145 140 139 138 138 138 137 137 138 138 138 139 138 137 138 138 138 139 142 143 145 146 142 146 143 136 135 136
204 206 210 202 200 196 212 207 191 185 186 185 182 178 172 169 167 165 164 164 164 165 173 176 172 168 166 164 163 171 177 180 184 179 174 172 170 169 168 166 165 166 166 168 171 177 176 173 171 165 162 156 156 152 153 152 156 155 154 152 147 145 144 147 149 147 150 150 147 145 143 144 142 142 141 141 140 140 140 140 139 140 139 139 141 142 142 142 140 145 148 150 151 150 142 146 145 139 138 139
192 194 202 202 193 184 187 186 181 176 175 173 171 169 168 167 166 165 165 166 168 172 179 179 174 170 165 163 169 175 178 180 179 175 171 168 167 167 167 166 164 164 163 165 170 172 173 168 166 162 159 158 159 154 155 154 159 164 159 154 151 149 150 151 153 149 150 148 149 148 144 143 143 144 146 144 143 145 144 144 142 141 141 140 142 145 148 149 146 151 154 152 154 151 144 144 144 140 141 143
199 188 192 197 196 187 177 175 172 171 170 169 168 168 167 167 168 170 173 177 180 176 180 183 180 170 164 172 175 175 173 174 172 171 169 168 167 166 165 164 164 169 165 161 160 164 167 165 160 158 158 157 156 156 158 156 159 169 161 155 153 153 153 154 153 149 151 150 152 153 149 148 146 148 154 149 146 150 150 150 147 143 144 144 143 145 148 151 152 154 155 151 147 147 145 144 145 144 144 145
199 191 181 184 181 177 173 171 171 171 170 170 169 169 170 170 174 181 184 190 195 190 191 195 184 167 170 185 182 178 175 173 172 171 170 169 168 168 166 165 164 165 163 162 162 160 161 159 157 157 159 160 158 159 164 159 160 161 162 160 158 156 157 156 153 152 154 154 154 157 156 152 151 152 159 157 151 154 158 157 151 146 146 148 147 147 148 151 155 158 157 151 147 147 147 144 146 145 144 143
187 181 176 175 174 173 173 173 174 174 175 176 175 173 181 176 182 196 197 212 221 204 202 198 179 165 172 190 188 182 178 177 176 174 173 171 171 174 169 166 165 166 165 165 164 165 164 161 161 161 161 163 164 157 167 162 165 163 166 166 165 162 162 160 157 156 156 160 160 161 160 159 159 160 163 164 156 156 161 162 154 148 149 150 150 153 153 155 158 159 159 153 151 150 149 145 146 144 144 143
177 176 175 175 174 175 182 188 183 183 183 185 185 178 191 189 185 207 217 227 218 198 199 184 173 166 175 188 195 188 183 182 181 176 174 174 174 172 168 167 168 167 169 168 172 180 173 166 167 166 166 163 160 158 166 164 171 167 173 174 173 171 168 166 163 162 162 162 166 168 169 171 167 166 170 170 162 162 165 166 157 154 155 155 158 161 164 163 161 159 157 152 153 153 151 148 148 147 143 144
176 176 177 178 179 181 194 194 187 191 191 201 193 184 193 200 189 205 229 229 213 194 184 179 170 168 184 193 201 193 192 188 183 179 178 177 175 173 170 170 173 174 176 175 179 177 175 175 174 176 169 162 169 170 172 165 177 176 171 182 182 179 177 174 173 168 167 168 168 174 176 179 173 171 176 171 164 165 172 168 164 165 163 158 165 164 172 170 167 163 165 158 155 157 154 152 149 154 150 149
181 184 187 188 191 189 196 203 193 200 200 211 199 191 202 203 201 213 228 218 204 199 191 178 168 174 187 201 209 203 199 193 188 183 182 181 181 179 176 177 180 183 185 183 184 182 182 180 176 169 161 170 179 181 178 166 173 184 178 175 188 188 187 182 183 175 170 175 177 177 183 185 180 177 181 173 172 168 175 172 175 177 167 165 175 170 172 178 177 168 169 162 159 161 159 157 154 159 157 157
191 194 197 200 208 199 198 211 207 211 218 223 214 200 211 215 224 224 207 194 186 187 182 172 169 181 198 210 221 214 206 195 190 189 187 188 188 188 185 187 189 191 192 190 181 172 169 164 161 161 162 165 182 182 170 179 171 179 187 175 178 192 196 194 191 179 176 184 184 183 185 192 189 183 184 180 180 174 178 180 181 180 161 166 177 181 178 184 183 174 173 168 165 166 164 159 163 167 167 160
212 216 218 221 225 215 209 208 202 200 198 204 216 217 226 229 230 207 191 186 179 173 170 171 171 182 202 230 239 222 209 197 202 197 194 197 198 196 195 195 195 192 182 175 167 167 172 169 172 176 172 170 178 178 173 185 172 182 193 187 178 179 194 204 197 190 184 193 192 187 197 198 198 190 192 187 186 178 188 190 182 173 167 174 182 188 183 196 196 185 185 177 172 174 171 165 178 179 176 163
221 220 216 213 220 222 211 198 189 185 184 186 195 200 208 224 229 206 188 179 174 171 177 184 178 178 195 226 239 224 219 214 212 205 202 206 203 192 189 188 186 182 175 169 173 172 181 177 189 191 181 180 178 175 173 182 174 177 197 192 190 185 181 194 207 205 186 197 201 196 196 208 206 199 199 194 193 184 188 193 188 185 170 190 191 194 191 198 202 201 202 187 181 182 186 180 184 184 178 167
212 209 208 203 204 214 208 192 188 194 190 182 181 183 188 197 206 205 187 177 175 180 187 201 188 178 186 206 231 239 234 231 221 213 207 204 197 188 183 179 174 174 171 180 181 176 183 181 200 202 199 190 185 177 179 188 178 175 190 201 201 199 186 193 209 212 199 192 202 209 206 206 213 207 206 205 201 196 195 196 193 175 182 184 191 189 190 193 196 195 208 211 198 193 194 193 194 187 179 174
219 224 227 219 205 195 192 190 204 211 206 192 185 183 180 181 185 189 186 177 180 199 202 205 198 187 181 197 211 225 218 214 213 206 201 196 192 191 187 178 182 179 180 189 185 180 188 189 202 211 208 200 182 182 192 191 184 182 182 200 207 205 190 195 210 221 220 202 211 213 224 220 220 214 213 212 204 201 197 188 182 183 193 191 198 194 188 186 187 190 201 215 214 203 198 192 190 193 191 184
227 227 223 223 211 198 190 204 221 218 206 197 202 197 190 183 178 177 176 174 183 199 216 214 206 201 184 187 200 219 214 204 201 197 197 199 189 186 181 179 190 190 192 194 190 189 191 192 203 213 198 190 190 190 190 193 192 188 180 186 198 209 198 206 206 220 224 218 221 220 228 227 224 217 214 207 207 202 198 199 196 196 202 201 206 200 192 189 185 188 195 210 222 216 211 198 190 187 192 193
230 217 207 203 196 192 203 222 219 210 207 213 213 208 204 200 192 181 175 177 191 210 221 218 214 198 186 186 207 220 214 205 199 194 190 191 187 179 182 193 197 199 199 197 196 193 196 194 193 202 201 195 195 197 196 199 198 193 186 193 199 210 206 214 212 212 203 205 217 230 228 228 224 215 214 210 213 210 206 204 203 206 211 213 210 201 192 187 184 185 193 205 219 218 217 213 201 189 184 184
228 203 195 196 195 197 218 228 226 222 222 223 216 204 199 200 199 181 179 194 212 220 221 212 206 199 193 185 196 209 211 206 201 199 196 186 183 182 189 201 206 205 198 188 185 184 185 185 185 193 202 190 187 193 198 198 202 199 193 195 209 217 214 219 214 200 193 198 217 226 213 224 220 209 215 215 212 208 206 208 209 213 219 216 210 200 195 194 187 182 196 211 217 216 215 214 212 203 190 182
217 200 204 220 216 213 223 234 229 226 225 220 208 196 188 184 182 177 182 195 196 215 227 219 213 211 202 191 188 193 204 201 198 197 197 191 183 186 201 202 204 192 185 181 179 179 177 177 183 183 189 191 183 181 184 187 196 201 200 201 217 220 221 223 208 196 189 192 202 216 203 215 220 208 205 210 204 200 197 199 196 206 203 210 211 203 198 199 190 180 190 210 216 214 214 212 204 200 190 184
208 198 211 232 212 228 236 230 211 204 202 196 196 192 187 181 180 184 180 182 187 207 227 222 217 216 206 201 194 193 200 200 194 190 193 187 183 190 197 195 190 184 180 177 177 177 175 175 179 178 178 182 182 176 178 180 182 188 193 202 219 223 227 220 200 192 188 186 193 204 198 197 210 209 199 197 193 190 189 185 185 190 198 214 214 210 196 196 191 179 185 203 215 215 210 213 210 199 194 193
207 199 217 225 215 227 226 211 199 198 192 187 186 185 184 182 188 196 185 181 187 202 227 224 219 215 207 201 195 195 203 201 194 189 186 185 186 187 188 186 183 180 178 178 177 176 177 176 175 175 174 176 176 174 175 177 183 185 187 192 203 220 214 207 197 191 188 183 188 195 192 188 205 208 209 206 203 200 194 186 187 182 201 215 210 200 192 192 189 177 183 194 201 211 205 210 214 210 211 209
207 202 218 225 219 223 212 202 196 192 192 193 191 191 184 187 198 199 189 184 190 200 224 224 219 216 213 207 199 202 205 204 197 191 189 189 187 186 186 184 183 183 183 183 182 182 184 182 179 174 173 173 174 173 174 177 186 183 188 190 197 211 209 201 197 195 189 184 181 187 189 183 195 199 207 202 195 203 205 198 205 186 183 199 205 209 195 185 183 177 176 184 187 199 205 199 206 213 213 212
206 206 218 226 228 218 203 199 195 197 203 203 201 196 187 195 203 198 188 187 195 206 218 222 220 218 215 206 204 209 201 196 195 192 188 187 185 185 188 187 189 190 188 188 186 185 184 183 180 176 174 174 174 173 173 175 183 180 184 187 198 209 217 213 211 212 204 187 179 183 181 179 185 184 190 199 188 190 210 214 211 196 183 177 184 197 195 189 181 177 172 178 196 211 211 203 197 206 210 206
208 206 219 224 221 212 207 200 200 207 210 207 200 193 189 201 203 197 189 192 197 213 229 223 216 216 211 199 202 206 201 194 187 187 186 185 184 186 191 191 191 189 188 187 187 186 185 185 183 181 179 176 174 173 173 175 176 180 189 195 197 202 215 221 219 216 212 193 180 177 176 175 180 180 181 186 180 187 211 222 211 198 191 178 172 175 181 189 190 185 172 174 193 209 209 202 194 193 196 200
213 205 217 222 214 207 204 201 206 217 215 210 204 194 197 203 202 194 192 196 203 214 230 226 218 212 202 195 195 196 194 191 186 186 186 185 184 184 184 183 182 182 180 180 180 180 179 179 180 182 182 180 178 174 173 174 175 181 188 195 192 194 209 219 210 201 196 191 183 178 175 173 172 173 175 177 176 191 213 223 215 211 206 193 179 167 179 191 197 192 175 169 179 190 208 209 203 194 188 185
215 208 220 224 218 211 208 210 211 219 216 207 199 198 205 205 199 198 200 202 205 210 217 222 214 213 200 193 191 190 189 188 188 186 185 185 184 184 183 182 181 180 180 179 178 178 177 176 175 175 175 177 179 175 173 174 177 181 183 184 187 198 218 226 226 215 195 189 187 183 182 182 177 177 170 168 172 183 205 208 210 211 209 208 183 167 176 185 187 187 172 167 172 181 200 209 211 209 202 187
214 211 223 229 228 220 217 220 220 221 215 204 201 206 209 204 203 208 209 209 209 206 207 211 202 197 193 191 191 190 189 188 188 187 186 188 188 188 184 184 183 182 183 185 188 185 182 183 181 176 174 173 174 173 175 176 180 181 180 184 194 210 213 212 210 213 211 204 203 200 204 208 203 200 185 171 166 182 208 198 197 210 205 193 180 167 172 175 175 176 167 167 174 190 201 204 206 208 203 199
218 212 231 235 237 231 227 226 223 216 208 204 211 212 212 205 214 217 216 212 208 204 200 200 195 194 193 195 194 194 194 194 190 191 191 192 191 190 186 188 185 187 189 191 194 193 188 192 193 188 184 181 175 172 173 176 175 176 179 185 194 209 209 198 196 195 195 192 192 203 218 211 200 202 190 173 165 178 202 195 182 190 191 183 183 172 163 169 162 164 167 176 189 198 200 198 200 197 193 199
226 213 223 242 243 237 229 222 218 217 217 210 220 220 214 211 222 222 218 213 213 210 201 195 195 201 204 206 199 203 203 198 193 196 196 195 193 191 190 192 189 189 193 196 197 196 193 196 196 194 193 190 181 173 171 172 172 180 184 182 186 194 201 202 194 187 186 184 184 190 200 194 190 180 183 174 167 165 175 181 177 181 181 177 176 174 165 162 163 171 173 180 193 199 200 198 193 188 184 190
231 217 215 238 244 235 226 228 230 229 219 218 227 225 213 220 225 223 219 220 218 208 197 197 204 209 211 208 202 208 206 196 200 202 200 199 197 192 195 196 194 191 197 199 200 199 196 193 193 193 194 194 191 179 171 171 171 176 179 178 182 186 191 198 196 191 183 178 176 179 189 186 184 178 172 167 164 162 164 167 169 173 172 170 165 161 160 159 160 166 169 174 185 188 195 197 194 192 185 176
227 230 216 232 245 237 233 238 236 229 218 226 233 229 217 221 229 225 223 223 215 202 197 212 216 218 214 207 206 212 203 200 210 211 206 203 199 194 201 200 199 195 200 204 206 204 198 193 188 185 188 191 187 177 171 170 170 170 172 179 183 179 185 188 183 183 186 181 175 173 181 182 175 170 166 163 161 161 160 161 162 163 162 159 159 158 157 158 157 157 159 163 168 171 178 185 185 182 180 177
241 239 222 223 244 242 239 240 237 229 220 233 238 229 219 217 230 230 227 220 210 199 202 225 221 223 219 212 212 211 201 211 221 222 214 206 199 200 203 204 203 199 204 212 215 210 200 199 194 188 183 179 175 177 178 171 170 169 169 174 176 174 178 183 179 175 177 175 171 170 178 177 171 166 163 161 160 160 160 159 158 158 157 157 157 156 156 156 156 156 155 155 155 156 162 171 172 171 170 169
253 245 231 219 239 248 245 238 230 226 230 239 238 227 225 221 228 232 227 219 206 200 210 232 227 228 222 216 218 206 209 223 231 228 217 206 201 208 209 212 211 204 208 219 221 213 205 203 197 192 187 181 178 188 187 176 170 168 168 169 169 170 173 176 175 171 174 172 170 168 169 173 169 163 161 160 159 159 159 159 158 157 157 157 157 157 156 155 156 156 155 155 154 154 154 157 159 159 160 160
261 251 239 223 232 250 246 240 239 237 241 244 237 230 230 224 232 232 224 214 202 202 218 238 236 233 224 222 217 206 218 233 236 222 209 206 207 216 216 219 217 206 212 225 225 216 206 200 193 188 185 183 183 187 190 185 175 169 168 168 167 166 167 168 169 169 179 179 178 174 167 169 167 161 160 159 159 159 158 158 158 157 158 157 157 157 156 156 156 155 155 155 154 154 154 154 154 154 155 156
266 255 242 226 230 250 251 249 251 250 250 248 242 237 230 228 235 233 224 212 203 205 220 235 244 238 231 229 218 208 223 239 233 213 214 215 214 224 224 225 220 209 219 229 228 218 205 198 196 195 193 191 189 189 189 187 177 174 169 167 167 166 166 165 165 165 174 175 173 172 166 168 166 161 160 160 159 158 158 158 158 158 157 157 157 157 157 157 156 155 155 155 154 154 155 155 154 154 154 154
270 261 246 225 235 251 258 255 260 258 250 242 236 233 231 236 238 233 223 209 202 205 210 215 238 247 239 232 220 210 223 238 232 217 223 219 223 232 232 227 218 215 228 233 231 219 207 207 204 202 199 197 194 191 187 183 188 183 174 170 167 166 165 165 164 164 163 163 163 163 163 163 162 162 161 160 159 158 158 158 158 157 158 157 157 157 157 157 157 156 155 155 155 155 155 154 154 153 153 153
272 263 245 225 237 252 262 263 264 257 248 246 243 242 243 243 239 229 218 205 204 212 219 220 222 245 243 231 218 213 217 235 235 221 230 224 228 238 237 230 220 220 233 236 232 223 213 212 208 204 200 197 194 190 186 185 190 188 180 174 169 166 166 165 165 164 164 164 163 162 161 161 161 161 161 160 160 159 158 158 158 158 159 158 157 158 157 157 157 157 156 156 156 155 155 154 154 153 153 154
271 262 241 230 251 250 261 266 266 258 251 248 246 244 242 238 235 230 214 204 210 218 225 230 223 235 240 229 220 221 218 228 237 227 235 231 233 243 240 231 223 228 236 237 232 224 217 213 209 203 197 192 189 187 184 180 186 190 185 173 167 170 172 174 173 174 175 173 170 164 164 164 161 160 160 160 159 159 159 158 158 158 158 157 159 160 160 158 157 156 156 156 156 156 155 155 154 154 153 153
