# 100 100
204 205 203 198 195 195 195 195 197 200 199 197 196 195 197 195 195 196 200 208 226 232 228 215 220 226 235 240 244 259 287 296 298 300 299 300 317 300 300 295 279 267 258 268 274 280 314 365 362 367 342 379 388 382 381 383 393 398 397 372 356 332 372 382 341 292 287 287 327 358 313 318 316 336 356 347 316 320 355 357 344 344 347 340 329 317 306 298 290 274 268 299 307 295 272 286 290 281 292 300
211 211 207 200 197 199 198 198 196 197 197 197 196 198 197 197 197 198 203 222 229 233 233 229 218 223 235 230 245 261 279 288 291 292 290 285 288 289 282 269 252 256 260 272 276 278 285 347 386 389 383 390 394 377 344 340 373 379 385 397 398 391 396 381 321 295 299 316 310 364 360 369 359 343 368 357 326 325 360 366 356 352 347 327 307 299 297 290 279 275 298 314 316 302 282 285 303 299 291 305
213 210 203 198 197 200 200 201 198 198 198 200 200 199 199 198 199 200 202 215 222 229 236 234 225 219 219 231 242 251 261 268 275 277 273 265 275 276 268 248 266 277 276 277 288 292 285 325 386 395 393 388 382 367 317 306 324 318 335 384 384 397 408 374 319 295 312 353 327 384 392 386 380 377 380 373 357 350 366 375 368 361 349 326 325 320 318 307 289 294 296 321 324 314 299 289 310 313 304 304
215 211 204 200 200 203 202 202 199 200 200 203 203 203 201 200 203 205 205 208 217 229 236 237 233 229 227 221 234 243 245 249 254 256 254 244 250 251 247 257 274 290 289 280 288 303 306 323 373 374 378 344 324 332 317 296 293 296 325 352 321 364 408 364 334 313 341 388 381 392 387 374 369 382 388 388 382 380 380 382 379 371 353 346 344 337 328 303 307 305 297 315 331 327 312 298 318 325 317 309
221 219 214 206 202 207 205 202 202 205 204 207 208 205 202 201 205 208 212 222 227 233 236 235 236 236 245 229 223 229 233 232 232 234 236 238 242 249 257 278 287 295 296 294 292 296 331 349 338 315 336 325 295 290 289 289 290 309 327 317 304 349 386 361 376 363 366 381 341 337 328 325 328 351 382 394 383 376 379 382 383 378 366 363 356 339 318 307 329 317 319 312 334 337 324 306 325 334 330 322
216 224 223 213 205 208 208 206 208 212 212 214 214 207 206 204 204 209 213 223 233 231 231 224 228 228 232 230 225 224 229 238 242 242 248 260 261 256 279 294 300 300 300 300 297 295 314 336 319 299 301 312 295 287 284 286 292 313 308 296 298 308 320 318 329 346 356 352 318 307 304 304 309 323 369 393 346 313 327 355 381 380 375 368 361 345 327 321 341 332 335 325 336 346 337 323 325 339 342 338
218 221 220 213 209 211 210 208 211 220 223 223 218 211 210 206 204 208 212 217 224 220 218 219 223 225 229 231 231 234 244 256 265 255 252 273 277 264 289 304 306 305 306 314 310 301 300 306 304 296 293 295 292 286 282 292 316 313 296 290 296 296 301 307 309 317 324 322 317 309 302 301 308 341 380 394 372 322 288 335 369 368 358 349 363 361 346 336 352 347 350 347 347 355 352 346 344 346 349 347
217 222 221 220 218 217 213 215 216 227 239 234 228 219 218 210 206 206 209 212 213 214 217 222 229 231 237 240 238 243 251 269 283 272 260 279 296 274 298 310 311 310 311 330 329 311 301 298 297 296 291 289 287 283 281 289 316 303 290 289 292 294 300 303 308 315 318 317 317 315 304 299 301 313 327 378 382 327 282 320 336 320 306 310 363 372 365 355 362 363 363 362 360 362 361 358 356 355 352 343
217 221 225 225 223 221 216 220 225 240 253 248 232 220 215 212 213 208 207 209 212 215 220 227 243 245 245 256 251 246 253 275 292 283 274 279 305 281 303 315 316 315 315 328 321 311 303 299 296 294 292 286 284 281 279 289 297 290 289 285 289 295 297 303 309 312 313 316 314 314 309 299 297 299 304 360 364 299 278 297 305 286 288 334 368 378 376 370 365 364 365 358 350 360 359 345 354 359 351 319
218 219 221 223 224 219 220 232 241 238 264 267 244 233 227 221 217 211 209 210 213 217 224 228 244 258 249 266 270 268 260 279 297 305 294 284 302 295 311 321 322 320 320 327 319 311 306 302 298 292 287 282 281 280 276 288 289 285 285 283 291 296 294 302 309 311 311 315 312 312 309 303 293 295 298 334 340 290 277 274 284 282 287 345 368 371 372 359 327 321 353 326 296 339 341 293 329 359 356 339
222 222 223 223 225 222 220 229 233 238 257 277 246 244 242 236 225 217 212 212 216 220 227 231 237 246 262 277 290 284 267 283 302 326 321 312 310 317 324 325 326 323 320 319 316 313 309 305 301 298 292 284 276 273 278 284 284 280 277 282 289 294 292 299 307 306 309 312 308 308 306 300 295 288 292 291 291 284 274 272 268 269 279 335 348 313 336 331 282 279 310 303 273 288 294 275 311 353 353 333
230 227 223 220 222 223 222 225 225 229 239 262 271 279 278 265 240 224 216 215 219 228 227 232 238 255 280 297 305 299 285 284 308 333 333 329 321 330 329 326 325 323 321 320 317 314 311 308 304 300 294 290 283 267 279 280 276 273 272 276 280 285 285 296 303 300 305 306 302 302 303 297 294 284 283 279 275 280 273 270 266 272 288 318 318 284 283 291 276 266 266 270 266 262 261 264 301 328 314 293
228 226 219 216 220 224 225 224 223 228 241 276 312 325 318 286 252 233 223 219 221 237 239 245 246 264 285 305 316 312 304 293 310 338 338 335 335 334 330 328 325 318 309 318 317 315 312 309 305 300 296 293 282 267 281 281 276 271 268 270 271 275 277 284 290 292 295 297 293 295 295 288 287 281 277 272 268 275 280 266 263 274 295 291 282 272 268 267 268 264 261 261 260 259 257 266 290 297 276 269
214 214 214 215 217 220 221 222 223 229 239 272 311 319 312 281 255 242 233 228 232 226 233 247 249 261 287 310 334 339 323 310 319 342 342 341 341 338 334 332 329 319 298 294 296 304 306 299 298 297 295 295 291 275 266 279 277 274 267 269 267 269 270 274 277 279 280 282 282 285 289 281 276 273 278 277 268 265 277 267 261 262 278 273 266 264 264 264 268 267 261 258 257 255 254 276 301 292 273 264
218 216 220 221 218 223 231 235 227 229 235 251 277 285 279 267 249 249 244 244 250 236 232 233 244 257 280 308 328 346 352 338 339 349 347 347 347 342 338 326 316 313 321 300 284 281 278 278 276 273 270 284 294 289 263 274 281 279 273 265 265 266 268 269 268 270 271 273 288 305 306 296 282 272 281 282 271 263 260 259 258 259 276 274 266 262 261 262 271 273 264 257 255 253 253 271 294 281 267 260
228 226 226 226 223 229 242 256 235 231 236 245 260 266 260 247 241 243 247 252 251 250 246 243 243 251 271 297 311 320 345 353 351 354 352 351 349 346 339 337 337 334 319 303 313 301 306 308 303 295 278 263 280 286 260 279 286 284 279 270 262 270 272 270 266 266 267 284 334 346 336 323 305 286 270 267 268 269 269 265 258 270 295 285 271 264 260 260 269 284 272 260 253 250 252 282 293 276 262 256
234 238 238 233 229 229 237 249 248 245 244 261 254 262 257 241 236 237 239 242 244 246 247 250 252 260 272 282 295 310 323 348 356 358 356 354 352 347 344 345 343 333 323 330 329 324 324 320 314 295 282 278 262 272 259 283 288 286 278 265 271 274 274 270 265 264 267 281 335 331 302 301 304 286 277 294 306 306 296 281 264 269 305 295 273 262 259 255 258 277 289 271 257 251 250 296 311 297 277 262
230 237 244 242 234 227 228 235 241 240 242 252 246 247 243 234 232 233 233 235 238 242 243 245 250 260 264 271 283 297 310 327 353 361 360 358 356 351 350 350 346 342 341 338 335 332 330 325 319 313 303 279 263 254 255 275 285 280 262 267 279 279 275 270 267 265 268 292 346 348 318 288 280 293 316 329 328 319 305 287 266 254 261 264 262 255 254 253 251 255 285 286 262 247 249 284 317 312 296 280
227 235 247 246 231 225 222 228 231 230 236 239 235 237 238 231 229 230 234 236 239 243 246 249 253 255 257 266 273 282 296 309 335 361 365 362 359 355 355 353 350 347 343 338 335 335 332 328 325 320 312 296 273 256 251 255 259 258 264 285 287 283 277 271 265 269 272 298 360 363 345 307 310 337 342 336 315 280 268 263 258 255 252 250 249 248 247 246 247 246 260 283 262 246 246 256 293 302 294 284
232 238 246 239 224 220 219 223 224 229 230 229 227 229 233 231 228 230 239 239 241 247 246 253 257 260 265 258 258 268 288 310 334 362 368 365 358 353 354 352 347 331 313 300 302 306 316 317 318 310 299 285 264 262 263 253 253 274 287 292 291 286 277 266 272 276 275 301 355 368 365 323 346 357 336 304 279 279 281 277 273 268 262 255 256 256 253 252 247 244 249 277 279 261 245 242 263 290 292 291
234 239 242 232 221 216 216 218 221 223 224 223 222 223 229 232 228 229 237 237 239 249 248 249 252 257 253 247 263 276 302 333 358 368 368 366 364 358 330 319 310 305 299 290 281 279 278 282 282 274 268 265 269 275 273 257 252 280 298 297 292 285 270 273 281 282 282 289 311 331 369 370 372 361 305 280 278 310 305 291 279 271 267 263 273 279 284 282 275 264 250 252 270 273 263 253 244 274 273 284
230 235 235 225 220 216 213 214 218 218 220 219 220 222 227 230 225 228 231 233 236 242 244 245 246 249 245 245 266 289 305 323 348 370 372 370 365 356 327 332 329 329 316 298 284 286 277 278 276 279 283 283 284 286 274 258 249 272 300 298 286 269 262 283 288 286 286 286 286 295 349 374 376 370 349 325 291 312 293 284 286 298 296 277 301 308 306 296 283 270 255 246 243 243 243 241 239 249 253 262
227 226 225 218 217 217 214 211 214 215 218 216 218 220 223 224 223 226 228 231 234 236 239 241 241 238 240 248 257 276 297 311 325 360 376 374 370 365 355 361 358 355 319 300 303 301 293 297 293 298 303 297 294 289 276 262 247 258 285 293 271 262 281 291 293 291 289 287 283 286 303 333 352 365 368 359 324 323 320 328 328 331 314 289 320 317 297 268 261 261 266 272 268 265 266 266 261 249 239 239
223 220 215 211 210 211 211 210 211 214 216 215 218 220 223 221 221 224 227 228 230 232 235 236 238 237 243 249 254 272 284 302 321 346 378 378 376 373 371 369 365 351 318 308 327 309 310 315 312 323 321 297 282 270 258 251 247 247 262 270 257 267 292 299 298 295 290 283 284 287 290 295 301 322 364 370 365 361 356 352 349 345 322 310 325 293 273 285 271 295 290 287 295 290 284 276 267 252 255 253
219 215 211 209 207 209 209 208 210 213 214 215 219 223 225 219 220 221 224 225 225 227 229 230 230 233 237 245 253 261 275 297 320 341 380 380 377 373 367 352 353 362 342 336 353 350 349 349 346 344 311 290 272 260 260 255 250 244 247 248 252 271 299 305 303 296 275 285 292 291 289 290 292 291 334 357 358 357 352 346 345 349 346 337 299 291 312 295 285 316 308 300 308 291 263 255 258 272 275 265
213 210 208 206 207 208 207 207 210 211 214 217 222 224 222 217 218 218 220 222 222 223 225 226 227 228 232 236 243 256 281 303 322 349 377 357 343 348 335 311 315 352 364 366 366 365 362 358 354 330 302 282 277 280 277 266 265 246 242 250 267 290 309 310 304 287 266 294 298 295 287 289 289 283 284 292 290 293 289 287 291 330 352 342 302 333 309 282 312 329 325 316 306 271 283 273 288 295 282 276
204 204 203 204 204 205 205 208 214 216 214 218 222 221 218 216 216 216 218 220 220 221 223 224 225 228 234 237 243 256 275 298 321 358 347 327 318 315 312 297 299 326 343 344 361 370 368 360 321 302 289 290 297 297 294 283 274 251 241 247 267 300 316 308 289 265 259 268 279 282 292 293 291 285 280 277 274 273 268 267 271 301 352 353 346 348 337 327 330 337 329 307 282 283 308 284 298 303 285 289
207 204 205 208 208 207 205 209 215 215 215 218 216 215 214 215 215 215 217 218 219 220 221 222 224 230 236 238 244 251 270 299 333 364 330 310 297 299 301 290 288 301 308 302 326 363 374 355 316 296 292 307 311 316 301 282 267 253 242 244 262 287 299 278 262 258 277 297 291 296 301 300 294 290 287 284 278 270 267 265 269 289 347 359 355 346 338 340 344 342 324 285 279 313 321 303 300 309 298 304
215 206 205 208 210 209 208 207 212 213 217 215 213 212 213 214 214 215 216 217 218 220 223 224 226 231 238 240 242 250 264 288 318 343 331 314 293 284 287 281 287 290 286 291 310 341 369 342 315 291 285 309 322 317 293 283 276 255 245 239 247 255 264 259 249 264 292 316 312 311 309 305 300 296 293 289 285 272 264 269 270 272 300 333 334 300 287 304 336 344 337 319 302 314 331 321 312 316 311 314
221 211 206 207 209 212 209 207 210 212 213 214 212 212 214 215 216 216 216 219 219 220 222 224 226 230 234 237 241 250 258 281 304 320 317 297 289 277 277 274 275 284 278 290 306 316 323 311 298 280 274 283 287 287 274 268 277 261 251 240 240 244 249 245 254 270 304 323 320 317 313 309 305 302 298 294 288 277 261 271 271 269 267 271 276 268 264 267 295 334 344 343 334 325 337 333 329 327 322 314
221 213 208 206 208 213 210 207 209 210 209 210 210 210 212 212 214 215 216 218 219 220 222 225 227 230 236 242 244 247 255 269 283 298 299 294 280 273 270 270 272 274 272 277 294 295 302 291 281 285 266 265 279 279 265 257 259 267 253 242 237 242 243 243 252 264 286 301 297 298 311 314 311 299 289 294 290 280 261 278 275 271 266 262 259 259 258 260 266 292 334 347 345 340 336 333 332 331 326 313
226 217 210 207 208 212 213 210 207 210 211 212 212 210 213 214 215 223 217 217 220 224 223 224 227 232 244 245 248 253 257 258 262 269 277 290 280 275 269 265 267 269 268 271 278 287 284 277 269 275 268 258 262 271 262 256 252 258 247 241 236 238 239 242 250 258 262 266 264 275 307 320 316 288 268 269 291 274 259 283 280 276 271 267 262 257 255 257 262 269 295 340 340 322 304 295 305 323 329 326
226 215 207 206 211 216 218 214 209 212 215 215 215 214 215 215 225 232 221 221 227 232 231 229 230 235 239 240 243 245 249 250 251 255 269 279 273 283 271 264 262 264 266 270 271 269 273 274 263 258 256 253 257 260 254 247 253 263 256 243 236 236 239 242 247 256 252 258 267 289 323 325 321 308 277 256 265 255 262 287 284 279 274 271 266 256 255 256 260 263 273 319 318 267 253 250 254 286 318 321
215 208 210 208 212 218 219 213 209 212 217 217 218 218 219 217 226 229 228 231 236 238 238 238 235 236 242 249 252 251 253 258 257 266 272 269 268 273 268 266 261 259 265 264 264 264 262 260 257 254 251 256 253 257 251 245 247 250 255 244 236 238 246 255 252 252 256 264 283 324 333 330 301 275 265 253 247 250 281 292 288 280 267 272 260 255 261 258 258 262 268 300 311 269 257 247 244 253 272 282
210 209 213 209 208 211 214 213 213 209 212 217 219 222 222 221 226 225 226 228 229 230 231 232 232 240 256 271 273 268 272 271 267 280 276 271 265 264 265 268 262 258 258 256 260 264 261 261 258 252 248 254 249 252 250 244 241 245 247 240 235 246 262 264 264 261 267 271 283 312 333 330 296 265 254 252 246 255 294 296 291 276 252 252 262 266 263 262 261 263 277 307 316 290 257 244 240 242 244 248
210 212 213 211 210 209 216 220 219 212 210 213 215 220 223 225 225 223 222 223 224 225 227 229 233 246 271 281 284 283 283 280 270 274 267 266 266 263 260 263 261 258 263 256 254 262 263 256 256 252 246 249 245 247 246 245 239 241 242 240 235 240 255 262 268 267 269 276 273 277 293 289 276 261 254 247 243 247 279 293 276 257 245 261 277 274 269 267 263 258 258 273 274 254 246 241 237 238 239 243
211 214 216 215 213 209 219 227 223 215 210 215 216 216 219 221 223 221 221 222 225 230 233 233 235 252 267 267 275 278 277 267 263 270 265 262 265 263 258 259 262 262 269 262 253 263 265 254 250 248 247 243 241 239 238 237 236 235 235 234 234 233 237 250 265 268 264 259 265 263 278 274 266 269 271 256 242 241 256 260 250 244 253 271 280 279 274 271 267 261 255 249 248 245 243 240 237 234 236 238
211 215 218 217 212 210 217 227 225 215 211 216 218 218 220 220 221 220 220 222 227 234 242 241 238 242 249 251 258 268 270 258 261 269 264 260 261 262 258 259 260 261 266 263 252 259 263 256 248 248 246 241 239 241 239 240 241 242 241 240 239 234 233 247 257 258 250 252 260 266 271 267 272 278 270 262 247 237 240 243 239 246 276 292 289 284 279 274 272 265 259 254 250 245 241 238 237 233 233 233
214 216 215 215 211 214 226 232 226 216 212 215 216 217 220 217 218 218 221 223 229 238 247 249 250 246 246 258 261 261 256 253 271 273 266 261 259 260 257 257 255 255 260 257 251 249 255 255 249 243 240 243 245 248 247 246 249 255 257 252 242 239 234 233 238 239 243 261 265 261 259 271 262 261 259 257 247 236 235 239 246 252 264 292 294 289 284 280 275 270 264 260 256 252 247 242 236 233 231 230
216 217 214 210 210 215 228 236 227 219 213 214 216 217 217 219 221 220 221 225 234 247 252 254 251 245 245 257 265 266 258 249 262 271 267 264 259 257 257 254 253 253 258 258 256 251 247 249 245 241 245 250 255 266 266 256 262 272 271 256 246 248 241 233 231 232 241 257 263 255 256 269 264 260 253 248 246 237 235 250 255 271 276 293 300 295 290 285 280 274 269 266 261 256 252 246 238 236 235 231
219 218 215 211 214 214 226 239 232 225 217 213 216 217 217 220 220 219 221 227 245 254 252 249 248 241 241 243 250 256 255 246 256 265 265 265 263 259 255 254 253 252 255 254 256 255 252 246 243 244 247 253 263 281 283 271 284 289 281 262 264 261 245 240 240 232 232 243 255 248 259 262 261 261 258 248 241 235 239 252 278 300 309 309 307 302 297 292 286 280 276 271 267 262 256 250 240 240 240 235
220 219 216 212 213 214 222 236 240 228 218 213 215 218 221 222 218 216 219 225 244 250 248 244 248 241 235 239 246 247 245 243 245 258 260 261 260 257 255 256 253 253 251 251 250 251 250 245 245 250 254 261 269 292 299 292 304 302 293 284 278 266 246 256 253 241 233 231 236 237 245 245 250 250 257 255 246 233 241 254 291 322 319 311 310 307 302 297 291 286 280 277 273 267 262 256 245 235 245 242
220 218 215 213 215 216 217 222 230 222 216 216 217 214 216 216 217 218 218 219 231 234 237 237 240 237 232 236 240 242 242 239 241 247 250 254 257 254 256 259 254 259 255 256 250 248 248 245 249 253 264 280 288 305 320 320 317 313 304 289 269 257 262 270 259 241 247 241 232 230 230 228 233 252 258 253 244 233 254 259 290 321 296 273 276 284 288 291 292 292 282 267 269 271 268 262 240 240 252 250
221 217 214 214 216 218 219 218 221 220 217 218 218 216 218 218 219 220 220 220 223 229 229 232 234 232 230 231 235 239 239 236 238 240 240 244 247 251 259 260 255 259 260 256 251 254 251 246 248 252 261 280 303 327 337 334 329 322 296 280 281 282 283 278 254 254 263 253 248 250 248 232 234 257 259 253 241 233 250 260 275 280 268 258 253 257 256 262 294 294 290 278 256 250 261 254 229 250 259 255
220 216 214 215 217 219 222 222 220 221 219 218 219 218 220 220 221 221 222 221 224 227 227 229 230 228 228 229 235 236 234 234 234 235 236 238 241 249 262 260 255 261 263 256 252 254 251 249 253 252 259 273 296 331 349 344 337 327 315 310 304 298 291 274 260 274 271 265 265 261 249 230 236 257 260 253 240 237 248 255 264 264 257 251 245 246 244 249 258 254 256 255 250 241 237 231 225 239 252 240
217 216 217 216 217 220 225 227 223 221 223 221 220 218 220 223 225 223 223 223 221 225 225 226 226 226 231 235 234 233 232 233 236 235 237 239 243 258 264 259 257 263 261 258 255 253 250 251 256 254 258 274 297 323 346 348 340 332 325 318 309 301 293 284 282 282 279 275 269 257 237 228 228 242 257 254 239 244 255 257 258 254 254 245 240 237 241 239 234 231 231 226 225 231 246 245 235 224 224 220
217 218 219 219 217 220 225 229 225 223 225 227 225 222 221 226 236 230 225 225 223 223 225 225 225 227 231 232 231 235 237 238 241 239 240 240 244 254 265 261 258 265 264 263 258 254 253 253 254 256 257 268 287 311 333 341 334 328 319 315 309 304 299 293 287 280 273 269 262 247 237 243 231 228 235 239 231 245 255 253 245 246 253 249 240 234 242 247 244 235 220 217 217 224 243 260 246 227 216 224
217 220 220 221 218 220 224 227 227 225 225 230 231 228 223 226 242 240 232 228 224 229 233 230 228 227 228 229 234 237 238 243 247 245 246 244 251 264 265 262 259 264 266 264 258 257 258 258 260 260 260 269 277 294 322 331 324 313 306 303 300 297 293 286 282 268 251 246 242 244 261 258 244 232 226 225 228 251 251 246 235 236 245 246 232 245 249 238 233 226 217 217 215 216 228 237 235 224 217 223
219 223 222 223 220 219 222 228 231 229 227 228 233 233 229 226 236 248 241 232 227 229 240 235 232 231 234 235 232 233 237 241 246 249 252 252 264 269 266 263 263 264 262 261 259 265 267 266 266 262 261 265 272 288 313 321 316 303 293 287 289 285 284 278 267 253 259 265 264 270 271 266 258 248 231 224 224 226 229 225 226 225 225 226 224 235 242 237 228 220 223 222 216 214 220 232 236 227 216 223
219 225 227 225 222 222 220 231 234 233 230 229 232 234 233 228 231 246 248 240 235 228 232 240 240 238 243 242 236 233 235 238 243 248 259 266 265 274 273 268 268 267 263 264 265 274 273 270 267 268 268 270 274 296 311 332 337 311 294 282 274 272 274 270 258 270 279 279 277 273 266 257 244 230 229 231 231 230 234 245 244 237 233 226 222 220 220 220 220 225 230 224 218 214 222 235 229 220 214 218
221 228 236 229 225 225 221 233 237 235 231 232 234 233 230 231 232 240 251 250 242 232 231 239 244 243 250 249 239 236 238 237 241 245 257 273 264 282 283 276 273 270 266 268 276 278 276 276 274 279 286 293 279 295 312 354 367 344 302 279 268 264 268 267 281 286 288 285 275 267 257 242 230 242 251 246 251 249 256 259 254 245 247 245 239 228 235 239 243 240 227 221 220 216 221 227 228 222 217 215
223 232 240 235 231 225 222 233 238 234 230 231 234 235 237 238 234 239 252 251 241 234 232 234 236 238 242 247 243 242 242 241 243 249 255 265 273 285 295 286 276 270 270 275 280 281 284 289 293 306 311 303 291 285 307 351 354 343 324 292 276 274 274 277 283 290 289 280 269 256 240 231 249 259 264 261 264 264 267 266 261 258 261 260 254 238 250 251 250 239 224 233 231 225 215 221 231 229 220 213
224 231 241 240 234 225 223 235 239 236 232 232 233 235 237 237 235 239 252 252 242 236 234 237 239 242 248 250 245 248 247 244 248 257 266 265 280 300 309 295 282 272 280 284 287 286 294 299 321 324 312 300 291 296 322 347 340 318 302 291 289 292 286 286 283 288 286 277 264 245 236 252 263 271 275 272 272 274 274 275 275 273 269 260 250 241 254 254 246 227 236 241 239 232 220 213 223 218 211 209
226 235 242 240 234 228 223 231 238 239 235 233 235 236 237 238 239 244 253 254 245 240 237 241 244 247 255 256 248 251 253 251 251 259 273 277 289 317 327 309 291 275 288 294 297 298 309 318 336 344 333 316 303 319 339 336 333 324 315 298 305 306 311 297 287 287 283 272 253 236 251 269 275 283 287 283 279 282 285 287 288 281 271 256 248 248 253 249 235 226 245 246 243 238 231 217 212 212 214 217
229 235 238 235 232 229 223 226 228 234 234 238 241 241 239 240 240 250 256 253 245 244 239 242 246 249 258 267 266 251 256 262 259 264 278 299 319 331 314 296 287 275 283 292 298 300 304 319 336 333 336 330 321 323 319 321 326 330 333 331 319 313 302 302 292 286 279 266 240 245 264 279 287 293 296 293 287 286 289 291 292 283 266 258 258 257 255 248 232 237 253 251 247 243 240 236 230 218 227 228
232 236 236 234 231 225 228 231 228 229 232 237 244 248 246 242 242 250 256 253 250 248 243 245 245 249 259 279 275 255 255 263 264 281 304 328 329 320 311 306 293 279 300 300 301 311 322 326 320 312 320 315 299 289 290 304 319 328 338 347 330 299 296 292 288 278 271 262 241 250 270 280 291 299 301 297 287 281 280 289 293 287 277 270 265 262 251 238 234 253 260 255 251 247 243 230 220 223 237 237
234 235 235 235 230 226 231 234 231 231 235 235 237 245 249 244 245 247 250 254 256 255 244 248 251 248 253 270 272 263 263 270 270 289 311 329 332 323 311 297 284 293 310 317 317 319 321 319 312 303 307 313 316 310 283 286 303 321 338 318 294 287 294 288 280 274 262 243 240 263 274 286 294 298 292 286 274 268 275 285 292 289 282 275 266 258 240 239 253 265 259 249 243 241 236 221 238 243 245 246
239 235 234 234 230 228 229 233 232 232 235 238 238 241 246 245 252 254 250 260 261 257 247 252 257 258 255 254 259 266 274 281 283 282 310 341 336 336 333 302 286 312 320 322 318 313 312 313 305 299 294 296 301 303 296 275 279 298 321 295 273 278 279 278 265 262 257 240 259 269 281 287 291 293 287 277 270 266 280 276 282 280 270 267 257 246 237 259 266 263 250 246 239 231 228 223 233 240 248 261
244 238 235 233 231 230 230 231 233 234 234 237 240 240 242 249 259 256 252 259 265 260 252 250 255 261 263 262 269 265 275 290 294 298 316 331 335 347 324 294 297 321 322 320 312 303 297 302 302 296 289 286 290 290 298 297 274 271 288 301 286 267 263 270 261 248 242 242 256 267 273 276 283 285 286 283 278 263 266 257 255 259 254 252 249 238 243 252 255 265 272 278 265 239 224 227 234 245 255 268
254 246 240 236 234 232 233 231 233 235 236 237 239 242 244 251 262 258 260 264 268 268 256 253 256 258 266 272 281 275 274 294 303 307 318 325 336 336 302 299 311 320 316 310 310 305 298 290 293 300 295 285 279 279 285 291 295 274 264 271 280 280 261 282 281 253 237 239 252 258 262 269 277 294 306 306 289 271 261 266 264 256 251 246 241 235 243 261 274 277 269 261 266 246 226 240 251 261 280 302
253 249 244 240 238 236 238 237 233 236 238 239 241 244 246 252 265 262 263 273 275 273 259 259 261 264 264 270 278 279 286 284 291 298 315 320 331 308 305 316 323 322 314 302 296 298 299 294 285 291 296 293 286 279 274 272 280 287 275 260 256 255 251 256 263 255 238 245 269 285 288 293 301 309 302 295 287 284 284 289 281 270 264 261 253 237 257 258 262 261 260 246 244 245 228 254 277 289 301 304
253 247 248 248 246 243 241 238 236 236 239 241 244 247 250 257 269 266 264 277 280 276 264 265 268 270 271 272 272 282 295 290 297 308 328 321 312 314 322 326 326 320 310 302 295 289 285 282 278 272 277 282 279 276 277 275 269 266 273 281 279 275 268 254 246 242 238 248 262 269 270 277 277 280 274 276 271 265 266 264 260 258 253 246 245 237 240 245 253 271 274 261 241 234 229 248 261 272 277 277
257 257 267 273 275 259 242 238 239 240 240 241 244 249 252 261 271 270 267 270 282 280 272 269 273 279 281 282 281 281 287 306 328 344 340 328 328 329 327 322 320 316 310 308 305 301 295 290 286 281 274 266 262 262 260 266 273 270 262 266 280 285 284 279 271 255 240 238 246 251 254 258 260 267 282 292 288 280 271 261 258 256 254 248 239 238 250 260 277 282 279 271 251 232 227 231 235 243 251 253
260 263 272 260 255 253 245 240 243 244 246 250 247 251 254 259 269 282 281 273 273 291 284 282 275 286 295 295 298 295 298 314 340 357 348 338 331 326 318 303 299 299 297 296 297 294 289 285 282 280 276 267 274 276 269 259 257 263 265 257 266 276 276 273 269 265 247 238 261 275 280 285 289 293 294 291 287 284 281 276 272 267 256 245 240 247 263 274 276 271 260 252 239 231 234 234 234 235 236 242
264 261 256 252 249 246 243 249 252 256 255 256 251 250 260 281 296 308 293 281 280 299 302 298 292 293 304 313 318 322 325 339 356 347 334 324 316 309 305 302 303 297 294 291 288 285 284 282 278 275 269 276 288 285 274 265 262 257 253 252 257 263 261 261 254 248 241 240 253 262 272 280 286 291 289 281 273 273 273 272 269 263 247 248 252 257 268 275 270 260 254 246 239 250 247 245 241 239 238 242
268 263 258 254 252 251 247 259 262 286 265 268 268 258 265 308 322 324 305 288 284 283 303 314 310 310 303 320 334 343 348 351 353 346 335 328 322 317 314 315 315 311 308 305 302 299 296 293 290 283 274 289 298 294 282 272 272 264 261 259 251 249 248 247 246 249 254 248 248 261 263 269 281 287 282 274 268 261 259 256 253 250 245 261 266 267 276 278 269 261 257 251 247 262 261 256 250 243 244 255
271 265 262 260 264 264 251 258 270 297 267 294 276 260 269 293 332 332 315 307 307 300 290 323 329 327 320 315 330 347 350 350 353 352 349 343 335 330 328 326 323 317 311 303 296 291 287 284 280 278 283 299 308 305 292 281 278 274 272 270 261 261 261 260 262 265 267 258 246 267 276 278 284 289 282 272 265 266 265 264 261 258 252 256 273 279 285 284 275 271 270 262 253 264 271 266 258 246 252 267
274 267 267 277 285 259 254 263 303 320 283 303 269 281 289 301 326 338 324 326 326 314 294 316 337 342 339 335 338 347 345 339 343 349 353 353 347 343 338 326 316 307 301 301 302 299 296 289 289 292 295 305 317 317 307 297 292 289 284 275 269 273 275 275 276 276 274 265 250 251 272 284 291 296 292 281 273 276 277 276 274 270 263 252 263 278 289 292 287 280 278 271 262 267 277 275 264 250 259 272
273 273 275 307 278 260 260 292 342 342 322 317 273 300 309 327 331 344 338 338 328 312 312 307 324 343 350 350 350 351 347 337 329 336 348 353 351 345 337 326 318 315 312 316 318 314 306 300 304 308 312 317 324 324 321 315 310 304 297 288 283 286 290 289 286 279 269 261 256 252 251 272 291 301 301 293 286 285 287 286 282 278 273 263 254 261 283 296 298 292 287 279 272 276 282 279 267 255 272 277
279 285 285 318 281 266 268 298 351 355 344 306 291 296 329 337 348 353 350 341 328 329 329 324 326 339 350 346 345 350 344 333 325 331 342 351 349 342 342 339 334 330 328 332 331 322 315 317 318 320 321 323 322 317 319 319 314 312 309 305 301 301 299 296 284 276 273 272 269 265 252 257 279 299 308 306 299 294 292 286 278 273 266 259 257 258 272 291 302 303 297 286 284 285 283 273 262 257 279 288
281 287 295 324 310 278 275 292 343 362 355 342 339 331 330 352 356 359 353 345 345 347 346 344 344 346 345 334 334 342 336 324 324 333 345 350 346 339 337 341 342 341 338 337 334 330 328 325 315 310 307 309 311 300 307 311 301 296 303 314 314 309 302 294 286 283 278 273 266 256 255 267 270 291 307 302 294 291 286 280 273 267 261 270 271 268 266 281 299 307 305 295 292 285 271 268 271 267 275 294
287 296 305 324 354 316 308 337 357 363 359 356 355 353 350 356 354 352 352 351 354 357 356 353 349 341 334 328 321 327 320 318 332 341 345 346 343 340 335 331 339 340 335 327 325 321 320 317 299 289 288 287 292 290 293 298 297 293 284 299 304 297 286 279 276 266 259 257 256 257 266 279 284 293 305 295 282 277 274 272 269 265 266 271 280 281 277 277 291 307 311 306 297 282 285 285 284 275 274 294
296 337 351 358 372 368 362 361 362 360 348 343 353 359 358 355 346 339 340 336 338 346 349 347 341 335 326 320 313 311 315 328 338 338 333 329 323 327 330 327 337 334 323 316 309 306 302 302 298 302 300 293 285 281 277 276 275 276 277 272 273 267 264 264 262 266 270 272 271 267 268 284 298 306 311 303 291 282 285 287 283 273 278 271 276 287 290 291 293 305 314 313 302 289 298 297 287 279 279 295
302 358 378 375 368 366 363 352 353 357 350 335 341 357 358 351 344 336 330 324 319 322 334 341 341 338 333 326 315 307 326 335 335 329 322 311 312 315 318 323 336 336 323 315 313 315 316 315 319 320 312 302 294 285 283 286 286 282 275 272 271 272 278 279 272 278 283 287 285 279 268 277 299 313 318 314 303 294 299 302 294 281 291 284 275 278 289 298 304 309 317 318 312 302 302 302 294 295 288 294
311 362 375 368 345 353 362 349 336 349 352 338 328 352 357 356 353 348 343 336 328 317 314 328 339 337 329 312 304 321 332 333 325 319 316 307 319 327 329 332 340 341 332 327 327 331 335 336 336 326 300 289 287 292 298 296 295 297 290 289 285 277 293 294 286 278 295 302 301 292 282 274 280 304 320 322 317 308 311 311 298 286 302 298 287 284 286 292 302 312 319 321 319 312 306 305 304 306 303 304
360 369 358 360 335 339 359 356 340 325 336 331 318 343 344 353 357 356 352 346 339 329 314 307 326 327 315 300 320 331 334 328 317 309 304 315 323 333 340 343 345 345 342 338 338 339 341 341 336 319 295 304 306 314 317 306 304 317 313 306 294 284 311 313 301 289 294 315 317 306 292 285 285 289 309 325 326 320 318 308 294 294 306 310 301 294 300 301 311 315 320 323 321 315 313 315 313 313 312 314
345 366 348 327 319 309 327 356 351 331 314 307 300 314 319 340 353 356 355 349 341 333 329 317 306 315 295 302 324 332 334 330 323 309 301 315 326 335 341 343 346 343 338 334 332 330 328 323 313 303 302 327 334 338 335 316 312 334 334 317 292 293 326 333 322 311 303 315 329 317 308 308 307 307 310 325 333 330 323 317 311 309 313 322 315 308 316 320 323 326 326 325 322 320 321 321 320 317 304 306
308 343 365 357 347 325 304 350 357 346 341 328 317 299 297 324 343 346 349 350 346 340 332 321 301 314 292 310 320 324 330 332 322 307 303 314 317 326 332 341 347 344 336 330 324 316 312 309 307 306 322 346 354 354 346 332 334 339 345 328 303 293 323 345 343 336 331 331 338 335 334 335 333 333 333 337 340 339 337 334 330 328 329 333 332 329 330 332 331 330 329 326 318 313 320 322 321 319 302 273
298 311 352 337 334 320 299 340 358 358 353 346 339 321 295 306 328 328 334 339 343 339 323 310 295 307 303 289 299 309 326 331 324 310 298 321 327 330 336 345 348 346 343 341 337 330 326 324 320 320 323 350 359 360 357 354 352 350 352 343 326 308 312 343 353 351 349 347 347 347 348 348 348 347 344 343 343 344 343 343 341 340 341 343 342 340 336 330 325 322 322 323 313 292 291 304 310 315 307 275
295 301 335 305 297 295 294 310 352 363 361 356 350 339 317 291 296 307 312 315 331 339 333 321 306 291 297 291 299 318 328 329 317 304 296 317 326 336 341 345 347 345 339 343 345 344 342 338 330 331 330 348 358 361 362 361 358 357 357 354 343 337 334 337 352 354 353 351 349 348 348 348 348 349 347 333 327 331 335 338 341 343 344 345 345 342 330 306 289 286 296 313 313 299 276 267 282 292 294 275
294 292 303 307 295 289 295 306 350 362 357 347 341 335 329 315 290 282 284 286 303 330 337 333 321 305 289 281 293 320 328 326 313 300 291 305 319 333 335 330 338 342 335 332 341 346 346 346 341 338 343 347 355 358 358 357 358 358 357 357 355 355 353 350 350 349 343 338 330 327 330 329 328 340 344 331 297 289 298 309 326 332 340 340 337 333 327 315 295 272 264 290 304 304 287 262 261 264 260 265
292 290 289 291 294 288 289 310 347 358 354 342 329 315 303 297 292 285 286 281 278 306 329 334 331 320 308 296 281 308 325 326 318 303 290 310 320 324 322 320 322 325 328 324 336 339 342 347 347 344 345 350 353 350 345 345 352 355 355 356 356 356 356 356 355 350 331 309 295 288 285 296 293 301 330 333 307 279 270 276 295 324 335 329 316 300 299 298 299 285 258 266 284 301 296 274 254 257 255 250
295 291 289 287 286 287 285 289 310 344 357 357 352 345 335 324 321 322 319 305 283 283 303 320 329 328 320 307 282 299 319 315 313 303 288 306 312 306 307 313 305 307 311 316 329 330 339 346 346 339 335 343 346 338 322 331 348 350 347 350 351 352 352 354 358 356 346 329 314 303 290 275 285 277 306 330 312 284 270 275 308 330 333 324 303 284 276 267 265 276 253 262 269 295 302 290 266 248 243 242
298 295 292 288 288 285 283 284 289 312 349 348 348 351 349 347 345 342 334 317 287 273 276 291 307 317 317 300 276 297 308 296 288 283 279 284 288 295 309 305 312 322 323 320 320 325 339 343 344 338 322 324 329 328 312 334 347 347 339 344 342 342 340 354 358 359 355 347 334 314 293 277 269 267 296 317 304 272 261 283 317 324 318 309 312 310 302 286 262 252 249 251 255 274 290 296 284 266 253 238
302 299 293 292 295 290 284 281 283 287 312 306 298 318 327 333 335 334 324 303 284 272 271 275 278 284 294 293 273 292 288 276 277 294 299 301 297 290 294 299 315 329 334 338 338 334 333 341 344 335 316 307 305 310 303 327 335 339 340 328 326 323 335 353 357 358 356 350 336 316 304 296 282 264 273 280 280 256 264 290 303 305 297 278 290 303 301 293 275 255 245 240 242 253 258 281 287 272 248 231
306 300 296 308 308 299 288 283 280 279 280 280 280 282 284 285 286 285 281 274 270 268 267 269 269 269 270 273 270 271 272 283 291 297 313 317 313 306 298 295 305 315 323 338 349 345 340 345 346 336 325 319 308 298 291 299 305 315 332 332 311 310 315 340 349 350 351 351 347 339 331 317 295 269 256 258 253 252 255 277 278 278 288 276 262 271 273 280 278 262 243 240 234 240 249 267 278 268 241 223
312 305 301 311 313 298 289 285 284 281 279 279 277 276 276 275 273 272 271 271 275 276 271 269 268 267 265 266 268 266 278 302 309 300 305 327 330 322 310 309 307 313 331 349 357 356 352 350 349 346 343 341 334 322 302 285 282 284 305 323 318 300 291 305 319 324 333 349 345 341 337 328 310 283 262 256 253 245 242 261 267 268 285 279 263 251 256 268 274 264 247 232 229 255 265 268 269 265 252 233
321 310 307 311 312 300 293 287 284 282 281 280 279 277 277 276 275 276 278 279 286 291 285 287 294 282 272 264 265 270 294 311 322 321 317 325 346 343 332 329 331 336 350 362 363 360 353 348 344 340 341 344 344 339 328 309 296 288 277 290 309 310 299 285 281 286 319 340 328 317 320 315 303 285 271 263 254 251 245 245 252 272 286 281 267 252 242 257 265 264 255 234 226 252 257 255 247 241 237 234
343 320 323 341 343 318 297 289 286 284 283 283 286 284 282 281 280 280 285 300 323 322 300 320 325 310 293 266 265 273 292 310 331 343 342 338 359 365 360 358 360 361 365 366 361 346 330 326 320 314 316 325 330 334 334 328 318 306 289 273 274 292 302 296 287 275 310 332 316 291 291 285 282 268 259 260 264 266 257 242 238 266 285 285 276 263 246 235 238 240 237 228 221 229 234 230 226 222 219 215
334 335 345 360 345 323 304 293 288 286 285 287 292 291 288 289 289 287 295 324 354 354 338 333 344 333 316 277 264 270 293 316 337 357 365 366 371 373 373 373 370 367 364 362 352 330 310 308 306 295 290 290 290 295 301 310 313 309 300 287 276 267 281 285 277 271 302 323 311 291 279 273 270 266 275 277 280 276 272 260 237 244 280 288 283 272 257 237 227 223 222 220 219 219 225 221 217 215 213 211
332 327 327 323 313 305 300 295 291 289 289 289 291 295 299 309 300 308 325 360 380 383 378 368 353 315 293 281 263 263 273 301 324 342 357 368 368 365 362 363 359 351 345 349 343 325 312 306 302 299 303 299 292 285 280 276 276 280 285 286 282 277 264 268 271 282 304 320 311 298 290 283 283 282 291 291 290 284 273 259 240 233 267 281 280 270 252 237 228 223 219 217 216 216 216 214 212 211 210 210
328 324 327 323 319 315 304 299 295 292 292 296 300 310 314 327 321 356 363 370 361 367 383 383 347 301 285 273 267 261 262 271 292 307 323 342 343 327 322 326 332 333 327 332 346 341 330 327 323 320 324 319 309 301 293 282 277 273 267 266 265 262 257 259 285 297 310 320 320 313 302 293 299 300 300 299 296 285 264 244 234 228 238 253 265 251 233 227 225 219 216 214 213 213 212 212 211 210 210 209
327 322 320 318 315 314 307 302 298 295 298 305 322 362 342 359 353 376 348 321 305 306 336 369 362 344 324 304 287 269 260 262 271 281 292 320 322 305 295 300 304 315 321 317 345 356 354 352 348 342 339 332 321 307 298 294 290 292 287 287 286 280 266 261 285 299 308 316 321 316 305 305 306 305 301 294 289 285 277 260 241 229 226 227 234 232 229 224 219 215 214 213 213 212 212 211 211 210 210 213
331 327 324 319 314 309 306 303 302 302 304 316 350 399 398 401 394 388 351 327 310 292 297 322 346 353 343 326 305 281 261 260 264 277 305 320 322 314 303 291 288 298 307 326 350 361 363 360 357 353 344 330 318 312 307 296 302 304 301 298 292 279 261 254 270 283 293 307 320 320 314 307 299 296 290 268 247 252 257 262 252 237 226 224 223 225 227 220 216 214 213 214 216 217 216 216 217 223 230 233
334 332 329 325 320 316 312 310 311 315 319 339 383 411 398 383 372 366 360 355 334 300 285 286 295 324 336 304 281 271 262 258 262 279 308 319 316 304 294 286 306 315 324 337 347 352 355 345 349 352 343 327 318 310 304 306 307 300 293 287 284 276 252 272 289 291 299 310 320 320 314 305 291 274 273 256 236 228 227 228 237 236 228 223 221 221 222 217 214 213 214 218 241 249 248 246 243 239 231 225
333 336 333 331 329 328 327 328 337 351 367 393 416 415 376 336 319 310 305 306 306 294 285 281 279 286 322 314 293 276 265 259 259 273 306 316 313 298 280 300 319 322 322 322 326 323 334 331 333 344 342 331 324 321 319 316 307 292 280 276 268 259 249 260 285 293 299 310 316 309 288 281 286 283 263 248 237 233 226 221 221 224 222 220 220 218 218 215 214 216 220 223 265 283 278 263 243 231 231 233
323 334 335 335 333 332 330 327 330 343 364 395 415 416 409 398 378 356 334 308 297 295 292 286 279 276 302 333 326 303 276 265 258 262 298 313 312 304 284 294 314 313 309 302 311 311 318 323 317 329 336 331 326 324 323 321 315 304 295 291 280 270 257 246 262 268 277 301 312 302 272 251 244 258 265 257 246 234 224 220 218 218 217 216 216 216 216 215 223 230 235 236 280 289 278 249 235 237 264 260
307 309 334 335 337 333 326 322 321 324 330 364 384 396 357 373 384 377 372 357 319 292 282 278 275 273 277 301 313 304 281 267 259 256 278 301 302 289 276 290 297 289 291 288 291 294 305 311 313 325 324 309 304 306 312 319 319 315 308 300 292 287 271 250 248 274 290 298 307 304 294 275 250 232 231 230 228 223 219 218 218 218 217 217 216 216 215 221 250 255 246 268 289 288 276 265 249 236 274 277
309 297 312 333 338 333 329 325 318 320 322 336 341 364 326 315 318 315 316 324 311 286 278 274 271 270 271 271 272 274 272 268 261 256 259 274 284 274 267 276 274 271 277 280 298 302 302 310 321 325 316 291 276 271 287 303 309 315 313 305 297 287 270 248 253 289 297 295 293 293 290 279 258 236 224 222 219 219 218 219 219 218 218 219 217 216 216 222 244 277 264 291 292 283 264 249 242 243 278 285
297 297 331 343 342 337 327 328 314 317 320 325 327 332 324 308 302 298 294 291 290 288 282 275 271 269 269 268 266 265 264 265 262 255 255 258 262 264 264 264 266 279 305 306 304 322 323 326 327 324 318 309 298 280 265 274 280 305 308 300 285 270 255 242 256 290 286 272 255 254 260 249 235 224 220 220 219 220 219 219 220 220 226 225 218 217 223 228 238 279 295 298 288 267 250 245 257 272 287 289
