# 100 100
320 314 310 308 314 308 299 298 297 299 302 304 307 302 292 289 287 287 293 297 295 295 293 287 284 286 286 282 271 267 272 277 288 301 302 296 291 293 289 285 282 275 267 267 266 265 263 264 264 259 263 267 272 275 277 280 281 283 284 285 284 282 281 281 278 273 268 268 269 270 268 269 270 270 269 270 270 270 270 270 270 270 269 269 269 266 266 264 261 257 253 251 249 247 240 236 234 233 232 232
320 318 311 313 318 322 311 303 296 292 290 289 293 299 294 292 286 282 284 294 292 289 290 286 278 277 277 274 269 267 272 279 289 302 301 298 297 296 293 289 283 277 270 274 278 276 270 263 259 261 270 274 275 277 278 280 281 284 286 288 286 283 281 279 276 272 267 267 270 271 270 269 268 271 271 271 271 270 270 266 265 265 264 264 266 266 266 262 258 255 252 251 253 252 243 236 233 232 232 232
322 319 317 317 319 327 320 312 311 298 294 289 285 293 288 292 294 285 280 291 292 287 283 282 277 274 271 267 263 269 270 274 281 294 299 295 294 293 291 288 284 279 274 274 281 279 273 265 258 266 273 276 277 278 279 279 282 284 285 284 281 278 275 274 272 270 265 265 271 270 270 267 267 270 271 270 268 268 267 264 261 259 257 258 260 261 259 258 255 254 253 253 255 254 246 237 236 233 233 235
319 321 321 324 327 331 331 328 319 310 301 292 285 281 283 286 292 284 277 282 287 287 285 282 281 277 271 264 263 269 276 279 281 288 297 294 290 288 288 286 280 276 276 280 282 279 273 264 258 267 274 275 276 277 278 278 280 280 280 277 275 273 269 269 271 270 265 264 268 268 267 267 268 269 269 267 264 263 262 260 258 257 254 254 255 255 254 254 255 256 255 254 254 251 245 242 241 237 236 237
319 319 321 325 331 329 337 337 327 315 306 295 291 283 278 277 279 280 276 274 276 276 278 278 279 277 270 263 261 270 283 289 292 295 296 293 289 284 283 283 278 282 285 284 282 277 269 262 257 267 272 273 274 275 277 276 275 275 275 272 269 268 267 266 268 268 262 264 267 269 267 267 269 269 266 264 261 258 256 255 258 258 255 252 254 256 255 253 253 253 253 252 252 249 244 241 237 236 234 237
321 319 319 319 323 322 324 329 328 321 315 305 302 296 285 280 275 274 273 270 268 268 267 267 267 271 267 262 261 270 281 285 292 294 293 290 287 284 283 280 281 286 286 283 280 278 271 263 257 261 267 270 272 275 276 275 272 273 274 271 267 264 264 262 263 265 260 262 266 269 268 264 266 264 260 258 257 255 252 254 259 258 254 250 256 260 258 257 254 250 249 248 248 246 247 244 240 239 236 234
331 320 319 319 318 316 314 313 313 316 318 315 307 299 291 286 280 273 270 269 272 275 271 267 266 268 262 262 259 264 273 282 289 292 290 287 287 290 289 284 285 286 284 283 282 279 273 268 258 257 262 265 272 274 275 274 272 271 272 270 268 263 260 260 262 264 261 257 266 268 267 265 260 257 256 254 253 252 250 253 258 258 254 249 253 261 262 260 255 250 248 246 249 246 248 245 242 239 236 232
336 329 321 317 306 309 314 311 306 305 307 311 309 304 294 285 278 275 278 277 281 286 279 277 273 272 262 260 258 261 268 276 285 291 289 289 291 293 293 290 287 285 284 281 281 277 269 262 257 254 259 263 270 271 272 272 271 268 271 270 268 264 259 257 263 264 258 256 266 268 265 265 263 261 259 254 250 249 249 250 257 257 255 250 247 253 257 256 254 249 245 246 247 246 246 244 242 238 236 232
334 330 321 315 308 301 309 315 311 306 300 301 302 301 294 284 280 285 290 289 289 293 286 284 276 270 265 261 257 258 262 270 278 288 290 291 292 293 293 290 287 283 283 280 277 274 270 265 258 254 260 268 269 270 271 271 269 266 270 269 268 264 258 256 262 265 259 257 265 265 262 261 261 259 257 253 249 247 246 246 256 258 253 249 245 245 247 249 252 249 246 249 249 247 243 242 241 240 239 234
326 325 318 309 303 297 304 315 316 312 307 298 294 295 288 282 287 299 300 299 296 292 286 284 277 273 268 262 259 256 259 269 276 281 288 291 290 290 290 286 283 277 275 274 272 273 268 261 258 253 260 269 269 269 270 272 270 266 264 265 264 261 255 254 260 263 258 256 260 260 257 257 257 257 254 249 247 246 245 245 248 255 254 250 246 243 243 245 250 250 245 246 248 248 244 238 238 236 236 233
317 321 313 307 299 295 305 316 315 311 304 302 296 290 287 288 294 301 299 295 291 286 281 280 279 280 273 266 260 256 256 262 270 275 280 284 287 289 292 290 283 279 283 281 273 269 263 267 263 253 258 267 269 267 268 270 271 270 265 260 258 256 253 252 256 261 260 254 253 257 254 255 256 255 251 247 246 245 245 244 244 248 254 253 247 242 241 247 253 249 242 245 247 249 248 241 235 235 231 230
312 311 311 303 297 293 299 308 311 310 306 299 294 296 299 300 299 294 289 289 287 283 278 275 276 281 278 272 264 256 254 259 263 268 273 279 282 290 296 294 288 283 286 284 279 279 275 272 265 253 256 265 267 265 267 268 269 269 268 267 265 260 255 251 252 257 259 253 251 256 252 253 255 253 250 246 245 245 244 239 242 246 249 253 247 242 240 244 250 247 241 244 245 249 250 245 239 238 232 230
315 310 303 300 295 291 294 298 298 293 299 298 293 287 294 290 294 292 284 279 280 280 277 271 271 278 277 272 266 256 254 264 270 271 274 280 285 289 300 298 292 286 287 286 283 282 277 270 261 253 256 265 266 264 265 266 268 268 267 267 268 266 259 252 249 252 255 252 248 248 247 252 253 251 249 245 243 243 242 237 243 252 252 247 245 241 239 243 245 242 239 239 241 245 247 243 238 237 236 237
319 315 309 303 296 292 289 289 288 284 281 281 285 283 282 282 289 290 286 278 275 276 276 270 268 277 277 269 261 254 254 265 278 281 285 287 291 290 295 296 290 286 286 284 280 281 275 266 258 252 254 264 267 263 263 266 268 267 266 266 268 269 262 254 248 249 251 253 252 246 244 248 249 247 248 248 242 240 237 237 252 253 247 245 246 246 241 240 240 238 235 237 239 238 241 242 236 235 239 238
314 313 312 311 306 302 294 287 285 284 285 281 276 275 275 275 277 280 277 275 275 274 268 264 268 269 271 268 261 254 253 264 275 279 282 284 288 290 287 291 289 287 285 281 275 273 269 261 254 251 254 262 266 264 262 267 267 267 266 264 267 268 265 258 253 250 246 250 254 247 243 241 241 240 242 246 243 238 235 241 255 252 246 243 249 250 245 239 241 239 239 240 240 239 240 242 237 234 236 236
309 305 305 307 305 304 301 294 289 285 283 281 277 272 271 270 269 268 267 266 265 269 262 260 260 258 258 259 257 253 251 257 267 275 276 277 281 279 282 287 289 286 280 276 272 265 263 258 252 250 253 258 263 263 259 265 266 268 267 264 262 264 263 262 258 250 245 247 253 247 242 240 239 237 238 239 240 239 235 241 253 249 243 241 248 250 246 243 238 237 240 247 243 237 235 236 235 232 233 231
304 301 300 297 295 292 290 289 285 286 287 282 278 277 273 277 274 273 269 267 264 265 259 259 259 258 256 254 253 252 250 252 264 274 274 271 273 272 281 285 286 280 274 270 269 264 258 254 251 249 253 256 259 259 256 260 264 267 267 265 262 259 259 260 256 251 246 245 250 247 242 240 238 237 235 235 237 236 234 240 252 247 241 238 241 245 244 240 235 234 238 247 243 236 231 230 230 229 230 229
304 302 299 299 299 297 297 292 292 297 293 287 284 278 277 285 284 282 275 278 274 273 266 267 270 268 261 257 253 251 250 249 253 263 268 264 268 278 283 281 278 274 270 266 268 266 261 256 250 249 257 258 256 255 254 259 264 266 268 267 265 262 259 255 255 252 247 242 246 244 241 240 238 237 235 234 234 233 231 238 249 246 240 236 236 237 237 236 234 234 235 240 242 236 231 227 224 224 228 227
317 315 311 313 313 309 309 304 302 291 286 283 279 282 293 293 292 285 284 285 283 282 273 272 276 271 265 258 255 255 252 249 248 253 259 259 269 280 280 276 271 268 265 263 268 268 263 258 251 249 256 259 257 253 253 258 262 265 267 266 265 264 261 254 255 252 247 242 240 239 238 239 238 236 234 233 232 231 230 232 239 240 238 235 234 234 234 233 232 234 236 237 237 233 230 228 226 226 227 225
329 327 324 320 317 313 308 303 294 292 294 291 283 293 305 302 298 290 293 292 290 284 276 276 280 275 266 259 262 261 255 250 247 247 250 256 266 273 273 271 267 263 262 261 267 268 263 257 251 249 249 254 256 251 254 258 260 262 265 267 267 265 261 255 253 250 245 244 247 244 239 237 237 235 233 236 239 239 233 230 231 233 234 234 233 233 232 232 232 234 236 237 236 233 231 230 228 228 229 229
335 330 325 315 307 304 299 296 297 296 294 290 287 297 306 307 302 297 301 300 296 285 282 281 279 274 265 261 270 267 258 251 248 246 247 252 261 265 268 267 264 260 259 259 263 264 262 256 251 248 248 250 252 251 255 258 258 260 263 264 264 263 258 253 248 246 246 252 256 252 243 236 235 235 233 239 247 246 237 230 228 229 231 233 233 233 232 231 232 234 235 236 235 233 231 230 229 229 231 232
332 322 315 309 306 302 302 305 302 300 301 295 295 297 305 309 306 303 304 302 296 287 290 287 278 272 263 262 276 272 262 253 248 246 245 247 252 257 264 265 263 259 256 256 257 258 258 254 251 249 247 247 251 255 256 257 257 256 258 258 258 260 260 255 251 250 252 257 263 257 247 240 235 233 232 233 236 237 235 230 227 228 228 230 231 231 230 231 231 232 235 236 235 233 231 230 230 232 232 234
332 323 314 313 317 311 314 310 305 307 305 306 305 304 307 308 305 302 302 301 296 292 294 289 281 271 262 266 280 271 262 254 250 247 244 245 246 251 261 263 261 259 255 254 254 253 253 252 250 249 250 251 252 254 256 256 255 253 252 254 258 262 262 257 257 259 259 262 261 256 248 241 236 234 231 229 229 231 232 229 227 226 226 228 229 230 234 235 234 231 232 234 235 233 232 231 232 234 233 233
338 327 317 318 325 321 317 315 315 313 313 312 311 310 308 306 302 295 294 296 295 294 292 284 276 268 264 274 283 274 263 258 252 247 246 245 244 248 258 262 262 259 256 256 257 256 253 250 250 253 255 253 250 249 250 251 250 247 252 256 260 263 264 262 262 264 264 264 263 255 249 242 235 232 230 230 228 229 231 229 226 226 227 227 227 232 235 234 231 230 232 234 235 233 233 233 232 233 233 236
336 324 319 323 332 330 325 324 322 320 318 315 313 310 303 299 297 293 286 288 287 285 287 277 269 269 272 282 281 278 271 266 258 250 246 244 243 245 254 261 263 260 257 259 261 261 257 252 254 257 258 253 249 245 244 244 244 246 254 259 262 264 265 264 262 263 264 264 262 255 248 241 235 231 230 230 229 227 227 228 225 225 227 226 230 234 237 232 229 231 234 235 234 234 234 234 233 233 234 236
334 329 325 331 340 339 335 331 325 321 318 315 313 310 305 302 293 286 284 283 280 277 277 272 269 273 281 284 280 273 271 268 265 256 248 244 241 244 252 263 265 260 256 260 259 258 255 254 258 263 259 253 248 247 244 242 242 245 250 256 261 264 266 264 261 260 260 259 256 248 242 238 233 231 229 231 232 231 229 227 225 226 227 227 234 236 234 230 228 231 233 234 235 235 235 234 234 234 234 238
347 337 334 341 349 348 343 333 327 319 314 312 313 314 311 303 290 292 294 291 287 282 275 273 277 280 283 281 277 269 262 260 259 255 248 244 242 244 253 263 263 259 254 258 256 254 254 258 263 264 262 257 252 250 246 243 241 242 244 247 252 260 264 263 260 258 257 252 248 244 242 238 235 237 233 229 230 232 234 232 227 228 227 231 234 234 232 228 227 230 232 234 235 236 236 236 235 236 236 238
354 342 341 351 359 357 348 339 333 324 315 310 307 307 311 304 294 302 298 297 295 289 281 282 288 288 289 283 276 270 269 263 255 251 248 245 242 243 250 259 264 262 254 252 253 254 256 260 263 263 261 259 259 256 248 244 244 241 241 243 246 252 259 261 258 258 261 258 250 243 240 239 240 243 236 230 229 228 229 231 230 227 226 233 233 232 230 227 226 230 232 233 235 236 236 236 236 236 236 236
351 345 346 357 367 361 350 345 338 327 319 314 310 303 300 300 302 306 303 302 297 291 289 292 294 293 292 288 283 277 278 268 259 260 251 245 242 240 244 251 262 263 255 252 253 259 262 262 262 261 258 257 258 254 248 253 252 246 241 241 243 247 254 259 257 257 261 259 253 246 248 248 246 245 236 232 232 229 227 227 228 227 226 230 231 230 226 224 227 231 233 234 235 235 236 236 236 236 235 233
341 343 344 354 363 351 339 344 337 326 319 314 309 310 308 309 311 309 307 305 302 299 296 296 295 294 293 291 286 280 274 270 270 266 254 247 242 240 241 248 257 259 251 250 255 264 266 265 263 259 257 256 254 251 251 261 262 254 246 239 240 243 251 259 257 253 257 259 254 250 254 255 252 246 240 236 233 231 230 227 227 225 223 224 226 227 223 226 231 233 233 234 235 235 237 236 237 237 235 234
339 339 339 345 353 340 333 341 334 327 323 319 316 318 319 317 311 308 308 305 303 302 299 296 294 292 292 291 288 284 278 278 276 269 256 248 243 241 239 243 250 252 247 248 259 267 268 267 263 261 263 265 264 258 258 264 264 259 249 242 239 240 251 260 258 253 253 257 255 253 254 256 254 251 246 241 237 236 233 231 229 227 224 222 221 222 223 229 232 233 233 233 233 235 236 237 238 238 236 235
339 338 332 336 343 332 329 337 328 325 322 320 321 322 319 313 307 303 302 298 299 299 297 296 294 290 285 287 286 284 279 275 277 269 256 250 245 242 238 240 243 246 243 248 258 266 269 268 266 265 266 267 265 264 266 266 262 255 249 243 239 239 246 255 256 251 251 256 255 253 250 253 255 253 247 241 237 238 237 235 233 230 227 225 222 220 222 227 231 233 231 230 233 236 237 237 241 239 237 236
341 342 330 327 333 325 327 335 323 320 319 318 319 318 313 311 307 305 299 292 291 291 294 295 291 288 283 278 278 281 278 273 268 265 256 253 248 243 239 238 239 241 240 248 254 260 267 268 268 267 265 263 262 265 268 265 261 256 252 246 238 239 242 248 252 249 249 255 254 249 245 250 255 254 248 241 237 235 235 236 234 232 229 225 223 222 220 224 228 229 228 231 235 236 237 237 239 237 238 238
351 344 334 324 321 318 321 329 319 315 316 312 314 314 306 306 307 306 303 296 288 287 290 291 288 286 282 277 275 276 277 276 270 261 260 261 258 249 242 238 237 238 238 241 246 254 263 266 265 265 263 258 256 261 263 261 258 254 251 248 239 237 239 244 248 247 249 256 252 245 243 249 251 253 246 240 236 233 232 233 233 231 228 224 223 222 220 221 224 227 233 235 236 237 237 236 237 234 235 238
356 354 341 326 325 315 312 317 313 310 314 310 309 310 303 300 304 301 300 296 288 287 287 279 280 284 277 273 270 271 277 277 274 272 270 268 262 253 245 240 241 236 236 238 240 246 257 259 259 260 262 257 252 254 258 257 256 253 247 246 241 237 238 244 248 245 249 257 252 244 239 240 242 247 245 241 235 232 229 230 232 231 227 223 221 221 221 220 223 228 234 236 237 237 235 233 232 232 235 238
347 351 339 332 336 323 310 307 304 303 309 310 303 302 297 293 295 295 299 298 294 290 286 277 274 277 274 271 268 265 266 268 271 271 271 271 264 255 248 244 244 240 237 238 239 239 245 247 252 256 260 258 254 248 250 252 253 252 246 241 239 237 238 245 249 246 248 258 252 244 237 235 236 240 242 240 235 231 228 228 230 231 229 226 222 221 220 220 220 223 228 231 235 234 228 228 227 229 235 235
335 343 341 332 334 327 318 318 311 301 302 308 307 303 298 294 288 290 297 298 297 294 290 282 275 271 271 271 270 271 267 263 261 260 264 267 265 260 258 251 246 241 237 234 234 236 236 239 244 250 254 255 254 250 244 248 250 251 247 242 238 237 237 244 248 244 244 252 249 243 238 233 233 234 236 236 233 231 229 226 228 231 232 231 226 225 223 221 219 218 219 220 225 226 223 222 226 233 234 233
325 330 335 326 326 322 322 323 313 303 296 304 308 307 305 297 286 285 291 292 293 291 288 281 277 272 266 265 267 272 275 271 263 258 257 261 259 259 259 255 251 249 244 239 235 234 234 236 247 254 255 254 255 250 243 245 247 248 248 244 239 238 237 240 243 239 242 252 251 245 241 234 231 231 231 230 227 226 229 227 225 227 227 228 229 227 225 222 219 219 220 218 220 222 219 222 222 226 229 235
318 326 329 320 319 315 314 317 310 302 294 299 302 304 303 295 286 280 284 285 286 286 282 280 278 273 267 262 261 271 275 272 264 259 254 252 253 257 257 252 252 253 250 244 239 234 233 237 248 253 252 249 250 245 239 244 247 246 248 243 237 236 234 236 236 236 242 250 251 248 244 238 232 230 229 228 225 227 225 224 223 221 220 220 223 224 223 219 220 221 218 218 220 217 216 219 219 222 228 235
313 325 323 314 312 310 307 313 308 299 292 293 296 301 302 295 286 279 279 280 281 280 281 281 279 275 269 262 259 267 273 269 264 261 256 250 250 255 253 248 250 251 249 246 243 235 232 235 241 247 249 246 246 241 236 245 248 245 244 242 240 242 236 234 235 235 238 244 243 244 245 244 237 230 229 227 226 230 229 224 223 223 228 228 224 220 220 220 224 225 219 216 217 216 215 215 217 222 228 236
310 319 321 314 307 304 301 304 306 302 293 289 292 300 302 296 287 279 275 277 277 279 278 278 276 275 272 264 261 263 270 266 264 264 260 251 247 251 249 244 245 247 247 244 242 234 231 233 237 244 249 244 241 238 237 245 244 246 245 242 243 244 239 237 234 233 232 232 234 235 239 239 235 230 230 227 228 232 231 226 224 224 232 234 231 225 222 224 228 230 224 219 218 217 215 215 218 222 227 234
307 312 316 315 311 309 307 297 299 303 298 289 286 293 299 294 285 277 274 277 276 277 273 271 270 274 271 263 256 258 265 260 262 261 256 249 245 246 245 241 242 245 244 241 237 233 231 231 234 245 250 243 237 234 237 243 242 246 246 245 246 245 242 244 240 236 234 232 231 231 232 232 232 231 228 229 231 231 228 227 225 225 230 234 232 227 227 228 230 229 227 220 215 214 214 216 220 222 227 234
304 307 308 310 315 310 305 298 292 297 297 294 287 285 293 290 283 278 276 272 277 279 273 264 265 269 266 258 253 255 257 255 255 253 250 247 244 241 241 238 237 241 244 243 240 235 232 230 231 240 249 248 243 237 233 243 239 241 241 242 246 247 245 247 245 239 235 232 231 230 229 229 231 229 229 232 233 233 230 228 225 225 229 231 231 231 231 232 231 225 221 216 214 215 218 218 220 223 226 232
300 303 302 307 313 313 309 307 299 289 289 287 286 282 284 284 279 275 270 270 276 275 274 266 261 261 258 256 255 252 249 249 248 248 246 245 242 241 242 239 236 235 241 245 243 237 232 230 230 235 243 246 247 239 230 236 237 236 237 238 244 248 248 248 247 244 237 234 232 232 231 230 229 230 234 235 235 233 231 231 228 226 227 231 234 233 231 231 229 226 218 214 213 214 217 220 218 221 223 230
296 299 300 305 307 309 307 303 295 285 284 282 281 280 277 277 274 271 266 265 267 266 266 265 260 256 260 266 264 258 251 249 248 249 247 244 242 244 246 242 240 235 235 240 243 242 236 229 230 231 236 239 237 235 230 230 232 233 235 233 239 246 248 249 246 246 240 235 234 236 234 231 230 234 237 238 237 234 232 234 232 228 228 231 234 231 228 227 224 223 219 215 213 212 212 216 216 218 225 233
292 295 298 300 302 302 300 295 286 293 296 291 282 276 275 274 271 269 268 268 267 263 260 259 258 259 272 271 267 261 258 256 258 259 256 249 249 251 250 247 244 239 235 233 238 244 241 232 229 228 229 231 232 230 227 227 227 228 230 230 236 242 247 249 246 245 241 236 236 240 237 234 233 236 238 239 240 236 233 235 235 232 229 231 232 229 225 222 221 219 216 216 219 217 213 213 214 218 228 232
288 290 293 293 295 293 292 289 289 293 295 294 289 280 278 277 276 275 278 278 277 272 265 262 263 268 273 270 267 266 265 263 264 262 259 255 255 257 255 253 252 247 241 234 236 241 242 235 228 228 228 227 228 228 225 225 225 225 225 228 236 243 247 248 246 244 242 234 233 239 241 239 243 237 239 241 241 238 235 235 237 234 233 233 231 227 223 220 220 218 219 221 224 220 216 213 212 216 219 219
284 285 287 289 289 286 286 289 293 292 293 296 292 284 283 285 285 286 288 288 284 278 272 270 272 270 269 266 266 267 266 264 262 258 254 252 250 253 253 255 252 247 240 234 232 233 234 231 230 227 226 224 225 225 225 224 225 222 223 222 225 232 242 246 244 243 239 231 227 235 242 244 244 240 239 240 239 238 236 235 237 237 237 235 232 227 222 221 220 218 220 223 222 220 216 213 211 213 211 211
281 282 282 282 288 291 289 290 294 294 294 295 292 288 289 292 294 295 292 288 283 277 272 269 272 268 265 260 259 263 263 263 261 256 250 245 244 245 247 251 246 241 235 233 231 229 228 228 228 229 226 226 225 225 224 224 223 224 224 221 220 220 221 226 227 232 229 226 224 229 239 245 244 241 240 239 237 237 236 235 237 239 239 236 232 226 223 225 223 220 219 222 221 218 215 212 211 211 212 212
278 280 282 283 283 286 289 292 295 296 295 294 295 290 291 298 302 298 289 280 276 272 267 265 269 267 263 258 253 255 260 260 257 255 249 243 240 241 242 247 241 234 232 231 230 229 228 226 228 228 229 229 227 226 225 225 224 223 222 222 222 221 220 219 219 219 220 221 221 226 236 245 240 234 233 239 238 237 239 238 239 241 239 236 232 228 227 227 227 223 220 221 220 217 216 215 215 219 223 215
280 283 285 287 288 290 293 295 297 297 298 298 299 300 301 306 305 300 291 280 271 266 263 260 260 261 257 250 247 253 259 256 251 252 250 244 238 236 237 236 233 231 229 229 228 226 227 229 231 242 241 233 231 231 229 228 227 224 223 222 223 222 221 220 219 219 218 218 219 220 222 232 232 227 227 240 240 240 242 244 244 243 240 235 233 230 229 229 229 224 221 220 221 219 220 224 227 232 225 213
283 284 284 287 291 296 299 300 298 301 303 302 303 304 308 308 297 296 289 279 274 271 269 266 262 253 250 250 246 245 248 249 246 247 246 240 236 234 233 232 231 229 228 228 230 229 231 235 234 244 253 247 244 239 233 230 231 228 225 223 223 223 222 221 220 220 219 218 218 219 218 218 218 221 228 238 242 244 247 247 247 243 239 232 229 227 225 224 223 220 218 218 218 219 222 230 232 223 217 211
286 287 287 290 295 300 304 302 299 300 303 305 308 307 308 305 289 284 283 282 278 274 271 266 261 259 259 258 249 242 240 242 244 242 240 236 235 234 232 230 229 229 228 228 228 231 237 243 236 245 252 256 253 245 238 238 237 232 229 227 226 225 223 222 221 220 219 219 218 219 217 218 218 218 219 227 236 244 247 248 247 243 238 230 226 226 222 219 219 218 217 217 217 219 222 231 229 217 211 209
291 293 292 295 299 305 307 299 290 291 294 303 308 301 296 297 287 278 273 277 276 271 270 269 269 268 265 261 250 247 241 237 242 239 238 236 234 233 232 230 228 229 230 230 233 238 230 239 238 246 254 259 261 256 246 248 245 238 233 232 229 227 225 224 221 220 219 219 218 218 217 217 217 217 216 216 217 224 233 238 241 240 236 231 225 221 219 218 219 219 219 218 218 219 219 220 217 212 210 210
298 298 295 299 303 307 305 290 283 283 285 292 299 296 287 282 278 273 269 267 268 266 269 271 272 269 264 257 248 246 244 237 238 237 236 235 233 233 231 230 230 230 233 236 242 243 235 237 244 244 255 261 263 259 256 256 252 245 240 237 233 230 227 228 224 221 220 219 218 218 218 217 217 218 217 217 216 216 214 215 218 232 238 233 227 221 218 219 219 219 219 218 218 219 215 213 212 211 210 210
301 299 298 301 305 306 296 284 278 276 276 280 284 292 293 285 281 282 281 270 260 261 269 269 268 265 261 255 246 241 239 235 234 235 236 236 235 232 231 230 230 232 235 240 247 242 233 237 248 245 255 260 261 259 260 260 254 247 241 238 234 231 230 230 228 226 223 221 220 218 217 217 217 217 218 218 218 219 219 217 215 215 223 230 227 222 217 218 218 218 217 217 216 218 214 212 211 210 209 209
301 301 300 302 304 302 289 277 272 269 269 269 274 281 285 286 291 292 284 271 259 258 268 266 263 258 255 248 242 236 235 234 233 233 234 235 235 231 231 230 229 233 240 246 244 234 236 249 252 251 262 260 259 255 254 255 251 244 239 236 235 232 232 231 230 231 229 228 226 222 218 218 217 218 218 218 219 219 218 217 215 214 215 214 214 213 214 217 215 216 215 213 213 215 212 211 210 210 211 211
299 300 301 301 300 300 289 275 266 263 263 264 267 270 277 282 286 281 271 265 257 255 266 266 261 256 249 244 239 236 234 233 234 233 233 235 235 231 231 230 230 234 241 240 235 235 248 259 254 258 266 263 257 257 255 249 245 242 240 237 240 237 235 232 233 236 235 234 231 227 222 220 220 219 219 218 218 218 217 216 215 213 213 213 213 213 214 213 213 212 211 211 211 213 210 211 210 210 210 211
295 298 299 298 297 296 289 276 264 259 258 257 260 264 270 273 275 269 261 256 252 253 266 269 263 256 252 244 238 235 233 235 235 233 232 237 234 232 232 230 233 244 247 238 235 243 256 259 257 263 273 266 259 258 258 256 251 248 244 242 242 240 238 234 236 239 239 237 233 230 226 223 222 221 220 219 219 218 217 216 215 214 214 215 214 217 218 215 214 214 211 210 214 212 210 210 211 212 213 214
290 295 295 294 292 291 287 273 262 255 254 254 255 259 263 268 268 262 252 248 250 261 268 266 256 247 243 237 235 233 234 237 236 233 233 233 233 232 231 234 236 247 244 237 237 245 256 259 259 262 269 267 259 256 256 257 254 250 246 245 243 241 238 235 237 238 236 236 234 232 229 225 223 223 222 222 220 218 218 217 216 217 216 215 215 216 223 225 214 216 216 214 212 210 210 212 214 214 215 215
283 288 287 287 289 286 283 270 259 254 253 254 254 255 259 259 258 252 247 245 253 268 258 249 241 237 236 237 236 236 240 240 239 236 233 232 234 236 238 234 242 246 242 237 244 256 259 260 257 256 255 255 253 252 253 256 257 255 252 248 245 242 239 239 240 237 231 228 229 227 223 222 224 225 224 222 221 220 219 220 218 216 217 217 217 218 219 222 218 213 213 212 212 212 212 214 215 216 216 216
277 283 279 283 288 283 280 273 260 254 252 252 252 250 249 246 243 244 242 242 251 260 248 239 236 237 240 243 244 246 246 243 242 237 234 237 236 237 235 237 243 247 243 239 243 251 256 255 249 247 247 248 250 250 251 258 263 261 257 253 251 248 244 243 240 232 226 226 226 225 228 228 229 228 226 226 223 223 221 221 220 218 218 217 218 218 215 213 212 212 213 215 215 214 214 217 219 216 216 216
277 277 278 284 287 285 276 266 260 254 251 248 247 244 240 235 236 237 238 239 242 250 244 238 236 241 251 257 256 254 248 244 243 238 240 242 239 239 238 241 250 249 245 246 241 240 243 244 245 250 254 256 255 253 253 259 270 265 262 259 256 251 243 238 230 227 230 233 229 232 236 234 231 228 226 225 224 223 223 222 220 219 220 220 219 218 218 217 217 215 220 224 221 221 218 218 221 218 213 215
275 272 279 283 286 286 280 272 261 257 255 251 247 243 239 239 243 239 237 237 237 237 237 236 241 248 260 267 263 261 253 247 244 239 243 247 248 245 243 245 254 252 254 253 249 248 243 244 249 257 263 264 262 258 254 259 268 268 267 265 258 247 237 231 227 233 242 239 233 241 240 233 230 232 228 226 224 224 223 222 220 222 223 223 223 222 222 223 224 219 221 226 223 222 220 221 227 222 216 213
274 269 276 280 286 289 286 282 273 267 257 251 246 242 238 242 250 247 240 238 238 239 238 239 247 257 267 273 272 269 262 253 243 242 248 255 258 253 252 251 257 259 259 257 254 253 248 244 248 257 269 268 266 260 255 258 262 265 267 265 256 250 243 233 228 239 247 243 237 244 240 234 232 234 231 228 226 225 224 222 222 224 225 227 228 227 227 226 225 221 224 226 223 225 228 230 233 229 218 214
264 264 272 282 290 291 286 276 266 260 257 254 247 243 240 243 251 253 249 246 244 245 243 250 256 265 279 275 267 265 263 251 242 241 242 253 265 264 264 260 260 266 266 263 260 256 249 245 249 261 270 269 266 260 257 260 262 264 267 265 259 254 245 236 229 235 246 244 239 244 243 237 233 235 233 230 225 225 225 224 225 225 230 236 235 232 231 228 226 229 228 226 226 231 235 235 233 227 220 214
261 261 271 283 288 286 283 276 274 265 255 252 249 243 240 244 259 264 261 252 251 254 252 258 265 276 281 274 266 257 250 245 243 244 245 251 263 272 271 268 265 273 270 266 261 255 248 246 250 259 271 268 262 260 261 264 264 266 267 267 261 248 240 234 230 233 245 243 246 249 244 238 235 235 235 231 227 225 225 225 225 228 236 242 240 237 233 230 232 228 228 229 229 232 238 237 235 229 222 216
261 260 266 276 281 282 282 282 274 260 252 247 246 241 240 246 262 271 266 257 262 258 258 258 269 284 280 271 268 256 249 248 251 255 257 250 254 262 266 271 273 274 267 261 255 250 248 248 254 262 272 267 261 261 266 270 266 267 268 269 266 250 241 236 231 233 245 246 249 249 243 240 237 236 236 232 228 225 224 225 225 231 238 242 240 237 234 232 233 229 224 226 228 229 233 234 235 233 227 217
259 261 263 265 271 276 281 283 268 254 245 244 242 242 242 250 262 270 269 266 275 267 275 272 273 284 279 265 257 252 253 255 262 267 263 257 254 256 268 275 271 267 260 257 252 251 252 251 256 265 272 266 262 262 270 272 269 269 269 271 269 255 244 237 232 232 245 249 249 247 244 245 241 237 235 232 229 227 226 226 226 234 242 243 240 236 233 232 231 228 223 223 224 224 227 231 235 233 228 220
256 258 261 261 266 272 281 281 261 248 243 243 243 243 245 249 259 270 274 279 280 278 282 280 279 273 267 260 254 254 262 266 269 270 270 266 260 258 276 277 266 259 258 255 254 253 254 256 261 272 273 269 268 267 272 273 270 267 267 271 272 261 248 239 233 233 243 250 249 246 247 250 246 239 234 232 231 229 229 229 236 242 246 244 241 237 233 229 227 224 221 221 222 222 223 229 228 227 226 222
259 264 266 267 272 275 280 280 261 247 244 244 244 245 247 250 256 266 279 287 287 285 284 279 278 273 270 265 257 256 267 278 284 276 277 272 263 260 273 275 265 264 268 262 260 256 259 262 269 277 275 277 277 270 268 271 269 266 267 272 277 267 250 243 237 233 241 252 251 249 249 252 252 247 242 235 233 232 232 233 244 250 248 244 241 237 232 229 226 223 222 219 220 222 223 220 222 223 223 221
258 261 266 272 277 280 279 280 262 248 244 244 246 249 248 253 257 259 269 283 289 287 284 283 283 279 273 264 259 264 274 281 286 280 280 274 266 265 279 278 268 265 275 267 261 262 266 275 277 275 275 281 276 268 263 265 265 266 270 275 280 268 254 250 242 234 240 254 253 251 250 253 255 254 249 240 238 242 242 242 246 248 246 243 240 235 230 228 227 226 225 222 218 224 221 216 216 218 219 218
255 259 264 269 271 276 275 271 259 247 245 245 245 248 254 257 264 266 265 274 289 290 289 288 283 275 272 268 261 269 275 276 282 281 278 273 270 273 282 277 270 268 271 267 265 269 277 282 280 275 271 273 270 265 261 260 261 267 272 275 278 267 255 247 241 235 241 256 255 252 251 253 256 256 250 241 247 258 254 248 244 242 238 237 238 235 229 226 229 226 224 222 216 222 217 214 214 215 216 216
253 255 261 267 268 266 266 262 256 249 247 245 246 252 260 264 271 276 277 275 285 294 297 296 289 282 282 271 270 270 275 278 283 283 280 278 277 279 280 274 270 269 269 268 273 281 285 283 280 275 270 266 264 262 259 257 259 264 269 274 280 274 259 249 240 235 242 257 257 254 251 251 254 255 251 247 252 257 251 244 239 237 236 235 231 229 225 223 227 225 223 220 216 216 215 211 213 213 215 217
253 257 260 261 260 260 263 258 253 253 249 249 252 252 253 259 269 277 284 284 282 291 300 304 297 291 285 269 276 282 271 275 284 288 289 289 287 282 278 274 274 274 274 275 283 289 286 278 273 274 270 266 263 261 258 255 259 264 269 277 285 273 256 246 238 237 246 260 258 255 252 249 251 255 256 255 254 255 250 246 242 241 244 244 238 232 227 222 222 222 224 224 221 215 212 211 211 214 217 218
253 256 259 258 255 253 252 249 247 246 247 247 247 246 248 254 265 271 280 288 288 291 299 302 300 294 274 275 283 285 274 276 281 286 293 295 288 283 283 280 280 282 283 284 286 287 282 273 266 267 264 260 261 260 257 255 262 267 267 271 273 261 251 243 238 239 250 264 263 259 253 248 248 253 256 257 254 255 253 251 249 244 244 244 240 235 227 222 220 218 221 223 221 216 212 211 209 213 217 219
252 253 256 258 255 252 251 247 247 248 247 248 249 249 250 252 260 266 275 287 292 295 297 296 293 290 272 282 293 292 281 287 291 294 294 297 294 291 293 289 289 296 290 282 277 276 275 269 263 260 257 256 256 255 254 254 264 270 265 258 255 249 244 240 240 244 253 266 267 262 256 250 246 248 255 257 254 253 252 254 251 240 235 232 230 226 224 221 217 215 217 220 219 216 212 209 208 209 212 216
250 253 257 259 258 252 248 247 250 252 253 255 257 257 254 253 257 263 272 284 293 297 297 287 282 276 272 285 299 296 286 293 299 304 302 300 299 297 302 301 300 301 295 285 276 270 268 265 261 258 259 259 263 261 254 253 255 268 266 254 247 243 240 241 243 249 258 269 269 265 258 253 247 243 250 255 252 251 250 253 249 242 237 231 230 230 224 219 217 214 213 215 217 217 214 209 207 207 209 210
251 252 257 257 253 249 247 247 251 257 260 263 266 265 262 260 260 265 275 286 294 296 295 290 285 277 276 300 309 302 291 291 304 315 310 304 304 303 304 305 303 301 296 288 278 269 265 262 261 264 270 266 273 268 258 251 251 267 268 253 245 242 243 244 248 258 266 271 271 268 262 256 250 243 242 249 248 250 247 254 248 241 236 233 234 232 225 219 217 215 211 211 212 212 210 208 206 206 207 207
251 251 254 254 249 247 249 252 257 262 266 267 267 264 262 263 264 267 276 284 291 293 288 286 285 276 279 296 315 307 297 297 307 320 314 309 307 303 301 300 298 294 289 284 276 268 264 264 265 270 276 276 283 276 263 253 250 258 263 253 244 245 247 243 248 260 269 270 270 268 264 258 252 245 240 242 245 246 248 254 252 247 242 239 233 228 224 223 220 215 211 210 210 208 206 206 205 205 206 205
251 250 251 249 249 250 254 258 258 260 264 265 262 258 258 259 262 265 270 278 290 292 289 283 279 276 283 297 316 317 307 307 319 325 318 311 306 301 295 293 288 285 283 279 273 268 264 269 273 274 282 285 285 277 266 259 252 248 247 248 249 254 248 245 248 258 269 267 264 261 257 254 249 245 240 236 238 239 248 251 250 251 247 240 232 232 231 230 223 216 212 210 208 208 206 205 204 204 205 204
251 250 249 248 250 250 252 253 253 255 258 260 257 255 258 261 263 265 270 279 290 294 292 285 280 279 286 297 311 326 314 314 329 328 319 310 303 296 290 286 283 280 277 275 272 269 266 273 281 280 283 283 281 273 265 262 255 248 249 253 258 257 248 248 251 260 269 269 262 257 256 251 249 247 244 240 233 240 243 245 243 246 249 246 243 239 236 229 222 216 215 210 207 208 207 205 204 204 204 203
252 250 250 250 250 251 253 252 252 253 253 255 254 258 263 267 269 269 271 279 290 296 294 287 282 284 290 298 310 328 326 325 333 325 316 307 299 293 291 292 291 284 279 275 272 268 270 279 285 281 277 274 270 263 258 254 252 252 256 265 265 255 250 254 255 262 270 271 264 266 264 260 260 255 249 242 236 233 236 239 236 241 250 247 242 239 234 226 220 216 214 210 207 207 206 205 204 203 203 203
256 253 250 250 251 254 258 258 257 257 255 254 254 259 266 273 276 276 277 283 289 297 294 286 285 290 297 304 312 332 336 333 331 323 314 305 299 297 300 302 293 285 278 275 272 272 281 286 287 282 273 268 268 264 256 259 256 259 263 270 269 259 252 255 258 264 271 271 266 269 268 266 264 258 249 243 236 231 235 229 228 239 250 247 241 232 227 223 219 214 212 210 208 207 206 206 204 203 203 202
256 254 251 251 254 256 259 263 264 263 261 259 255 256 262 269 275 277 282 290 295 296 291 287 288 294 299 307 317 331 351 344 338 329 318 310 308 306 305 299 289 283 280 277 274 275 281 286 288 283 277 277 280 267 261 267 260 263 270 272 275 261 254 259 262 265 272 272 269 271 268 262 260 252 242 238 238 237 231 227 225 233 246 244 238 231 224 221 218 215 213 211 209 207 206 207 205 202 202 201
256 254 252 254 258 261 263 266 271 270 266 264 258 257 259 264 269 273 279 288 298 300 296 292 292 295 303 310 319 333 357 353 343 333 326 320 315 314 308 297 288 286 283 278 276 274 277 284 289 288 283 286 280 264 267 270 263 268 275 274 272 260 256 262 269 268 271 273 271 271 262 251 247 243 244 247 246 239 233 228 226 225 234 243 236 230 226 222 219 218 216 215 212 208 205 208 206 202 202 202
258 254 252 255 260 263 266 270 276 277 271 266 261 260 260 263 267 274 281 289 301 305 300 297 295 297 304 311 319 332 358 355 344 334 326 320 314 311 306 297 296 292 286 280 278 276 276 280 287 289 284 280 272 262 269 274 265 272 276 275 267 259 258 261 271 274 274 274 273 269 258 248 249 251 254 252 247 242 235 233 229 223 222 230 235 230 226 224 221 218 216 214 211 209 206 208 207 202 200 201
260 256 253 254 261 265 271 278 283 279 273 267 262 260 262 264 267 273 282 291 302 306 304 304 302 298 303 310 320 332 357 351 339 331 323 316 310 305 300 300 303 296 288 282 281 280 278 280 285 287 280 270 268 270 276 276 269 276 277 272 265 263 264 261 266 275 276 276 273 264 254 251 261 261 255 245 243 240 237 235 229 224 221 220 223 224 225 226 224 221 220 217 215 212 207 205 205 201 200 201
264 261 254 253 257 265 274 286 288 281 275 269 264 262 264 269 270 273 279 287 297 306 307 309 309 303 305 311 319 329 351 345 334 324 322 316 311 306 304 305 302 295 288 286 287 285 283 281 283 282 274 271 277 275 281 276 272 276 274 269 266 269 270 265 264 273 277 277 273 264 254 256 265 263 256 246 250 249 242 235 231 227 222 219 217 217 220 224 223 221 219 218 216 214 210 207 205 203 201 200
269 265 257 254 258 266 276 286 288 281 279 277 273 268 268 271 274 275 278 282 289 298 305 310 312 308 310 317 323 330 346 336 328 318 314 312 309 307 306 305 300 292 292 293 292 286 281 279 278 272 274 281 281 281 285 281 279 279 273 275 273 275 272 268 269 275 278 273 266 261 255 261 266 264 254 252 258 253 243 239 237 232 225 221 218 216 215 217 217 215 213 212 212 211 211 208 205 202 201 201
273 267 261 254 255 263 268 282 281 276 280 283 281 273 268 268 271 273 274 278 284 290 300 309 311 310 313 319 325 333 341 329 320 313 305 304 303 303 303 301 297 297 299 297 290 282 277 276 273 270 279 288 287 287 292 289 285 283 278 280 279 278 271 274 274 277 276 266 264 261 262 267 266 258 253 259 262 256 249 243 241 233 227 225 223 220 216 214 214 213 211 209 208 207 206 206 204 202 201 201
276 268 262 256 254 255 259 269 274 274 281 285 281 271 266 266 269 270 272 275 279 285 292 303 310 310 312 317 323 331 334 319 310 304 302 296 296 298 298 297 298 301 301 291 283 278 275 273 275 279 291 298 291 295 300 296 291 288 281 282 282 279 273 278 278 279 277 268 273 268 267 268 260 259 262 264 261 256 251 246 241 237 237 233 229 223 218 222 224 221 219 216 212 210 207 205 205 202 200 201
275 271 263 259 257 255 256 259 265 278 284 282 276 267 266 266 268 271 272 275 278 284 292 297 305 307 310 314 320 329 322 308 300 295 292 292 289 291 291 293 299 302 298 288 280 277 276 278 283 289 297 306 301 304 309 305 298 291 283 284 283 278 280 283 282 281 276 274 278 272 271 267 262 268 270 266 262 257 253 247 242 245 246 244 237 229 224 226 227 224 221 218 216 212 208 206 204 203 199 199
273 270 265 262 262 261 258 257 262 274 282 274 267 266 268 267 270 271 273 275 277 283 290 293 299 306 308 311 318 325 309 298 291 288 284 282 283 286 289 287 293 297 291 284 279 277 277 281 289 296 301 309 309 310 312 306 298 290 288 287 283 283 286 286 284 280 277 281 281 275 273 268 267 277 274 270 265 259 254 249 248 250 250 250 245 238 229 224 223 223 220 215 213 210 207 207 205 203 201 199
274 272 270 266 264 263 260 261 260 263 274 267 268 276 276 272 272 272 275 278 280 284 287 290 294 302 304 308 318 313 297 289 283 281 279 277 279 281 286 284 285 286 286 285 281 279 279 283 290 294 300 308 311 311 305 298 293 290 290 289 287 289 290 288 284 282 285 285 283 278 275 271 268 277 275 273 267 261 256 252 251 249 249 251 248 238 229 222 219 219 217 213 210 207 206 205 204 202 200 199
277 278 276 272 268 265 261 260 263 258 262 266 276 284 284 277 274 274 275 279 282 286 289 294 301 303 303 306 315 299 287 281 277 275 274 273 275 277 282 281 277 280 287 289 287 286 285 283 287 292 299 309 312 306 297 290 289 294 296 292 290 292 294 292 287 285 288 288 285 282 277 271 270 276 278 276 269 261 256 249 245 245 244 247 246 239 229 221 218 217 216 214 210 208 206 204 202 201 199 199
279 281 279 276 270 264 260 259 264 265 267 275 281 285 287 284 282 280 279 279 283 287 291 296 307 309 305 305 310 293 281 276 273 272 271 270 271 274 278 276 275 282 285 289 291 292 290 286 286 291 299 308 310 298 288 283 290 303 304 296 291 296 300 296 291 290 291 289 285 283 279 271 274 280 282 278 270 264 260 253 246 241 237 237 239 237 231 223 218 219 218 215 212 209 207 205 203 201 199 198
280 284 283 278 270 264 263 259 263 267 271 275 278 283 285 284 284 282 280 282 285 289 293 300 307 307 302 304 310 292 281 275 271 269 268 267 268 270 275 273 277 284 283 285 289 292 292 289 287 290 296 303 301 288 281 282 293 307 307 296 289 295 301 297 295 294 294 290 285 283 276 275 278 283 284 280 272 270 265 259 253 246 240 235 231 228 226 223 219 218 218 215 211 209 207 206 204 201 199 198
278 283 281 277 269 266 267 262 260 262 265 269 277 281 278 279 280 278 280 285 292 295 297 301 302 301 299 302 308 291 282 279 274 269 267 265 265 267 270 270 277 282 281 279 285 289 292 289 287 290 294 297 290 279 276 285 300 309 305 293 284 290 294 293 298 297 295 294 291 286 280 282 280 283 284 282 278 274 268 262 255 250 245 239 234 229 225 222 220 222 222 218 213 210 207 205 203 201 200 198
276 278 279 277 269 270 270 267 264 261 262 268 274 273 269 272 276 281 286 289 294 295 296 297 297 296 296 299 302 297 290 285 277 271 270 272 266 263 266 268 274 277 280 274 278 285 289 287 288 290 291 288 280 272 278 291 305 311 307 295 281 279 282 293 300 298 295 294 292 291 285 285 284 283 284 283 277 272 264 255 249 244 243 240 236 230 227 225 223 223 220 217 214 211 208 205 204 201 200 199
