# 100 100
423 429 445 455 460 455 450 443 430 413 404 396 385 362 351 364 382 391 394 388 374 366 357 335 313 298 280 270 259 245 256 270 290 321 350 367 375 382 385 384 386 383 383 382 370 337 309 274 229 217 228 221 226 238 255 268 279 311 331 328 327 321 315 304 293 304 321 349 384 395 411 400 367 345 334 323 314 306 302 298 268 240 233 227 206 206 205 195 192 191 192 197 205 210 214 213 228 230 233 251
410 409 429 444 452 442 420 393 386 373 366 353 344 338 340 336 346 354 366 361 356 347 335 325 318 304 283 270 262 252 242 264 292 311 329 343 354 359 363 368 364 356 355 349 319 296 266 225 217 215 219 222 235 249 273 286 295 321 337 338 335 327 319 302 309 309 321 342 378 395 401 395 362 344 334 329 324 314 300 277 253 225 216 217 220 225 225 217 214 205 204 207 216 227 241 241 243 253 251 254
415 400 396 411 427 412 370 357 350 344 344 344 336 329 330 320 319 319 318 322 332 326 318 311 301 292 279 271 264 250 241 255 289 321 338 352 359 356 354 355 349 334 322 298 265 244 222 214 216 218 220 228 242 261 288 306 311 332 346 348 340 327 316 311 323 320 327 339 359 379 391 388 367 346 330 325 322 300 278 261 242 226 239 244 238 241 242 238 233 229 222 236 253 262 269 265 247 275 271 268
421 405 409 402 389 374 403 411 406 393 395 393 377 348 328 318 311 307 302 298 300 303 297 292 287 280 275 270 258 247 240 242 261 287 324 331 332 333 340 342 329 311 283 256 231 225 218 217 220 222 224 235 249 271 307 325 329 352 357 349 334 323 313 326 329 326 334 340 357 371 380 378 365 345 322 306 292 275 263 249 237 248 260 268 267 270 270 266 258 246 243 262 275 275 270 252 261 284 282 277
424 415 439 442 411 414 440 444 440 440 430 409 374 365 371 362 348 335 330 319 303 291 284 279 276 272 267 260 254 246 240 235 242 257 283 301 309 309 315 305 289 264 238 223 218 218 215 217 221 227 231 242 260 284 331 345 347 362 357 344 332 321 326 340 337 334 338 341 355 374 382 366 349 331 310 294 279 269 257 244 261 270 274 280 285 291 299 305 301 285 271 282 287 280 264 248 254 267 280 277
431 428 454 463 453 456 455 458 458 453 440 405 405 408 402 389 368 353 344 332 329 323 315 304 293 288 283 269 259 249 243 237 233 234 240 252 261 271 282 284 264 231 222 219 217 215 218 223 231 237 237 251 270 308 354 358 362 364 354 345 333 327 344 351 345 343 345 346 355 366 355 343 330 313 297 286 279 270 255 275 281 284 287 293 298 304 313 320 326 317 294 296 292 272 270 268 253 260 270 273
440 440 454 460 461 466 467 465 454 444 428 425 432 427 414 400 382 365 353 351 346 342 335 319 309 304 296 287 270 253 243 237 233 231 228 228 231 235 239 239 228 222 220 218 216 218 229 245 253 244 246 264 285 336 365 369 371 371 363 352 344 347 352 356 354 354 352 351 352 355 344 332 324 319 306 281 270 270 280 298 302 300 303 305 305 313 321 329 330 315 303 294 285 279 278 271 262 259 265 271
443 446 449 454 454 457 467 469 459 446 441 454 459 448 430 415 398 378 370 369 362 357 345 332 323 314 305 295 278 257 241 236 232 230 226 225 224 225 224 224 225 218 219 216 218 230 246 263 268 270 254 275 308 357 373 375 380 378 372 366 355 364 365 364 366 367 366 364 353 343 337 334 331 314 287 276 284 286 299 307 311 311 313 319 318 327 329 327 319 309 301 290 281 277 276 268 261 260 264 272
450 450 445 446 447 454 465 474 464 460 461 478 470 451 439 424 412 404 400 393 391 386 371 358 345 330 318 300 280 258 241 234 233 232 227 224 222 221 221 226 219 217 215 221 232 243 258 272 279 284 264 288 328 366 375 386 395 392 386 375 363 373 376 376 381 381 382 377 369 357 347 340 323 295 287 299 304 293 308 320 319 321 331 335 342 346 338 322 313 307 294 281 275 276 272 266 263 263 268 274
453 447 443 439 440 455 465 478 472 469 466 477 469 455 445 434 431 428 424 422 416 403 390 383 365 342 320 302 277 258 243 233 231 229 227 223 221 220 219 219 218 220 225 234 245 257 273 287 290 284 275 298 330 362 381 399 407 404 395 380 379 382 385 391 396 399 394 386 378 367 354 338 308 301 313 323 324 321 324 330 331 339 354 364 353 335 324 316 311 300 283 274 272 273 269 266 266 268 273 280
448 442 435 430 428 441 460 470 476 475 470 464 467 461 445 437 441 441 433 425 420 406 398 381 356 336 317 296 276 255 241 230 227 226 225 222 221 220 221 228 226 236 246 256 264 280 301 312 308 304 289 306 335 368 392 407 411 402 393 393 390 393 405 415 412 407 395 386 380 363 349 335 330 325 335 343 343 340 336 338 351 364 366 352 328 317 310 306 297 284 275 272 273 273 270 272 271 273 279 284
439 432 421 413 412 425 443 460 474 470 465 457 449 444 438 436 435 435 435 425 422 406 389 361 341 325 307 287 263 243 231 228 225 223 223 220 220 227 233 239 246 258 267 279 288 306 320 327 322 315 297 312 342 385 403 412 414 405 402 402 399 416 426 421 416 411 404 396 386 376 365 353 344 338 350 353 351 346 341 345 367 363 342 322 318 312 298 290 280 275 274 274 274 271 273 280 282 280 283 290
426 421 411 395 397 405 430 454 471 465 458 447 433 424 422 424 420 417 423 426 418 401 376 346 324 299 277 260 248 234 225 223 222 221 221 225 232 241 251 260 272 287 293 302 310 324 335 334 328 322 307 318 353 390 411 420 419 415 414 412 411 433 435 426 424 423 412 403 396 387 374 367 358 351 358 361 357 353 351 353 351 337 323 313 304 294 285 278 274 272 274 276 273 272 281 293 298 291 287 292
421 410 392 381 365 390 414 450 462 458 450 442 431 421 414 410 406 403 401 409 404 385 358 327 298 280 263 253 243 226 222 220 219 222 233 245 254 270 285 296 306 313 320 322 331 344 354 352 346 339 330 321 354 388 410 421 421 423 422 423 423 428 430 429 429 429 421 412 406 403 392 379 371 366 368 370 372 372 368 357 342 332 325 314 308 303 291 283 277 272 269 271 272 275 296 309 311 308 301 298
424 409 390 356 332 382 404 438 446 442 430 423 411 405 396 393 389 385 386 388 383 366 332 306 279 255 241 234 230 223 221 219 222 239 266 284 298 314 324 329 334 333 338 345 354 364 368 368 369 364 358 334 357 384 404 417 422 426 429 433 432 434 436 435 433 432 429 422 413 406 399 387 379 374 377 381 395 386 372 357 345 342 328 322 309 300 289 284 277 273 268 268 274 283 310 321 324 325 318 314
387 362 348 321 322 374 398 422 432 432 423 412 395 387 383 381 381 372 367 376 367 349 318 282 243 234 231 229 225 223 220 224 240 272 300 325 337 343 350 353 353 356 362 369 375 381 381 381 382 381 363 353 362 389 404 420 426 429 434 438 442 449 449 443 439 438 438 433 421 411 403 394 386 382 386 391 402 388 369 353 345 338 329 319 305 296 289 282 277 275 271 268 279 291 319 334 338 339 336 332
346 321 302 292 328 372 401 418 418 414 409 400 387 371 364 363 364 357 362 380 363 339 290 246 227 227 223 223 222 220 224 244 275 302 328 353 363 369 373 374 380 385 390 394 390 390 391 393 395 388 370 385 386 389 411 424 431 437 441 446 452 457 460 462 457 456 445 436 427 418 410 402 394 396 398 403 410 387 363 348 343 339 329 318 299 290 283 277 275 275 269 271 285 305 335 347 349 350 352 350
311 297 281 279 322 365 403 417 421 409 399 388 376 358 341 334 333 339 356 375 349 307 262 226 222 221 220 227 228 229 251 280 305 333 361 375 384 386 393 398 403 410 411 407 403 401 402 401 393 385 380 394 403 405 411 420 436 445 449 454 460 463 466 469 472 465 450 441 432 423 416 409 405 407 405 409 400 376 358 346 341 334 324 307 287 282 279 275 273 270 268 278 296 315 340 357 365 366 370 367
288 280 267 264 294 340 374 397 408 402 395 384 371 351 337 320 316 336 349 346 317 280 232 221 222 220 221 230 239 266 291 313 335 363 381 393 398 402 413 418 424 430 426 420 416 412 407 396 402 406 400 405 419 425 428 431 439 450 457 462 467 468 470 472 471 467 460 451 441 433 424 418 416 418 413 403 389 369 353 346 340 325 302 285 278 277 274 270 267 263 270 283 304 322 336 350 363 375 382 382
268 262 255 254 270 298 317 342 345 357 357 352 351 338 323 302 294 305 330 329 310 264 225 221 220 220 229 240 268 298 321 341 361 379 396 410 413 422 437 448 450 448 438 431 423 415 408 400 412 421 419 425 435 439 441 445 449 458 466 469 473 475 475 476 476 472 465 457 449 442 436 433 428 421 409 395 380 368 352 333 317 299 285 276 274 271 268 261 259 257 267 290 304 315 328 344 360 375 387 392
261 252 246 246 249 262 272 290 302 303 308 313 307 295 295 292 269 279 302 309 290 246 223 221 221 222 239 248 280 317 348 370 375 395 417 423 429 447 471 472 465 458 447 431 421 417 412 408 414 428 436 443 450 453 456 461 464 471 476 479 480 480 480 481 480 476 471 465 459 452 448 445 443 435 413 392 374 357 335 313 295 283 280 278 269 259 255 252 252 249 260 279 288 299 322 343 361 381 396 406
261 254 244 240 240 240 242 250 260 254 257 266 270 268 266 263 251 253 260 259 247 226 222 221 220 222 233 243 280 338 372 392 402 417 433 431 444 473 484 479 471 462 444 430 429 427 419 414 423 431 450 456 466 468 472 478 482 484 488 492 489 486 486 486 484 482 477 473 467 464 459 455 448 429 401 376 355 337 318 296 283 271 266 266 259 251 246 246 247 246 259 275 283 292 305 309 331 356 376 388
246 242 239 236 234 233 232 232 234 239 239 240 241 248 250 248 245 240 237 232 225 222 221 221 222 224 233 244 278 345 385 414 417 431 441 440 463 492 486 480 469 456 443 445 443 439 433 425 431 446 463 472 482 484 486 488 493 498 500 502 499 494 493 494 494 490 483 480 477 478 473 458 436 412 394 375 351 328 298 272 265 258 253 251 248 243 242 245 242 238 240 242 247 237 244 263 276 298 312 315
243 241 238 236 233 231 230 231 231 232 231 232 233 236 237 235 234 233 233 227 222 222 221 221 224 228 234 247 274 336 385 412 421 426 441 443 465 486 481 474 472 467 459 467 463 461 452 437 448 474 479 489 495 496 497 500 505 509 510 511 510 508 504 503 501 493 491 489 488 481 465 445 428 414 393 365 338 311 284 259 250 245 243 241 238 234 239 245 244 245 225 210 210 209 213 224 239 248 251 258
251 246 241 238 235 232 230 230 228 227 228 228 226 228 227 227 226 227 226 223 222 221 221 223 227 231 237 247 270 322 375 398 417 415 428 435 447 463 464 461 468 475 473 486 487 483 468 461 480 494 491 503 507 509 513 517 522 523 520 521 523 523 518 511 504 498 493 488 480 465 455 444 430 407 380 350 324 298 271 252 244 239 238 239 236 230 228 224 217 213 206 204 203 203 200 202 209 215 220 222
263 250 246 241 234 230 230 227 227 227 226 225 224 224 223 224 223 225 223 223 223 221 222 225 229 234 241 251 272 309 363 390 404 405 418 422 426 444 452 451 460 477 484 493 498 499 495 495 506 503 502 516 519 522 529 532 534 534 528 524 523 522 519 512 504 491 483 479 471 462 447 429 406 384 358 327 304 281 256 246 240 236 233 228 226 223 215 211 205 200 197 197 196 198 197 196 198 203 209 208
268 251 234 230 229 228 228 227 227 226 225 224 224 223 223 223 222 222 222 223 222 221 222 226 232 237 244 252 265 297 337 372 379 392 403 407 415 432 446 454 457 472 494 500 509 518 519 518 517 513 513 522 522 524 528 532 534 534 528 519 515 508 502 497 491 489 487 482 474 464 448 424 387 343 319 302 288 270 256 244 240 235 231 226 221 219 214 206 202 200 201 198 193 191 190 190 191 194 199 203
245 231 227 226 227 227 227 226 225 224 225 224 223 222 222 224 223 222 223 225 224 225 226 230 236 242 254 267 273 279 303 337 356 370 386 394 418 433 446 456 462 468 488 496 503 520 526 527 522 520 517 513 510 510 512 518 522 520 515 506 501 497 495 494 494 495 489 475 460 444 432 408 365 334 304 291 271 260 253 246 241 237 229 220 217 214 212 205 203 202 201 198 192 191 191 189 188 190 189 193
226 225 225 225 225 226 225 224 229 239 243 243 237 234 236 234 231 225 225 226 228 231 234 236 245 250 256 280 290 297 315 335 359 370 384 398 421 435 447 459 466 473 480 491 497 505 514 517 513 511 510 504 498 493 491 494 494 495 496 494 492 489 484 483 484 485 481 467 447 434 408 372 341 317 303 288 270 262 251 248 243 235 221 213 210 206 206 204 202 202 198 193 191 190 190 189 189 188 188 189
225 225 225 225 229 238 239 245 259 273 274 273 271 268 263 252 246 237 233 232 232 235 242 246 256 259 269 295 305 323 339 367 387 398 404 405 419 437 449 467 474 485 491 496 496 497 496 495 492 494 492 487 482 478 476 477 479 482 484 487 486 480 464 466 469 469 463 451 443 423 379 347 326 305 293 278 270 261 249 248 244 228 219 210 207 204 201 201 199 199 194 192 191 189 188 189 191 190 188 189
226 227 226 228 251 264 269 277 284 294 297 297 295 293 285 274 265 257 246 241 239 238 248 256 268 269 280 305 326 351 378 391 401 417 420 420 426 448 456 474 487 497 501 506 502 495 492 489 484 487 485 482 476 468 459 465 466 469 473 479 482 475 459 445 447 449 450 443 419 385 357 344 324 309 294 281 273 260 250 233 229 223 215 209 206 205 198 195 193 193 192 192 192 190 190 192 193 194 194 195
232 238 233 244 287 293 301 305 313 314 315 320 320 314 305 295 280 268 258 249 245 241 255 266 279 282 289 315 344 383 401 407 423 436 445 441 453 465 469 480 488 504 508 510 504 496 490 482 473 476 482 479 469 450 428 443 441 442 446 452 461 465 457 443 435 435 424 406 384 364 348 334 317 307 293 282 266 247 233 220 218 219 213 208 205 202 196 194 194 193 193 192 195 194 196 198 199 199 199 199
236 250 251 266 303 312 324 333 335 332 333 340 344 335 322 309 294 282 270 257 249 248 262 278 291 300 299 324 354 396 413 421 442 454 463 463 477 477 484 491 501 515 512 508 503 496 486 474 464 459 461 454 438 424 403 412 402 398 407 403 404 421 422 415 413 409 396 382 371 353 339 320 308 298 283 273 254 230 218 213 210 212 210 207 204 196 195 195 195 195 196 199 201 203 205 203 205 206 206 209
236 246 270 289 308 321 333 350 353 348 346 354 356 346 335 322 308 292 276 263 255 256 269 285 299 319 321 333 354 385 418 437 466 472 480 480 489 498 501 501 509 512 499 492 495 491 481 466 443 429 426 416 406 393 373 368 365 360 358 357 357 364 367 379 388 388 372 367 358 344 328 310 300 288 274 252 228 216 211 207 206 207 207 207 199 199 207 210 208 205 208 206 208 210 211 217 226 220 218 216
228 244 294 333 338 334 346 356 365 361 356 363 365 357 343 329 311 293 285 281 267 262 276 288 303 323 334 349 357 384 425 456 484 488 496 502 500 508 504 495 487 479 470 465 460 452 441 426 408 394 391 383 372 359 342 329 322 314 305 318 321 320 316 329 336 335 329 328 326 323 309 294 286 272 249 223 211 208 206 203 204 205 207 202 199 208 217 225 231 226 222 220 217 218 226 233 234 230 229 237
228 247 304 356 360 352 358 363 372 375 367 370 364 352 337 328 324 316 309 300 285 273 284 293 309 328 339 353 365 383 429 477 493 493 501 507 506 502 493 480 465 453 443 431 417 404 385 372 362 349 344 342 331 311 302 297 294 290 281 287 286 282 280 286 289 290 295 297 291 290 290 277 265 236 217 205 203 205 203 203 205 206 204 197 204 213 218 228 237 243 247 245 242 238 238 239 243 248 250 255
232 263 320 370 377 373 376 374 383 382 373 370 360 354 346 345 340 336 329 319 307 287 292 305 318 335 349 359 381 382 419 453 460 458 463 464 458 448 434 419 406 395 382 366 354 344 335 328 320 310 296 292 287 275 272 263 261 262 259 262 260 258 256 261 263 265 266 268 264 269 269 255 229 207 200 200 202 206 200 199 199 200 200 197 206 220 226 235 239 246 253 261 266 266 256 249 254 261 264 264
249 287 338 374 384 381 387 386 396 392 379 376 376 373 363 358 354 350 344 332 321 307 302 311 321 339 356 363 388 388 408 427 429 428 429 427 422 411 399 384 373 360 346 334 324 315 303 294 286 279 273 272 266 256 249 241 235 235 238 241 238 237 237 240 243 245 244 240 238 248 245 219 203 200 201 200 199 199 199 203 203 203 200 200 212 224 237 237 243 251 259 266 274 285 290 279 268 270 272 273
265 300 338 363 379 380 392 398 403 400 390 392 392 386 378 376 369 362 350 336 328 327 313 313 327 344 365 372 397 399 408 418 414 412 410 403 393 385 375 361 351 341 325 306 293 287 279 271 264 259 255 257 256 253 247 237 225 223 225 227 226 224 225 227 230 233 233 228 224 221 214 203 201 202 203 201 201 203 208 206 206 208 209 214 223 234 241 243 248 256 263 273 280 290 302 305 291 283 282 285
256 285 316 341 365 371 378 396 405 401 394 400 403 399 393 386 380 368 355 344 340 332 317 319 337 351 381 383 401 404 408 419 417 408 403 394 381 367 354 340 332 318 300 291 280 270 259 253 247 242 241 241 239 237 231 225 218 216 217 218 217 217 217 219 221 223 220 214 211 206 203 202 201 203 205 205 206 206 207 207 210 215 218 225 239 246 247 251 258 262 272 281 291 299 306 311 313 309 303 298
240 260 286 314 337 357 372 387 404 405 397 405 413 410 397 390 383 372 363 353 350 336 321 331 350 358 385 386 402 400 404 411 415 406 397 385 368 348 329 317 310 296 288 278 265 254 246 241 236 230 223 222 219 215 216 211 209 208 208 208 210 211 211 212 215 214 212 207 204 202 202 201 201 205 207 209 211 211 211 210 216 223 230 240 248 252 255 261 266 272 283 293 303 310 311 321 329 328 321 312
241 252 271 296 319 340 359 384 398 402 407 412 417 414 401 390 383 378 369 360 351 331 339 345 363 367 386 391 404 401 400 407 413 401 392 377 352 329 315 304 290 279 270 261 250 241 232 223 219 217 215 213 210 209 209 212 215 210 208 208 207 209 207 205 205 205 204 205 205 203 204 205 205 206 208 214 218 223 223 227 234 242 243 247 258 265 268 270 276 287 293 302 311 316 320 330 338 340 335 330
248 252 267 289 312 332 352 364 384 402 420 424 418 414 405 391 383 379 371 356 343 343 352 357 373 374 392 398 408 405 395 395 399 394 382 357 335 319 301 287 281 271 259 250 242 228 215 213 213 212 211 211 210 212 218 225 225 218 212 210 212 211 207 207 211 214 212 210 210 207 209 207 207 211 214 223 227 237 238 250 255 264 267 264 273 279 283 287 291 300 303 309 319 326 330 335 342 345 348 345
264 263 266 284 305 320 335 351 375 396 419 423 413 404 396 390 382 374 368 361 351 353 366 366 372 373 378 393 399 392 383 380 378 371 355 338 327 314 298 282 266 255 251 241 223 215 214 215 215 212 212 213 223 239 241 246 248 240 235 237 243 245 234 219 223 228 226 220 220 217 217 218 224 227 227 233 238 243 251 261 266 278 281 280 284 290 295 300 304 310 311 317 329 340 347 348 343 349 357 357
287 282 276 287 305 319 337 360 379 393 406 417 412 400 394 388 380 377 375 367 349 356 375 375 367 361 364 371 381 381 373 361 360 354 343 335 322 303 286 272 262 256 243 230 218 215 218 222 224 223 226 247 254 256 266 272 275 274 272 275 273 275 264 242 238 241 237 235 233 234 231 234 240 238 243 247 249 247 261 275 284 289 290 296 296 303 305 310 314 316 318 324 334 348 362 366 359 360 361 361
308 308 297 298 312 327 347 353 366 386 405 420 421 411 394 387 384 378 377 371 356 360 375 381 367 350 347 352 358 359 355 343 340 344 335 323 307 290 281 272 260 247 237 224 217 216 227 233 241 249 255 268 271 284 295 297 296 297 299 300 294 293 284 269 257 257 242 244 244 245 244 246 246 253 254 258 255 254 269 287 291 295 296 301 304 313 317 320 322 324 329 334 344 356 372 379 378 369 365 362
326 330 330 319 329 345 360 376 384 397 417 422 417 409 393 391 383 375 373 368 364 369 383 381 368 355 352 342 336 334 331 329 324 322 314 304 290 282 270 258 246 234 225 219 218 216 246 247 264 279 283 290 299 308 315 311 317 320 316 316 313 307 292 279 270 261 255 253 253 261 257 260 262 265 271 272 270 267 284 300 302 300 304 313 317 324 325 328 335 339 344 345 356 370 383 391 393 377 360 356
329 352 356 350 346 361 373 390 413 407 415 418 411 400 391 384 380 377 374 368 376 383 401 388 376 362 357 347 338 330 323 312 309 303 293 287 280 269 258 246 232 225 224 219 217 222 258 263 287 301 301 307 315 320 329 327 330 332 330 332 321 312 302 290 279 264 267 263 268 276 273 276 276 278 283 288 294 291 291 307 317 313 316 320 327 334 334 335 344 353 359 362 372 383 394 399 390 364 343 337
327 362 387 382 376 384 393 404 417 418 417 412 402 393 387 386 386 385 379 378 383 409 416 400 389 379 374 365 353 341 326 311 298 288 281 274 265 254 246 236 228 226 222 218 219 244 275 278 288 310 318 325 330 332 341 341 343 345 344 338 330 324 311 294 280 271 276 273 279 289 283 283 287 294 300 303 303 308 310 320 326 327 329 329 335 345 350 344 351 365 374 383 389 394 401 399 377 351 328 307
327 365 401 419 417 414 419 429 434 433 426 415 407 401 399 400 400 397 391 390 393 426 420 409 402 403 395 379 366 353 337 319 304 291 279 266 256 248 241 233 230 226 220 221 229 259 287 296 300 317 333 339 343 346 349 351 356 357 352 349 344 331 314 297 279 287 286 286 289 298 294 300 309 310 313 316 316 323 325 328 337 343 343 344 352 362 366 364 370 383 391 397 397 393 390 381 365 343 311 277
330 359 396 444 455 456 456 455 458 454 449 441 430 426 425 421 416 408 401 396 406 428 419 419 418 424 414 397 378 364 347 327 310 298 287 271 259 251 242 237 234 221 222 225 237 270 297 305 314 332 343 348 351 354 358 363 366 369 363 358 350 331 313 298 286 299 303 302 300 300 305 313 317 319 325 331 334 336 332 334 347 355 360 362 371 379 381 388 399 402 400 398 394 383 368 361 347 311 279 260
335 362 387 441 479 483 476 475 475 470 466 462 453 453 452 446 433 421 409 403 407 414 421 423 419 406 400 394 382 368 358 340 322 303 290 281 273 265 250 234 227 221 226 231 245 275 307 324 332 338 350 359 368 367 370 374 378 377 372 366 356 341 329 310 296 313 313 313 311 307 314 318 326 333 334 338 341 346 346 336 350 364 374 380 384 391 392 404 405 396 388 376 366 354 342 327 297 278 263 247
354 377 398 421 459 485 489 481 481 476 474 472 467 467 467 464 449 434 425 416 418 420 420 413 408 397 387 382 373 362 353 343 320 310 308 298 287 268 243 232 227 227 237 249 258 272 295 335 354 356 357 362 372 383 385 385 387 386 377 364 359 345 336 325 307 324 323 323 324 321 317 322 334 344 344 348 354 355 348 343 360 374 387 394 392 401 404 408 400 386 369 354 342 323 301 284 272 262 251 236
367 387 414 427 444 468 490 493 492 489 483 477 475 474 470 461 457 451 437 430 443 448 432 417 404 395 382 371 364 351 344 331 323 326 317 305 287 256 239 234 225 239 259 273 280 290 304 328 353 369 371 376 383 385 393 397 394 384 377 369 360 348 339 322 318 337 334 334 338 334 332 329 335 349 362 366 365 355 351 355 368 382 395 406 405 412 414 411 398 381 361 342 318 293 277 267 258 250 238 244
342 366 395 421 441 465 490 494 488 485 484 484 477 468 468 464 459 452 436 435 445 455 449 431 415 405 391 374 357 348 342 332 333 331 315 295 268 250 242 235 224 247 267 280 293 306 322 339 346 360 377 390 403 405 406 401 393 388 381 369 358 348 333 320 334 341 343 345 348 349 351 346 351 365 376 379 368 358 361 363 370 382 395 409 419 424 423 413 396 376 355 331 307 284 262 253 245 239 246 263
301 327 353 391 425 454 471 472 480 482 477 476 462 453 455 451 448 447 438 436 430 426 428 420 409 403 396 387 373 358 347 343 342 326 306 281 264 255 248 234 229 247 273 292 304 321 334 345 355 364 380 395 404 412 411 401 389 378 368 359 352 348 337 339 347 350 357 362 367 368 369 368 371 384 388 384 375 373 372 374 379 387 404 419 431 434 426 414 398 379 356 327 304 282 254 239 243 261 285 294
290 305 322 342 371 396 405 417 432 438 442 442 443 450 450 446 438 440 447 438 421 406 402 396 389 385 381 375 366 358 352 349 341 332 321 283 263 256 252 236 232 246 282 319 332 340 351 356 358 363 370 387 406 404 399 388 379 372 364 359 353 352 343 357 363 368 374 384 389 390 389 391 393 399 398 390 386 385 387 389 392 401 410 422 424 418 412 409 401 387 355 322 307 284 245 253 265 286 319 336
282 295 311 319 337 352 363 374 382 389 393 387 392 407 415 420 422 419 421 423 415 402 390 382 375 370 362 357 355 354 355 360 348 329 312 283 260 250 246 239 231 246 274 325 361 363 370 378 381 381 379 382 395 410 408 396 385 377 371 364 362 365 356 360 380 390 395 400 404 409 411 411 411 409 404 402 398 396 395 399 403 407 409 408 402 397 398 388 372 353 333 314 297 271 244 280 299 322 348 375
283 288 301 310 319 333 341 351 354 359 367 358 361 374 380 383 388 387 395 404 407 400 393 381 367 358 354 357 357 361 368 375 359 328 305 284 257 247 245 238 229 247 269 312 364 371 388 401 410 414 412 405 403 406 410 410 401 389 378 373 373 373 371 369 371 400 413 419 420 420 419 422 423 420 416 414 411 407 404 407 409 405 401 396 387 377 371 360 345 331 317 300 287 267 245 272 289 315 345 364
273 281 295 303 312 316 316 330 335 331 338 340 345 365 363 366 374 370 367 367 374 378 377 371 361 350 350 355 366 376 371 370 362 336 305 280 254 236 230 227 241 259 271 302 353 370 397 424 438 444 446 443 430 423 424 422 413 401 388 387 382 382 388 393 382 393 416 430 433 434 432 431 431 428 425 428 423 418 416 414 408 400 393 386 379 368 357 345 330 320 303 282 271 260 257 250 254 279 307 336
271 277 284 294 298 300 302 308 313 315 318 321 324 345 353 352 364 365 362 359 356 362 361 354 345 337 349 354 359 376 370 354 352 331 292 266 245 228 229 241 262 271 287 311 350 371 392 440 462 467 471 469 465 457 453 444 431 410 404 404 396 400 406 414 403 396 406 429 446 448 449 439 436 434 430 431 430 428 425 421 412 402 392 382 367 356 351 335 323 310 294 293 280 291 284 266 250 260 289 321
278 277 280 287 287 289 292 297 300 303 317 316 315 324 339 341 339 344 343 337 341 350 355 346 327 324 349 357 358 366 363 337 326 298 273 253 231 230 236 252 291 281 297 320 332 353 389 429 485 502 498 490 484 477 472 462 444 420 425 424 414 416 424 432 428 414 413 424 449 461 458 451 446 445 439 434 431 428 422 423 418 406 392 378 366 353 342 330 319 306 301 296 301 307 294 274 259 254 277 299
290 300 307 306 303 306 310 309 309 302 305 307 312 325 330 330 324 332 329 323 329 331 334 335 322 331 334 333 336 336 340 326 306 286 246 230 230 232 237 246 272 278 298 301 313 335 374 410 459 510 524 515 504 493 480 465 448 443 445 443 438 441 443 449 451 443 442 455 454 448 444 455 458 452 444 434 430 429 415 411 419 409 395 383 371 358 348 337 328 321 324 324 323 319 304 285 266 255 270 299
287 311 319 340 337 329 327 329 321 316 316 314 312 316 322 324 321 314 315 319 313 318 315 313 313 331 334 326 317 312 320 320 295 263 233 229 230 231 241 254 250 263 279 287 304 325 350 378 415 451 505 526 519 505 488 474 470 470 467 467 462 465 463 465 469 466 467 467 456 438 432 431 441 446 441 432 426 421 415 409 405 407 396 381 367 358 349 344 338 336 338 338 337 329 317 300 276 262 268 286
275 288 302 314 324 334 354 355 346 339 331 325 325 311 297 298 297 294 286 289 290 289 287 299 321 331 326 321 308 293 290 295 273 249 233 231 231 233 248 264 263 267 270 275 288 310 326 347 378 428 485 511 517 512 503 495 490 487 488 488 485 489 483 481 481 478 474 467 452 432 421 408 414 427 437 429 424 420 415 409 402 398 395 384 369 361 356 358 359 356 353 347 341 335 325 307 281 270 270 272
269 272 277 283 295 300 301 314 335 339 339 325 312 300 289 288 286 288 294 288 282 278 274 275 291 307 308 301 292 281 267 265 261 246 235 233 231 237 255 269 268 277 285 293 298 294 304 337 376 434 478 505 513 510 506 502 500 503 506 508 509 510 501 495 489 481 470 455 442 427 413 403 394 405 421 422 413 408 408 405 398 392 389 383 378 370 366 363 361 356 355 354 346 332 322 307 288 270 270 273
281 274 275 279 280 283 287 291 299 299 301 313 307 296 300 301 302 313 319 311 300 288 280 272 266 266 272 287 283 271 257 250 245 239 237 236 234 236 258 266 272 285 294 305 308 305 297 323 361 404 448 494 500 499 497 498 506 515 521 521 528 529 522 511 498 488 477 466 453 438 424 411 399 390 396 405 399 391 386 381 375 367 363 363 367 363 354 354 357 352 340 335 330 326 319 305 285 271 270 275
289 283 289 289 290 288 289 293 292 292 293 293 293 298 308 312 315 321 321 318 318 310 300 295 286 274 260 258 256 255 261 269 256 244 239 242 238 233 254 270 291 302 306 321 321 316 305 310 338 371 427 472 475 479 481 484 500 512 520 526 538 541 536 525 509 493 482 471 460 448 436 423 407 393 382 388 384 374 364 358 351 342 344 348 349 346 341 346 350 346 335 323 314 315 312 296 279 270 270 271
307 303 299 302 303 302 298 298 301 306 298 298 299 305 320 323 325 328 324 327 335 334 327 326 319 309 287 275 279 277 280 277 266 246 242 245 240 235 261 289 304 305 322 330 339 333 324 314 325 358 419 444 445 448 451 455 481 495 503 515 531 534 533 526 512 494 481 472 461 450 439 426 411 397 384 372 366 359 350 343 336 330 329 335 335 328 325 327 330 330 324 314 303 306 301 287 272 270 273 274
314 308 312 315 312 307 306 304 309 309 302 303 311 314 322 330 331 331 332 335 344 349 348 343 338 327 305 307 301 291 283 274 264 252 249 248 240 241 266 283 299 308 330 346 365 371 356 327 322 345 391 401 397 398 409 428 453 464 478 492 515 517 516 516 508 494 479 466 455 444 432 419 410 404 393 384 375 366 356 349 343 335 325 322 320 313 309 307 311 316 312 306 292 292 289 278 270 275 290 288
321 316 324 324 318 314 311 310 310 310 309 311 320 326 327 326 332 337 338 338 343 353 352 341 333 321 322 322 315 311 303 287 280 267 258 254 241 236 266 293 308 318 342 376 409 403 372 352 336 330 336 344 352 358 378 385 409 430 444 467 489 497 494 494 497 492 483 467 454 447 437 432 426 419 410 401 392 381 372 364 354 345 333 323 315 312 307 298 299 306 300 292 288 288 276 273 285 304 314 310
330 326 336 338 331 324 320 321 321 322 323 324 331 340 341 335 335 340 345 346 346 349 346 335 327 324 340 341 344 337 326 315 304 285 265 264 254 236 257 301 320 341 365 397 415 400 375 372 366 359 361 367 371 378 371 375 380 393 416 441 455 463 465 472 482 483 481 471 455 448 451 445 435 425 416 406 394 383 374 368 365 358 348 337 327 319 313 307 292 294 291 288 288 290 293 304 314 325 326 323
340 348 356 360 350 345 342 341 338 339 340 349 356 356 353 348 349 353 359 360 354 347 342 331 329 339 347 353 355 349 339 338 326 305 275 273 267 251 237 266 309 345 385 415 419 400 385 387 400 398 389 390 392 393 390 396 393 385 398 418 433 434 439 452 461 465 467 465 456 454 456 452 443 431 419 407 394 380 368 360 361 361 353 342 329 315 307 301 294 288 288 288 291 305 313 322 328 333 332 327
357 369 380 377 374 372 368 367 362 363 361 367 379 378 374 368 364 365 368 365 362 356 347 346 350 354 359 361 353 344 343 344 331 313 293 285 283 267 246 242 292 340 380 410 425 415 403 412 424 405 406 409 410 410 406 405 402 400 394 399 409 417 428 438 447 453 457 457 456 457 457 454 446 435 424 411 397 383 370 359 348 347 351 344 331 316 303 295 294 289 288 298 309 316 322 331 333 335 328 318
392 423 432 411 404 398 396 401 400 405 424 427 413 415 406 394 388 385 382 379 373 365 366 373 371 368 369 366 358 352 353 345 331 323 310 287 290 276 257 240 270 311 339 373 406 422 425 442 440 413 416 424 427 428 424 423 419 412 401 405 408 414 425 431 435 440 447 453 453 453 456 452 445 433 417 403 390 378 363 352 342 332 339 334 322 312 297 289 289 295 309 331 335 336 331 326 330 326 318 309
412 455 486 449 434 433 435 442 442 432 450 463 460 455 452 439 427 425 414 396 389 387 392 391 383 387 383 372 367 364 358 344 332 325 309 298 289 282 266 243 264 279 299 334 372 415 435 445 451 428 426 437 440 436 434 434 429 424 419 411 415 422 429 435 439 437 437 437 445 445 446 445 437 424 406 379 351 335 339 343 335 325 323 325 315 302 289 292 305 320 328 346 348 343 335 326 323 318 313 308
465 468 485 491 473 464 466 466 466 445 456 462 472 480 485 487 471 454 441 422 410 409 424 424 425 418 412 388 376 371 360 345 330 321 310 302 294 278 248 256 278 290 303 309 342 391 422 426 438 450 434 444 449 446 442 443 440 439 437 427 426 433 441 448 449 447 446 439 430 414 403 397 392 389 385 365 327 313 310 310 309 306 301 299 296 293 297 321 339 344 351 353 352 346 339 335 333 328 319 309
496 492 487 493 497 487 483 476 459 463 469 463 461 464 466 464 456 453 444 425 417 417 417 417 414 406 399 384 377 367 371 355 335 326 310 301 286 254 260 275 285 298 314 328 330 354 384 400 420 446 444 451 456 449 451 453 451 449 447 438 443 448 454 460 461 460 456 448 440 439 429 409 390 375 370 368 354 332 322 320 326 323 308 294 303 315 324 333 351 360 363 361 356 351 348 344 339 331 325 312
530 517 503 503 507 506 490 486 479 478 479 467 456 444 440 432 421 417 411 393 382 377 381 392 395 382 368 365 361 353 346 333 323 322 313 302 269 252 277 287 303 320 332 346 362 364 386 390 407 434 447 460 459 456 463 462 458 455 448 443 449 457 464 467 468 467 463 456 448 445 445 435 423 409 402 392 374 359 353 346 327 316 300 299 325 341 355 355 357 371 370 367 363 360 356 350 344 337 327 316
536 525 520 518 517 509 505 503 496 487 484 469 455 433 414 405 395 387 376 365 357 350 347 351 348 339 339 351 354 343 331 304 299 302 295 275 250 265 285 307 345 371 364 368 391 392 425 423 405 430 448 468 463 465 469 467 463 456 453 452 450 454 458 461 462 462 459 453 448 442 441 435 433 424 415 404 389 378 366 349 334 313 297 313 346 360 373 370 373 378 373 370 368 365 360 353 345 337 326 320
542 539 537 531 525 520 518 516 509 496 483 461 439 419 402 393 387 373 357 348 343 338 332 318 308 305 313 319 318 314 298 283 278 270 253 266 284 281 307 337 393 427 411 394 401 413 436 441 419 419 442 463 464 476 475 472 467 463 468 465 464 464 463 456 443 442 448 446 441 434 427 425 427 426 420 412 401 387 368 348 331 308 302 325 360 370 381 380 376 376 370 366 366 361 358 352 345 340 338 323
552 552 554 545 539 535 533 531 523 505 488 465 434 408 398 390 376 363 345 337 328 326 317 307 307 302 291 294 290 284 279 274 257 269 287 313 322 303 308 341 390 426 441 423 426 439 447 455 447 436 431 454 462 478 482 477 470 477 479 474 471 470 469 466 457 444 432 433 435 427 420 411 416 414 408 400 393 383 368 338 314 305 313 338 373 382 387 385 379 373 369 365 360 355 356 355 349 343 334 324
554 559 560 557 551 550 549 541 528 504 472 447 430 410 401 383 364 349 346 328 323 320 319 315 311 306 300 281 268 267 268 263 272 298 324 345 360 341 307 341 410 434 449 446 440 450 461 467 468 457 444 450 461 476 483 478 479 487 481 475 470 468 465 461 456 450 439 427 422 415 412 405 402 397 388 377 363 355 338 312 326 327 333 352 381 391 391 388 382 375 370 364 358 353 352 351 344 335 335 336
542 552 559 564 561 554 545 531 511 484 454 434 418 414 404 383 363 347 347 341 332 329 326 324 313 306 290 268 262 258 262 268 288 317 335 357 365 363 345 336 380 417 432 446 454 467 484 496 499 478 467 464 472 482 487 485 487 489 479 468 459 457 459 455 449 446 439 432 426 424 421 416 410 404 400 391 376 364 331 333 368 354 349 367 386 389 390 386 380 373 367 362 357 352 347 343 346 349 350 346
537 547 555 561 560 551 535 513 491 474 459 442 421 410 393 369 352 349 349 353 348 341 334 330 320 295 270 258 266 274 278 291 306 329 347 363 374 381 378 366 355 385 411 433 450 465 484 506 520 503 487 482 485 490 495 493 492 487 480 472 461 448 448 441 439 442 439 436 435 435 430 424 420 412 408 400 382 360 317 361 394 379 364 376 392 392 389 385 380 377 372 368 364 358 353 352 357 359 356 349
542 550 558 565 560 549 526 498 481 470 453 431 415 396 379 372 375 375 372 372 359 348 345 340 323 284 258 275 291 300 306 318 332 347 359 376 394 402 402 394 377 385 412 424 443 460 478 498 521 527 511 500 499 501 504 503 498 490 487 478 466 446 433 427 423 428 433 430 432 431 431 424 417 412 401 392 382 357 324 388 406 398 385 384 396 395 391 388 386 382 377 373 368 362 358 357 359 359 356 350
552 558 566 562 545 528 508 492 481 456 437 417 401 401 403 399 402 401 385 378 366 359 355 346 317 275 262 294 313 335 346 356 368 386 403 411 416 425 424 414 395 387 421 436 447 455 468 489 511 530 532 522 518 517 512 511 508 500 487 477 464 443 423 411 411 416 418 418 420 421 415 411 406 401 396 383 375 342 348 397 408 409 403 389 395 398 391 387 387 384 378 373 369 364 361 360 360 358 355 356
542 556 557 546 523 502 497 493 475 449 432 425 421 422 416 417 416 408 393 384 374 365 360 341 313 270 266 308 338 362 382 399 424 442 458 459 451 446 443 425 403 390 414 427 436 447 456 468 492 514 531 536 534 531 524 517 515 508 495 477 460 442 426 411 403 408 406 405 409 411 405 396 395 388 378 372 360 346 367 393 403 409 406 390 388 392 390 383 384 382 374 367 365 364 364 364 363 360 358 359
531 525 523 513 499 495 495 484 463 458 456 446 437 435 432 429 421 410 395 388 379 364 350 331 311 270 259 298 343 373 401 431 464 486 501 500 490 481 463 437 417 405 405 418 444 456 462 471 483 499 517 529 537 537 533 524 515 508 496 478 465 451 437 423 407 397 393 399 402 396 390 384 381 375 361 352 350 350 364 386 398 406 401 389 383 379 378 376 373 372 362 356 358 362 366 367 365 362 359 359
544 532 524 512 499 494 494 493 485 485 483 460 446 445 442 433 422 406 391 378 364 348 335 319 304 271 257 291 339 374 411 451 487 515 532 531 523 514 493 456 430 426 427 420 440 458 465 481 498 512 521 531 539 541 536 528 511 504 497 477 456 449 439 426 410 400 386 398 399 384 375 374 360 353 350 350 350 350 365 386 404 413 410 398 387 377 368 361 356 351 345 341 347 358 365 366 364 361 358 356
556 539 529 516 501 496 498 504 509 511 503 475 458 456 444 430 416 399 384 370 353 343 330 325 314 273 258 284 329 366 411 459 497 529 549 555 551 540 517 474 465 460 452 440 431 445 462 474 494 521 534 540 544 544 537 527 503 490 489 479 454 432 431 418 405 393 378 381 376 366 360 358 356 350 360 359 359 368 375 387 404 412 413 407 398 383 368 354 340 333 326 324 332 350 360 357 358 359 358 353
562 548 532 518 512 517 523 528 531 530 515 490 475 465 443 423 405 388 376 364 358 353 337 332 318 276 258 270 308 346 399 455 498 530 554 576 575 555 522 482 499 491 474 459 443 454 463 468 483 515 533 535 540 540 531 524 506 478 472 470 455 424 410 406 396 384 380 383 383 377 371 373 370 351 380 390 394 400 396 391 397 408 413 409 399 386 373 352 326 315 309 303 314 335 348 350 349 351 353 350
564 547 533 524 529 537 544 548 550 544 522 500 489 472 445 418 402 391 390 386 382 370 343 336 317 284 261 261 289 321 377 434 472 505 537 562 571 555 518 496 519 516 496 480 460 465 476 476 483 504 524 529 533 533 528 519 508 476 464 456 444 426 412 405 405 401 403 404 402 398 394 384 358 362 391 402 411 417 419 409 401 409 412 407 397 388 378 357 330 303 295 290 297 312 333 340 343 344 342 340
574 555 547 552 556 558 562 565 560 546 524 507 494 469 438 418 412 415 406 398 391 375 347 338 313 287 263 261 273 304 344 382 416 449 495 531 550 553 530 508 532 537 522 501 479 475 487 492 505 510 520 525 529 531 523 516 505 482 463 458 452 443 429 427 421 418 417 414 410 405 399 387 355 384 402 407 413 420 421 416 404 405 408 400 389 374 366 352 333 307 286 278 283 292 309 315 320 330 333 332
589 574 578 581 583 580 581 575 564 544 526 513 495 460 443 445 445 434 416 404 398 379 352 332 308 292 272 263 262 278 301 328 365 412 462 510 543 557 545 534 538 548 543 527 508 494 500 508 521 526 528 524 525 530 524 514 505 491 476 466 462 452 441 437 429 422 419 415 409 401 392 370 364 399 408 411 412 416 414 406 397 398 392 377 364 353 343 331 324 305 282 270 268 274 280 285 292 299 301 306
605 594 600 605 605 599 594 578 560 538 527 516 492 467 476 478 473 452 433 421 408 387 354 328 310 302 288 272 268 270 286 302 336 398 460 515 547 566 561 551 549 553 557 547 535 521 517 521 526 536 535 528 520 520 517 506 499 497 486 465 455 457 450 435 429 418 412 408 401 389 363 367 390 403 414 414 409 410 407 393 386 387 374 361 351 342 329 316 304 297 287 273 264 258 261 269 277 283 284 285
613 612 618 625 625 618 601 577 550 533 524 513 492 492 504 494 480 462 446 430 411 382 353 331 320 314 308 289 275 269 273 285 317 366 429 503 548 572 576 568 565 571 575 565 556 544 534 534 533 526 525 522 521 519 509 495 483 487 484 461 447 445 449 435 419 414 405 390 375 366 386 392 396 408 415 412 405 399 398 380 373 366 360 350 341 327 313 310 311 317 303 283 272 265 253 254 265 271 273 272
613 620 629 637 634 624 605 574 551 536 518 508 507 519 515 499 481 459 445 443 413 378 355 332 313 301 309 292 277 295 286 283 319 358 408 466 531 573 583 585 592 597 593 583 573 563 551 546 540 529 515 507 503 510 507 492 476 468 475 460 440 429 436 430 411 397 386 367 385 384 392 397 403 408 409 408 403 393 378 366 360 352 349 340 329 321 331 337 330 331 317 295 281 271 259 246 251 260 263 261
608 621 630 638 637 625 605 580 558 545 535 532 531 523 513 497 473 454 448 418 372 336 310 295 280 272 271 276 285 305 287 290 305 339 390 454 501 558 583 603 609 610 600 595 584 572 560 554 546 537 529 520 508 501 502 494 482 472 458 450 432 409 408 415 404 382 373 381 403 404 405 408 412 413 408 397 391 383 366 351 346 340 337 329 325 340 355 358 348 343 327 303 288 274 261 246 240 246 250 250
604 616 623 625 624 614 602 588 572 561 557 555 545 529 511 488 457 436 393 352 327 301 282 276 275 276 282 294 292 291 289 293 289 311 346 404 461 524 554 571 596 606 604 595 588 578 568 561 556 553 544 535 524 515 513 501 490 476 461 440 427 413 401 391 382 393 398 394 403 413 419 423 424 420 405 386 369 363 358 356 352 341 331 333 337 351 368 368 361 359 331 309 293 277 263 249 239 233 233 235
