# 100 100
496 479 477 479 474 466 471 486 491 489 496 514 537 555 576 591 601 609 611 612 615 627 635 638 636 627 628 616 600 576 538 494 426 387 388 391 445 499 543 543 512 471 436 449 447 422 385 380 419 446 445 452 463 473 479 477 466 458 492 517 535 542 554 562 561 557 550 542 525 540 541 558 580 585 586 584 584 584 586 583 584 576 563 555 545 537 529 518 506 497 488 478 467 455 437 412 462 479 465 444
505 494 497 506 511 501 496 499 504 501 508 529 555 569 587 607 618 624 628 632 631 636 642 645 639 636 632 616 593 548 496 434 402 408 447 439 412 474 530 552 546 521 484 500 505 461 403 380 412 466 500 504 509 513 512 506 493 480 501 525 553 562 565 566 560 551 543 535 528 542 552 566 570 569 569 567 567 580 592 589 586 580 570 559 542 535 534 528 518 505 491 484 480 474 458 414 437 454 446 429
515 508 513 528 535 528 528 531 527 519 524 548 569 589 613 630 638 648 652 650 645 648 654 653 649 646 638 618 580 502 457 419 429 471 488 468 419 458 519 549 554 531 519 523 522 477 427 414 390 421 455 475 498 502 503 502 501 501 517 537 561 580 583 579 576 565 553 540 533 545 553 560 556 555 550 551 552 560 574 578 576 573 566 555 537 523 524 523 513 497 483 471 466 459 437 417 405 408 410 405
518 514 520 536 547 547 548 553 549 539 544 564 591 615 634 648 651 658 662 655 655 660 662 660 660 654 643 623 582 491 462 426 485 534 535 495 448 441 512 551 554 543 544 539 514 482 489 470 425 395 410 421 439 439 462 493 504 517 532 553 580 590 592 589 591 581 564 546 547 558 555 544 537 538 529 536 534 539 558 565 564 563 557 549 538 530 520 510 497 485 475 461 447 443 447 446 435 418 402 403
496 493 505 523 544 561 566 568 568 562 568 589 615 632 644 651 652 658 662 663 665 668 668 669 665 657 642 618 580 516 442 460 535 571 566 529 479 445 511 554 554 554 553 544 541 541 530 498 434 415 446 435 432 461 461 471 498 521 545 573 591 595 599 591 581 567 558 558 576 592 583 555 529 512 508 513 510 523 539 555 555 554 545 537 530 529 524 513 493 475 465 458 459 456 451 445 434 419 408 415
463 465 495 525 554 576 583 583 585 585 590 603 625 636 641 644 648 656 664 670 669 669 672 674 671 663 645 626 597 527 451 514 582 598 592 557 493 455 522 560 562 563 562 557 558 553 541 496 424 448 500 491 476 473 484 472 486 519 549 580 595 599 598 587 577 575 571 572 600 601 596 582 549 526 498 489 493 505 515 540 547 547 539 527 516 515 514 503 487 476 470 466 463 457 452 446 439 425 415 414
434 472 505 536 559 586 599 600 601 605 611 615 626 633 634 638 644 651 664 668 663 666 671 673 672 667 659 647 598 529 476 544 606 614 603 564 497 466 540 570 576 580 576 572 570 560 550 503 436 491 516 506 499 498 505 493 479 511 544 574 592 600 603 600 604 613 604 595 605 601 590 578 567 539 515 492 479 472 489 524 540 536 532 522 514 503 497 493 483 474 470 466 462 457 450 443 436 428 420 417
469 490 518 547 569 583 603 613 616 623 627 626 626 621 621 628 634 642 656 657 651 657 661 664 664 666 668 663 620 553 514 538 619 623 609 558 502 485 564 588 612 623 613 596 586 572 559 530 458 507 528 526 526 526 528 514 495 520 540 573 593 602 612 614 619 620 613 606 602 597 591 579 558 543 527 513 495 473 469 517 531 523 520 512 506 499 490 481 475 467 463 459 456 450 444 438 432 427 422 417
486 499 523 550 574 588 599 609 623 631 632 606 560 528 541 582 608 627 639 638 636 644 646 650 652 659 668 672 653 585 564 546 627 627 614 554 496 521 584 619 652 654 644 637 626 600 570 546 475 514 542 562 565 559 557 540 508 537 562 579 612 618 630 629 627 623 616 608 594 577 573 575 565 539 517 509 505 485 464 510 519 509 506 500 495 491 484 472 461 458 455 454 451 447 444 437 429 423 418 413
483 507 537 563 582 593 602 608 620 626 615 540 485 505 572 616 614 617 624 624 624 628 632 639 646 658 670 674 670 622 568 561 629 626 612 557 507 564 593 632 661 660 654 657 652 635 586 541 486 522 549 593 599 589 572 556 530 528 557 590 627 621 616 613 617 618 612 604 596 580 541 529 543 538 523 500 491 486 464 477 500 497 488 485 484 483 476 465 453 445 446 448 446 444 440 431 423 418 413 409
502 523 554 579 596 600 603 607 613 620 615 521 470 529 601 621 626 625 625 624 629 637 638 639 646 657 666 671 672 656 591 572 630 625 612 578 526 562 589 619 650 660 659 657 650 640 593 539 496 527 553 594 601 600 589 564 548 535 550 592 622 616 608 600 594 594 596 593 587 578 563 521 494 518 520 501 484 472 464 453 474 479 470 460 476 475 467 457 452 445 434 439 439 440 434 427 421 415 410 407
532 551 572 594 606 601 595 596 599 598 573 510 455 530 606 622 628 630 627 629 637 641 644 646 649 655 659 661 662 653 606 589 627 624 613 597 567 539 567 595 625 645 657 656 639 630 585 531 512 538 566 595 608 606 590 569 549 540 560 594 613 605 598 592 586 576 565 564 563 561 554 534 492 483 495 485 475 454 440 436 445 445 450 442 458 458 446 444 443 443 434 431 432 435 430 424 423 419 412 409
558 578 593 604 603 581 551 544 535 498 475 452 458 540 607 621 628 631 631 631 638 641 647 653 657 657 655 653 651 641 595 609 628 633 622 600 581 574 567 572 602 625 644 636 619 609 574 525 523 550 579 604 633 639 619 594 570 559 569 604 607 595 586 579 573 566 553 541 534 544 539 531 513 486 476 476 476 456 452 452 446 440 425 421 428 431 423 419 418 420 422 415 430 429 424 424 420 413 411 416
576 597 599 566 545 517 475 456 457 427 410 429 492 574 619 625 631 636 637 638 636 643 649 657 658 657 654 645 635 626 599 617 631 642 633 612 600 594 592 585 594 620 643 624 593 571 547 518 538 567 594 628 650 650 641 631 612 596 591 610 604 594 584 572 559 547 539 530 517 517 527 514 494 481 477 481 476 483 493 490 477 462 450 436 424 415 414 411 407 404 401 401 408 415 412 417 413 405 406 420
562 586 546 490 467 451 423 412 409 394 416 449 516 589 621 633 638 643 643 643 641 645 652 657 653 658 661 655 635 613 598 608 632 643 639 628 621 615 613 611 607 626 650 635 600 563 529 542 558 581 625 644 644 640 632 626 621 614 615 614 610 603 597 590 582 574 564 555 531 515 500 487 489 485 487 493 476 481 498 507 496 482 464 455 445 439 441 434 424 422 415 408 398 392 390 390 394 391 392 399
487 514 496 442 418 403 389 379 376 373 401 452 517 599 621 637 644 648 651 650 647 648 653 651 643 655 656 649 635 610 604 603 625 645 652 647 637 633 632 632 624 638 671 651 612 580 541 573 594 617 648 652 649 642 632 624 617 614 613 610 604 599 595 589 581 574 569 560 551 541 527 516 522 514 505 500 483 482 511 525 520 508 491 487 482 483 477 467 453 442 436 425 412 402 401 407 403 391 384 380
439 456 431 399 379 370 365 356 355 369 411 469 526 606 621 635 639 644 652 656 651 652 651 643 635 648 654 646 631 624 615 605 619 635 652 658 659 656 652 646 637 649 673 648 610 578 562 601 643 658 656 653 646 638 631 624 616 612 605 604 599 594 588 587 596 605 603 587 569 558 548 546 548 539 530 519 500 484 514 525 526 521 513 508 504 501 499 492 481 462 444 424 417 414 414 420 414 402 390 392
381 384 367 352 341 339 341 352 359 395 433 491 556 610 618 627 632 634 641 649 651 651 648 636 631 648 650 644 636 628 621 613 616 629 641 654 667 668 664 656 648 669 682 650 613 575 600 643 660 656 649 643 635 628 621 614 609 606 605 576 588 588 583 585 606 598 600 600 592 583 571 558 545 537 525 517 493 503 518 532 538 531 525 518 506 494 489 482 469 453 437 429 430 431 429 426 420 405 399 403
338 328 313 311 314 319 327 352 354 377 415 487 574 607 613 615 620 628 635 639 645 644 637 627 629 648 648 643 639 636 628 621 614 623 634 647 664 674 674 663 674 694 695 668 624 596 636 658 659 651 637 616 608 602 596 567 580 583 602 570 528 560 576 571 578 574 575 588 581 567 557 545 530 512 507 505 509 521 531 545 547 543 533 519 510 491 475 467 454 445 442 443 446 450 444 438 424 403 412 411
303 302 311 320 330 337 348 354 352 356 398 454 525 596 607 594 613 626 632 634 635 632 626 616 622 644 646 647 648 643 632 626 621 628 639 652 666 683 684 683 700 705 701 672 623 623 662 661 652 639 611 557 548 546 542 529 536 562 593 584 501 520 562 569 565 559 557 563 558 545 535 530 524 528 530 528 529 531 541 548 545 538 525 512 499 486 473 463 459 462 461 460 459 455 448 440 419 418 422 423
305 318 328 354 381 405 409 394 365 352 370 412 449 507 548 574 614 623 626 623 618 620 617 609 614 632 639 645 650 644 636 629 629 636 654 670 673 690 696 705 710 708 700 669 626 661 669 663 638 583 559 532 499 506 504 494 504 532 562 561 478 520 570 567 565 572 576 568 564 562 548 538 536 537 535 531 535 543 548 544 537 531 523 512 501 484 474 467 463 469 479 469 464 449 439 429 419 432 443 441
327 341 341 365 404 443 465 447 416 371 356 382 424 457 512 586 621 627 624 613 597 598 606 602 609 617 632 641 647 643 636 635 637 641 662 670 680 700 706 712 712 707 691 650 659 677 670 661 637 574 520 494 474 461 465 458 481 508 523 510 455 506 564 563 556 562 552 537 539 548 539 524 529 530 525 525 534 540 545 539 533 527 516 501 492 484 476 469 459 463 459 453 465 451 432 438 432 440 455 458
335 359 371 373 408 460 511 519 457 395 363 389 434 498 553 607 628 628 618 601 580 598 593 598 606 616 630 642 648 647 643 642 645 651 667 666 689 708 713 714 711 704 687 674 685 678 669 657 644 597 541 499 462 440 436 439 452 479 494 464 443 526 561 554 544 535 527 514 504 509 506 489 507 513 506 503 507 523 530 529 535 532 521 509 501 491 483 472 463 454 453 452 454 442 445 454 450 454 467 467
347 363 386 411 420 458 505 557 493 407 371 394 439 508 581 606 619 612 600 564 595 608 610 610 612 619 631 639 642 643 643 645 647 651 657 664 695 713 715 715 711 705 696 694 686 676 664 650 631 595 553 515 480 447 421 424 434 446 452 420 462 536 553 543 533 520 510 500 486 478 472 462 489 492 487 485 483 503 514 517 534 525 520 514 504 493 483 471 463 455 452 450 442 447 461 463 468 470 481 489
358 384 404 436 474 493 533 562 502 422 373 393 445 500 572 572 535 505 507 530 589 606 613 619 621 628 632 632 632 631 632 636 641 641 652 657 675 704 714 713 710 706 702 696 686 675 659 607 566 552 530 508 487 453 424 401 411 415 407 426 488 541 541 530 522 513 495 477 474 460 451 445 483 478 472 468 463 489 499 498 513 513 510 505 499 493 487 475 466 456 453 448 446 453 466 495 496 491 493 487
355 389 415 447 506 545 563 575 523 447 391 373 411 467 495 475 444 466 490 507 555 586 604 617 626 631 633 629 627 628 626 626 629 634 645 654 672 702 712 709 700 698 697 691 681 669 656 616 547 506 498 493 483 460 426 409 390 395 403 451 500 529 522 513 507 501 489 476 454 445 431 437 471 469 461 454 449 465 479 479 485 492 484 486 484 498 494 490 485 475 471 467 461 452 459 486 487 483 482 479
348 377 407 442 505 550 559 584 556 478 432 390 381 403 421 420 463 504 552 573 542 560 570 586 602 611 620 622 625 626 623 623 629 634 641 654 672 685 702 704 686 642 657 676 667 656 646 623 564 503 463 458 452 443 432 419 392 378 414 460 503 507 496 488 490 490 479 467 453 432 414 432 464 462 452 445 437 441 451 459 458 461 458 451 461 486 484 483 481 476 471 465 460 455 457 476 478 472 471 474
332 359 396 433 493 523 546 582 574 529 476 445 424 426 422 459 505 530 584 594 584 584 598 608 612 616 621 619 617 620 624 628 638 646 642 648 664 670 674 678 667 621 587 614 620 620 622 614 567 519 468 443 430 421 422 416 393 385 418 458 495 490 473 460 482 478 469 456 441 422 408 430 459 455 445 439 433 430 435 442 444 447 439 429 437 451 460 473 473 470 466 464 464 467 469 473 467 463 460 467
323 343 377 419 477 500 531 572 582 565 523 492 490 495 501 516 537 554 591 603 601 598 604 614 621 629 636 634 631 631 635 635 643 650 640 631 636 641 649 646 640 610 563 556 569 563 561 566 551 525 485 462 449 429 402 392 379 384 416 452 471 472 447 442 480 478 466 451 430 400 406 441 457 448 440 435 431 421 425 429 435 447 436 416 425 419 428 455 461 465 478 488 487 484 478 469 461 455 453 458
323 337 368 401 448 487 513 559 588 588 567 525 521 526 537 543 556 580 601 616 613 609 605 613 623 631 640 642 640 641 643 645 652 648 632 608 607 608 611 612 606 587 554 532 530 523 523 522 521 522 503 476 456 442 426 400 363 378 410 433 440 443 426 428 476 484 475 463 439 387 407 440 452 451 444 438 423 412 419 423 420 429 422 402 409 400 409 429 439 447 477 494 486 476 469 464 461 458 450 445
333 346 370 401 430 461 491 535 580 594 593 560 552 563 572 576 589 603 617 624 620 617 615 615 621 630 639 643 645 646 645 646 654 648 631 606 589 588 587 584 578 565 546 524 514 509 506 503 496 493 498 495 473 446 428 409 377 361 378 397 410 415 393 418 462 481 470 452 428 377 394 429 431 454 451 442 424 393 393 410 413 405 399 382 387 388 400 408 425 451 476 480 473 466 462 462 466 461 454 444
326 338 355 379 410 454 481 511 551 589 598 595 586 593 600 606 621 625 626 624 622 623 624 622 624 627 630 635 639 643 640 642 647 645 637 615 590 574 572 570 561 549 541 530 511 493 481 485 483 481 481 490 481 451 422 404 384 359 351 358 374 387 367 407 442 470 467 448 406 371 371 410 420 430 446 435 426 402 376 394 404 393 385 361 370 392 408 425 431 450 466 472 469 464 459 458 456 453 444 437
339 344 348 365 396 444 478 508 539 586 601 607 608 608 613 623 628 628 628 625 620 621 624 625 625 622 620 622 623 623 622 626 625 631 626 610 591 575 553 551 545 533 528 526 522 510 490 460 455 466 466 463 452 433 411 395 381 367 349 333 343 353 351 393 420 445 457 449 429 385 356 372 404 409 430 429 418 408 387 373 394 386 364 357 390 419 458 487 484 481 481 478 473 466 461 458 454 452 446 438
347 371 380 392 398 436 471 505 538 572 592 603 609 611 617 617 620 623 624 620 614 616 622 627 626 624 616 611 612 611 608 609 605 618 615 604 587 577 560 539 527 511 499 498 507 507 500 481 444 431 449 448 431 411 398 385 369 361 349 332 318 329 336 369 393 411 442 445 435 410 362 348 372 395 408 423 412 401 389 358 380 377 349 353 379 413 476 514 505 496 487 479 474 479 478 473 465 459 452 443
327 363 392 414 420 433 468 502 538 569 588 594 598 606 609 608 611 613 612 609 609 616 623 628 628 626 618 603 600 597 593 587 592 607 603 600 587 569 557 542 527 509 494 472 467 477 479 474 460 425 406 416 407 386 377 368 361 359 358 352 337 320 318 332 358 388 409 434 434 422 397 359 343 371 389 415 408 399 384 354 350 357 337 358 382 408 455 496 499 492 486 481 485 489 484 476 467 460 454 446
317 343 373 400 409 415 455 502 538 568 584 585 584 595 595 597 598 595 599 605 610 617 623 624 622 618 614 600 589 579 573 573 581 593 577 581 584 579 568 559 545 529 501 490 474 450 443 450 430 405 401 395 381 375 375 384 397 390 396 383 368 347 320 309 322 354 383 398 419 420 407 370 333 363 382 409 402 396 388 365 342 338 332 359 373 382 411 465 499 505 501 496 490 487 482 475 466 458 453 453
318 333 357 374 387 399 420 488 533 558 570 571 571 580 570 574 585 596 601 605 603 605 609 611 606 604 608 608 602 590 571 556 568 573 551 544 565 586 584 570 558 543 528 510 491 472 455 436 435 445 438 421 403 402 411 411 423 418 406 386 367 349 353 337 308 311 345 367 382 401 398 357 323 358 377 405 397 390 383 369 361 337 330 345 356 373 404 456 497 510 504 496 486 482 475 470 462 453 448 449
321 331 349 370 386 379 390 443 516 543 550 551 553 554 552 579 591 596 595 595 591 589 589 591 588 590 597 605 607 597 583 571 546 551 527 527 548 569 588 594 582 565 551 537 520 499 480 471 473 478 470 454 450 454 448 444 444 436 415 398 383 385 379 362 336 303 298 321 352 369 387 353 316 351 368 395 395 389 377 359 349 330 333 349 374 413 447 469 485 497 498 492 483 474 467 460 455 447 438 431
327 331 343 359 365 358 368 400 457 508 519 520 524 503 550 577 587 589 587 582 575 570 570 571 568 570 577 583 586 580 572 567 531 512 512 535 552 568 591 608 611 604 587 565 544 527 512 503 503 508 502 488 482 484 473 466 471 458 435 412 401 395 381 359 332 310 300 293 314 340 354 347 311 351 364 382 389 386 378 362 342 323 348 371 390 442 473 476 488 490 488 484 481 475 467 460 451 442 434 422
346 329 333 336 338 344 351 366 391 423 445 454 460 467 532 565 575 577 582 577 566 553 551 553 548 548 555 560 560 558 554 535 500 484 522 544 561 579 600 611 611 602 590 578 557 553 544 535 526 518 510 505 505 504 495 484 476 468 444 422 406 392 365 344 339 334 330 319 295 298 317 318 306 354 366 393 386 375 370 352 335 316 336 357 377 413 438 459 472 479 481 473 471 470 465 459 451 438 426 417
371 342 343 345 355 357 358 363 372 386 399 409 423 451 501 541 558 570 576 576 568 557 537 526 523 526 534 538 537 537 510 474 465 491 523 554 573 588 605 613 612 602 585 564 543 530 532 536 523 511 501 493 497 499 496 481 471 456 419 405 390 378 384 384 373 367 365 348 326 303 289 293 326 361 381 392 380 363 355 343 325 312 332 350 369 385 393 417 440 457 463 471 470 460 454 450 447 440 428 417
396 354 354 364 366 374 376 380 391 406 416 433 457 472 482 522 549 566 571 569 564 560 547 525 494 499 511 512 511 504 469 449 486 530 544 548 578 593 601 604 604 595 580 568 547 515 492 523 526 516 503 492 478 494 489 475 463 451 450 438 419 415 418 411 402 396 392 379 361 336 303 283 326 369 374 377 354 342 348 337 314 319 336 355 362 361 362 375 393 421 443 456 471 468 451 443 438 434 427 418
415 366 359 383 370 379 393 407 435 464 482 492 512 524 523 522 542 557 560 558 558 558 552 535 505 467 483 476 460 450 438 466 521 549 561 575 574 586 592 592 587 580 563 543 528 507 472 505 517 510 498 484 463 490 481 477 472 458 453 449 441 438 433 424 411 394 381 371 364 351 316 282 309 361 374 363 339 329 343 337 311 313 325 329 337 350 363 371 387 396 410 431 459 462 452 441 429 428 434 427
436 384 360 384 394 385 405 437 478 512 525 531 534 544 541 537 542 547 549 550 547 550 546 529 503 471 439 434 429 441 470 488 527 544 564 592 593 602 606 584 569 552 536 519 481 465 448 486 506 501 491 470 444 476 465 465 465 459 448 448 445 437 432 420 402 382 362 348 344 339 321 284 290 337 366 363 341 315 319 329 311 288 306 314 332 354 379 391 401 408 408 409 429 450 441 427 412 416 420 421
448 415 383 380 410 401 413 447 488 511 529 543 545 548 551 550 545 540 538 541 538 529 518 502 479 458 422 431 456 493 518 524 532 552 574 601 611 618 618 584 558 526 491 472 457 438 426 454 481 486 475 449 430 455 447 449 449 455 452 448 439 433 425 409 393 376 359 341 326 315 299 282 272 311 347 361 340 311 301 307 297 285 304 318 318 326 340 353 372 397 412 402 395 408 415 405 402 401 391 389
434 442 425 393 426 431 449 458 481 509 533 548 543 539 544 550 548 539 536 532 523 522 509 493 478 461 415 444 470 512 527 542 549 561 581 591 595 599 603 589 549 525 494 454 431 419 405 432 447 457 449 417 419 429 425 431 437 442 441 442 445 447 447 433 422 408 374 354 342 334 316 290 271 295 332 349 332 309 297 294 285 301 338 350 336 330 338 356 361 380 402 397 386 375 372 374 382 388 384 377
404 421 438 409 418 456 490 493 495 515 533 544 531 520 523 531 538 540 538 531 522 502 513 501 486 473 412 433 477 516 532 546 556 566 576 575 574 577 582 579 537 511 498 465 435 404 387 414 421 418 410 390 404 401 406 419 428 429 426 423 424 423 420 414 403 398 389 372 355 339 325 298 272 288 316 334 319 311 305 280 296 330 367 363 350 338 340 363 355 366 392 383 378 373 365 360 364 368 373 371
409 433 453 458 438 454 496 520 518 523 535 534 516 505 509 516 518 526 529 522 505 480 482 483 480 476 428 415 473 516 534 548 557 563 561 559 554 554 559 550 518 489 482 467 462 431 379 381 394 392 381 366 380 376 392 409 412 413 408 408 409 409 403 395 387 377 372 368 360 344 324 305 279 268 293 308 305 299 291 278 308 342 376 368 356 342 339 353 349 356 382 379 375 371 364 354 356 353 354 356
415 440 466 483 475 468 499 533 534 533 531 520 502 495 504 513 505 510 514 503 482 460 464 467 464 457 412 407 475 520 538 549 555 555 549 543 535 534 533 518 495 467 460 451 444 440 409 359 358 363 355 353 353 359 383 391 392 393 389 394 395 412 431 408 384 366 353 348 347 344 334 313 290 267 267 291 294 286 276 282 303 330 365 375 365 348 337 333 333 351 374 377 370 366 364 353 343 344 338 337
420 449 475 491 498 491 519 549 544 537 529 513 496 490 498 501 496 489 484 473 454 434 447 451 434 388 374 429 487 524 542 551 553 548 541 532 517 502 489 478 462 445 436 429 421 414 409 396 367 339 327 339 333 352 366 369 371 373 374 377 379 406 433 426 409 386 361 341 331 324 320 319 305 280 259 277 279 267 268 304 342 362 395 398 379 361 348 335 326 330 348 364 365 356 354 347 341 331 328 324
414 435 471 497 512 517 546 561 552 537 525 508 490 480 486 490 498 484 474 446 424 406 419 426 393 373 414 439 491 525 540 550 552 546 537 519 490 463 462 449 433 426 415 407 397 393 381 373 371 355 332 316 325 342 347 349 352 351 359 360 362 395 419 416 409 399 385 371 355 332 315 301 301 291 270 263 260 271 297 335 384 409 420 415 403 388 373 355 337 323 324 335 355 349 341 338 334 328 316 311
428 449 470 496 521 541 570 570 556 544 530 508 478 469 477 510 533 507 505 464 427 411 388 381 371 398 443 485 511 530 542 553 555 551 542 521 481 449 434 427 415 409 397 385 381 370 367 352 342 335 329 323 314 326 325 326 329 331 339 342 350 388 400 398 391 384 375 366 359 351 342 315 290 284 292 272 255 285 326 349 381 395 397 390 388 388 377 365 350 336 322 310 333 340 331 326 321 316 310 301
426 452 477 507 533 562 581 570 559 546 528 503 463 462 473 523 560 529 509 485 439 403 390 370 384 412 461 512 529 544 551 563 561 556 548 532 500 453 434 420 404 392 381 370 363 354 345 337 329 322 321 320 314 304 307 321 334 340 343 342 354 378 380 377 371 363 357 350 343 338 337 332 308 293 300 273 259 296 321 326 343 365 385 376 371 372 369 363 355 344 331 314 304 326 321 313 311 307 303 294
443 461 490 525 556 581 580 568 552 539 519 493 461 449 461 513 547 530 508 485 455 406 380 349 375 413 474 505 518 536 548 569 566 562 555 540 522 468 442 430 412 393 377 363 350 342 332 324 316 311 314 311 309 299 297 333 358 362 369 364 360 365 362 358 353 344 336 330 325 320 321 325 320 299 289 260 269 284 293 313 341 365 380 367 358 356 361 357 350 341 333 326 309 302 312 304 308 300 294 289
476 497 531 554 575 581 575 557 541 526 503 482 458 430 446 497 530 520 508 481 461 421 376 344 365 406 472 488 493 502 515 553 568 568 559 547 534 490 451 434 419 401 384 372 361 351 345 337 326 314 307 301 294 295 285 308 346 350 359 361 355 348 344 340 336 326 317 311 306 305 307 307 304 282 272 250 264 280 301 318 341 373 379 365 358 350 344 341 339 333 328 321 313 294 290 286 281 283 294 295
525 535 564 575 578 576 563 541 530 511 484 467 446 419 439 483 517 507 496 477 447 428 379 337 346 384 443 464 471 478 487 506 523 529 530 535 521 482 456 440 425 407 391 380 372 364 357 348 337 327 319 311 300 287 278 284 317 335 350 353 348 339 331 326 321 311 302 294 290 290 294 291 285 262 254 255 278 287 316 351 375 391 382 367 359 353 343 329 315 309 306 304 309 290 273 275 298 310 313 316
559 567 574 577 576 567 547 524 512 493 471 451 436 409 430 475 505 495 477 445 424 396 380 335 330 356 380 416 437 457 471 484 493 496 491 487 481 468 457 446 432 412 398 387 379 373 366 357 347 334 324 316 305 294 279 273 283 311 347 348 343 334 325 315 309 301 289 281 276 276 280 276 263 246 244 266 304 308 320 366 401 396 384 372 363 360 340 324 310 292 283 277 281 278 269 308 316 320 330 335
570 578 580 579 571 557 537 514 498 478 462 444 425 402 419 459 490 484 462 409 382 365 356 331 321 330 347 369 405 444 470 481 489 491 486 485 480 466 456 446 432 419 406 395 389 383 376 368 358 346 333 323 314 325 298 273 272 284 316 345 338 330 321 312 300 293 282 272 265 268 267 263 242 241 249 294 337 343 357 388 411 409 401 392 383 371 358 345 327 313 304 291 278 271 276 314 324 335 342 342
563 572 578 579 571 556 537 507 483 464 449 439 421 393 411 449 457 448 432 399 357 338 329 323 320 318 330 358 395 430 462 478 485 483 483 480 472 460 443 432 426 423 415 407 401 394 389 378 368 356 344 332 333 354 332 299 271 265 282 321 338 330 321 312 302 289 278 269 260 263 260 244 238 250 287 316 344 361 381 403 419 419 411 401 389 377 366 355 347 339 331 322 303 292 265 301 328 329 325 324
555 561 568 569 562 548 529 506 481 462 445 429 415 390 395 409 398 390 376 353 338 347 358 344 336 329 317 349 381 416 435 448 458 458 466 471 459 442 425 416 418 426 426 418 409 418 433 403 378 363 352 341 355 368 360 343 304 271 263 285 321 333 324 313 303 292 279 263 260 260 245 237 243 268 297 309 330 364 399 408 413 412 405 396 386 378 369 359 349 339 331 322 310 299 264 283 315 312 306 305
547 566 562 550 549 542 527 503 481 461 449 436 420 394 368 365 361 355 349 347 363 392 401 391 361 340 315 332 369 391 408 421 428 435 443 451 459 447 415 405 407 421 434 426 416 410 422 423 398 374 358 352 372 371 361 351 328 289 263 259 277 305 304 278 262 264 273 256 268 250 235 238 249 270 294 303 338 368 387 391 400 402 395 387 377 371 366 357 346 335 326 314 304 295 267 266 295 297 293 290
561 561 569 552 532 525 520 499 481 464 450 437 422 390 398 369 369 366 365 372 411 437 440 434 405 364 330 309 334 364 379 390 397 404 417 433 443 444 419 396 397 410 434 431 420 410 400 394 395 388 374 370 383 374 365 349 322 286 271 257 253 261 257 249 261 258 247 241 252 243 237 252 256 264 270 294 329 353 349 362 386 394 386 378 366 353 349 348 340 330 321 306 296 276 257 254 286 285 279 281
577 567 567 559 524 510 509 492 476 464 451 440 409 405 413 413 427 417 416 430 451 458 455 446 432 398 343 308 301 302 329 348 362 375 386 407 426 427 415 387 385 404 429 434 422 409 398 389 388 388 387 389 388 377 368 360 343 324 298 270 254 249 258 297 303 291 280 267 247 236 235 264 277 281 282 281 297 317 329 358 382 391 384 372 352 329 315 325 331 323 312 298 278 274 250 262 286 282 273 277
582 573 565 552 517 496 497 486 471 463 451 422 433 425 422 454 478 474 473 472 470 467 461 447 431 383 348 320 308 298 297 311 322 334 355 377 402 421 412 374 372 395 413 432 423 410 399 389 388 388 388 395 389 377 366 360 355 356 339 307 276 270 303 305 298 289 283 272 257 239 229 255 290 309 309 299 298 313 340 356 366 378 383 375 364 350 319 295 303 314 304 285 267 252 241 263 286 275 263 279
577 567 566 565 540 499 480 472 461 451 444 445 447 447 451 476 492 493 490 486 483 476 465 452 439 418 373 356 332 308 294 294 302 316 341 359 378 401 402 361 357 377 397 417 422 411 399 390 388 388 388 397 389 378 365 361 353 354 350 335 313 288 305 303 297 293 284 257 228 236 249 265 290 323 334 346 340 340 343 341 343 358 375 374 363 349 326 296 277 286 300 291 276 253 236 248 257 256 266 285
587 567 546 557 533 501 478 474 472 472 470 465 467 483 475 496 503 504 501 495 490 478 467 458 447 420 384 386 358 344 315 295 289 297 318 346 363 376 376 350 335 360 385 397 416 410 399 387 370 374 384 395 388 377 368 359 348 340 336 337 327 305 306 304 295 290 283 245 230 262 288 301 320 343 357 355 343 335 330 322 313 333 358 372 362 344 321 303 283 267 261 262 257 249 233 241 262 281 288 293
596 585 558 516 503 494 491 492 494 500 505 499 499 506 506 512 514 514 508 499 487 476 464 453 435 415 402 399 396 396 359 325 313 295 293 313 329 351 357 347 315 343 364 380 394 402 392 355 345 372 383 399 392 383 375 367 364 356 337 311 301 286 281 295 292 287 275 254 224 254 289 308 336 356 355 346 330 315 312 302 294 307 336 367 365 352 339 328 312 290 266 249 243 240 234 273 289 289 289 292
603 597 584 558 535 521 519 526 537 561 562 546 529 528 527 526 525 522 512 501 493 486 479 474 463 437 416 415 416 411 394 377 357 342 314 289 295 315 328 333 303 325 346 359 371 371 360 329 329 359 366 393 399 391 382 376 369 358 348 337 316 301 282 256 272 277 247 228 222 242 278 293 316 343 349 341 321 300 290 287 282 284 307 338 362 354 341 329 320 308 277 255 244 230 255 286 289 287 283 285
609 606 598 587 577 568 574 584 587 587 577 561 552 548 544 540 534 528 519 511 503 497 492 483 463 447 446 444 444 436 414 411 404 375 357 323 292 280 291 301 292 307 322 344 348 347 327 305 313 340 352 376 402 398 390 381 371 359 346 335 322 306 281 266 247 237 221 224 240 255 276 292 316 329 354 353 346 323 297 282 272 270 285 319 341 352 341 328 314 305 275 253 239 230 251 274 283 278 274 273
614 613 607 602 593 588 593 593 591 587 579 573 565 561 557 551 545 534 524 519 514 508 500 488 475 466 461 453 445 437 419 412 406 381 366 344 312 298 274 271 273 289 295 302 308 316 304 288 300 322 342 359 394 404 400 381 373 359 343 337 325 314 304 283 248 221 218 245 262 259 272 295 314 319 352 377 367 347 317 293 279 265 263 285 305 328 338 326 308 280 265 251 233 228 254 274 276 264 257 259
613 615 613 610 605 597 595 597 594 589 583 576 569 564 560 559 557 541 524 519 514 511 503 485 468 459 449 440 428 412 398 386 377 371 359 332 309 302 291 291 272 267 267 267 265 275 289 277 286 310 337 350 380 404 396 386 375 356 348 344 335 321 303 260 228 216 225 263 280 285 274 276 291 315 335 376 396 362 338 303 279 267 256 251 261 279 311 321 307 275 254 247 233 224 239 245 249 246 260 263
567 573 581 586 584 580 577 583 591 591 584 574 565 560 555 550 543 536 528 520 512 501 488 466 451 433 415 402 382 364 355 347 340 335 322 317 320 317 316 312 297 272 267 264 260 257 259 263 280 301 330 347 370 401 393 380 370 358 348 344 336 325 308 262 227 217 258 272 293 292 284 283 304 326 327 346 370 368 337 306 280 265 254 247 244 248 271 303 299 270 251 238 226 223 232 237 246 264 280 288
527 532 536 537 536 536 536 541 552 575 583 575 556 536 541 540 523 521 524 521 512 499 486 472 458 443 432 421 409 392 373 361 355 343 348 357 355 346 343 323 293 289 304 290 279 267 257 253 263 284 313 344 354 390 395 381 367 355 344 335 325 324 313 287 241 215 245 265 279 282 291 292 309 328 324 324 337 353 340 322 305 290 277 269 266 247 240 270 281 263 253 240 220 226 239 252 269 280 295 303
512 513 515 516 517 518 521 526 524 536 564 572 562 531 492 492 486 489 513 514 510 502 490 478 470 462 450 442 433 425 410 396 377 378 393 394 388 378 367 325 303 336 356 347 331 319 301 270 251 264 291 329 336 353 377 374 363 352 341 332 329 321 310 296 278 238 217 245 257 265 277 296 299 306 311 315 311 330 343 332 321 330 311 292 274 256 236 235 250 251 247 233 216 232 250 260 275 292 304 315
501 502 504 504 505 503 511 519 514 511 519 549 563 545 502 475 453 450 473 486 491 494 492 488 492 483 473 459 453 446 437 422 395 408 417 419 409 395 378 339 321 365 377 384 380 365 336 306 265 249 274 304 328 321 329 352 356 351 339 328 318 315 305 292 282 270 233 216 229 240 263 289 291 285 295 292 299 306 332 329 318 328 318 303 283 262 245 230 224 225 232 222 217 247 272 273 279 295 306 319
487 490 492 495 494 491 502 509 504 495 501 527 557 549 534 517 488 453 439 440 444 460 478 488 493 490 488 480 474 466 456 443 431 436 451 453 439 416 394 367 339 370 403 421 414 397 369 333 296 259 249 271 307 312 300 297 310 339 341 332 320 306 296 286 278 261 241 221 212 232 264 289 287 269 269 266 280 293 316 323 309 327 317 301 289 273 256 244 235 224 218 214 228 259 283 289 294 301 308 321
472 476 483 483 481 477 485 490 490 478 487 499 529 541 538 529 517 492 453 427 418 424 440 467 475 480 491 492 491 490 478 467 464 462 475 477 472 455 424 393 372 380 428 424 413 396 381 349 304 273 261 245 271 299 293 278 275 296 326 327 318 307 296 283 266 250 235 224 213 213 254 266 271 250 253 248 262 285 288 301 295 309 314 298 283 268 257 248 242 235 218 216 247 278 292 299 304 309 317 322
446 459 471 471 470 461 464 466 468 463 466 471 476 492 514 525 523 514 489 448 419 404 405 418 440 460 476 492 504 520 504 489 478 474 474 476 475 471 456 432 399 402 427 416 399 371 345 317 298 300 287 259 243 265 281 273 259 260 276 294 308 302 289 277 262 252 251 242 221 208 219 242 246 234 247 240 255 275 269 270 285 292 297 289 278 267 256 253 246 224 211 225 246 280 301 310 316 322 325 320
452 436 448 453 460 453 439 444 445 446 447 449 452 453 461 483 504 512 508 489 456 418 388 385 392 418 456 479 493 499 498 509 499 481 476 473 470 466 459 436 409 426 420 407 384 347 325 320 332 336 322 298 270 245 241 245 248 243 240 243 251 276 279 267 257 248 247 246 236 215 207 214 223 215 219 221 240 260 261 253 268 284 294 282 269 259 247 236 228 218 212 231 261 285 305 318 325 325 324 317
445 438 429 424 435 438 419 413 415 426 428 427 428 429 434 439 450 472 496 502 491 472 434 399 383 385 418 461 480 470 459 470 478 480 483 475 467 470 465 446 430 430 417 400 377 372 361 354 352 345 333 321 305 281 262 252 239 232 227 224 223 226 235 242 243 238 232 226 219 212 209 206 205 204 203 206 220 244 256 248 258 289 282 271 268 260 251 242 235 215 211 223 251 283 297 304 310 312 311 311
453 464 460 450 434 431 434 433 420 409 400 399 401 404 410 417 425 434 453 486 496 484 471 447 404 383 392 439 463 451 439 458 467 467 465 463 471 496 500 472 451 462 451 418 398 390 371 355 348 341 329 318 306 294 280 264 251 235 232 233 235 232 241 241 233 224 217 215 211 210 212 212 214 208 201 201 205 221 236 235 251 277 256 239 247 257 251 239 223 209 213 234 268 286 289 287 290 292 287 287
467 478 482 476 469 466 466 462 453 442 428 416 400 392 391 392 402 418 429 447 481 478 470 456 413 383 383 416 443 431 432 454 461 460 458 459 477 505 508 497 489 492 483 462 439 427 405 368 345 337 327 315 303 292 279 263 247 246 267 275 275 267 259 254 244 234 229 238 232 238 240 230 221 213 203 200 203 212 218 230 242 243 238 227 220 230 233 227 217 206 226 265 281 282 276 269 270 269 266 265
485 495 507 504 496 492 490 484 474 463 451 438 427 416 401 380 368 399 412 424 441 475 468 451 409 383 383 399 427 419 421 424 440 448 441 455 470 497 511 508 503 496 486 475 463 449 414 373 344 334 324 312 302 291 276 263 268 266 299 297 286 274 269 263 253 252 244 255 263 252 241 232 223 213 204 200 204 236 234 230 236 233 227 218 211 209 210 212 205 209 235 263 273 272 263 252 253 254 250 258
505 523 535 525 518 512 508 504 497 484 471 458 453 443 424 403 371 369 391 405 419 435 441 434 411 390 387 391 412 411 396 399 421 416 429 458 457 466 499 508 496 488 485 476 463 450 409 364 341 329 319 307 294 285 282 297 312 288 310 302 300 287 287 281 277 265 259 270 264 253 241 230 223 212 203 198 206 242 238 230 227 227 222 213 206 204 215 214 201 218 244 255 258 252 242 237 236 240 247 260
539 553 554 545 534 525 517 513 507 502 489 475 467 452 438 421 399 357 358 384 404 433 451 438 411 372 340 362 390 407 381 382 396 388 413 448 464 453 464 479 458 441 452 470 465 454 421 370 346 327 312 298 298 308 327 338 328 308 315 313 309 307 298 288 281 273 270 271 263 254 242 225 219 210 202 197 201 249 249 237 229 223 218 211 204 201 208 212 205 215 232 238 239 236 227 231 246 251 264 262
556 564 563 553 541 525 500 488 488 494 493 485 478 463 438 426 404 358 371 358 400 433 459 449 424 383 349 335 369 394 372 350 363 399 425 457 470 457 443 439 429 416 411 428 450 451 429 383 347 328 311 307 325 349 351 342 332 323 328 326 318 313 304 295 288 280 276 278 268 255 240 224 214 208 201 198 215 257 252 241 231 223 218 210 203 200 200 198 202 204 217 222 218 220 229 256 272 267 276 279
558 557 553 542 528 508 469 450 444 457 472 477 468 450 419 413 409 377 347 351 401 434 469 454 435 399 363 330 339 359 340 344 387 422 448 476 472 459 446 431 420 406 392 397 405 420 406 377 346 323 316 338 363 362 354 346 335 341 343 334 327 317 308 301 293 284 278 279 269 257 241 222 212 206 201 197 210 251 257 249 236 222 216 211 202 197 197 200 212 219 210 212 222 235 259 281 290 289 287 298
548 548 525 497 484 470 445 423 418 422 427 438 462 452 412 378 382 376 332 363 402 422 456 462 450 422 389 353 323 320 321 358 402 434 459 482 473 458 445 434 421 409 396 380 380 378 366 351 330 322 348 377 373 366 358 352 347 352 348 337 329 320 312 301 290 282 273 264 257 251 244 221 210 204 199 196 199 216 253 257 246 230 212 205 201 195 197 210 243 241 224 230 236 235 256 278 299 306 308 307
528 515 494 468 448 434 421 408 398 405 405 408 426 434 397 363 337 317 321 362 392 396 418 436 449 446 422 391 354 325 313 337 380 426 453 466 472 461 447 429 418 410 401 388 372 361 352 343 336 349 381 383 376 369 372 372 367 359 348 340 332 322 311 296 282 268 258 248 238 231 224 213 207 207 201 196 194 194 220 254 249 238 225 205 194 195 205 231 250 245 235 246 256 268 268 274 289 309 315 312
505 494 470 449 430 414 399 387 379 386 391 392 394 389 368 343 323 303 306 328 352 379 396 419 436 441 432 414 383 348 329 310 344 401 435 443 446 456 445 422 416 405 401 393 387 379 385 385 371 387 391 384 377 382 387 383 372 359 348 340 330 321 306 290 275 266 259 249 237 226 217 218 213 210 203 196 195 194 195 217 238 238 223 198 192 201 213 241 255 251 249 263 283 300 301 293 297 306 305 300
468 479 476 459 434 408 389 377 366 364 374 381 378 372 360 344 321 301 297 345 385 423 437 436 438 438 435 426 398 363 350 308 327 371 407 427 426 431 429 398 402 403 380 388 392 402 408 406 404 402 394 386 384 394 390 383 372 358 347 338 328 318 307 295 282 278 271 260 245 229 221 224 217 212 213 204 195 194 192 191 193 205 206 192 191 221 237 238 259 258 261 270 296 321 316 312 305 301 296 273
438 438 442 446 442 426 406 392 379 357 349 365 368 363 355 344 322 292 312 368 412 442 447 441 438 441 442 424 389 357 332 295 308 346 375 402 406 415 407 391 371 374 356 375 398 416 411 412 412 406 397 391 401 397 388 372 360 352 345 336 325 314 301 291 279 270 264 259 247 233 226 229 220 217 221 212 197 193 192 191 190 190 189 189 192 215 252 256 268 268 270 275 290 311 311 310 306 294 285 266
408 408 409 411 411 414 413 398 388 371 345 339 342 344 320 323 317 287 325 371 417 438 450 449 442 434 428 421 411 382 347 310 284 316 342 363 384 404 402 387 361 342 343 367 378 396 401 401 407 407 398 392 397 395 385 367 349 342 335 332 321 309 297 285 276 265 249 240 237 235 240 235 223 216 216 208 204 199 194 192 191 191 190 189 190 207 256 282 283 279 283 286 299 309 312 307 299 292 282 273
407 396 390 391 393 386 379 368 349 342 335 329 315 310 307 296 288 283 323 365 405 429 433 444 442 429 427 423 408 385 358 333 296 289 312 322 353 377 383 383 370 337 315 331 359 365 355 355 369 392 400 392 392 394 383 367 355 348 329 316 308 299 289 277 266 253 253 265 272 276 266 249 230 218 211 212 213 209 201 194 193 190 190 190 190 204 250 295 294 291 298 307 310 306 299 294 283 272 265 266
425 412 398 390 390 370 360 352 353 342 349 354 353 349 343 331 306 281 313 355 391 413 416 414 420 423 428 424 407 372 347 337 324 293 276 292 315 334 347 362 362 339 306 299 340 355 346 327 341 354 369 376 394 400 389 372 358 341 327 314 304 287 276 268 262 281 310 324 318 304 286 255 233 224 229 230 230 231 222 206 195 189 189 190 194 204 238 293 300 298 306 310 304 298 291 278 264 252 243 241
444 435 424 405 398 397 395 387 380 377 384 389 384 386 375 353 324 283 293 341 371 384 380 379 405 415 419 413 397 374 353 322 326 308 267 297 320 328 350 363 356 324 298 286 323 333 329 310 309 319 325 354 383 386 387 372 355 343 332 320 310 302 299 290 287 323 335 337 326 310 292 264 252 241 249 255 259 260 259 244 228 213 199 196 190 194 223 291 289 282 286 281 275 273 272 274 263 241 225 218
469 463 459 439 434 434 425 412 399 400 412 416 409 403 393 374 340 294 272 313 339 351 338 381 406 402 404 402 385 354 334 305 302 282 267 307 340 352 357 354 343 318 293 271 283 303 305 288 287 291 317 338 350 359 373 370 357 347 339 333 331 336 341 326 303 338 350 345 333 313 287 270 266 249 263 268 274 274 276 267 250 229 214 204 195 188 202 261 272 265 259 260 257 254 256 254 249 232 212 198
486 478 473 465 460 460 450 437 423 418 423 422 421 408 397 384 360 318 276 269 298 305 336 377 393 390 383 375 364 343 318 304 273 266 301 318 339 359 357 348 332 312 290 269 258 267 278 272 266 279 304 314 328 350 368 362 362 355 358 363 364 372 371 353 337 345 340 329 316 303 285 286 268 264 272 274 269 265 271 269 254 237 221 207 196 190 196 247 258 255 252 242 244 240 241 239 233 217 200 188
525 505 494 485 479 473 459 448 438 432 422 411 410 405 398 389 373 346 309 272 262 288 338 370 387 386 377 360 337 316 296 282 261 289 326 321 343 353 348 344 338 326 309 291 272 252 251 253 260 280 299 319 341 343 349 347 339 344 358 367 373 382 383 379 371 358 344 332 317 302 300 291 278 272 277 276 267 258 251 250 246 235 222 212 200 193 191 220 239 234 241 234 236 233 227 224 213 201 189 183
533 517 506 498 489 477 464 451 441 432 410 396 391 393 394 389 377 360 326 293 270 269 322 357 380 384 375 363 343 330 319 303 269 262 298 307 324 339 341 337 332 327 317 298 276 247 253 263 279 305 329 337 335 321 304 295 295 303 315 331 349 377 393 387 378 364 354 347 327 317 309 296 288 282 282 283 274 263 257 249 239 229 221 216 208 199 188 193 212 215 227 227 236 230 218 207 198 190 183 181
