# 100 100
298 287 285 288 283 272 274 267 269 272 278 278 277 274 268 263 259 258 259 251 240 233 229 231 231 229 224 218 211 208 206 206 205 204 210 211 209 206 206 200 202 206 216 225 223 215 208 205 200 193 199 207 214 218 210 195 203 216 222 222 232 238 234 226 224 215 203 200 215 228 234 230 240 228 213 207 208 195 186 192 198 188 175 172 170 170 170 170 173 187 192 193 198 204 206 215 234 240 247 250
307 298 292 296 290 280 282 276 279 281 284 285 281 273 265 262 262 264 261 250 239 234 232 228 224 222 223 220 213 209 211 216 214 210 214 215 211 208 204 204 208 211 215 218 212 205 201 198 195 194 201 212 217 213 201 197 208 218 226 228 236 238 229 218 215 206 206 212 212 227 244 236 226 220 216 208 195 190 193 207 211 197 177 172 171 170 170 170 174 187 198 205 215 224 223 227 241 246 246 247
314 309 301 304 296 289 291 285 289 291 291 287 279 270 272 270 270 269 261 250 241 241 240 237 233 226 219 214 214 214 216 222 221 217 216 214 209 206 204 207 213 218 219 217 210 206 202 198 197 197 204 215 216 205 196 200 209 222 230 232 237 235 224 216 211 204 215 224 219 228 239 230 219 212 207 203 194 201 207 216 217 203 180 171 171 171 170 170 174 185 197 204 212 223 230 232 230 233 244 246
321 319 313 312 305 300 299 294 299 299 296 287 278 278 281 279 276 273 263 250 243 240 237 234 232 228 221 218 224 223 224 226 227 224 218 211 211 211 210 208 212 220 221 217 212 208 203 200 199 199 204 212 211 200 197 201 210 220 231 238 240 238 230 223 215 206 218 232 232 236 240 232 223 215 206 198 203 216 222 221 210 197 181 171 171 172 170 170 174 182 194 203 211 216 223 221 219 231 234 245
329 330 326 323 318 313 310 308 310 309 301 292 288 287 286 283 279 273 262 251 245 240 238 235 230 223 222 232 234 233 232 231 228 223 214 214 220 219 217 212 212 220 218 212 208 205 202 203 203 202 208 213 209 201 200 204 204 210 220 233 242 240 228 217 208 214 222 238 244 242 231 215 209 205 203 207 217 228 224 204 189 183 175 171 171 171 171 170 173 178 183 188 194 206 215 210 212 218 225 239
340 338 336 334 330 326 323 321 320 316 310 304 300 298 295 290 285 279 269 260 253 250 248 241 230 228 230 238 243 241 238 233 225 218 217 220 225 224 218 215 215 221 220 215 212 207 206 209 206 207 212 215 211 204 202 209 211 209 211 219 235 233 214 209 211 221 232 244 249 236 221 213 216 212 214 220 226 217 203 194 187 184 173 171 172 172 171 170 170 175 183 191 195 197 205 214 226 230 237 238
344 341 338 339 339 336 331 327 324 322 319 315 312 309 304 298 291 285 278 270 263 259 252 237 238 240 238 240 245 243 237 226 220 221 225 228 228 224 219 223 221 224 225 220 214 207 212 213 208 209 215 217 213 208 204 207 214 217 218 222 232 229 215 211 216 220 233 248 249 232 219 221 227 226 226 228 220 206 199 193 195 183 172 172 173 172 172 171 171 172 180 190 204 207 213 219 226 233 239 242
330 330 318 339 343 338 328 317 314 319 317 318 320 316 305 294 284 279 276 272 267 260 246 244 251 250 248 247 244 238 229 225 227 232 231 235 232 225 226 230 229 229 225 217 212 213 216 218 213 216 216 219 216 211 208 206 209 216 221 225 230 226 217 211 218 227 235 247 249 234 221 226 238 239 235 226 218 215 208 204 201 179 172 172 173 172 171 171 171 172 176 185 198 210 215 220 226 230 237 242
297 290 298 339 339 334 327 316 298 295 303 316 324 320 306 297 293 284 276 266 256 249 250 261 263 260 257 252 245 235 235 233 233 241 239 239 234 235 235 236 234 228 220 216 219 217 221 224 219 224 223 222 218 215 214 213 209 212 216 222 228 225 218 213 218 227 237 244 241 232 228 234 241 241 234 227 222 218 213 209 199 179 173 173 173 173 172 171 172 173 177 184 193 203 212 220 227 234 239 239
307 279 317 339 319 299 304 292 284 301 322 329 330 326 316 311 307 299 293 282 272 264 267 270 272 268 262 254 242 242 247 241 238 247 248 244 241 245 244 242 234 222 222 223 225 223 230 231 224 229 232 230 226 224 221 217 215 218 222 224 229 229 223 218 216 221 229 232 229 224 226 228 226 220 209 200 194 191 189 191 195 181 173 174 174 173 172 172 172 173 177 184 193 209 217 222 229 233 229 227
293 273 319 331 305 272 266 274 305 326 336 340 339 334 327 322 318 312 306 297 287 279 280 281 278 268 257 248 243 250 256 249 242 249 251 246 244 247 244 239 229 227 230 226 231 230 239 240 233 230 237 236 232 228 222 217 225 226 228 232 233 233 228 223 219 219 223 227 225 221 219 219 214 206 200 198 195 194 190 184 185 183 174 174 174 173 172 172 173 174 176 181 187 192 198 204 210 214 220 224
270 268 299 300 276 265 262 288 321 332 338 345 344 338 330 325 320 315 314 310 300 294 294 289 280 268 263 260 255 254 263 259 250 253 256 253 251 248 241 234 233 236 238 233 237 234 243 249 244 238 240 237 229 225 224 224 231 236 234 238 238 235 230 226 226 227 227 229 228 223 219 216 218 214 208 207 202 202 199 192 183 178 175 174 174 173 172 173 173 174 176 184 190 198 206 216 217 227 238 239
265 262 267 267 262 261 259 267 289 290 303 340 341 326 301 306 295 290 314 319 312 306 301 295 288 281 278 272 266 261 268 268 262 257 264 263 258 250 243 244 247 245 246 242 246 242 244 257 255 247 246 236 241 237 231 235 234 242 244 244 241 238 237 236 235 235 234 233 231 227 223 219 219 221 218 216 214 213 207 197 190 184 175 174 174 173 173 173 173 174 176 184 192 202 217 226 226 235 240 242
262 260 260 261 259 260 261 256 255 256 262 295 306 301 271 261 268 305 322 323 319 312 302 296 295 293 290 284 278 272 271 278 274 269 271 272 263 251 251 258 259 256 254 250 256 251 246 258 260 252 247 239 249 249 241 239 245 245 251 250 246 242 239 238 238 239 240 237 231 224 220 216 216 225 228 226 225 223 218 211 203 200 178 174 174 174 173 173 173 173 177 185 194 204 219 222 207 202 206 220
260 261 258 259 257 260 263 259 253 252 249 249 252 251 249 252 295 324 329 325 320 313 302 288 286 293 296 294 289 281 278 285 284 282 281 279 271 263 259 269 270 267 261 259 264 259 253 262 262 256 249 243 247 255 251 243 250 254 254 252 247 241 238 235 234 240 243 243 239 232 225 221 213 218 230 232 231 231 229 223 218 212 184 175 174 174 174 173 173 173 178 186 189 197 202 200 195 199 207 210
254 254 253 253 254 258 262 262 257 249 249 244 243 241 243 278 320 331 330 324 316 311 305 296 286 278 296 301 298 292 289 290 290 290 289 287 283 278 269 276 280 276 269 267 272 268 263 270 271 265 257 253 250 256 257 254 257 258 256 250 243 239 237 235 231 236 243 247 246 243 236 232 221 209 214 226 224 225 231 230 223 208 188 178 176 175 174 173 173 173 177 182 188 193 193 195 194 198 209 216
255 250 247 246 246 251 257 260 260 254 247 243 239 239 246 301 326 331 328 314 297 300 300 295 282 272 296 305 304 300 297 293 289 290 293 294 294 288 282 282 288 285 281 279 280 279 274 276 279 274 268 265 260 262 266 263 261 255 251 246 239 236 238 235 230 225 230 239 247 249 248 242 229 215 207 204 213 209 210 216 219 212 195 178 177 176 174 173 173 173 177 189 202 210 213 214 204 198 205 219
270 263 257 250 244 242 243 246 248 248 243 239 235 238 261 304 321 324 323 312 295 277 274 280 263 278 299 307 306 301 291 281 267 268 281 297 301 299 294 292 294 294 292 291 290 288 286 284 286 284 280 275 271 270 272 271 267 259 251 249 245 236 231 234 233 225 227 235 240 244 249 245 234 224 217 210 203 200 196 194 206 214 196 179 177 176 174 174 174 175 175 187 200 211 221 226 212 203 209 221
275 269 270 265 258 250 245 243 241 239 236 233 232 249 273 297 303 307 313 309 299 290 275 254 255 285 302 308 303 294 292 286 274 258 286 298 303 305 302 299 294 291 294 296 295 294 292 289 288 288 286 282 278 275 274 273 271 264 258 251 245 242 237 229 225 221 221 229 234 242 247 247 243 236 228 221 210 206 208 203 192 205 202 181 177 176 174 174 174 174 173 188 209 217 222 227 216 208 211 222
285 272 263 270 267 264 261 262 262 261 256 248 234 251 269 279 280 286 294 296 272 281 271 250 277 276 300 308 303 279 267 268 263 253 287 296 301 306 307 301 290 278 281 289 290 293 287 278 282 287 283 280 277 269 263 273 273 267 259 257 257 253 249 243 240 235 224 218 232 238 244 249 245 238 231 220 223 225 224 215 199 190 198 183 177 176 175 175 174 175 174 186 200 206 209 211 210 211 215 223
287 277 262 259 268 263 260 257 259 264 262 253 237 238 258 267 264 266 277 287 275 251 249 266 293 295 304 312 308 292 275 261 242 253 274 265 271 298 309 307 300 284 267 264 282 289 277 264 283 287 280 269 277 272 258 266 275 270 266 264 264 262 258 253 249 243 232 219 215 226 241 250 249 240 232 236 249 246 236 224 209 192 185 182 178 177 175 175 175 175 175 180 190 197 201 199 200 205 210 216
274 274 268 253 264 262 259 259 254 256 258 254 239 232 249 255 256 261 270 274 275 248 245 267 289 306 313 316 313 305 295 283 254 233 236 249 276 300 310 311 306 295 283 267 258 282 266 260 286 287 277 259 274 275 260 255 274 274 269 260 262 266 261 252 245 238 233 235 222 215 235 248 252 250 249 262 273 256 232 219 207 203 194 183 178 177 176 176 175 175 175 186 207 218 221 214 207 203 206 212
239 241 246 248 256 264 253 255 258 250 248 256 250 234 239 249 255 255 267 263 258 239 237 252 261 301 315 317 314 308 295 277 261 241 229 252 289 302 302 306 300 283 273 270 249 272 267 252 283 286 274 250 266 273 257 248 272 275 271 260 249 266 267 260 255 252 250 244 227 212 241 249 250 247 251 269 275 258 243 234 226 219 203 184 177 176 175 175 175 175 175 187 207 215 215 212 212 210 211 216
250 248 243 238 239 247 245 239 254 256 246 247 258 246 231 243 256 247 262 262 246 230 251 281 284 298 310 311 308 293 264 234 226 227 222 238 282 286 252 282 277 236 231 238 239 272 276 242 262 284 281 259 243 267 255 243 270 273 270 263 242 262 270 268 265 262 256 240 211 219 247 251 247 235 233 247 268 268 257 244 236 229 206 184 177 176 176 175 175 175 175 181 186 191 197 201 207 210 212 218
266 267 260 257 249 240 235 235 232 233 234 231 253 255 242 230 256 244 258 254 234 235 258 272 283 289 289 285 287 267 233 222 217 216 224 250 265 252 228 252 255 226 227 239 263 282 280 258 235 278 283 266 234 257 251 238 269 266 251 253 235 262 270 267 266 263 254 232 207 230 252 251 244 232 220 230 242 252 249 235 219 210 200 184 178 176 175 175 175 175 175 181 194 193 189 195 198 201 204 211
282 281 277 271 259 247 251 255 242 242 241 238 230 229 226 223 250 245 240 243 225 229 232 234 240 244 238 230 234 231 223 217 215 214 222 237 241 228 220 246 253 234 222 253 285 286 265 231 236 278 281 258 227 240 233 242 270 262 235 222 238 267 268 252 251 259 243 220 203 232 251 249 245 236 219 221 225 229 238 245 230 207 192 183 177 175 175 175 175 175 174 185 211 212 200 198 199 204 209 215
296 294 285 264 255 260 270 265 256 256 257 255 250 245 241 228 222 231 226 222 220 220 220 219 218 215 215 214 212 212 212 212 212 211 212 213 215 215 215 236 244 227 218 247 287 285 250 221 255 280 281 266 235 215 217 253 267 258 233 225 260 265 265 258 232 237 237 203 212 245 248 237 238 235 222 210 211 212 219 237 234 212 194 181 176 176 175 175 175 175 175 181 196 201 207 212 214 216 223 229
306 298 280 262 277 269 281 276 272 271 269 264 256 253 250 244 228 219 217 217 216 216 218 217 214 214 214 213 212 211 209 209 208 208 208 208 209 209 212 229 236 216 231 261 280 281 260 218 243 273 278 264 235 214 211 247 252 230 214 232 257 245 254 260 246 215 209 196 223 249 247 231 219 219 218 209 199 199 205 209 214 206 194 180 175 176 176 176 176 175 175 179 189 197 199 204 215 225 230 234
308 289 271 275 291 282 287 289 286 281 273 263 251 243 241 243 242 233 225 220 223 220 216 215 215 218 221 221 217 213 212 212 211 209 207 206 206 207 217 235 243 221 232 254 265 272 263 223 224 247 266 257 222 205 212 235 230 211 203 224 237 225 223 249 252 238 217 196 227 244 242 231 214 201 200 201 198 191 193 195 200 199 191 182 176 175 176 175 176 175 175 181 200 206 208 209 209 216 222 226
300 284 295 287 299 295 291 287 286 279 268 254 254 255 248 244 237 231 226 241 244 234 226 222 220 219 228 228 222 216 215 216 216 213 211 208 206 205 217 236 240 222 223 238 245 261 257 229 214 236 252 255 231 206 223 224 208 197 199 202 202 204 202 219 234 237 227 197 219 231 225 216 204 195 189 188 187 186 186 187 193 192 187 184 177 176 176 176 176 176 176 181 195 197 198 201 209 219 215 218
305 305 310 302 304 297 280 275 268 263 260 261 274 271 267 260 246 237 240 252 264 259 248 238 230 224 221 225 223 219 217 218 218 217 216 214 208 204 207 225 232 224 210 212 220 238 243 229 211 217 231 245 229 202 208 208 199 193 193 192 192 192 191 193 196 201 208 198 194 204 206 199 191 185 184 183 182 182 182 181 181 181 181 179 178 176 176 175 175 176 178 182 188 191 191 195 203 216 212 213
323 321 319 314 307 292 293 292 281 280 282 284 286 281 268 250 236 255 249 249 255 271 273 269 256 240 226 226 227 226 224 223 229 234 238 233 223 211 204 204 208 212 211 203 208 215 211 211 207 204 207 224 222 203 195 195 193 192 192 191 191 190 189 189 188 189 188 188 188 189 191 188 184 183 183 182 181 181 181 179 179 179 178 177 177 177 176 175 175 176 179 191 196 192 195 194 201 212 211 208
324 325 324 318 305 295 307 304 296 299 299 296 288 269 246 239 266 273 260 269 261 265 277 274 267 255 237 233 253 250 241 232 231 234 252 254 242 229 219 209 204 203 202 201 200 200 198 198 197 197 197 199 198 195 194 194 193 201 214 213 210 205 198 193 190 189 187 186 186 186 185 184 184 184 186 188 188 187 185 184 185 182 179 177 177 177 177 176 176 178 186 195 205 198 199 200 199 207 209 205
298 320 326 323 312 304 313 313 309 307 301 291 275 247 262 255 273 284 270 279 277 273 275 262 248 238 234 241 265 268 258 251 249 241 245 261 254 244 233 224 216 209 210 209 204 202 203 204 203 201 199 196 196 198 199 203 212 223 231 233 233 232 227 219 209 201 194 190 186 185 185 184 185 192 199 200 201 200 198 196 199 190 180 177 177 177 176 175 176 181 194 206 217 209 205 206 203 207 207 202
257 306 325 327 324 319 317 318 314 304 279 257 251 259 288 272 267 292 286 283 288 286 280 265 243 257 247 252 264 273 269 265 259 245 247 260 256 247 236 225 222 219 222 222 216 212 211 217 211 212 209 207 209 206 210 205 211 219 222 225 227 229 226 224 220 211 202 199 193 186 185 188 195 202 210 213 213 211 207 205 199 186 179 178 177 177 177 176 177 185 199 214 230 224 216 208 204 204 203 199
245 281 313 326 329 327 324 320 300 280 262 286 271 280 301 289 264 292 297 294 293 289 283 271 248 265 265 252 266 276 274 265 255 245 246 259 252 241 234 238 236 228 236 236 230 218 222 229 217 223 222 219 220 215 221 213 212 214 217 216 214 214 210 211 214 210 205 203 195 187 191 197 208 215 220 220 218 213 207 201 196 182 178 178 178 177 177 176 179 192 201 213 233 229 217 208 203 201 200 200
237 244 269 311 325 329 329 322 299 263 290 308 279 297 310 301 283 292 302 297 283 266 260 257 247 273 279 267 261 277 275 266 264 258 250 254 261 253 244 246 240 244 246 240 224 223 236 236 222 232 233 229 229 225 230 222 224 223 222 219 212 207 205 202 205 201 197 193 189 194 203 206 216 224 223 218 213 206 203 196 186 178 179 178 177 177 177 177 185 201 215 227 234 226 214 207 203 203 203 207
233 236 238 259 287 313 328 327 304 280 294 318 303 310 317 314 300 302 304 291 267 279 276 257 260 271 287 281 267 280 281 276 275 271 264 253 267 264 253 253 247 254 249 233 236 238 244 236 226 239 242 238 236 233 236 230 233 231 227 222 215 207 202 199 198 199 194 192 195 203 218 219 220 226 219 211 204 197 195 187 179 179 178 178 178 178 177 179 191 208 224 236 236 224 215 209 204 206 207 212
230 232 231 231 239 263 312 331 328 299 308 325 321 319 320 319 316 311 302 280 288 299 289 266 281 266 289 290 279 282 287 283 281 275 264 257 272 272 263 259 254 256 240 239 252 250 250 238 237 240 248 247 242 240 243 238 238 234 227 220 213 208 203 202 199 196 196 200 207 213 226 230 227 224 216 210 207 202 191 181 179 179 178 179 178 179 178 183 200 214 225 232 226 218 210 207 208 210 209 213
230 228 227 228 233 239 279 329 335 321 324 321 305 293 300 315 319 315 303 294 295 308 299 273 293 279 285 298 292 285 291 287 277 268 270 265 278 279 272 264 261 256 250 249 259 260 254 245 248 244 252 254 251 248 248 245 242 237 228 223 218 210 211 211 205 201 203 209 219 227 231 232 229 225 220 214 207 200 187 180 179 179 179 179 179 179 178 189 203 209 219 222 217 212 209 214 214 212 212 215
231 229 227 225 229 233 254 318 335 334 323 284 250 242 246 278 311 318 316 312 300 313 309 285 300 292 286 302 301 295 294 284 280 278 283 273 282 284 277 273 268 258 262 260 262 265 260 255 256 253 255 256 255 252 249 245 241 237 232 228 220 215 218 213 206 207 212 217 228 235 232 227 226 220 217 205 194 187 181 180 179 179 180 179 179 178 182 201 215 222 228 224 218 211 212 218 217 215 216 215
239 237 234 224 228 229 237 273 305 314 301 248 235 233 233 242 270 301 317 320 314 316 316 298 308 297 292 305 308 305 297 292 291 285 291 285 286 289 285 279 270 262 269 269 266 269 265 262 261 259 256 251 243 240 239 238 233 229 227 223 219 219 218 215 215 218 224 230 237 235 218 207 209 208 203 193 186 182 180 179 180 180 180 179 178 178 195 215 222 214 217 222 214 214 212 218 221 220 218 214
247 244 233 227 234 232 231 235 243 250 250 235 230 228 228 233 238 250 289 318 324 323 322 311 316 309 307 308 314 312 303 301 300 292 296 294 291 294 290 281 272 274 276 275 272 271 267 263 259 255 250 242 229 219 221 221 221 216 215 217 215 211 219 226 227 230 236 241 241 236 223 210 198 195 189 184 182 181 180 180 180 180 179 178 178 182 194 198 202 199 202 206 217 219 216 220 227 226 221 209
252 243 226 241 239 238 239 237 235 236 233 229 226 225 225 228 231 232 247 295 324 329 326 321 321 319 318 317 318 317 310 309 308 303 302 301 298 298 293 286 280 280 279 277 272 266 259 249 243 244 238 235 231 218 210 208 206 208 210 205 201 210 221 226 227 229 227 222 219 217 214 208 195 187 183 180 180 180 179 179 178 178 178 178 179 184 192 200 201 202 203 202 211 221 219 222 228 228 221 215
229 225 242 253 251 247 244 242 241 240 236 233 230 227 224 226 229 227 232 253 309 326 325 320 315 315 318 320 319 318 316 316 315 313 311 307 304 301 296 290 283 277 273 269 261 249 246 242 232 228 233 224 227 219 204 201 207 205 199 194 199 207 199 193 192 194 193 191 190 190 189 186 183 182 181 180 180 179 179 179 179 178 179 179 190 197 201 216 215 211 211 208 212 223 223 226 222 217 213 211
227 245 261 263 261 257 254 251 248 245 241 238 235 230 226 230 229 225 229 235 273 304 301 292 268 270 290 302 298 292 301 312 317 317 314 309 304 299 294 286 275 263 255 253 247 234 234 240 235 222 223 220 213 211 197 202 204 196 191 188 188 186 185 184 184 184 184 183 182 181 181 181 181 180 180 180 179 179 180 180 179 180 182 193 214 215 203 207 220 223 220 213 215 221 225 227 223 213 208 206
252 270 275 274 272 268 264 261 256 252 247 241 237 229 226 225 226 227 227 228 235 248 247 237 229 226 233 245 241 233 242 280 311 314 311 300 291 288 283 273 262 245 237 240 238 230 224 234 231 224 211 213 206 200 194 198 195 189 185 185 185 184 184 183 182 182 182 182 181 182 181 180 181 181 180 180 179 180 181 181 183 191 207 216 222 224 216 210 217 226 227 221 220 222 224 220 215 212 210 209
258 285 286 285 282 278 274 270 266 262 258 253 249 241 223 228 235 232 231 230 230 233 233 230 226 223 218 218 218 220 221 238 291 300 302 287 267 270 266 254 253 244 235 228 232 228 219 222 217 212 207 199 196 193 190 188 186 185 184 184 185 184 183 182 183 183 182 182 182 181 181 180 181 181 181 182 183 182 182 184 185 190 208 222 229 230 229 225 222 227 233 230 229 229 227 222 221 220 219 219
244 276 288 288 283 272 271 279 276 271 266 261 257 248 227 222 241 240 238 236 236 237 236 232 227 223 218 214 213 213 215 221 261 249 274 285 271 252 253 239 244 245 238 228 222 227 222 212 209 203 199 197 193 189 188 186 185 185 185 184 184 184 183 183 183 185 185 183 183 182 181 182 181 182 186 192 194 186 180 185 194 190 200 212 207 209 219 230 233 234 238 241 241 237 231 229 231 230 226 226
229 243 258 250 245 237 242 272 283 279 273 266 258 251 230 217 244 246 245 244 244 242 241 235 227 221 215 213 210 208 210 213 246 244 235 270 267 249 238 237 229 238 240 235 225 216 216 212 206 206 205 199 190 187 186 186 186 185 184 184 184 183 183 183 183 183 183 183 183 182 182 182 182 182 195 204 199 184 181 186 204 203 194 194 196 197 200 207 225 241 243 248 249 243 237 237 235 232 228 224
225 241 245 241 232 228 226 242 268 278 277 250 237 234 219 217 248 252 252 251 250 246 241 235 228 222 214 208 206 205 206 213 245 255 227 247 249 241 229 230 224 224 232 231 225 219 210 206 209 216 209 191 186 186 186 185 185 184 184 184 184 183 183 183 184 183 183 185 186 183 182 182 182 183 195 206 193 182 183 191 210 219 211 205 207 207 203 201 207 224 242 250 254 250 244 239 235 233 228 227
223 231 231 228 224 218 222 220 231 242 253 249 226 216 213 227 254 258 258 256 253 249 243 235 227 221 213 206 203 203 209 225 247 254 232 229 226 229 230 220 221 215 215 219 214 211 205 203 214 220 199 187 186 186 186 185 185 184 184 184 183 183 183 183 185 186 187 187 186 185 184 183 183 185 196 203 189 182 184 194 219 233 230 219 218 217 212 208 204 207 219 239 252 254 250 244 243 241 237 238
211 218 220 217 212 208 207 207 211 218 223 229 224 210 215 235 244 244 254 255 254 249 242 234 225 216 209 203 202 210 227 240 244 239 226 215 214 218 219 217 210 205 203 204 203 201 197 205 217 202 188 186 186 185 185 185 185 184 183 184 186 186 186 188 190 192 191 190 188 183 185 183 186 190 195 202 190 182 182 189 202 226 237 237 236 229 223 219 213 207 208 217 231 250 257 254 252 250 247 249
212 209 210 209 209 208 207 207 206 206 208 211 211 206 210 216 218 214 223 227 240 246 240 231 221 213 206 200 203 225 240 242 233 222 216 206 205 201 198 198 197 195 194 194 195 197 196 193 194 189 187 186 186 185 185 185 185 184 185 187 191 192 196 199 202 202 202 198 186 183 184 184 191 200 207 201 191 183 182 189 203 210 228 255 255 242 235 230 225 219 213 210 215 232 255 261 261 259 256 255
226 223 219 217 213 209 207 207 207 206 206 205 204 204 204 205 204 204 206 208 212 231 235 226 215 206 206 199 198 204 219 227 227 217 207 196 193 192 192 192 191 191 190 189 189 189 189 189 188 188 187 186 186 186 186 185 185 187 190 192 195 202 208 211 212 213 206 189 184 183 184 188 196 209 223 205 190 183 183 186 198 210 219 252 267 258 250 243 238 232 225 219 214 224 240 260 266 264 259 251
234 232 226 224 218 214 211 208 207 206 206 205 204 203 202 202 202 202 201 201 200 207 220 220 210 200 197 197 196 196 196 201 213 209 196 193 196 200 198 194 193 193 194 191 189 189 189 188 188 189 188 186 187 191 191 192 195 197 198 203 206 205 217 218 217 215 193 185 185 186 187 193 203 218 228 208 193 186 183 185 191 198 211 230 258 271 265 259 251 237 229 221 217 230 241 259 269 265 257 246
242 240 233 228 221 219 215 212 209 208 206 206 205 204 203 203 202 202 201 200 199 199 200 204 201 198 197 197 197 199 196 195 195 194 195 204 212 220 214 208 207 201 203 202 193 190 189 189 189 189 188 190 193 197 199 199 205 212 210 219 219 208 225 224 220 201 186 184 190 186 192 196 203 223 229 209 196 190 185 185 189 197 206 224 262 279 272 255 243 234 227 219 221 235 247 265 268 260 253 243
256 253 243 233 226 225 221 219 218 215 211 207 208 209 208 205 203 202 202 201 201 204 201 200 199 198 198 199 201 217 210 202 199 200 212 231 224 235 229 223 216 213 212 213 208 197 190 190 190 190 193 197 202 214 215 203 206 219 221 231 226 210 231 226 205 189 184 186 188 190 199 203 206 214 229 208 198 200 190 184 187 194 206 240 273 282 278 263 251 244 239 227 221 237 251 267 268 252 246 248
273 260 245 239 236 230 232 231 229 226 220 212 219 217 210 211 213 208 213 218 212 207 206 207 203 201 202 212 214 220 225 223 219 214 214 234 231 241 241 234 224 229 222 224 215 198 190 190 190 192 197 202 215 226 227 216 224 234 230 235 231 215 230 218 199 186 184 185 186 195 201 210 220 214 227 219 210 205 195 186 185 188 197 215 239 263 282 277 264 257 253 238 221 229 250 271 266 260 260 266
305 269 253 250 240 238 243 246 247 245 235 224 227 219 210 214 229 231 222 214 217 219 228 226 220 216 217 226 218 220 238 240 236 223 214 235 239 243 246 238 236 237 235 233 216 195 189 190 189 194 202 213 224 232 234 226 218 233 235 236 233 220 223 203 190 184 185 186 188 195 203 215 232 225 231 237 222 201 192 187 186 186 194 204 217 234 263 283 277 270 257 242 227 225 232 264 275 273 273 270
302 293 278 263 254 256 261 255 247 248 253 248 237 219 211 225 233 228 221 239 249 243 247 246 239 236 237 236 222 218 236 248 246 230 214 227 244 250 251 243 240 240 246 239 213 193 189 189 190 202 213 219 229 238 240 233 225 233 238 239 232 224 208 193 185 184 186 187 192 198 206 219 237 237 240 227 207 196 192 191 189 186 190 202 211 216 235 270 273 258 242 237 233 231 228 243 274 281 275 263
274 272 271 269 266 255 244 238 231 227 228 230 229 221 213 220 237 248 235 249 259 256 256 256 251 248 244 236 219 229 238 250 250 235 225 221 229 253 258 252 245 250 254 238 206 191 189 190 191 204 214 226 233 242 247 241 232 244 244 242 232 230 202 186 185 185 186 191 203 208 215 233 242 244 234 209 200 198 200 196 191 187 189 197 204 216 238 261 268 258 252 252 247 235 231 238 259 277 270 256
255 255 251 247 243 236 232 229 227 228 226 222 219 217 215 237 250 254 248 243 261 265 263 259 248 236 228 223 225 236 251 258 259 250 242 235 225 237 260 262 256 260 261 237 200 190 189 189 196 214 226 228 240 251 253 248 240 249 249 244 239 228 196 185 186 186 189 201 230 230 225 238 237 229 224 214 208 204 204 198 188 187 192 196 205 217 239 260 275 272 268 267 260 241 232 239 248 269 273 266
246 247 244 243 242 244 240 231 240 252 248 237 232 229 222 225 242 256 261 255 255 266 261 247 238 238 230 231 240 235 250 264 267 261 250 238 233 245 265 274 271 270 259 224 196 189 189 191 207 225 242 245 246 253 255 248 250 252 251 244 248 231 194 185 186 188 194 221 246 242 226 220 219 218 222 221 214 205 200 191 187 191 196 200 208 217 233 252 269 277 277 273 261 244 233 237 245 258 271 273
250 255 255 256 255 249 238 240 246 261 261 251 245 241 232 224 235 251 266 267 262 265 263 251 252 249 237 239 243 249 245 257 269 261 252 253 255 260 276 283 282 278 256 213 195 189 189 198 219 239 251 257 259 259 258 253 254 252 249 250 249 221 193 185 186 192 203 216 228 223 213 210 213 214 217 220 212 201 196 189 187 189 193 197 203 209 215 226 241 258 270 264 250 242 239 239 241 255 271 277
263 269 269 266 254 242 251 255 258 268 269 264 259 251 237 229 249 250 264 272 271 271 271 260 260 252 245 252 250 261 267 269 276 269 273 275 277 279 285 287 286 279 247 206 193 189 192 202 211 228 252 262 267 267 264 261 257 253 253 253 245 216 193 186 186 193 204 207 206 207 205 209 212 210 213 217 213 206 200 193 188 188 188 191 197 202 206 210 216 224 235 249 251 247 249 248 243 256 272 272
275 278 271 261 248 257 266 270 268 273 271 262 255 240 230 233 254 263 265 274 280 280 278 272 266 259 265 271 272 272 285 287 286 282 285 288 289 290 289 284 278 270 236 201 191 190 196 204 213 211 238 260 271 272 270 267 261 257 254 250 240 213 191 186 193 194 194 198 201 203 203 208 208 209 213 216 215 210 202 195 191 192 190 188 192 197 201 206 211 215 216 231 249 256 258 255 247 257 272 276
283 280 264 258 255 263 277 279 277 275 267 254 240 235 247 240 242 264 273 281 290 292 291 288 282 279 285 291 292 289 293 297 295 292 291 292 291 290 284 267 240 224 213 193 190 192 204 219 231 217 226 253 267 271 273 272 266 261 256 247 227 201 188 188 212 212 202 196 197 198 201 206 205 209 212 214 215 213 205 198 197 200 197 189 190 197 203 207 209 210 217 234 254 265 268 262 254 252 262 273
288 283 269 272 270 263 281 282 275 260 248 245 246 247 261 260 246 252 268 282 296 302 302 300 298 298 301 304 304 303 300 300 297 293 290 286 282 280 274 251 227 212 198 191 190 199 214 232 248 238 224 234 253 259 269 275 269 263 255 242 222 192 186 196 223 224 217 211 205 201 200 202 202 205 209 211 213 214 210 206 204 205 202 190 190 194 199 201 206 211 221 241 262 275 277 270 261 259 258 265
293 290 279 281 277 268 284 279 262 257 263 260 268 260 274 269 261 268 287 296 300 306 307 308 308 308 308 308 308 306 303 298 286 276 265 253 243 242 257 259 236 206 193 191 193 208 223 244 260 258 244 234 235 240 251 264 269 254 237 223 198 187 189 209 228 229 225 221 216 212 209 208 211 206 206 208 210 214 215 213 210 209 202 192 190 193 200 206 212 216 221 237 260 276 281 279 275 274 271 273
298 294 288 285 273 281 288 274 271 268 280 277 284 272 286 282 278 284 296 305 308 307 306 307 309 309 308 306 302 299 298 294 283 270 257 246 237 226 218 236 217 197 192 191 200 212 226 252 267 269 264 258 255 251 248 258 262 255 238 208 187 187 191 203 222 230 229 226 223 222 219 212 213 212 210 210 213 214 217 219 215 211 205 195 190 193 204 209 213 215 217 222 237 255 271 275 273 276 276 280
300 298 293 285 286 289 293 281 289 278 296 299 296 287 298 300 299 299 305 309 309 306 300 297 301 306 305 298 289 283 287 292 292 290 284 276 263 244 218 209 202 194 192 193 201 213 221 238 269 274 273 270 265 259 254 259 253 239 220 197 187 188 199 207 203 223 229 231 231 230 228 221 213 217 216 212 214 216 217 217 216 210 204 198 192 190 197 205 205 206 210 215 220 233 252 248 242 248 253 252
303 303 298 297 300 298 301 293 302 291 304 311 307 301 308 310 312 311 311 309 306 303 302 295 286 303 303 297 286 271 272 282 275 275 277 279 275 258 231 210 198 193 192 197 207 226 240 237 258 273 274 271 267 263 259 262 260 252 221 196 188 188 204 224 215 207 217 230 236 237 234 225 216 220 220 219 217 216 215 212 212 208 203 199 193 191 192 196 203 210 218 224 227 232 237 231 225 227 229 239
306 309 307 309 313 312 312 306 312 309 307 316 316 313 316 317 317 317 315 310 299 288 287 284 274 300 303 300 291 275 254 247 239 235 232 234 249 258 236 211 196 192 193 201 210 219 246 258 254 266 272 271 266 264 265 266 263 251 222 199 191 188 189 209 226 221 211 223 234 238 235 229 221 220 224 225 223 220 213 208 205 203 199 198 200 195 192 194 203 212 216 220 224 228 228 224 220 220 224 232
310 317 319 319 323 323 322 318 320 322 320 320 321 320 319 317 314 314 314 310 303 292 273 257 270 296 297 299 296 285 269 263 257 251 241 229 219 231 227 208 194 193 197 209 224 230 233 263 269 267 272 275 273 270 269 263 251 234 221 208 197 192 189 190 220 235 225 216 227 233 235 231 228 226 225 229 228 223 220 216 210 204 202 206 207 202 193 193 202 211 213 214 216 219 222 221 216 219 226 237
319 324 327 329 330 329 328 326 326 327 326 324 324 321 318 312 294 285 300 305 303 300 286 254 258 280 274 291 302 301 295 288 282 275 262 243 224 213 222 209 194 193 201 218 239 250 243 251 272 277 278 280 278 274 270 262 256 250 240 224 205 199 192 189 207 242 235 222 217 226 233 235 235 233 230 232 233 231 231 226 217 210 207 209 209 203 195 193 196 203 206 208 211 213 218 220 214 220 227 238
318 325 330 332 330 325 324 326 327 326 326 325 322 312 307 309 296 270 273 288 296 300 290 263 239 241 246 281 303 306 304 300 295 288 275 252 231 217 209 208 195 193 204 230 252 264 263 255 267 280 285 284 273 264 260 258 249 237 228 219 212 207 193 189 201 241 240 228 220 222 229 234 237 238 237 234 237 238 238 232 221 214 212 211 206 200 196 194 194 195 201 203 208 214 219 220 212 217 224 229
289 306 324 330 317 292 295 316 314 311 319 321 317 301 279 285 291 275 253 262 281 296 294 281 258 243 229 252 291 297 299 297 287 271 260 246 235 221 205 203 195 194 212 244 261 270 272 267 271 283 289 285 274 264 258 251 249 250 244 237 224 203 190 192 206 239 244 237 227 229 226 231 236 238 240 239 241 241 237 229 227 221 217 213 207 205 201 199 199 195 196 198 203 208 210 210 209 216 219 221
257 284 317 325 311 289 267 295 294 278 306 316 313 304 285 263 256 251 243 238 258 281 285 288 280 256 226 244 272 276 279 268 261 242 219 212 204 197 196 196 194 195 204 220 249 266 272 275 279 283 282 275 272 267 262 254 241 222 213 210 202 190 192 203 216 239 249 246 235 237 236 232 233 236 242 245 245 242 235 232 229 223 219 212 217 218 213 208 208 198 198 213 212 212 211 214 217 219 220 223
252 284 313 321 317 302 267 261 280 254 286 303 306 305 300 289 273 259 239 230 242 247 250 269 279 250 222 242 250 254 264 241 224 224 206 195 195 194 194 194 195 210 213 211 217 235 253 271 277 278 273 262 257 255 252 241 223 226 221 199 190 195 201 210 228 245 252 252 245 238 243 241 240 241 248 252 251 244 237 233 228 222 219 218 216 219 217 217 215 204 196 202 217 222 222 226 228 227 226 225
246 271 303 312 313 306 281 247 255 243 264 281 284 290 296 297 291 277 254 230 226 222 219 224 247 242 217 232 237 232 246 238 221 205 197 195 197 199 199 202 219 231 226 230 222 226 226 238 253 265 268 261 251 245 239 231 221 215 207 196 191 191 191 193 209 244 254 254 250 242 244 249 251 252 258 260 257 249 241 236 232 228 227 225 221 220 219 210 204 202 202 198 198 218 225 225 222 220 221 223
244 265 290 295 303 299 284 258 244 234 236 252 250 248 269 281 283 278 265 249 240 236 227 215 218 238 221 210 222 220 222 215 203 198 195 195 207 215 217 219 223 246 238 248 240 244 240 241 249 262 268 266 261 253 241 229 236 240 228 206 196 193 194 194 192 218 251 256 255 250 247 249 255 260 264 264 260 251 245 241 239 236 233 229 225 221 212 211 221 221 216 208 197 207 220 217 217 224 228 230
236 251 260 281 291 281 279 273 262 248 233 227 250 239 236 252 261 258 251 243 231 220 213 208 206 211 209 204 203 204 202 198 197 196 196 199 219 220 230 237 231 251 252 258 258 261 261 259 256 265 268 264 252 244 243 256 262 262 253 230 210 203 202 199 192 205 241 256 258 258 256 255 255 260 264 264 253 240 236 237 236 233 230 226 219 211 210 214 229 229 224 213 197 202 205 210 224 229 233 236
231 248 264 278 278 263 250 264 262 254 241 223 246 246 224 239 242 228 216 207 202 201 200 200 201 200 199 199 198 198 198 197 196 196 196 201 226 230 233 247 249 253 264 265 272 274 273 270 265 267 267 261 256 263 267 272 273 270 262 248 228 213 197 193 195 206 230 251 257 260 262 263 263 264 265 260 249 241 235 229 227 223 219 216 212 216 222 219 223 230 226 218 199 198 198 200 216 227 232 238
241 263 269 271 261 251 236 240 246 246 233 217 240 239 220 220 217 206 201 200 200 200 200 200 199 199 199 198 198 198 198 199 201 199 196 199 224 236 241 249 260 262 272 275 278 278 276 273 270 269 268 265 265 271 273 270 260 244 231 233 236 217 193 195 201 211 223 239 254 260 264 267 268 268 267 260 248 240 237 230 228 224 221 220 216 221 224 223 219 228 228 222 211 206 204 200 212 231 236 238
234 243 254 261 250 232 221 216 216 215 213 210 215 211 207 205 203 202 201 200 200 200 201 202 202 204 206 206 210 212 218 221 222 214 198 199 210 219 240 252 265 272 278 281 280 277 271 269 266 265 267 267 267 268 266 254 236 221 210 209 206 210 193 196 205 216 229 242 252 261 266 268 268 265 261 259 253 244 237 235 237 230 229 226 219 225 228 226 222 224 230 229 223 218 213 200 208 226 237 237
219 218 235 241 226 216 210 208 206 205 205 206 206 205 204 203 202 202 202 203 205 211 218 226 228 222 234 223 226 230 233 237 231 214 197 205 226 227 226 247 266 277 282 281 278 271 259 257 256 259 264 263 259 256 250 235 220 214 231 230 217 203 195 194 198 212 237 251 258 262 265 266 265 257 249 256 256 250 244 240 240 235 232 232 225 226 232 232 226 227 229 233 230 225 225 207 200 202 214 218
223 215 214 216 212 209 207 206 205 206 205 204 204 204 203 203 202 204 206 213 228 237 230 241 242 233 243 231 237 239 241 243 231 203 198 215 234 239 236 237 261 278 282 277 265 264 261 252 248 255 254 252 239 231 225 219 224 248 258 253 238 221 204 197 195 194 204 221 243 254 256 256 255 251 242 248 253 252 248 244 241 235 236 234 227 232 236 233 230 236 236 239 237 237 236 227 214 204 209 233
215 214 212 210 208 208 206 206 206 206 205 205 205 204 204 206 212 219 222 219 230 248 243 245 250 241 247 239 245 248 249 246 228 204 198 205 227 245 251 247 259 277 281 276 264 253 255 251 242 247 237 231 227 229 235 245 257 267 269 265 253 239 221 207 199 197 194 202 215 235 226 224 230 234 234 243 246 249 249 246 240 238 237 232 236 239 239 234 236 240 242 243 242 240 231 223 222 207 208 238
210 210 210 208 208 208 207 207 208 210 210 211 214 215 216 228 235 242 241 232 218 249 254 250 256 253 254 253 251 255 255 249 235 212 201 199 204 236 257 263 267 277 279 274 266 255 244 241 236 233 232 240 242 245 252 257 263 266 262 254 235 217 215 211 206 208 195 198 206 210 215 227 230 227 232 237 239 245 247 246 243 242 240 237 240 242 240 236 241 242 245 245 243 235 219 221 210 203 209 218
209 209 209 209 208 208 208 208 214 223 226 227 228 234 232 244 252 252 248 235 219 249 262 264 265 267 267 266 263 262 257 249 240 222 209 201 201 221 252 268 275 277 275 268 260 253 250 253 249 241 235 246 251 254 256 257 255 251 244 237 222 224 221 214 220 220 200 196 201 214 232 242 243 239 235 233 235 239 244 249 250 249 247 243 241 244 243 239 243 245 246 245 243 236 224 234 222 205 205 205
209 209 209 208 209 210 214 212 219 252 256 252 246 249 244 254 259 255 236 229 224 242 257 271 276 278 279 276 271 265 254 238 228 223 215 201 201 219 245 264 269 273 273 266 260 255 258 258 254 245 241 242 254 258 255 252 248 241 232 223 224 242 242 236 233 228 209 195 200 225 241 247 246 244 242 240 238 238 244 250 255 256 254 250 246 246 246 242 245 247 246 241 235 230 226 240 238 225 217 214
215 216 217 216 213 224 220 214 237 264 268 266 262 260 254 259 261 248 232 248 237 233 236 260 279 281 277 272 266 260 254 245 235 224 207 200 209 229 242 248 242 261 271 269 264 262 261 258 252 247 246 251 255 258 252 245 243 242 233 233 255 260 254 247 240 233 218 197 197 206 218 238 241 241 240 241 244 245 246 250 256 258 258 257 254 251 247 244 247 248 245 237 233 236 236 243 244 243 238 220
232 226 220 218 227 243 230 214 241 264 270 272 272 271 266 264 259 238 252 259 253 248 245 253 273 268 251 251 249 239 240 245 238 224 206 200 210 227 221 226 235 254 267 270 269 267 262 256 252 250 256 261 260 257 254 247 239 234 228 246 256 256 240 226 223 221 218 201 195 215 218 219 224 233 232 237 243 247 249 252 255 257 258 259 258 254 249 247 248 247 244 236 241 244 242 244 243 235 224 213
222 226 231 247 258 256 237 217 220 246 254 255 272 277 274 268 257 244 264 269 267 262 257 263 271 259 245 239 244 242 231 233 237 229 210 201 202 212 226 226 237 249 261 270 274 273 268 262 257 255 260 262 260 256 250 247 242 237 232 242 239 232 214 202 202 201 202 200 196 226 234 231 228 226 229 238 246 251 252 252 253 254 253 256 258 257 255 251 250 246 243 241 239 247 246 246 232 223 227 237
239 255 258 265 266 258 235 218 218 225 231 245 258 278 279 272 262 248 267 276 279 278 274 275 275 265 254 244 233 231 230 218 217 218 216 206 202 220 239 241 238 243 256 268 276 277 273 268 262 260 261 260 256 251 246 242 238 234 232 237 230 220 207 214 223 220 200 196 200 225 237 237 237 235 236 237 244 249 251 252 251 248 246 250 254 256 257 256 254 251 248 245 239 247 249 246 229 235 239 247
266 270 273 272 269 257 233 220 236 230 227 249 260 272 279 274 260 250 258 272 282 287 287 283 275 268 259 249 239 232 224 225 224 220 214 205 202 215 242 253 255 254 254 267 275 277 273 269 264 260 259 256 253 249 245 243 239 234 233 232 220 208 210 229 238 227 198 197 203 215 227 235 240 242 242 241 243 244 246 244 244 244 240 244 244 250 254 256 256 253 249 244 242 248 250 246 233 234 243 247
278 277 271 259 254 254 243 225 243 251 239 236 255 263 274 279 272 262 263 262 272 286 291 281 258 249 252 251 244 237 227 235 234 235 229 213 203 204 223 249 257 259 261 268 273 274 271 267 264 260 252 249 247 244 241 241 240 236 234 230 217 206 220 234 242 225 198 197 200 209 219 232 240 243 242 241 239 234 235 231 234 238 233 235 236 242 248 252 254 252 248 243 248 250 250 246 239 234 240 245
282 275 256 243 231 225 225 231 258 261 251 237 242 249 265 279 282 273 270 270 271 282 291 279 257 243 239 237 234 233 238 245 245 243 235 220 209 205 203 223 244 250 257 265 269 268 263 259 260 258 252 246 242 241 238 237 236 236 237 233 223 208 225 240 246 229 206 198 197 198 212 231 238 235 231 232 224 223 222 225 226 228 231 235 239 240 242 247 252 252 249 246 248 250 250 249 246 240 239 243
282 269 263 251 234 239 247 257 267 267 260 244 249 258 260 276 285 285 280 282 285 289 292 284 265 252 248 245 248 249 250 251 246 241 237 230 222 212 204 209 220 232 245 255 262 262 256 249 247 250 251 248 244 242 241 241 239 237 234 227 219 209 221 242 249 237 217 206 201 198 199 225 227 222 219 218 219 221 230 234 236 235 234 240 245 247 245 245 250 251 249 247 247 249 251 250 246 239 243 245
