# 100 100
288 279 273 264 250 236 258 262 272 273 266 253 246 263 269 275 288 294 293 292 294 294 293 288 278 270 264 260 261 260 256 246 232 226 223 222 215 207 205 221 234 235 237 249 258 260 256 249 243 242 246 248 248 247 245 240 233 229 223 212 212 208 218 238 251 244 230 217 207 201 198 211 206 211 213 219 232 232 231 239 242 241 240 241 248 253 253 250 250 252 251 248 248 250 251 246 242 240 245 246
291 284 279 269 258 245 240 265 277 279 272 262 249 254 266 277 289 298 299 296 294 290 285 278 280 278 274 270 266 260 249 236 236 233 225 216 211 207 206 227 236 243 247 251 257 259 254 248 244 237 239 241 242 243 243 238 230 223 218 214 221 215 211 229 250 246 231 220 210 202 198 202 209 227 230 230 237 238 237 236 241 243 245 245 250 258 260 258 255 254 252 250 250 250 250 245 244 244 245 246
281 272 274 271 264 256 241 260 278 284 281 270 256 260 258 265 286 297 292 282 276 278 279 270 268 272 273 269 261 253 247 246 248 243 232 221 214 209 206 221 231 235 245 255 259 262 258 250 243 238 233 232 233 233 232 231 228 224 218 217 225 223 216 215 245 251 239 226 209 199 202 212 221 232 235 233 230 229 235 240 240 242 246 250 254 260 263 263 262 259 256 255 253 253 251 250 249 250 248 247
281 268 260 259 253 245 244 251 266 282 287 280 266 265 269 265 282 292 280 264 260 267 274 273 266 258 263 267 265 262 260 258 256 248 234 224 219 207 211 232 244 246 249 255 258 262 261 256 249 243 237 234 228 225 223 221 219 218 220 222 229 228 221 213 232 251 246 228 200 200 206 216 222 222 221 209 201 201 204 230 242 245 248 252 256 256 257 261 262 261 260 260 258 258 257 255 254 255 253 251
283 275 266 253 248 257 259 253 252 265 287 289 279 269 277 274 284 289 279 265 256 258 266 270 270 264 253 250 257 258 260 261 260 250 239 232 222 208 208 229 245 249 252 252 250 254 256 257 253 246 242 238 234 229 224 226 227 229 231 229 232 231 223 214 223 241 244 223 200 200 206 212 215 208 203 201 204 203 202 215 237 244 248 251 251 245 244 249 252 255 260 262 264 265 265 263 262 260 257 252
274 271 267 254 262 257 267 267 265 263 278 293 289 278 283 285 287 290 282 271 261 251 254 261 267 267 262 254 244 239 237 244 254 253 243 235 226 214 208 210 229 241 247 244 240 244 248 252 252 248 244 241 238 233 227 230 233 237 238 235 235 235 230 218 221 237 243 232 203 200 202 203 202 201 201 203 202 202 205 213 228 238 245 247 244 240 241 243 240 240 245 256 266 272 272 269 264 259 255 251
273 264 259 255 268 266 266 274 278 277 278 293 296 290 286 292 294 294 289 280 266 255 249 247 256 259 263 262 257 250 243 233 233 240 227 218 216 212 208 208 219 230 232 230 235 239 245 246 247 245 241 238 238 236 232 231 238 241 241 239 235 233 228 217 230 235 242 246 220 203 201 200 200 205 207 203 204 204 206 214 226 236 243 244 241 235 238 239 234 235 241 245 259 275 274 262 253 249 246 243
280 269 265 263 267 276 270 274 284 290 292 297 299 297 293 294 294 294 291 286 276 268 261 249 241 241 246 254 258 256 250 241 228 224 217 219 220 218 211 208 213 218 223 238 243 244 244 241 243 246 245 240 235 233 231 233 240 241 236 231 229 224 222 217 227 239 242 245 238 220 208 205 214 218 203 205 206 206 210 218 228 233 236 240 241 233 231 232 230 238 244 250 259 273 272 260 254 257 252 244
286 276 275 272 266 281 283 280 284 294 297 298 298 297 294 289 285 288 287 285 282 277 268 257 251 247 240 235 239 243 241 237 230 220 220 232 232 227 217 211 210 212 229 240 243 242 239 236 239 244 248 246 242 238 235 239 240 243 239 232 227 225 228 222 222 237 245 243 236 227 220 214 221 221 204 206 209 213 217 218 221 225 230 234 236 231 227 226 229 235 240 247 256 273 276 265 259 261 253 249
288 284 281 278 272 276 289 292 292 295 295 292 291 290 285 278 270 277 279 275 278 279 275 269 264 259 252 244 233 228 226 225 223 223 231 242 242 237 228 216 210 212 224 233 235 228 230 232 235 240 245 251 251 246 241 241 245 246 244 239 233 229 228 221 228 237 242 245 243 237 231 219 227 222 205 205 206 209 216 225 225 226 225 223 228 225 226 225 231 238 245 253 262 277 280 269 265 262 258 257
290 282 279 275 272 273 284 294 296 294 287 280 280 282 274 271 269 270 277 272 268 275 275 273 270 265 256 247 239 240 238 239 238 240 242 248 248 241 227 211 214 217 216 217 218 230 237 238 236 237 242 250 255 254 249 246 247 247 244 242 239 235 229 220 231 241 245 245 241 236 229 222 221 219 209 207 207 207 206 213 222 216 214 216 219 223 228 229 231 241 247 255 269 291 293 277 274 271 268 266
297 292 290 286 283 279 281 292 294 291 283 273 277 283 280 272 264 262 273 274 267 265 267 270 269 267 262 257 253 252 253 253 252 252 252 250 246 234 221 211 220 231 233 232 226 223 231 237 238 240 242 247 252 254 252 247 244 242 237 235 236 234 229 221 229 239 244 246 242 238 233 224 224 222 213 211 210 209 207 205 208 214 217 221 223 223 230 235 239 247 255 264 277 296 302 293 288 285 283 280
306 302 298 295 291 288 288 291 291 287 278 271 267 277 282 280 273 263 261 271 270 261 255 260 263 264 264 263 261 260 259 257 256 254 251 246 236 222 215 211 215 231 238 239 238 233 227 228 235 238 241 243 246 248 248 244 239 236 234 232 230 228 226 224 222 233 239 242 237 233 229 224 230 225 218 216 218 212 207 207 216 224 228 233 236 232 228 233 240 246 255 265 274 273 287 303 307 305 304 301
307 300 293 290 291 290 288 286 280 283 282 278 271 264 273 279 278 272 258 256 265 267 261 251 249 255 260 263 262 258 255 252 249 246 242 230 217 213 214 217 218 216 229 238 241 240 237 233 230 232 235 237 240 243 247 246 243 241 239 238 235 232 228 223 223 232 240 243 241 235 231 229 233 228 221 222 222 212 206 211 220 228 236 242 246 245 240 236 238 242 251 257 256 249 252 268 310 328 323 303
306 302 295 285 281 282 279 276 270 275 278 275 273 264 262 275 277 275 268 258 250 259 264 260 248 243 253 257 258 256 247 239 231 227 226 219 213 221 226 233 232 223 218 228 237 241 242 241 239 236 235 236 237 240 243 244 241 240 239 237 235 234 231 225 228 231 236 243 246 243 238 234 235 228 223 227 223 207 207 213 222 230 238 243 247 249 249 246 245 246 247 248 246 243 250 257 287 324 309 292
301 300 297 290 282 275 270 267 264 262 268 265 269 262 259 271 272 272 272 268 260 246 255 262 256 242 245 249 250 253 251 244 235 225 214 213 216 231 239 242 241 235 228 221 223 234 241 243 243 243 242 242 242 241 243 244 240 236 234 231 229 228 226 224 230 235 236 240 245 247 243 238 237 232 228 231 219 206 210 214 222 225 225 227 231 238 246 246 244 241 237 235 236 240 250 259 272 302 312 305
289 296 293 288 285 282 279 277 274 268 259 254 260 261 252 265 263 266 268 267 264 255 243 259 259 248 236 237 235 239 243 244 235 219 215 221 220 224 239 244 245 243 239 234 227 224 233 238 243 248 249 249 248 247 246 244 240 237 234 230 232 232 232 231 228 233 237 240 245 249 246 245 245 240 234 234 213 206 210 214 208 207 210 213 219 231 238 236 234 231 228 234 241 248 254 261 267 279 296 303
288 292 289 284 281 277 274 272 272 272 269 262 253 250 247 255 257 262 262 261 260 257 242 247 258 256 247 239 234 229 225 227 227 216 219 233 233 225 227 240 244 246 245 242 238 233 226 227 235 244 251 253 253 252 249 244 239 236 233 232 237 238 237 236 233 230 234 238 242 248 253 254 254 247 241 231 212 206 207 207 208 208 208 210 214 225 232 230 224 224 234 240 243 247 251 253 255 253 264 292
288 288 288 287 285 282 279 275 269 264 266 268 265 260 252 244 248 257 254 251 250 255 246 236 252 255 254 251 248 243 236 228 221 216 219 239 242 236 226 230 240 245 246 246 244 240 238 235 229 233 240 245 249 250 250 247 244 241 238 234 238 244 243 240 236 234 237 244 248 248 257 263 263 255 239 227 219 208 207 209 211 210 208 209 210 214 221 227 220 223 234 238 240 240 241 244 246 249 258 286
286 281 281 283 283 281 279 277 275 270 262 258 263 265 262 256 244 246 255 251 242 240 241 231 235 240 241 244 246 244 238 229 220 215 217 237 246 243 237 231 231 240 245 246 246 246 244 241 237 233 231 236 240 242 246 249 246 242 239 236 243 250 250 246 241 238 238 246 254 256 259 267 267 260 248 240 232 222 218 218 219 215 209 213 213 212 211 216 216 225 232 236 236 232 233 236 239 247 258 277
286 282 275 274 278 273 272 272 273 272 270 263 254 253 259 261 255 241 244 252 249 239 229 226 225 225 224 224 226 225 221 220 223 223 216 232 245 247 245 241 236 234 240 243 245 247 249 246 243 240 234 234 237 240 244 246 243 239 236 242 250 256 257 253 247 243 239 247 259 263 263 262 258 253 247 243 238 231 227 227 223 215 209 214 217 219 215 212 213 219 227 229 230 227 228 231 235 244 250 257
286 284 279 272 272 269 263 261 267 268 269 268 264 257 248 248 255 250 237 237 237 231 231 237 235 233 233 229 227 228 230 234 237 232 217 229 244 248 248 247 245 242 237 238 241 245 250 251 247 242 237 236 241 244 246 246 243 240 238 244 252 260 263 260 254 247 246 255 264 268 263 250 247 244 236 230 229 225 221 219 216 213 209 216 222 226 223 217 215 213 215 220 223 222 227 233 237 241 244 252
283 283 280 273 265 267 264 256 256 258 262 267 266 264 258 249 241 243 236 234 235 235 245 250 249 247 247 244 243 241 236 235 239 232 218 223 237 243 246 248 248 246 244 243 243 247 250 253 250 243 237 238 240 244 247 248 246 242 242 243 247 257 265 265 260 253 252 262 268 268 260 242 240 242 237 229 222 220 218 218 216 213 209 220 227 232 230 225 223 221 217 214 215 217 225 232 233 237 245 250
279 282 280 276 270 264 261 264 259 252 251 253 255 258 259 255 243 237 240 248 249 247 252 258 258 257 256 254 250 237 221 219 219 218 218 222 222 226 234 242 246 247 248 248 249 253 256 257 254 247 240 241 242 243 246 249 248 242 246 248 249 253 262 266 263 257 258 266 266 256 253 242 236 232 231 225 221 222 222 220 218 214 209 221 234 239 238 235 232 230 224 219 219 216 219 223 230 239 247 251
273 273 278 279 277 274 273 272 266 264 256 252 248 244 245 242 241 251 251 255 260 259 259 260 257 252 251 252 246 231 220 226 222 222 231 236 235 231 227 229 238 241 244 249 253 257 260 260 256 247 242 241 245 248 250 251 247 246 248 252 254 259 262 263 266 267 269 270 262 247 246 245 240 234 226 222 219 218 214 214 215 212 209 223 236 242 245 245 243 238 229 227 227 222 217 219 227 232 235 242
257 260 272 278 278 278 277 274 272 268 266 264 258 250 248 243 251 260 262 261 264 263 260 252 238 226 225 232 239 230 220 235 234 228 239 245 246 243 240 233 229 234 237 241 247 252 258 261 259 252 247 243 244 251 253 251 248 249 253 258 263 267 269 271 272 274 276 271 255 243 237 238 239 236 231 224 220 211 211 211 210 210 211 219 225 235 246 251 250 244 236 235 234 227 221 218 224 229 230 235
243 255 265 274 277 275 275 275 273 272 271 269 264 259 257 254 257 263 266 266 264 259 251 239 226 229 231 225 223 224 220 237 245 239 235 246 250 249 246 242 234 238 243 243 243 245 252 260 263 258 251 246 245 251 256 254 252 256 258 263 269 273 275 278 279 280 281 273 258 246 239 235 230 228 230 227 220 211 213 215 214 215 223 230 229 227 235 250 255 251 242 242 237 232 228 221 219 222 229 230
243 258 265 275 275 269 270 271 271 272 272 270 267 266 263 264 266 267 266 262 260 253 241 233 225 239 244 235 226 221 227 232 247 249 243 241 249 251 249 247 241 235 243 247 248 250 253 259 263 260 253 251 250 253 260 260 259 261 264 266 269 272 273 275 277 279 279 275 267 255 247 242 237 230 225 223 218 213 211 215 219 221 228 238 240 237 233 237 253 257 251 247 241 240 236 228 222 221 221 225
245 266 273 276 274 267 264 264 264 267 270 272 273 272 272 270 269 265 259 247 243 242 240 237 227 243 253 244 234 225 238 240 242 251 251 247 245 250 252 251 248 242 238 245 249 254 259 262 265 266 262 260 257 258 262 263 263 263 264 265 265 265 263 264 265 267 270 266 261 258 253 247 240 235 236 232 220 215 213 212 224 229 227 240 246 246 243 239 245 261 261 257 251 249 242 234 231 228 221 222
253 270 278 278 273 268 263 259 257 256 256 265 272 273 274 270 264 256 249 243 236 229 228 230 226 247 257 248 235 225 234 247 245 248 253 254 250 249 253 254 252 248 243 242 248 252 257 263 268 272 272 269 266 263 264 264 259 256 257 258 259 259 257 258 257 260 264 262 255 251 254 250 248 246 243 235 224 217 215 212 220 233 235 235 245 251 251 250 251 264 269 267 261 255 248 240 232 226 222 221
252 267 279 280 277 274 269 269 267 263 256 252 262 272 274 271 267 264 258 249 236 230 235 231 234 251 255 242 237 233 226 243 252 251 253 255 255 254 254 256 256 254 251 248 246 249 254 260 268 274 276 275 271 268 263 259 258 253 249 251 255 257 254 255 253 258 263 261 254 246 246 251 253 253 250 240 229 222 215 213 218 232 242 241 240 247 254 257 260 268 273 269 255 246 242 236 231 231 227 222
260 265 279 282 280 275 275 276 275 271 262 251 251 268 273 271 266 263 257 247 235 232 243 244 245 255 256 247 248 241 231 230 248 254 255 256 257 257 256 257 257 257 256 255 253 251 254 261 266 271 274 271 266 266 263 256 251 249 249 253 255 253 252 252 250 257 261 260 255 249 242 237 239 246 251 247 237 221 213 215 218 229 243 248 249 248 252 259 264 269 274 267 251 244 238 240 241 239 232 224
270 273 278 283 282 278 274 272 274 274 268 258 247 258 268 266 253 250 248 242 232 231 242 252 258 262 261 254 256 249 239 229 235 249 253 253 253 254 253 253 253 255 257 258 258 258 258 258 261 267 269 264 257 263 264 258 250 246 245 250 252 249 250 248 251 258 260 255 251 252 246 240 233 229 238 247 233 214 214 216 218 226 240 251 253 253 253 255 258 260 271 272 261 250 246 251 251 247 238 229
272 280 281 281 280 276 268 261 262 269 270 263 249 244 251 260 255 246 239 234 231 240 238 242 256 265 266 261 261 257 244 235 230 232 235 238 239 241 241 243 247 252 253 255 257 260 262 263 264 267 266 260 256 261 264 261 256 251 245 242 245 244 249 246 252 260 261 257 248 243 243 241 238 230 222 224 218 213 214 217 220 226 240 250 252 252 249 250 249 250 259 273 272 263 260 260 259 253 244 233
274 279 275 269 267 268 264 260 256 254 259 260 254 248 241 246 252 250 244 235 236 251 252 246 246 263 269 267 266 259 249 246 240 233 240 245 246 245 246 247 244 245 246 250 255 257 259 260 262 262 261 256 251 254 260 263 261 254 248 243 238 244 245 243 249 257 260 260 253 246 239 235 232 229 227 218 214 218 219 217 223 231 242 245 243 243 244 245 243 247 252 263 277 276 270 266 260 251 244 236
280 277 269 262 259 257 255 253 251 249 247 246 245 244 240 237 238 239 234 232 235 250 262 253 251 263 271 271 268 261 259 255 248 237 236 250 255 256 257 257 255 254 254 250 250 252 256 258 257 256 254 253 250 247 250 256 258 255 250 247 242 237 238 243 248 252 253 258 260 254 246 241 241 239 231 215 216 227 228 222 220 228 232 230 232 234 239 240 244 251 255 259 267 269 258 254 255 245 240 236
286 282 272 265 265 264 265 263 260 258 256 253 251 249 247 245 241 235 233 241 240 240 262 258 256 267 272 273 269 264 261 252 243 238 238 239 248 254 258 260 261 261 260 258 257 255 255 257 257 254 251 249 250 249 245 245 251 254 252 249 244 240 236 244 246 246 246 253 260 260 254 248 243 238 221 214 222 232 233 231 225 221 223 231 238 240 241 245 248 252 257 259 261 260 251 243 244 243 239 233
288 285 278 274 274 274 274 273 271 269 266 263 259 256 254 252 245 235 239 249 248 239 251 260 255 263 270 273 272 266 257 254 249 242 249 244 240 241 248 254 259 262 262 263 262 260 258 258 259 257 254 248 245 247 246 241 247 249 251 251 250 248 242 234 236 240 244 250 255 260 259 252 240 231 218 214 226 237 238 239 235 231 226 225 229 236 240 241 243 245 249 253 261 259 250 243 234 232 233 232
287 285 280 277 274 273 274 275 274 270 266 259 248 242 247 250 244 235 246 255 254 245 244 259 262 260 263 269 274 272 266 261 255 246 255 255 249 246 244 244 248 254 261 264 264 262 260 259 260 259 256 253 251 245 241 237 237 244 246 248 250 251 249 242 232 244 247 248 250 251 250 252 244 235 222 215 216 231 240 246 245 241 237 233 230 229 230 236 241 247 252 256 263 260 250 240 232 234 231 231
287 281 272 268 265 262 260 264 265 259 257 250 241 244 239 239 238 234 240 252 259 252 243 251 262 267 268 268 274 276 273 266 259 248 255 264 260 256 254 252 251 248 254 260 263 264 263 262 262 262 260 259 257 253 251 247 238 233 231 232 236 241 246 246 234 240 249 248 244 241 241 249 246 237 226 219 216 218 228 239 249 250 246 242 239 239 238 234 246 251 259 263 266 262 251 242 234 240 237 240
279 281 276 273 270 267 262 256 261 258 251 246 245 252 246 243 244 244 240 240 258 259 251 245 251 263 273 276 276 277 276 267 257 252 252 266 268 265 264 261 257 255 254 254 259 263 264 264 263 261 260 261 260 258 256 252 246 233 242 238 231 228 228 232 228 240 248 245 238 236 233 240 242 238 226 217 215 226 236 233 239 250 254 252 250 248 246 238 244 255 262 267 268 263 251 242 234 241 244 243
273 278 280 279 276 272 268 259 253 254 254 246 248 257 252 250 254 254 250 240 251 265 260 253 247 253 264 273 279 281 280 273 264 262 257 261 273 273 272 267 261 264 262 258 260 263 265 262 257 254 254 258 260 259 257 252 246 235 248 250 244 241 234 227 225 236 240 233 231 224 222 224 226 226 217 217 219 231 241 242 239 241 252 258 256 248 242 240 244 252 263 267 265 262 256 247 236 239 247 246
269 271 274 276 276 274 272 267 261 253 246 245 256 262 259 254 260 259 253 241 249 266 268 260 255 250 252 258 269 280 283 279 273 270 263 260 274 278 274 268 267 268 263 262 267 268 269 265 260 255 248 245 250 252 253 252 246 235 250 257 255 250 241 237 228 223 223 223 223 224 225 219 218 217 216 220 227 241 242 247 247 246 247 256 257 246 252 250 256 259 265 267 258 251 250 238 240 246 246 251
268 265 264 265 268 266 263 262 260 252 247 251 261 266 264 259 264 263 257 242 249 263 271 270 264 257 253 257 257 269 282 286 283 277 267 263 275 281 280 276 273 271 270 270 270 271 271 269 266 260 245 244 241 239 239 237 237 237 248 260 261 257 250 246 237 231 228 235 237 240 232 223 220 218 217 220 239 247 247 248 254 255 251 254 257 248 256 261 264 269 271 268 260 252 243 239 246 252 250 254
277 271 264 261 258 257 256 254 251 247 257 261 261 270 270 265 267 264 255 243 246 254 265 275 273 266 259 266 264 261 274 286 288 283 273 272 276 283 282 280 278 276 275 274 272 269 267 265 257 246 250 256 249 248 252 248 250 245 244 258 264 263 259 254 244 242 235 243 249 249 236 224 221 220 220 217 241 250 253 253 259 263 260 257 259 251 253 263 269 273 273 266 258 251 240 243 252 257 259 254
276 272 273 268 264 264 266 262 253 251 264 269 266 272 275 272 271 265 257 248 245 253 256 271 278 275 264 269 273 270 267 279 290 290 286 283 282 282 280 276 272 268 268 265 259 252 251 250 245 252 260 264 258 255 263 259 259 248 254 254 265 266 262 253 247 249 242 244 254 254 243 228 223 219 218 218 231 247 255 260 263 267 268 266 262 253 252 257 265 272 273 263 252 243 242 249 253 261 266 264
283 283 283 279 275 274 271 258 254 259 265 275 275 272 278 278 276 269 261 257 245 259 261 264 277 281 272 267 277 279 275 273 284 294 293 289 283 275 265 261 258 257 255 253 256 259 256 251 252 258 268 272 268 261 268 266 256 252 264 262 263 266 261 256 256 256 250 247 255 258 249 234 221 217 219 220 228 242 251 256 262 267 270 269 263 256 255 258 261 271 273 264 252 243 243 253 257 260 268 272
292 290 289 287 284 279 271 255 260 270 270 276 282 278 280 281 278 272 265 257 247 259 270 267 273 284 281 274 273 283 284 283 283 292 292 280 269 267 269 268 263 266 263 261 267 268 265 259 257 265 269 276 274 267 271 262 261 257 267 271 267 268 266 265 264 263 260 259 258 261 255 235 218 221 222 222 226 235 241 247 252 258 265 269 269 264 258 263 266 271 272 265 256 245 245 249 257 264 267 275
290 284 284 286 282 274 261 253 261 268 278 281 286 286 285 282 277 270 265 261 253 254 273 276 277 284 288 286 280 280 289 293 292 292 288 276 273 278 278 273 266 274 273 269 274 276 271 263 259 273 275 279 278 273 273 266 272 266 266 272 272 271 270 270 269 269 268 267 266 265 258 233 219 223 224 225 229 234 234 237 242 250 255 262 266 264 260 263 270 273 270 260 254 247 245 254 257 260 269 276
286 280 273 273 274 264 254 262 273 271 275 287 291 291 288 284 279 275 272 266 250 257 273 280 280 282 285 289 291 289 290 298 300 297 290 279 280 285 281 271 273 279 281 278 277 277 270 260 260 274 282 284 281 277 271 274 278 276 273 275 274 270 267 264 264 267 267 267 269 267 255 232 220 221 228 229 237 247 248 246 244 246 252 256 262 266 265 263 269 273 269 260 255 249 247 247 260 263 263 270
271 271 269 263 262 260 255 272 282 284 280 286 292 288 278 273 266 259 259 260 250 265 274 272 268 270 274 281 290 296 298 300 303 297 286 279 285 290 286 276 281 282 288 285 280 274 265 266 267 269 282 288 286 280 277 277 282 281 278 277 274 268 259 251 249 255 250 254 264 262 246 231 223 219 234 236 238 246 254 257 258 258 262 262 262 266 270 269 269 272 272 266 259 254 253 249 251 265 269 271
273 268 264 261 258 256 257 274 287 293 292 289 291 284 273 265 264 265 266 259 252 254 262 265 274 276 276 277 284 294 302 305 304 296 289 283 286 294 291 281 286 289 291 288 278 268 267 274 276 272 278 289 290 286 285 282 281 276 269 263 264 266 263 257 248 247 244 244 248 249 242 232 226 219 225 234 242 245 250 258 263 264 265 266 266 266 270 273 274 275 276 270 261 259 257 252 249 260 271 277
290 283 275 268 260 257 260 266 280 295 298 297 294 284 275 276 275 270 277 274 267 255 254 271 279 282 283 285 286 293 300 304 304 299 292 287 287 297 296 287 285 292 291 284 276 273 275 276 284 282 281 290 294 292 291 287 277 265 260 258 252 252 256 257 252 241 242 235 233 233 235 232 224 219 227 229 229 236 244 253 259 257 253 253 256 261 265 269 274 277 278 275 267 263 260 253 250 257 266 275
288 279 271 264 259 264 273 280 281 288 300 302 298 289 279 286 282 274 285 281 271 259 252 263 269 272 278 284 288 290 291 292 297 304 303 297 293 300 301 294 287 291 290 282 278 281 283 281 288 290 290 292 294 292 290 286 281 272 269 265 259 253 248 246 247 240 236 237 238 233 225 221 221 230 238 241 239 235 233 236 241 242 248 251 251 251 256 264 268 272 274 272 267 264 258 251 255 258 262 271
270 266 263 261 262 265 274 287 293 292 299 304 300 288 286 291 286 278 288 279 258 257 263 258 267 270 269 271 273 276 278 280 287 300 308 307 301 304 307 302 293 290 289 287 288 290 292 292 293 294 290 284 280 279 274 276 282 281 278 273 267 261 257 250 246 250 251 252 247 237 222 226 235 246 248 247 248 246 243 237 244 252 259 264 265 262 257 257 263 268 272 271 266 262 260 257 255 264 269 278
276 271 266 262 263 265 267 277 294 300 301 305 300 294 292 294 288 284 289 277 258 268 266 270 269 273 279 282 283 284 284 287 287 293 306 313 311 309 312 307 298 296 297 298 298 297 294 292 290 290 282 271 266 271 264 265 276 278 276 277 275 270 266 262 258 261 261 257 250 229 224 235 245 254 257 255 256 256 252 245 243 254 260 267 272 272 269 264 262 268 274 274 271 269 268 260 255 264 270 275
280 276 270 264 263 271 274 274 288 302 306 308 306 302 298 294 287 292 291 280 262 273 272 271 279 280 278 281 288 292 295 295 297 293 302 314 317 316 316 313 305 300 298 298 298 293 284 279 277 282 282 277 269 264 267 256 267 270 260 264 273 275 274 271 268 268 265 260 252 227 223 239 247 250 251 257 262 264 262 256 249 247 250 257 268 275 275 274 272 271 277 277 274 271 267 256 261 263 265 274
259 259 266 265 259 273 285 285 286 302 308 311 311 307 303 295 298 297 289 278 261 281 286 275 271 278 285 288 287 291 299 302 304 300 302 312 319 317 314 312 308 296 288 286 289 292 287 280 272 271 282 281 271 258 260 254 257 265 259 251 263 269 272 273 273 270 264 259 254 234 221 226 230 231 233 235 248 263 269 267 260 255 257 255 259 271 278 280 280 277 280 279 274 268 267 259 266 271 273 279
234 230 242 247 253 270 289 295 286 292 303 310 313 311 306 299 304 301 294 289 268 276 295 290 283 278 277 287 293 295 296 303 308 308 307 312 313 306 298 298 304 300 294 286 280 285 291 287 282 272 266 282 279 269 259 251 244 243 238 241 249 255 252 257 263 264 263 255 244 233 222 229 245 246 247 243 238 243 264 273 271 265 265 266 266 267 274 281 285 284 284 281 274 275 274 264 262 272 277 285
243 235 229 247 263 274 289 301 295 289 293 305 313 311 304 303 307 306 302 295 275 271 298 300 296 291 285 280 287 296 302 304 308 312 313 310 306 300 292 296 302 300 297 292 286 275 285 283 281 276 260 276 277 265 248 240 237 239 245 235 233 231 230 230 231 232 236 239 229 223 223 240 257 259 259 257 252 240 250 268 275 275 274 276 277 278 280 283 287 289 288 283 280 280 276 268 262 265 274 281
253 246 230 236 263 282 296 307 307 303 300 307 315 315 311 308 309 305 296 280 266 271 294 303 304 301 296 290 288 289 299 308 310 312 313 306 296 297 294 292 302 299 293 287 281 274 269 266 262 260 255 250 252 248 243 247 256 263 262 252 252 251 242 242 239 235 227 222 224 227 240 257 263 265 266 265 260 245 248 257 260 266 270 274 278 280 284 288 291 292 292 288 285 283 277 277 267 264 268 276
269 257 242 227 250 278 301 313 315 315 312 310 319 321 318 314 311 300 284 272 276 265 275 292 302 306 307 304 301 297 294 302 311 314 313 304 296 289 286 283 295 299 300 296 293 288 284 281 280 278 275 270 260 243 257 265 260 277 275 267 263 268 254 261 257 253 232 224 228 232 237 242 246 251 263 268 267 257 247 246 247 249 250 253 259 263 269 279 288 293 294 294 291 286 282 274 264 274 273 276
276 256 237 221 236 265 295 314 320 322 322 319 321 324 322 317 313 308 291 283 292 272 270 274 281 294 308 312 311 308 302 298 307 314 316 313 306 299 293 285 276 278 292 299 297 294 290 284 280 277 270 259 249 244 264 278 266 280 285 278 269 274 262 270 271 267 243 223 225 226 239 248 248 246 244 257 269 269 265 261 261 260 260 260 256 266 271 274 280 288 294 296 293 287 274 265 273 280 282 282
263 250 235 217 230 249 280 306 318 323 326 326 325 323 314 303 300 299 285 297 298 274 282 291 289 283 298 312 316 316 310 305 305 313 315 314 313 310 305 297 290 282 269 286 290 279 273 255 249 248 245 249 256 271 268 283 279 277 291 287 278 279 271 275 281 278 264 236 224 224 238 260 263 259 255 247 255 268 272 272 272 271 268 269 263 259 269 276 282 291 296 296 289 279 268 269 277 286 290 289
239 234 228 215 222 233 252 276 295 317 326 329 328 323 311 302 293 291 297 305 296 272 291 304 304 294 288 302 313 318 318 315 311 312 310 303 306 311 310 307 301 292 279 263 273 271 252 256 267 264 255 265 277 284 284 282 289 280 292 292 287 285 282 281 283 280 269 241 228 224 232 261 272 271 266 258 252 254 258 269 277 279 277 275 271 267 261 270 277 286 295 298 289 280 270 278 275 284 293 295
234 227 221 214 218 223 231 238 247 299 323 329 329 323 314 312 311 310 309 304 289 277 300 310 312 308 295 296 305 315 321 321 317 311 306 301 296 303 306 308 306 301 290 277 262 252 269 281 284 281 263 266 287 291 297 290 294 290 291 298 296 292 287 281 270 253 246 235 226 227 246 252 275 278 273 264 258 268 265 260 268 282 284 282 278 275 266 268 279 289 298 301 297 283 273 287 285 279 288 295
229 225 221 216 223 231 240 253 260 286 313 326 330 329 324 321 319 308 296 285 278 275 281 304 316 316 309 302 305 312 320 320 315 306 298 294 287 287 289 295 302 303 298 290 273 259 286 294 295 292 278 272 281 299 305 303 300 298 295 301 299 292 274 255 241 241 237 228 226 243 265 258 273 283 280 272 261 273 277 274 265 276 288 291 286 277 272 270 274 286 298 303 301 284 275 293 296 288 287 296
227 225 223 217 219 230 239 247 258 274 298 316 327 330 330 327 317 301 300 299 290 281 293 287 308 319 320 314 310 317 321 319 310 306 303 302 299 292 285 278 276 284 282 277 265 257 265 286 302 301 292 278 286 294 307 310 308 304 302 302 294 275 257 246 261 257 244 228 228 252 272 273 266 283 286 279 271 269 284 284 274 272 287 293 285 278 282 278 272 280 291 303 304 288 276 291 303 299 291 297
227 223 219 213 213 222 229 236 245 259 279 300 316 327 331 327 315 318 317 309 295 280 306 302 294 310 322 324 321 319 323 321 317 315 312 310 307 303 299 292 282 266 266 265 273 274 278 275 296 308 302 288 290 293 304 312 312 308 302 293 275 257 260 271 279 269 245 226 232 252 274 281 275 281 289 288 282 273 281 289 280 277 287 294 285 288 290 283 279 279 290 302 307 295 280 283 303 306 299 296
222 214 210 210 213 216 222 227 234 244 259 275 297 317 328 329 324 322 313 292 281 291 314 318 311 303 314 325 328 326 325 324 320 313 307 299 294 290 286 276 271 281 290 280 293 279 296 292 288 309 311 301 291 301 304 312 313 304 291 280 274 281 283 288 278 257 234 227 235 249 272 283 285 282 290 294 293 285 278 292 289 278 290 296 292 291 296 288 289 285 285 299 310 301 287 279 296 309 308 304
214 208 214 217 217 218 221 224 227 233 242 257 275 301 321 330 330 325 305 288 290 289 309 322 324 319 312 322 330 331 329 321 313 309 305 303 299 294 281 292 286 298 302 287 296 285 304 306 295 306 316 311 300 303 308 314 314 309 306 303 299 298 296 293 283 266 237 227 233 237 254 277 286 289 290 298 300 295 285 293 296 286 284 297 299 293 301 296 297 293 287 297 310 305 287 282 287 302 312 313
206 222 221 217 218 221 221 225 228 230 233 242 255 278 306 328 333 329 310 294 303 291 290 308 326 330 327 322 329 335 332 322 319 312 305 301 297 287 291 307 297 305 311 298 298 297 301 313 309 306 320 318 310 306 313 315 314 310 307 308 308 305 296 277 260 249 234 226 232 239 238 247 275 289 295 300 304 304 297 294 302 296 287 295 304 299 305 304 303 297 294 299 308 299 284 291 290 292 307 316
211 229 230 228 232 232 233 228 226 231 231 232 239 254 286 319 335 335 318 294 310 308 297 293 308 328 335 334 333 337 335 328 316 309 307 299 294 298 309 315 304 313 318 308 305 305 309 315 319 314 322 323 319 316 316 313 301 284 279 294 305 304 294 278 258 243 231 227 231 246 247 243 246 262 279 293 304 309 307 300 306 303 294 296 307 309 307 312 311 305 305 306 308 296 286 298 301 300 300 313
210 229 238 240 237 239 241 239 237 233 231 235 241 252 275 309 332 335 314 303 301 324 313 302 298 308 332 340 341 340 333 322 320 324 321 312 308 309 316 322 314 317 323 317 313 313 316 321 325 324 325 324 320 317 316 312 299 282 259 271 288 290 277 267 262 246 232 227 230 251 260 255 252 250 254 264 295 309 312 308 310 308 302 298 309 316 313 321 321 316 315 312 303 292 289 295 307 312 311 310
204 211 232 245 248 248 247 245 243 241 234 237 243 257 275 300 325 336 328 317 309 331 333 315 311 306 323 341 345 343 334 330 330 332 330 321 318 320 326 329 325 323 327 326 324 323 322 326 327 327 325 318 301 292 303 306 298 284 259 250 249 255 258 248 246 241 233 228 229 252 275 276 269 264 274 274 279 305 315 316 315 315 310 306 312 321 321 326 327 321 313 304 297 300 300 294 300 315 320 317
205 208 223 241 250 253 251 250 248 244 235 242 243 254 269 290 316 335 344 339 317 334 344 334 325 316 314 330 344 348 344 340 339 339 337 332 327 329 331 330 326 324 325 326 328 328 328 326 322 316 315 318 306 286 271 276 270 262 256 247 243 241 240 239 240 243 236 228 229 253 282 293 292 287 289 290 280 301 316 320 321 323 320 316 318 326 329 329 325 312 306 304 307 308 307 298 298 309 320 323
205 209 215 232 246 255 255 254 249 243 235 245 246 253 265 281 301 324 343 349 331 328 348 347 342 332 326 328 341 347 345 341 338 338 339 338 336 332 328 320 301 295 305 311 318 324 326 319 299 281 291 314 312 295 276 265 261 255 256 253 249 243 239 236 235 234 233 229 228 237 259 291 303 304 302 302 293 294 310 319 324 325 325 324 325 330 333 330 321 312 314 311 315 315 308 301 302 306 315 324
204 208 218 232 242 254 256 254 251 245 238 245 250 253 261 270 283 304 330 348 347 338 348 350 349 346 343 344 343 340 332 321 308 312 324 333 329 318 310 297 279 267 265 268 283 311 322 307 290 272 265 286 309 308 293 281 274 272 272 267 256 244 238 236 236 235 231 228 231 234 238 260 300 310 312 312 309 304 303 314 319 311 309 312 319 327 333 330 322 317 320 317 320 318 310 305 312 308 312 320
202 204 219 243 252 255 260 260 257 252 244 242 249 253 257 262 269 282 308 334 342 337 330 332 335 337 339 340 337 321 293 282 272 269 275 306 296 273 272 277 276 268 261 259 274 303 312 296 280 268 259 254 276 310 303 288 276 269 262 253 245 239 236 233 234 233 230 230 238 244 246 251 286 308 310 306 309 314 314 314 310 287 281 287 297 313 327 334 330 325 325 325 324 318 311 307 318 318 318 320
200 202 209 227 253 260 263 265 263 259 249 248 246 252 254 258 262 271 288 313 321 312 292 283 286 292 300 308 315 309 298 284 272 266 263 280 281 267 260 258 257 257 256 257 273 288 283 270 266 264 257 251 255 285 276 260 247 242 241 239 238 236 234 231 230 230 229 232 245 263 264 264 281 302 291 278 297 313 315 311 295 276 277 292 298 304 317 329 335 334 331 332 329 325 318 310 320 326 325 321
199 200 203 213 226 238 249 263 267 264 256 255 253 251 252 256 259 265 277 291 290 282 275 271 272 273 272 272 273 275 275 272 266 263 260 264 271 266 259 256 252 252 253 251 253 266 264 254 249 247 246 244 242 245 242 237 233 232 234 235 237 237 232 230 232 233 230 233 245 270 277 278 283 288 269 277 299 309 312 299 271 275 291 283 289 301 308 320 331 336 338 336 329 323 319 322 322 328 329 324
200 199 201 203 209 215 223 234 261 269 262 257 260 260 258 257 260 263 270 278 279 273 268 267 266 266 265 264 262 262 261 260 258 257 257 257 257 259 260 258 253 250 249 248 248 251 253 251 248 244 242 241 239 237 235 233 233 233 232 232 231 231 231 231 235 236 230 233 244 271 282 283 279 270 261 266 278 298 305 284 268 295 309 306 293 291 304 310 317 329 337 335 324 322 324 329 324 329 330 325
203 201 201 202 203 206 211 220 243 270 268 262 265 266 264 262 262 264 266 268 269 268 265 263 263 263 261 260 259 257 256 255 254 254 254 254 253 251 253 252 250 248 246 245 245 245 244 244 244 243 241 239 238 236 234 233 234 238 236 233 232 232 233 233 234 235 232 231 242 264 272 266 261 257 256 258 262 272 286 278 262 274 297 315 315 307 299 300 312 326 336 334 328 332 326 334 334 333 330 320
204 203 202 203 204 206 208 214 229 265 270 267 266 268 268 266 264 263 262 261 262 262 262 260 262 262 260 258 256 255 254 252 252 253 253 253 252 249 249 247 246 245 244 244 243 243 242 240 239 238 237 237 238 236 234 233 234 236 236 236 235 236 238 237 236 236 234 231 235 249 251 250 250 251 253 255 257 260 262 261 266 270 271 297 322 324 320 316 311 325 338 339 332 337 333 335 339 336 328 323
204 203 203 203 204 205 208 211 222 253 271 271 268 265 264 262 260 261 259 258 256 258 258 258 261 261 259 257 255 254 252 251 250 251 251 252 253 251 248 246 245 244 242 243 243 241 240 239 238 239 237 236 236 235 234 235 237 235 235 237 240 241 242 241 239 238 236 231 232 237 241 246 248 250 251 253 255 257 257 258 266 277 280 278 305 329 333 331 322 328 340 343 337 341 341 338 340 335 327 334
205 205 205 205 205 205 207 210 217 233 258 265 263 260 258 257 256 258 257 256 252 253 253 258 258 258 258 258 258 257 255 253 250 250 249 248 249 250 250 248 246 244 242 241 242 241 239 240 239 240 240 238 235 235 236 239 240 237 236 239 246 246 245 243 241 237 234 232 234 239 243 247 247 248 250 251 253 255 257 260 263 272 290 289 285 320 336 340 334 334 343 347 342 343 347 345 342 335 330 338
203 205 206 207 206 206 207 209 212 219 230 249 256 255 255 253 251 253 254 252 250 250 254 254 254 255 256 256 258 259 256 251 250 253 252 250 248 247 246 245 244 242 241 240 240 242 241 239 239 239 239 237 236 238 239 241 241 238 237 242 251 250 247 239 235 232 232 235 238 242 246 246 246 247 249 254 261 263 265 269 272 275 300 311 296 303 331 343 345 341 347 351 349 346 350 350 345 340 335 337
200 203 204 205 206 208 208 208 209 211 220 236 253 253 252 250 247 247 248 242 248 252 253 252 252 254 253 254 253 255 254 250 247 249 251 252 251 250 247 245 244 243 241 240 239 241 241 238 238 237 237 236 236 238 244 246 243 239 239 244 253 251 246 238 233 233 234 236 237 239 243 244 245 246 247 250 259 276 285 286 290 291 304 329 324 307 315 336 349 351 352 355 355 352 354 354 351 345 341 341
201 201 202 204 206 206 208 207 207 209 213 228 244 251 248 241 240 235 235 248 251 250 251 250 250 252 252 252 250 249 249 249 246 244 245 247 250 251 249 247 245 243 241 241 241 239 240 238 238 237 236 235 237 239 244 249 244 240 242 246 247 242 238 236 234 233 235 237 238 241 242 243 244 245 245 247 253 272 300 301 303 303 306 329 338 336 333 341 347 348 349 352 355 358 358 358 353 347 345 347
214 214 212 205 204 204 205 207 209 211 213 221 230 238 239 234 229 228 242 249 249 250 249 249 249 250 250 251 249 246 246 246 247 245 243 242 244 249 251 250 248 245 243 244 240 238 238 238 238 240 238 238 240 242 244 249 245 241 245 249 245 239 236 235 235 235 235 237 239 240 241 242 243 243 244 246 250 260 292 302 302 302 301 310 326 336 338 337 331 314 305 312 333 354 362 362 355 352 353 351
244 240 232 220 211 209 207 208 211 214 216 219 226 233 236 235 233 228 243 248 248 248 248 248 248 248 248 250 249 246 243 243 243 244 243 241 241 243 247 249 248 244 246 244 240 242 241 240 244 246 244 242 246 248 250 250 245 242 244 249 244 238 237 237 236 237 235 236 238 239 240 242 242 242 243 245 248 254 263 270 271 273 273 272 276 298 312 306 293 273 271 273 281 321 363 367 362 358 353 338
246 257 262 242 223 216 213 211 210 215 219 221 225 228 233 234 234 228 245 247 247 247 247 247 247 247 247 247 247 247 244 242 242 241 241 242 242 242 241 241 241 242 241 241 240 244 244 243 243 246 249 249 252 252 250 248 243 241 240 242 240 237 238 237 237 237 236 236 237 239 240 240 240 242 242 244 245 248 251 254 255 256 258 259 260 266 273 273 269 267 270 286 290 295 359 371 369 361 351 347
242 252 259 261 243 232 226 217 214 212 215 219 221 219 220 225 226 236 246 247 246 246 246 246 246 247 247 245 244 245 244 242 241 241 242 244 245 249 248 246 248 250 247 242 239 243 247 248 247 248 254 255 252 247 245 243 241 240 240 239 238 238 239 238 238 238 238 237 236 237 239 240 241 242 242 243 244 245 247 250 251 252 253 254 255 259 264 269 266 263 270 288 304 297 358 372 372 367 362 351
247 261 268 270 270 265 253 238 233 226 218 214 215 217 221 225 225 237 246 247 246 246 246 246 246 246 246 246 244 243 242 242 241 241 243 246 249 250 250 250 250 249 245 241 241 243 246 251 254 254 254 255 249 245 243 242 242 242 243 242 242 243 242 241 241 240 239 240 238 237 238 240 240 241 242 242 243 245 246 248 249 250 250 251 252 255 258 262 262 264 269 274 288 305 344 368 364 359 358 350
255 267 277 278 273 268 265 263 260 252 239 225 219 221 221 228 235 230 235 241 244 246 245 245 245 245 244 244 243 242 242 241 242 242 245 248 246 246 246 247 246 243 240 241 245 245 248 253 256 258 258 258 253 247 245 245 243 245 247 247 246 247 246 245 245 244 242 242 240 240 239 239 239 240 241 242 243 244 245 247 248 250 249 251 253 255 257 257 260 269 276 280 284 313 348 360 352 339 333 330
259 271 278 278 274 268 263 257 255 256 254 242 229 226 225 225 241 242 241 245 244 245 245 245 244 244 243 243 243 242 242 243 243 243 245 246 246 245 244 243 242 241 241 244 246 248 253 257 259 260 263 261 255 250 248 247 246 249 249 251 250 251 250 250 250 248 246 246 245 245 243 242 241 241 241 242 242 244 245 246 248 248 248 251 254 255 256 256 256 261 270 277 283 289 299 310 324 338 337 333
253 267 272 273 271 268 264 258 251 250 252 246 232 231 232 242 254 254 253 252 248 247 247 246 244 244 244 246 245 244 243 242 243 244 245 248 251 251 250 247 244 242 242 243 245 246 248 251 253 257 261 260 256 251 250 246 249 252 253 254 255 255 254 254 253 252 251 251 249 249 248 247 245 244 244 242 243 242 243 245 246 246 248 251 252 253 254 254 253 254 258 264 270 275 279 285 283 302 320 334
236 251 252 250 256 261 262 258 253 248 246 240 248 252 256 260 265 265 263 261 257 251 250 248 246 245 245 247 247 246 245 243 245 246 248 254 256 255 252 248 244 242 243 245 244 244 246 248 249 251 252 252 251 250 247 247 251 255 257 258 259 259 258 258 258 257 256 255 254 253 251 249 248 247 246 244 253 252 245 243 244 246 247 249 250 251 251 251 251 251 253 256 259 264 272 279 274 279 287 308
219 230 230 237 243 247 249 252 253 250 248 244 246 253 264 270 274 275 272 268 261 255 252 250 247 246 246 247 248 248 246 244 245 246 247 250 250 248 245 243 243 243 245 246 244 243 243 245 245 246 247 248 252 252 248 249 254 257 259 262 263 263 263 264 263 262 260 259 257 256 254 252 251 249 248 245 250 257 254 249 247 245 245 246 247 247 248 249 250 250 252 254 257 259 263 268 268 280 293 302
229 231 238 245 251 249 250 252 253 252 251 251 253 260 273 287 292 290 284 278 269 260 254 250 248 247 247 248 248 248 246 246 245 245 245 244 244 244 245 246 247 245 246 246 246 245 244 244 247 247 247 248 252 250 247 250 254 258 262 264 266 266 266 267 266 266 264 262 261 258 255 253 250 248 247 246 250 258 258 256 256 252 245 250 250 250 249 249 251 252 253 253 255 256 258 260 265 277 285 286
