# 100 100
239 231 230 231 233 231 225 219 222 225 220 224 226 221 225 228 227 226 228 227 226 211 201 199 198 197 190 187 179 177 178 177 177 177 180 182 181 182 183 185 188 192 198 209 209 209 212 210 205 203 205 210 214 217 220 221 219 207 204 201 199 199 203 206 201 201 204 205 205 204 205 205 211 211 212 213 216 220 226 233 238 238 252 254 246 251 253 254 256 255 245 240 242 238 236 233 227 222 224 223
237 234 239 241 243 237 230 223 216 216 215 213 213 213 220 224 221 220 227 226 215 205 199 196 197 202 194 180 177 179 181 180 180 181 182 182 182 183 185 187 191 200 207 210 208 207 209 209 204 204 207 210 213 216 218 219 215 206 201 200 198 202 209 206 203 201 203 203 204 204 203 205 211 207 209 212 215 216 219 222 224 242 250 247 239 240 239 239 240 249 251 250 241 240 241 236 229 223 222 226
244 240 239 247 247 239 231 228 226 224 217 212 209 209 211 213 212 219 226 226 218 203 200 196 193 192 187 177 177 179 181 182 182 181 182 183 183 185 189 192 196 212 218 211 206 204 204 204 203 206 210 212 215 217 219 218 216 208 202 199 200 208 213 208 204 203 202 202 203 204 205 205 207 207 208 210 214 213 216 217 220 238 246 245 236 232 238 252 255 254 254 251 246 244 245 241 233 223 217 216
247 245 245 248 239 231 229 234 237 235 226 215 209 207 205 205 205 210 218 223 219 218 217 199 199 192 187 184 180 178 179 181 182 182 182 183 185 191 200 205 205 212 215 210 205 201 201 200 202 206 211 219 221 223 223 217 213 209 204 202 198 206 210 209 206 210 212 206 204 205 206 205 204 206 206 206 209 211 214 214 214 219 225 233 229 235 241 252 257 255 249 248 248 247 248 244 236 226 217 216
250 250 249 239 227 223 222 225 237 238 227 219 213 213 213 209 203 204 207 212 221 225 218 217 205 197 192 189 185 179 178 179 180 180 181 184 187 196 201 206 209 209 208 204 203 199 198 201 203 205 210 216 221 226 225 218 212 208 205 201 197 198 204 207 216 220 215 209 206 205 205 203 203 203 202 203 204 208 211 211 212 214 217 219 226 242 245 249 256 254 245 242 248 248 246 241 237 226 219 216
253 252 243 230 222 219 217 220 234 242 234 225 219 222 222 215 206 201 202 206 213 214 221 218 205 200 196 191 186 182 180 179 178 179 179 179 184 193 201 204 207 206 201 198 199 198 199 201 202 205 208 211 217 221 218 217 213 212 208 204 197 195 197 205 225 220 213 211 208 203 202 200 200 200 201 203 205 209 209 210 212 213 214 218 237 247 249 251 251 247 243 239 239 244 244 242 241 226 222 218
254 245 231 223 219 216 215 217 226 239 240 232 224 216 219 221 212 202 200 201 205 210 222 221 216 214 204 195 188 183 181 182 181 181 180 180 180 187 199 200 201 201 198 197 197 196 198 199 202 209 212 211 215 218 214 213 209 206 204 200 195 195 200 206 211 210 207 208 202 200 200 200 200 201 203 203 206 206 207 208 212 214 214 217 227 237 245 249 249 245 244 240 237 238 241 243 249 230 220 214
247 234 228 228 220 216 214 213 217 224 226 219 214 209 210 216 207 204 202 200 202 207 211 215 216 216 208 198 190 185 182 183 183 182 181 180 179 180 191 196 192 194 197 196 194 197 198 199 203 210 216 217 217 213 209 205 203 198 196 195 196 197 201 202 205 205 206 203 199 198 198 200 199 199 201 203 203 204 205 207 214 216 214 215 219 224 232 248 251 251 247 243 239 236 234 232 241 230 223 214
234 234 237 236 223 218 213 212 212 215 214 211 210 208 206 205 204 207 206 200 198 201 203 207 208 203 199 194 188 185 182 183 183 182 183 182 181 180 182 188 191 192 194 195 200 198 198 197 201 205 216 218 214 208 203 200 200 194 200 201 201 199 199 201 202 207 206 202 200 198 199 198 199 200 201 202 202 203 204 206 212 213 212 217 220 222 227 243 253 251 248 245 242 238 234 230 231 226 221 220
235 239 245 246 229 220 215 213 212 212 214 220 222 219 214 209 211 210 209 204 198 196 200 210 206 198 195 191 187 185 184 184 183 183 184 182 183 181 182 194 200 198 195 193 194 196 196 196 197 201 209 212 207 199 198 197 197 193 200 205 206 203 200 200 204 202 200 200 200 198 199 200 200 201 202 201 201 202 203 205 208 210 210 218 221 220 222 233 250 253 248 245 243 241 238 234 230 229 227 224
230 236 241 245 235 222 217 214 214 215 223 236 235 227 220 218 224 219 215 212 203 196 195 200 201 197 193 190 187 185 185 184 183 183 184 183 184 182 182 189 196 196 196 199 195 195 196 197 197 200 204 202 202 194 191 192 193 193 204 207 211 206 202 202 206 200 199 199 197 198 199 199 199 201 204 202 202 202 203 205 208 208 207 211 213 216 220 226 245 252 250 247 245 243 241 237 234 232 228 226
232 251 252 244 235 222 220 217 218 218 225 242 241 230 228 230 232 226 226 215 205 198 195 193 193 192 190 189 186 185 186 186 185 184 184 183 182 180 180 183 195 200 201 199 197 198 199 200 201 201 200 195 193 192 198 199 196 195 200 207 216 210 203 204 210 204 198 196 196 197 199 200 203 206 208 206 204 204 204 204 206 206 204 205 207 214 218 220 231 247 248 248 246 245 242 239 236 231 229 226
233 249 251 245 235 227 222 223 224 222 226 240 241 231 229 227 220 215 215 209 202 200 201 197 194 193 191 189 187 186 187 187 187 184 183 183 182 179 180 183 195 203 203 201 199 199 201 204 207 203 194 191 198 203 201 202 205 203 202 205 215 215 207 207 210 205 196 197 196 199 202 206 211 219 219 212 207 205 204 204 205 205 202 203 203 208 213 218 223 224 227 240 247 247 244 242 238 231 228 223
242 246 249 249 241 232 232 232 233 231 233 234 232 226 224 218 215 216 209 204 202 204 212 203 201 203 199 193 189 188 187 187 187 184 183 184 183 180 181 183 194 206 206 203 200 200 201 205 210 204 191 194 205 205 205 205 207 205 204 210 217 214 210 207 203 199 195 196 197 197 199 206 214 226 233 217 209 205 203 203 203 203 201 200 202 204 206 213 217 214 217 224 236 247 246 244 240 234 230 227
236 245 249 252 244 241 248 242 236 237 237 234 232 230 228 224 224 220 210 205 203 205 210 206 206 205 205 197 193 192 188 189 185 184 184 184 183 184 181 183 194 208 208 204 199 198 201 205 207 201 191 193 200 202 206 205 207 206 205 209 215 214 209 211 201 196 195 197 197 198 199 204 212 227 232 219 210 206 204 204 201 202 200 200 201 203 203 205 208 212 217 220 223 235 242 241 239 236 233 231
229 239 237 246 244 244 253 251 246 242 241 240 243 244 241 230 223 225 218 212 206 203 205 205 199 197 196 193 193 192 191 191 187 184 184 184 184 184 182 180 185 194 205 202 198 198 201 201 199 191 190 194 198 202 203 204 206 205 205 209 214 213 212 210 199 195 196 196 194 196 200 206 219 223 225 219 212 208 206 205 201 201 201 200 200 201 202 203 205 210 218 218 217 219 226 225 223 221 221 228
217 221 225 227 235 244 251 251 253 249 246 247 247 240 236 228 218 217 215 210 207 203 201 201 200 198 195 194 193 193 190 188 190 184 185 184 185 183 182 180 180 180 186 188 188 192 202 193 191 190 194 196 199 201 203 206 207 205 204 207 209 210 211 206 199 196 195 195 193 197 200 206 217 216 218 221 220 217 210 206 203 202 202 200 199 200 200 201 203 204 211 216 212 211 215 217 216 214 212 214
221 218 219 221 226 237 247 245 252 253 252 250 244 238 228 221 216 213 213 211 206 204 205 209 206 201 198 199 198 197 192 190 190 186 184 185 185 184 183 183 182 180 182 191 194 192 190 190 195 198 198 200 200 202 202 205 209 206 205 205 207 208 208 207 202 197 193 193 200 204 208 211 211 210 216 225 230 232 217 209 205 202 201 199 198 199 199 200 201 201 202 204 206 208 210 215 215 213 211 210
229 223 220 219 222 231 243 243 253 253 253 252 244 234 226 220 221 225 220 214 208 207 210 216 208 202 202 204 203 199 194 193 191 188 185 185 185 185 184 183 183 180 186 197 198 199 199 199 200 200 201 201 201 201 200 202 205 204 204 204 207 207 205 207 208 199 194 194 204 207 208 209 208 211 217 222 227 230 222 209 205 201 198 197 196 197 199 199 200 201 200 201 203 204 205 208 213 212 211 210
237 230 226 221 221 231 244 238 244 253 253 249 244 237 229 225 227 231 221 212 213 211 211 215 208 204 207 209 205 199 196 193 190 188 187 185 185 185 185 185 182 181 183 188 188 190 192 194 195 199 201 201 201 200 199 199 201 203 203 203 205 205 204 206 207 205 201 194 200 201 203 204 205 209 214 216 221 225 226 215 203 199 196 196 197 199 200 199 199 200 200 201 202 202 203 203 206 213 212 210
239 237 232 224 221 230 238 235 242 250 249 250 244 237 229 233 236 226 217 216 221 218 214 211 210 214 218 214 208 203 199 193 190 188 186 186 186 185 185 186 181 182 183 185 186 187 187 188 192 197 200 200 199 199 198 199 202 204 204 203 202 199 200 202 204 207 201 194 193 197 203 208 212 214 214 217 221 223 228 223 204 197 196 198 202 199 199 200 202 201 200 202 202 202 202 203 204 207 213 214
245 239 233 228 223 224 232 239 240 247 245 249 248 241 236 241 233 223 222 221 225 221 215 215 219 225 224 215 208 204 200 195 191 188 187 187 186 186 185 185 182 181 183 184 186 186 186 187 189 196 199 195 196 199 199 199 201 203 203 202 200 198 196 202 204 204 202 194 195 202 205 207 210 216 220 222 220 216 212 212 200 195 198 209 206 202 202 202 203 204 202 202 202 202 203 205 210 215 220 221
248 237 237 236 227 225 240 241 240 242 243 251 249 242 242 243 235 228 229 228 225 221 223 227 228 228 227 220 208 201 197 194 192 189 187 187 187 187 186 187 189 183 181 183 184 186 186 186 186 191 193 192 196 199 200 200 200 202 202 201 197 195 193 194 197 199 198 194 194 203 204 203 206 211 216 213 209 209 203 200 196 194 198 208 223 219 210 207 206 206 205 204 204 204 207 218 223 223 222 221
254 243 238 241 236 227 226 234 237 237 244 251 252 248 247 240 234 235 242 243 236 232 230 227 225 221 223 220 211 204 199 197 194 190 188 188 188 189 188 194 201 199 186 182 182 184 186 185 187 189 190 190 193 197 199 199 201 203 203 199 194 191 191 193 193 194 193 193 193 200 202 198 199 202 205 207 199 197 195 192 192 198 203 211 221 228 225 217 214 212 209 208 209 214 218 225 224 223 222 219
259 250 244 239 234 230 228 227 234 236 243 245 251 253 245 237 243 244 246 246 242 237 234 227 225 223 216 216 214 210 205 201 196 191 189 189 191 195 189 199 207 201 191 184 183 182 183 185 186 188 189 188 190 191 192 195 200 202 200 194 191 190 192 191 191 192 192 192 190 191 192 191 190 192 194 197 193 196 195 194 194 201 206 215 223 229 231 230 224 217 213 211 220 229 228 226 224 221 217 213
257 257 255 251 234 232 237 231 227 232 238 246 251 252 248 244 250 249 245 241 237 235 230 225 222 220 218 212 210 208 208 208 201 192 190 190 192 196 191 197 206 201 191 186 185 184 183 182 182 185 186 188 190 189 190 191 193 195 195 190 188 188 189 189 189 190 190 188 186 187 188 188 188 186 186 191 199 213 210 200 199 200 205 209 216 224 230 237 240 230 225 220 218 218 217 216 213 210 207 205
257 258 258 257 243 237 240 237 230 228 233 240 244 246 248 249 249 249 247 241 234 229 227 230 228 217 213 210 207 205 202 204 201 196 192 195 198 201 193 194 199 203 191 186 186 186 186 185 184 184 187 187 186 185 186 190 191 192 191 188 187 187 188 189 189 189 187 186 189 192 193 194 193 187 190 202 207 214 219 215 212 209 209 220 219 222 231 236 242 241 241 235 222 215 211 209 209 206 204 204
257 255 257 257 252 245 242 239 233 229 232 240 243 246 245 246 247 247 248 248 244 239 236 231 226 220 214 210 210 208 201 199 198 196 195 196 197 196 192 193 192 190 188 188 192 190 188 188 187 186 184 184 184 186 184 186 187 188 187 185 186 187 188 188 188 187 186 191 192 193 193 193 193 187 191 198 203 210 220 223 222 221 219 226 230 230 235 239 242 239 237 237 226 218 212 208 206 206 204 203
259 254 254 255 255 252 244 240 236 230 231 240 241 239 241 244 246 247 245 240 239 241 242 233 226 220 214 212 212 206 200 199 207 203 199 195 194 193 194 195 191 187 188 191 197 190 189 191 192 188 184 185 189 192 191 187 185 185 186 187 188 186 186 186 186 187 190 196 198 196 195 194 190 187 193 195 199 206 214 216 211 215 218 220 227 230 235 237 238 236 232 237 234 222 215 212 206 204 204 203
259 255 252 253 255 255 250 244 238 235 231 234 235 237 243 245 246 245 238 234 229 229 236 232 224 217 212 210 210 202 202 203 210 205 203 197 196 197 197 194 189 188 190 195 194 188 190 196 198 190 183 190 194 196 198 198 191 192 192 191 191 193 194 191 190 191 198 212 205 199 197 191 187 190 193 194 195 191 192 198 200 207 210 217 221 224 230 228 230 227 236 240 236 222 213 209 204 203 203 204
257 254 252 250 255 256 254 249 244 241 238 232 232 235 236 240 248 243 236 234 231 225 223 228 223 218 215 210 204 203 204 207 211 206 198 198 198 196 194 191 189 188 188 189 188 188 195 200 199 189 184 196 199 200 201 201 194 198 198 196 194 197 199 197 202 199 203 217 206 199 195 188 189 192 193 194 189 190 190 192 198 202 208 213 215 221 223 220 219 227 237 238 233 217 210 207 203 202 204 207
251 255 255 250 252 256 256 253 248 241 236 236 236 235 235 240 249 248 245 243 236 228 221 219 217 213 210 207 204 206 206 212 212 204 200 203 201 197 194 192 190 188 188 187 188 193 199 201 195 184 188 196 199 203 202 200 197 200 200 199 198 199 203 214 219 214 211 212 201 197 193 189 189 191 192 190 188 192 193 190 194 200 206 207 213 217 215 219 228 228 231 236 237 220 208 205 202 202 204 207
247 257 255 250 247 250 254 253 247 238 237 240 237 237 237 239 246 248 245 238 234 228 220 216 215 212 212 211 208 209 211 215 210 203 201 206 204 199 198 201 198 194 191 190 189 196 200 200 188 183 187 193 194 199 201 201 200 197 201 202 203 207 210 222 226 227 227 217 211 202 195 190 188 188 189 191 192 195 194 191 194 197 200 203 208 209 210 218 230 235 233 232 227 218 208 204 202 202 202 205
250 257 254 251 251 247 247 249 242 240 243 243 238 238 240 239 240 241 241 235 228 225 222 219 220 218 220 217 212 212 215 212 207 205 203 206 205 199 203 209 210 207 203 197 191 194 196 188 183 188 193 192 192 197 199 201 201 197 200 202 205 207 212 215 221 227 231 227 225 216 201 194 190 192 195 198 197 196 193 191 195 197 204 207 209 211 216 218 225 233 236 226 215 211 205 203 202 201 203 205
249 257 257 255 255 253 252 246 242 250 250 245 239 242 248 245 246 245 244 242 235 231 225 221 227 228 231 230 220 216 214 211 210 209 209 209 208 202 204 212 210 208 206 203 192 187 185 185 187 196 197 195 195 201 202 202 200 198 200 202 205 206 208 211 219 224 230 231 221 208 198 194 195 201 206 201 197 193 190 193 195 197 203 208 212 216 221 224 224 229 234 223 213 208 207 205 201 201 203 206
255 256 252 254 252 257 254 251 246 249 252 249 242 241 246 251 250 249 248 248 248 237 227 225 232 240 239 234 223 218 218 216 216 214 215 213 208 204 204 210 206 203 200 199 192 185 185 187 194 202 202 200 196 200 203 203 202 200 200 201 203 207 209 211 214 221 226 230 224 212 200 196 200 213 214 203 197 192 190 194 196 197 202 209 212 216 223 230 233 233 232 219 213 210 207 205 202 203 202 203
256 251 244 245 248 250 255 256 249 250 253 253 247 243 247 253 253 251 250 250 250 240 232 230 232 242 239 230 226 227 229 233 228 219 219 214 210 209 206 212 212 207 200 198 194 186 185 192 201 203 203 204 200 198 199 202 203 202 202 203 206 212 216 218 217 220 228 230 222 207 200 201 208 219 220 207 198 192 191 194 196 197 201 208 209 214 220 227 233 233 231 220 213 210 207 205 201 200 202 203
252 245 239 240 243 245 249 256 254 258 258 254 248 244 248 252 253 252 250 248 249 249 240 235 237 242 244 236 235 232 237 240 232 225 226 216 213 210 210 214 216 212 211 207 203 190 185 191 198 198 200 205 203 199 196 199 202 201 203 206 209 213 217 221 223 221 227 225 218 213 203 205 220 223 210 204 200 195 192 191 194 196 199 205 205 207 209 216 221 222 225 224 213 208 205 203 201 200 201 204
242 236 234 234 242 245 252 255 260 261 260 255 249 248 252 252 252 250 247 245 242 244 246 240 241 243 246 243 241 236 239 244 243 240 232 224 216 213 216 216 213 215 217 212 205 192 186 185 188 189 191 196 204 199 194 194 198 197 199 206 208 210 213 219 224 225 228 224 217 210 206 207 222 229 218 211 211 203 198 194 192 191 192 193 197 201 203 208 211 212 217 222 218 211 207 202 201 200 200 203
233 232 232 242 249 254 252 256 261 261 258 255 253 252 254 254 253 251 250 249 242 238 238 241 240 240 244 245 243 240 240 242 241 243 241 233 221 221 220 217 210 209 212 204 198 190 187 187 185 185 185 187 191 190 188 192 192 196 198 202 206 211 215 220 225 227 229 230 226 222 210 209 220 228 228 227 221 206 201 200 196 195 196 194 192 198 201 202 205 209 212 215 220 225 213 204 201 200 200 203
229 228 230 242 249 256 258 258 261 262 260 257 255 255 255 253 249 248 245 244 238 235 241 242 241 237 240 243 243 242 240 237 234 237 241 240 236 228 227 222 211 200 201 198 194 191 189 189 188 188 187 187 187 187 185 194 197 198 199 202 205 209 213 217 223 228 232 232 225 217 214 212 213 219 224 227 224 213 207 204 200 197 198 196 194 192 198 200 204 210 210 213 220 219 212 213 204 200 199 200
225 226 229 236 248 250 256 260 260 262 262 260 257 255 253 244 239 238 236 237 234 233 236 241 243 237 234 238 244 244 240 235 231 231 233 234 233 230 225 218 209 201 199 199 198 193 191 192 194 194 198 198 196 192 188 187 197 201 198 201 203 207 211 216 222 227 231 233 229 224 224 221 216 221 227 230 232 224 212 207 203 199 199 198 195 193 195 199 202 204 206 209 212 206 205 214 210 203 199 199
227 226 229 233 242 244 251 253 253 258 260 260 255 249 247 239 240 238 235 234 234 231 231 235 239 237 232 233 239 244 241 235 230 227 227 227 226 227 225 221 212 206 211 210 206 201 197 195 199 198 203 203 203 200 192 187 191 202 206 204 203 205 207 214 217 219 225 230 232 230 227 226 225 221 226 231 232 228 220 211 205 201 201 200 197 193 192 198 200 201 201 200 196 197 199 207 214 219 207 200
240 229 228 233 232 234 238 240 244 250 261 258 255 248 242 242 250 246 242 239 236 235 233 230 230 233 233 229 232 240 242 238 234 229 225 224 223 222 223 219 216 218 226 222 214 207 201 195 197 198 202 206 206 202 194 188 186 200 214 218 211 206 209 211 215 220 223 226 226 225 223 226 230 226 231 233 231 225 223 216 207 203 205 204 202 194 194 197 198 199 195 194 195 194 196 201 210 219 224 222
253 237 231 232 235 233 234 236 240 247 260 255 250 248 248 242 250 252 252 246 240 240 239 235 230 227 229 228 230 236 241 240 238 232 227 224 222 220 222 220 219 222 226 224 218 209 201 200 202 201 202 208 206 197 189 187 188 197 211 221 221 218 220 219 219 220 223 224 219 220 217 222 230 231 230 234 233 225 218 215 209 206 207 207 203 193 195 196 196 196 194 198 201 198 194 198 205 213 219 223
248 244 235 233 248 247 238 239 241 248 262 258 254 253 247 247 244 251 253 247 242 240 238 236 233 229 226 226 232 235 238 242 242 238 231 227 225 222 219 219 217 220 220 222 217 209 203 206 207 204 200 202 205 191 187 187 192 197 204 212 217 215 218 221 215 213 218 219 215 214 215 222 228 233 234 236 233 227 220 215 213 213 211 209 201 194 193 194 194 193 196 202 207 203 197 196 201 210 216 217
251 251 239 233 241 254 250 249 249 250 262 261 257 253 248 251 245 250 253 250 247 242 240 234 231 228 225 225 228 237 240 242 241 240 233 230 228 225 221 218 215 215 215 215 216 210 211 206 203 199 195 195 192 186 190 195 199 200 204 208 212 210 208 213 210 209 217 215 213 211 212 218 226 229 233 241 235 231 226 222 218 215 212 207 199 196 199 197 200 199 201 205 210 207 198 196 200 208 212 209
254 252 249 240 235 247 250 252 255 254 259 260 256 254 250 253 249 248 254 253 248 243 243 241 233 229 226 226 224 229 238 241 237 232 228 227 228 226 224 220 216 219 215 209 206 208 205 200 197 195 194 188 188 192 199 201 199 200 203 205 210 208 204 204 204 205 211 209 209 208 212 216 222 224 226 237 234 233 225 219 215 211 209 209 201 200 202 198 199 202 203 205 209 209 202 196 199 203 205 199
260 259 254 240 234 238 245 250 257 261 263 261 256 254 254 254 251 247 253 254 250 249 244 238 234 230 228 229 225 223 231 239 238 231 226 223 225 224 221 220 218 214 210 206 204 201 200 203 204 203 200 190 190 195 201 199 196 197 200 204 204 202 202 199 200 202 204 205 206 207 211 214 217 217 217 223 231 232 222 215 212 210 207 205 200 200 203 199 198 202 205 204 205 207 200 195 198 199 200 196
264 260 250 244 242 238 238 247 256 263 266 265 260 259 257 252 251 248 253 255 253 249 242 238 234 233 230 231 227 222 223 231 238 233 229 223 222 220 219 220 219 216 208 206 209 209 210 210 207 207 202 190 188 191 196 196 194 195 196 200 200 200 199 197 198 200 202 202 204 205 210 213 212 212 217 224 229 232 225 219 219 218 212 210 202 200 202 202 202 210 206 203 201 201 198 196 196 196 197 199
264 259 258 256 252 250 242 248 255 262 265 266 264 262 259 255 254 254 249 254 254 249 250 248 236 234 231 228 228 223 223 227 229 229 231 225 221 219 221 223 222 215 211 215 218 217 217 217 211 210 206 199 191 188 187 188 188 188 188 188 188 194 196 196 200 200 202 204 204 204 210 213 211 209 212 216 220 226 229 228 224 218 214 209 203 207 206 207 206 215 213 205 202 200 198 200 202 202 207 210
264 264 264 261 259 255 246 243 247 255 261 264 264 262 260 257 258 257 250 253 255 253 248 241 233 231 232 226 224 222 223 223 224 227 232 226 221 218 223 226 225 218 219 219 221 219 218 216 215 212 212 207 201 196 193 192 195 195 194 194 192 189 194 199 200 200 203 206 205 203 205 208 207 207 209 211 214 218 223 228 227 221 215 211 204 211 217 215 211 209 217 213 206 203 200 201 204 206 212 221
263 265 264 263 259 254 253 250 245 250 255 260 262 262 260 259 259 256 250 253 256 252 245 238 234 229 228 228 225 224 221 222 225 228 231 225 221 218 221 226 226 224 223 222 222 221 218 216 213 213 213 214 209 204 199 196 203 204 203 200 196 189 196 200 198 199 205 207 205 202 200 201 203 205 206 209 211 214 218 223 229 226 219 215 208 206 219 226 221 214 219 226 215 208 203 201 201 202 204 209
262 262 263 263 262 260 259 256 250 251 255 258 261 262 261 259 258 255 251 254 257 255 251 243 237 231 228 233 232 228 225 220 223 228 229 224 221 218 219 222 223 225 225 222 221 221 219 218 218 216 209 212 214 205 199 199 205 207 207 204 195 189 193 196 197 198 202 206 203 201 199 201 203 204 207 211 215 222 224 224 224 223 218 217 214 207 214 220 226 225 221 228 228 214 208 205 204 203 204 205
259 259 261 263 262 261 258 255 252 253 256 259 261 262 261 259 258 254 252 255 257 257 253 245 236 234 231 231 237 233 228 222 219 225 229 225 222 218 216 218 220 225 225 222 220 219 219 221 221 219 211 208 209 202 202 205 210 209 199 192 189 191 192 195 195 197 201 204 200 199 200 202 203 204 208 214 218 225 228 227 222 218 216 214 213 210 216 222 227 234 232 232 233 220 211 212 210 210 208 208
254 259 263 264 264 263 262 261 259 257 258 261 261 262 262 261 260 257 254 254 257 257 252 245 238 236 232 230 234 236 232 225 219 221 229 227 223 218 216 215 215 221 224 222 220 219 219 221 222 220 217 214 210 209 208 207 200 192 189 189 193 195 195 194 195 198 202 204 199 197 203 206 204 204 207 214 218 222 227 230 226 222 221 222 219 215 213 221 227 233 234 236 234 223 217 224 215 217 213 215
256 262 265 266 265 264 263 262 261 260 261 262 262 262 261 260 258 256 254 254 258 258 254 248 241 236 231 229 230 230 229 225 220 218 224 227 228 222 216 213 213 214 219 220 220 218 218 220 223 223 223 219 216 213 211 205 192 191 193 196 196 198 197 196 196 199 205 203 197 197 201 205 204 204 207 209 212 218 222 227 225 227 234 228 222 217 213 215 221 227 229 234 235 235 228 233 227 225 218 216
254 258 263 265 264 264 262 261 259 258 259 261 262 262 260 258 257 260 259 256 258 259 254 252 249 239 232 228 227 227 223 223 222 217 217 221 224 223 218 215 213 212 215 219 219 217 219 221 222 224 223 222 220 215 209 204 195 191 194 199 200 200 198 197 193 193 196 203 198 201 199 200 201 203 205 205 209 214 217 221 223 223 229 227 228 221 219 216 216 219 222 225 230 236 237 237 237 232 222 218
251 255 262 264 262 261 260 258 258 258 256 258 260 261 261 259 258 261 261 258 258 260 258 256 251 240 234 229 226 224 222 221 221 218 215 219 224 222 222 220 215 212 216 220 219 216 217 221 223 223 222 223 222 219 212 207 198 192 193 199 202 202 201 195 194 198 194 195 204 208 205 201 202 203 203 202 207 214 214 218 221 224 225 229 229 223 218 220 218 221 227 224 224 228 234 235 238 236 227 225
256 259 263 264 261 258 256 253 254 258 257 254 257 259 261 260 260 262 262 260 258 259 259 254 247 239 236 233 228 225 223 221 219 216 215 219 219 220 223 222 218 213 221 225 222 216 215 218 222 220 218 219 220 220 215 210 201 196 192 194 200 202 200 193 196 204 199 195 201 207 209 206 200 198 198 199 202 206 209 214 218 222 223 222 224 223 222 223 221 220 228 234 231 228 230 233 239 240 240 236
261 262 264 263 261 261 260 256 251 255 255 253 258 260 261 261 261 262 264 261 260 260 260 257 253 240 233 230 227 224 223 221 219 216 214 214 213 213 213 214 215 212 215 223 224 216 217 220 222 218 218 220 221 218 212 210 205 200 201 192 193 195 195 194 202 207 204 194 197 203 204 197 197 196 197 198 199 202 207 213 217 221 221 220 218 224 220 227 230 224 224 233 237 234 233 237 240 242 244 242
259 261 262 264 264 265 263 254 249 251 251 252 256 259 261 262 262 263 264 263 261 261 258 251 244 236 230 229 227 223 221 219 220 219 215 219 218 215 215 218 214 212 212 212 218 219 214 228 224 217 220 223 223 220 217 216 213 206 201 199 196 193 191 197 207 214 214 204 198 194 194 194 195 196 197 197 198 200 208 213 216 216 218 217 219 223 220 229 233 232 229 230 235 237 235 235 239 241 242 241
254 257 258 263 263 262 258 251 249 256 255 254 254 255 259 261 262 263 264 265 263 261 256 244 238 234 234 232 228 228 228 224 222 219 218 222 225 224 216 222 219 224 222 214 210 213 213 221 218 220 228 231 231 228 226 225 220 212 205 204 204 206 198 193 194 198 213 220 216 204 198 199 197 195 195 197 197 196 196 205 210 210 215 215 212 215 221 223 230 235 234 233 234 237 238 239 239 240 241 238
247 249 252 258 260 257 255 249 248 256 258 258 258 256 256 259 260 262 264 265 259 253 249 243 245 239 240 237 234 234 230 229 226 222 224 227 229 229 217 220 221 221 224 220 217 211 209 211 211 223 229 229 229 226 233 229 222 214 211 207 208 209 205 201 198 194 200 210 210 208 203 207 205 202 196 196 196 195 195 196 201 205 209 210 209 214 217 217 224 226 227 233 236 236 237 239 241 242 242 242
244 245 249 256 258 255 251 248 248 256 258 260 261 260 259 258 259 262 265 265 262 256 252 254 252 250 250 248 245 243 238 238 236 234 235 234 231 228 218 222 225 223 224 224 225 225 219 217 213 208 209 212 214 215 223 224 220 215 212 211 212 211 209 204 203 198 195 201 203 206 211 218 214 215 205 197 195 196 197 196 198 200 203 204 206 212 213 214 217 219 223 227 235 232 230 236 238 241 242 242
243 247 250 252 256 256 251 245 251 254 257 260 261 262 262 262 262 263 264 265 266 263 259 262 259 253 251 248 248 245 241 240 238 236 232 231 231 224 218 223 228 225 226 228 230 232 231 233 227 221 214 209 204 204 206 215 219 217 215 213 213 212 208 206 205 196 195 198 201 205 212 220 218 222 221 215 206 203 200 197 197 198 200 202 207 212 213 213 214 216 219 223 226 226 223 226 231 237 238 239
246 251 256 254 256 255 248 245 253 251 256 258 256 259 262 264 264 264 263 262 264 264 263 263 259 252 246 243 239 237 236 233 232 232 228 225 225 223 219 223 230 230 228 229 231 232 231 229 226 223 217 211 204 209 207 205 213 216 214 212 214 212 211 209 204 197 195 200 204 209 214 220 220 220 222 218 213 211 208 205 198 198 198 199 203 207 208 209 212 213 216 219 221 221 220 220 225 227 228 234
248 254 258 258 259 256 251 244 247 247 250 252 256 258 261 265 266 266 264 261 261 262 263 263 261 256 249 249 243 239 237 234 230 227 225 228 226 221 222 228 232 234 232 230 229 228 225 221 217 214 210 205 207 210 212 206 203 204 209 209 211 212 209 207 205 199 193 198 206 214 217 220 220 218 216 217 219 214 210 211 205 197 197 197 200 202 210 211 212 213 215 218 220 221 218 218 220 220 225 235
249 255 258 258 259 256 251 245 243 250 252 254 260 262 264 267 267 267 265 261 258 259 260 262 261 259 256 253 251 247 241 237 230 227 230 239 232 223 225 233 239 237 235 233 231 228 222 218 215 208 206 212 210 214 216 217 213 205 202 201 204 208 204 202 206 203 196 195 201 212 219 220 220 219 217 217 220 216 213 211 209 200 197 197 199 201 205 211 213 214 216 218 217 219 219 215 216 217 220 223
251 254 256 255 257 255 248 242 244 253 258 260 261 262 264 267 266 265 263 261 258 257 256 257 260 262 260 256 252 245 239 232 231 232 239 242 232 224 227 234 239 239 236 234 232 228 226 221 215 207 209 216 215 218 221 222 217 215 210 202 200 203 200 197 198 200 197 195 196 196 205 218 219 218 215 216 217 218 214 214 211 205 200 197 199 200 204 211 215 215 214 215 216 217 217 214 214 217 216 215
249 251 255 252 255 253 247 241 248 253 258 259 258 260 263 267 264 261 262 261 259 259 260 255 255 261 260 250 244 240 236 233 239 237 238 239 232 227 232 234 236 234 231 227 226 224 225 222 215 208 207 214 219 220 223 223 217 215 213 203 199 199 200 202 201 197 196 196 195 197 197 213 219 218 217 217 217 216 215 215 214 210 203 197 198 201 205 212 215 216 215 216 214 212 214 211 214 215 213 211
245 251 255 251 251 249 244 240 249 256 256 255 257 261 264 265 260 258 260 259 257 258 260 257 252 257 260 253 244 239 236 235 243 243 242 240 232 230 236 234 232 229 226 223 221 220 220 215 209 211 214 216 218 223 226 222 216 212 207 203 201 204 208 209 206 200 198 201 204 202 196 211 218 218 217 217 217 217 217 217 216 216 208 198 199 202 208 212 214 216 217 216 215 212 208 214 216 212 208 208
246 248 250 249 246 248 244 240 249 256 254 253 256 259 263 263 255 257 261 258 254 254 258 258 252 252 257 257 250 241 238 238 244 250 245 238 232 235 239 237 235 232 229 229 226 219 213 212 210 213 221 226 224 226 229 227 218 212 205 202 206 211 218 218 214 206 209 214 211 201 196 205 214 217 217 217 217 217 217 217 217 216 206 198 199 203 212 215 216 217 216 214 215 212 209 214 208 205 205 206
243 245 246 246 242 246 242 238 243 249 249 250 256 260 261 258 252 255 261 260 255 250 255 256 252 250 255 258 253 243 241 247 246 253 248 239 235 241 243 239 236 232 231 231 234 227 221 217 215 211 222 232 231 233 232 225 217 210 205 204 209 212 217 219 217 208 212 217 205 196 205 216 216 218 219 219 218 217 217 216 213 211 203 199 200 204 211 216 217 217 211 210 213 210 206 204 203 203 204 205
245 245 244 243 240 241 237 238 241 243 245 251 256 261 259 254 250 253 257 257 254 249 250 251 248 249 254 259 256 246 243 254 253 258 254 242 241 244 240 237 233 227 224 229 234 227 222 218 214 210 221 233 236 236 231 222 213 207 205 205 211 215 216 217 212 212 214 206 197 202 217 221 220 221 222 221 220 218 217 215 210 207 202 200 200 204 213 217 217 212 207 206 204 203 201 202 204 203 204 206
244 246 242 240 238 236 239 248 251 252 252 256 259 261 258 250 246 250 252 251 251 247 246 247 249 250 254 260 259 254 247 250 260 264 256 248 248 242 233 229 226 223 221 220 222 219 214 213 212 211 219 228 233 230 223 218 212 209 208 207 212 217 215 216 214 216 211 203 200 206 209 214 213 218 221 221 222 221 218 217 214 208 202 200 201 205 212 211 209 204 202 203 202 202 201 203 205 204 203 205
238 246 244 238 235 237 245 253 256 257 257 258 256 255 256 248 243 247 249 245 244 244 246 253 258 255 253 260 259 254 248 251 259 266 263 260 253 240 237 229 227 226 225 220 215 215 220 220 217 211 213 217 224 227 222 217 214 213 212 210 210 215 216 215 213 214 208 200 200 198 198 200 201 210 211 217 218 217 217 218 217 214 203 200 201 202 201 201 201 201 201 201 201 201 201 203 205 205 204 205
234 241 243 237 233 238 244 249 255 257 256 254 251 245 245 244 241 242 244 243 243 246 251 257 263 258 254 261 261 259 254 254 261 267 266 261 251 243 236 230 229 229 227 221 217 219 224 228 224 217 213 212 217 222 220 219 217 216 216 214 212 213 215 214 213 212 206 200 199 204 203 200 199 201 207 210 209 208 211 215 218 216 208 202 200 200 200 201 202 203 203 203 202 201 202 204 205 204 204 206
234 234 239 233 235 242 246 247 251 253 248 245 243 240 238 238 239 240 241 242 245 250 258 260 264 259 255 260 263 263 260 259 262 267 264 252 247 240 235 233 231 230 227 223 220 221 222 226 229 223 218 212 212 215 216 219 220 221 220 218 216 216 217 215 211 206 204 204 204 205 206 202 201 199 200 201 202 203 206 211 216 215 209 207 204 202 203 206 205 209 208 209 206 203 204 206 207 206 204 205
237 233 235 234 239 246 246 244 245 246 241 241 237 236 239 240 240 244 245 248 253 255 261 263 265 261 257 258 262 264 264 264 266 267 262 252 245 241 236 233 232 230 228 223 223 224 222 221 223 222 219 214 213 215 215 216 221 225 225 223 221 220 220 215 210 209 210 210 207 210 210 201 203 202 201 202 200 202 205 211 216 218 218 214 211 210 210 209 207 210 210 210 212 210 210 212 213 209 204 204
239 235 231 233 237 241 245 241 239 239 236 237 236 242 244 246 246 251 255 257 260 258 261 262 263 262 260 260 263 265 265 265 265 266 265 257 252 246 238 235 232 229 226 228 227 227 224 220 218 217 216 214 214 217 218 216 219 227 232 230 227 225 222 215 213 218 215 212 209 212 211 203 202 202 203 206 202 201 204 207 212 217 221 220 217 218 217 213 213 206 210 212 214 213 212 214 214 212 209 208
236 233 231 231 231 236 242 243 238 235 234 235 241 251 255 255 253 255 259 260 259 259 261 261 261 262 262 262 264 267 266 262 263 265 267 265 260 252 245 240 235 235 231 233 232 227 224 219 218 217 216 215 219 222 221 218 219 229 235 234 232 228 222 215 218 222 219 214 213 212 211 206 202 203 210 216 212 202 200 203 211 216 221 224 223 224 222 219 218 212 206 212 217 217 218 218 218 217 215 212
232 231 236 236 231 231 238 242 240 235 235 243 249 256 259 256 252 253 255 256 256 258 258 256 256 258 261 262 264 267 266 263 259 259 263 266 265 259 253 243 239 241 238 238 235 229 224 220 219 219 218 218 223 228 226 220 217 227 232 233 231 227 222 216 222 223 220 216 213 210 209 210 204 204 212 221 220 208 203 202 206 210 218 224 225 227 226 223 221 216 209 212 216 223 223 222 222 222 222 220
239 239 239 236 233 229 233 235 237 232 237 246 253 255 254 249 247 249 251 252 254 256 256 253 251 255 257 257 260 264 267 263 257 253 257 262 264 261 254 247 243 241 241 239 235 229 225 222 222 221 219 220 224 230 230 221 218 222 229 233 230 226 220 219 223 227 222 214 209 206 206 207 207 205 208 217 221 213 206 201 205 207 213 218 220 224 224 222 219 216 212 217 216 218 220 221 222 224 225 226
245 250 243 237 233 229 231 233 234 232 239 246 251 249 245 245 250 252 254 254 255 257 256 252 248 251 252 254 257 262 266 263 256 251 256 258 259 260 259 252 244 239 236 233 231 228 225 225 226 224 223 223 225 228 229 221 220 227 230 233 231 227 222 223 225 228 220 213 208 207 205 206 210 208 204 212 219 212 206 201 203 206 211 212 215 217 218 219 220 215 213 219 223 219 218 221 222 224 226 228
245 252 247 240 233 229 232 230 230 234 239 245 248 242 245 247 251 255 257 257 257 257 256 251 246 248 251 254 258 262 264 260 254 250 254 257 255 254 257 254 249 245 241 239 237 234 231 231 230 228 227 225 225 226 225 222 223 233 234 234 234 229 226 226 228 228 219 212 211 209 210 215 215 212 206 210 215 219 215 205 202 202 209 209 210 212 215 218 218 217 216 216 222 225 224 226 227 228 227 229
238 243 244 239 231 229 230 232 235 239 244 247 244 241 249 250 251 254 258 259 259 257 254 248 246 254 253 251 254 259 263 259 253 249 249 253 251 249 252 253 253 251 248 245 242 239 236 234 231 228 226 226 224 223 222 220 223 233 235 236 236 232 232 229 230 225 218 215 213 215 220 222 216 207 213 218 223 225 224 212 206 204 205 206 207 208 211 216 217 218 219 217 219 223 224 225 228 230 229 229
235 240 241 237 231 228 227 229 235 240 243 243 238 244 249 252 255 255 258 259 257 250 246 245 248 257 259 255 252 258 265 261 254 249 246 245 245 244 243 244 245 247 245 241 239 235 232 230 228 227 226 226 225 226 224 223 229 232 234 237 238 238 237 233 230 224 219 216 216 221 227 222 211 209 221 227 227 225 223 216 208 202 203 204 206 210 214 215 213 215 219 217 218 221 223 226 227 228 228 229
235 236 240 237 235 234 232 228 232 237 237 235 239 246 245 249 255 257 259 258 254 247 242 248 253 261 263 260 255 256 265 264 258 252 248 245 243 241 240 241 239 238 236 236 234 233 232 230 230 230 231 231 229 232 230 226 232 238 238 239 239 240 239 236 233 232 225 221 220 229 230 220 213 208 215 219 221 222 220 216 207 202 203 204 205 206 210 213 213 215 218 218 218 219 222 224 225 224 227 227
236 236 243 248 245 241 235 227 229 233 234 239 246 245 242 247 252 257 258 255 250 243 242 245 252 261 263 262 257 256 265 268 264 259 252 248 248 244 243 244 243 240 238 235 235 237 237 234 235 237 238 236 233 235 233 227 232 238 240 237 236 237 239 239 239 238 232 224 225 232 227 220 213 208 210 213 215 216 218 214 210 204 202 202 202 206 215 215 217 218 218 219 219 219 219 218 220 223 225 225
236 238 249 251 245 239 234 227 228 231 238 245 249 241 244 248 251 256 254 251 246 240 247 250 250 256 260 261 258 258 264 269 269 261 254 254 254 248 246 253 252 248 244 239 242 244 240 237 241 242 240 237 236 236 233 229 231 235 239 236 231 230 233 237 238 236 230 227 231 232 225 215 209 212 214 213 212 213 214 212 211 207 204 205 203 205 215 216 217 219 219 218 218 217 215 215 220 220 221 222
242 246 252 250 240 235 231 227 227 231 238 245 245 237 245 247 248 249 250 244 240 241 249 254 257 257 259 262 259 258 262 268 270 265 259 259 258 253 250 253 256 251 244 245 250 248 242 243 246 244 241 239 238 236 234 231 231 234 237 235 231 226 230 228 228 226 226 227 233 232 222 211 212 218 218 217 215 214 213 214 216 214 209 206 203 206 211 212 216 218 218 217 214 213 212 212 215 217 216 217
250 249 250 245 236 232 229 229 227 227 232 239 236 234 239 242 247 250 245 239 238 243 246 249 257 262 262 263 263 260 262 267 271 269 264 262 261 259 253 255 257 253 246 253 256 251 245 248 249 245 242 240 238 236 234 233 235 236 237 234 229 224 223 221 223 224 223 223 226 225 219 211 216 221 222 220 217 215 214 215 217 216 216 210 203 205 205 208 215 216 217 217 215 211 210 211 212 212 213 213
245 241 242 239 233 229 231 234 231 225 228 231 232 237 240 244 248 246 246 240 238 245 250 251 258 266 266 267 267 263 262 266 271 271 267 263 261 258 255 258 258 253 250 256 257 254 251 252 251 248 244 242 239 237 236 237 237 237 236 232 227 222 218 217 219 218 220 222 221 221 216 210 215 220 221 220 218 216 215 216 215 215 217 211 206 207 205 204 209 217 215 217 216 211 210 212 214 213 213 212
243 239 236 236 231 229 228 231 228 225 228 232 233 239 243 245 243 247 247 242 236 242 246 249 260 268 270 271 269 265 264 266 270 271 268 265 261 260 260 259 258 254 255 259 260 258 256 254 252 249 246 244 241 239 238 236 234 234 231 228 225 220 216 216 216 216 220 224 220 216 212 211 216 218 220 221 219 218 217 218 216 213 213 209 207 213 210 205 207 218 217 219 217 210 211 210 210 211 211 211
245 243 243 244 230 227 227 229 225 227 230 235 238 241 243 241 240 243 243 236 236 239 243 250 263 272 274 273 271 267 268 268 270 271 269 266 263 262 262 261 260 257 258 260 261 258 253 246 243 241 243 243 242 238 234 230 230 229 228 224 219 217 219 221 217 215 218 220 216 212 212 214 219 218 222 225 225 224 221 220 216 213 210 210 210 219 210 205 208 215 213 212 211 212 215 213 214 213 211 212
249 243 238 236 230 228 226 226 224 227 230 235 238 240 239 240 237 235 234 236 242 245 249 256 268 275 276 276 273 270 271 271 271 270 268 263 261 261 261 261 260 260 259 259 260 253 243 237 235 234 234 235 234 230 227 225 224 222 222 220 218 220 225 227 221 218 216 215 214 215 215 214 219 221 224 230 228 224 220 218 215 215 213 212 212 221 211 205 207 209 207 210 209 210 210 210 212 216 216 216
244 240 232 229 229 230 225 224 224 227 230 232 237 237 236 235 233 233 236 238 241 246 253 260 272 278 277 276 275 273 272 271 269 266 264 262 260 258 258 258 258 259 257 252 255 249 240 237 242 239 233 229 227 226 226 225 222 221 223 221 220 222 226 226 221 225 224 220 217 218 221 217 220 225 226 231 229 226 223 220 219 218 216 213 212 215 211 206 205 207 206 210 213 214 214 213 210 212 214 216
238 235 233 232 230 225 224 224 225 228 228 231 233 232 231 231 232 236 242 246 247 246 252 260 271 278 277 276 275 272 269 265 263 261 259 259 256 254 252 251 250 251 249 245 243 242 240 246 255 254 246 234 232 232 234 228 222 225 229 224 222 225 227 225 222 233 232 224 217 221 224 220 219 225 228 230 231 231 230 228 225 221 221 217 214 219 217 212 210 210 209 207 211 213 217 216 212 210 210 210
237 236 236 234 227 224 223 225 227 226 228 231 230 229 227 230 237 236 241 247 252 254 253 260 271 278 278 275 272 270 267 269 269 266 261 258 259 260 255 254 254 252 251 251 252 256 253 252 257 259 255 245 241 237 231 224 225 232 232 228 227 228 228 225 226 235 229 224 220 223 223 224 223 223 226 228 230 233 233 232 228 225 224 222 219 220 223 222 215 217 213 208 208 210 216 216 216 215 215 215
