# 100 100
270 267 256 255 250 239 234 230 231 236 233 237 250 263 266 257 242 238 238 237 234 237 238 240 246 252 260 270 272 274 277 278 276 275 278 277 274 273 271 266 260 259 259 249 246 251 252 258 265 266 262 256 249 240 234 229 224 221 217 212 209 207 207 209 214 213 216 222 235 248 250 244 229 224 212 212 218 209 197 186 186 188 187 189 194 196 210 228 238 233 228 232 241 247 248 249 252 252 256 256
269 258 249 245 239 235 233 232 232 236 234 236 243 257 263 256 246 242 240 238 235 239 242 242 242 250 258 264 265 269 277 274 270 273 277 278 275 271 269 265 264 266 262 252 253 258 261 265 271 268 265 262 252 245 231 225 222 215 211 210 211 211 214 219 219 217 224 230 238 254 261 246 226 214 205 205 208 203 194 186 187 190 187 192 203 204 206 230 241 240 242 244 249 255 256 255 260 261 261 254
263 252 245 242 242 240 236 233 234 237 237 238 239 245 254 254 245 243 241 240 237 243 248 247 247 251 256 261 261 266 268 266 266 271 277 278 278 277 274 270 270 267 261 259 264 266 269 270 268 265 263 261 255 245 236 223 215 213 214 214 214 218 227 226 221 231 235 245 248 262 269 244 227 215 210 203 195 189 186 186 188 189 190 203 220 217 206 213 224 238 245 251 255 258 262 262 265 266 261 249
257 251 246 248 251 244 237 236 238 240 240 241 240 241 247 248 245 245 245 243 238 243 252 254 250 248 249 254 255 258 262 267 267 271 276 277 281 280 271 267 273 271 267 265 271 275 274 262 249 248 244 241 247 247 235 218 214 218 220 218 219 225 233 229 232 243 247 247 259 268 264 254 231 222 216 203 189 186 186 186 187 186 192 219 230 227 219 211 213 218 229 239 255 262 266 267 270 269 262 249
266 253 254 261 262 246 237 238 243 244 243 243 243 243 244 247 249 250 249 246 240 244 255 260 256 257 255 256 257 263 271 276 275 274 270 268 272 273 267 262 275 281 277 275 277 279 272 255 243 236 232 230 232 230 224 216 218 223 226 224 225 235 241 238 237 242 260 259 260 266 246 234 222 217 209 196 188 186 186 186 187 187 192 214 225 235 226 222 224 220 222 236 252 263 270 274 274 266 260 254
259 254 266 275 263 246 238 241 247 252 249 246 244 247 250 253 256 256 251 247 242 244 254 265 266 267 266 264 263 265 273 281 278 274 266 262 264 265 263 257 269 280 284 285 282 268 258 252 246 237 229 224 223 222 218 218 223 229 232 229 230 240 251 252 242 255 269 271 269 269 258 245 234 219 204 201 193 186 186 186 187 190 214 233 236 244 238 237 239 237 231 242 254 268 271 272 272 270 266 256
263 268 275 278 265 243 243 245 252 258 255 249 247 250 257 262 265 262 259 251 244 247 258 267 272 274 277 273 270 276 282 284 278 272 268 263 260 260 255 252 260 271 276 280 276 265 251 239 233 230 226 222 220 220 220 224 230 236 237 236 240 248 261 259 248 265 275 279 269 265 270 250 234 213 207 209 196 187 187 186 188 190 217 236 250 258 257 255 249 249 241 250 264 271 269 268 269 268 265 264
278 279 280 273 256 243 250 255 262 264 258 251 255 254 260 270 270 267 261 254 246 247 261 270 277 281 280 276 280 288 293 291 285 280 275 268 259 251 248 250 259 261 265 272 265 262 257 247 235 227 223 223 225 223 225 234 243 248 247 249 250 260 270 266 261 263 275 271 250 236 253 240 221 204 202 206 191 187 188 188 193 190 201 230 253 262 265 263 255 257 256 265 275 272 268 268 269 270 268 271
276 271 276 266 248 247 258 260 271 270 258 256 262 260 258 264 268 268 263 260 249 249 266 272 278 283 283 285 287 292 296 297 293 289 281 271 261 257 254 245 251 250 259 257 250 244 246 242 231 225 226 231 233 225 229 236 240 251 256 261 261 267 274 274 273 272 274 261 240 222 229 224 209 198 191 187 187 188 188 195 213 194 200 232 253 262 266 265 264 265 267 273 277 272 269 269 268 269 271 268
270 261 261 249 249 261 269 270 271 264 260 262 268 266 262 265 269 269 266 262 252 249 263 270 280 285 289 293 292 294 294 295 293 288 280 267 263 265 253 244 241 242 245 238 234 232 236 232 227 229 231 236 234 228 227 235 242 244 253 264 264 268 275 278 276 264 266 252 231 216 212 218 204 192 189 189 188 187 193 212 215 191 205 232 253 271 275 274 273 273 273 276 274 270 270 269 269 270 270 264
256 257 251 257 261 266 279 280 275 272 268 268 273 271 271 267 273 271 267 267 255 249 264 279 287 291 295 295 291 290 289 289 286 283 277 270 268 262 252 249 246 239 237 235 235 237 234 232 234 237 240 248 242 233 231 245 253 253 252 254 257 265 272 274 268 252 255 248 228 215 204 205 197 190 190 189 188 189 212 239 232 213 197 216 240 264 283 287 283 276 275 275 271 273 269 270 272 272 269 261
273 269 254 274 276 273 278 284 282 280 277 274 281 282 279 275 277 278 276 269 255 253 269 273 283 288 291 291 288 282 278 278 275 278 280 273 267 259 253 249 246 238 238 243 240 248 246 241 245 249 251 249 241 237 237 244 254 258 259 258 258 263 269 270 265 243 234 232 226 218 211 200 192 191 190 189 188 198 233 251 241 226 204 195 217 244 268 280 280 273 273 270 263 266 270 275 274 269 267 266
269 262 257 283 293 286 286 289 289 287 282 279 285 284 279 279 282 285 280 263 255 251 268 283 287 285 283 282 280 278 274 267 268 274 270 265 266 262 255 247 240 240 249 253 244 253 259 256 257 260 251 250 245 247 247 239 245 253 260 262 260 261 263 263 256 243 223 214 216 212 212 201 191 190 189 188 195 224 248 255 242 221 202 194 200 216 233 247 250 257 258 253 266 272 276 278 275 260 257 261
285 275 258 268 293 298 296 296 296 294 291 287 290 285 283 282 283 282 275 259 262 253 259 278 285 282 278 273 270 268 269 264 259 261 263 260 262 254 246 241 246 253 261 259 249 253 259 272 274 267 259 261 257 257 253 242 246 254 264 264 262 261 259 257 240 227 214 207 206 205 204 199 191 189 189 189 220 242 254 259 249 230 217 201 194 200 207 213 217 226 239 262 272 277 279 277 269 244 248 248
295 289 273 261 272 288 301 306 306 301 298 291 290 287 287 284 281 279 272 262 269 256 255 263 271 274 275 271 268 262 259 257 254 253 253 248 246 245 247 247 256 269 276 268 254 263 266 267 282 269 271 272 269 263 252 250 253 258 263 261 258 258 252 250 238 219 210 203 199 198 197 194 191 189 190 193 226 259 262 262 259 249 233 208 198 194 206 218 233 248 263 270 272 273 271 265 249 233 238 239
301 304 292 274 262 265 281 297 298 295 295 292 289 288 286 281 276 270 264 271 267 254 259 268 272 275 277 276 270 268 262 256 253 252 251 249 251 256 262 255 262 275 287 278 261 270 281 273 278 280 288 287 274 264 253 252 263 267 265 259 248 242 241 240 224 211 206 205 198 195 193 192 191 189 189 195 231 265 267 266 264 256 243 229 210 195 205 230 248 260 260 253 261 260 261 250 234 226 230 232
304 308 302 284 267 274 268 269 273 281 290 290 289 286 280 274 269 267 272 275 267 256 260 269 272 276 280 278 274 274 265 257 258 259 254 258 259 268 275 269 262 281 295 291 267 275 286 288 283 285 286 277 267 260 254 258 265 262 248 254 246 230 228 222 211 205 202 202 196 194 193 193 192 190 189 195 236 268 270 268 267 259 250 243 220 198 210 234 251 261 249 230 245 246 240 234 224 221 223 224
302 299 286 271 284 285 282 268 269 281 291 289 283 279 275 272 271 272 276 275 262 257 258 264 271 278 282 283 280 276 265 261 268 266 256 268 265 274 285 280 265 287 296 287 280 277 291 295 294 292 289 280 273 264 259 269 266 249 238 245 235 223 219 213 206 201 198 197 195 194 193 193 193 190 189 196 236 266 269 268 266 257 241 230 222 198 200 210 238 250 233 220 226 226 222 218 217 219 222 227
300 293 278 279 294 294 287 273 271 287 293 290 284 280 277 277 276 272 265 265 259 261 259 268 272 277 283 284 279 272 265 266 276 273 259 269 278 271 285 291 273 281 301 296 290 283 297 300 299 298 290 280 273 264 269 272 250 239 233 225 220 214 210 207 203 199 198 197 196 196 200 205 195 190 190 198 238 258 265 267 264 254 232 216 207 201 210 208 219 233 217 212 212 212 214 218 222 225 229 230
296 284 285 294 302 300 289 275 274 288 293 288 283 277 276 277 273 269 263 264 266 267 261 266 277 281 281 283 281 273 268 273 281 278 263 266 289 288 285 293 280 290 307 309 297 294 296 301 301 302 292 281 273 267 271 262 247 241 232 229 223 214 208 204 201 199 198 198 198 200 215 211 192 190 190 197 232 247 261 265 259 250 231 210 199 207 227 223 208 209 207 209 212 218 225 232 233 234 237 237
298 295 300 299 306 300 287 276 281 291 290 284 279 275 272 271 268 268 272 274 276 273 265 272 278 283 284 284 281 272 279 284 288 284 270 268 281 291 289 291 290 288 312 318 310 304 300 301 297 304 294 278 271 270 280 271 264 252 246 233 220 213 208 203 201 200 199 199 201 207 214 206 192 191 191 195 222 245 262 264 252 238 217 204 199 211 233 231 224 212 212 212 222 229 231 238 246 247 247 247
301 300 303 304 303 293 280 281 288 291 286 281 278 275 274 274 275 274 281 287 285 278 270 271 285 287 290 288 280 279 283 296 301 289 276 268 282 290 289 292 306 296 308 321 318 312 306 301 293 293 278 268 256 268 270 261 255 258 243 223 214 208 204 202 201 201 203 210 219 217 209 198 193 191 191 196 224 250 265 262 258 248 220 207 199 209 219 222 231 226 222 219 218 219 223 234 243 243 247 250
303 302 306 307 303 290 281 289 295 295 290 287 283 277 281 280 282 282 281 295 295 287 276 272 290 297 296 290 287 290 285 300 312 300 283 273 269 286 290 293 317 313 320 323 318 304 296 295 295 288 288 272 248 250 254 249 241 242 228 214 206 204 203 204 206 209 212 227 236 225 210 198 194 192 191 199 227 249 266 265 267 261 232 210 200 203 206 221 233 236 237 234 231 228 225 227 231 234 240 248
308 307 308 308 302 288 286 295 303 302 298 293 284 284 290 288 291 291 286 295 301 294 281 272 293 304 304 295 294 299 296 294 309 305 292 278 270 277 296 308 321 325 326 322 307 296 295 283 273 267 265 266 246 234 239 235 226 220 213 207 206 207 209 210 213 214 229 245 239 224 205 204 209 193 191 201 228 245 266 269 271 263 238 212 205 204 201 209 222 232 247 250 247 240 234 234 236 243 252 260
314 312 310 306 295 288 296 304 308 307 302 292 285 294 300 296 301 300 295 297 306 301 287 275 291 302 311 303 299 304 308 300 303 303 293 287 278 272 283 295 310 325 330 319 295 279 288 284 272 255 242 246 241 225 224 222 216 212 208 208 210 213 218 219 223 223 237 245 227 212 211 223 239 221 194 207 235 243 265 268 274 268 247 220 215 204 201 205 211 222 234 248 257 253 248 250 250 256 259 265
316 313 306 296 295 296 304 312 312 307 299 290 295 307 308 305 311 309 303 306 315 313 292 277 300 311 319 313 305 308 315 308 309 310 303 294 283 276 296 301 308 326 321 318 299 277 261 256 253 245 235 233 227 224 220 216 212 210 211 218 216 221 226 230 233 232 242 238 223 227 240 254 263 246 212 201 232 246 260 270 279 273 262 234 223 205 203 204 208 215 225 240 258 263 262 255 249 250 252 252
316 313 304 302 309 309 304 313 314 307 302 293 303 315 317 315 317 317 312 309 318 301 289 278 289 307 325 322 315 321 322 316 320 320 301 291 280 283 297 304 321 318 296 293 289 268 256 259 253 252 254 249 236 237 224 215 211 212 225 225 222 228 235 243 249 250 254 238 252 267 282 271 247 227 208 198 236 257 263 273 284 278 265 243 226 209 205 205 211 222 232 243 256 254 248 239 235 241 247 254
315 310 306 310 314 316 313 314 319 316 309 296 298 306 315 322 325 326 324 317 312 300 293 282 295 311 324 328 322 330 331 333 333 315 294 284 281 292 303 317 330 323 298 278 266 263 265 272 269 274 272 251 257 241 226 215 212 228 234 234 235 236 247 262 273 274 252 256 281 300 298 266 223 199 200 222 247 266 265 279 288 284 271 244 216 209 206 210 220 231 241 251 250 241 234 228 237 243 251 256
319 316 315 315 317 319 321 322 323 322 312 299 308 304 309 320 329 334 332 325 317 321 304 288 287 296 304 310 324 332 334 336 321 303 294 294 291 288 299 318 333 318 295 277 279 283 273 286 287 297 276 266 269 247 225 214 214 226 232 241 247 249 262 282 293 290 268 279 305 307 287 265 219 197 211 234 256 261 266 288 295 289 273 246 220 225 211 209 224 232 240 244 239 232 224 231 243 249 251 252
323 322 321 325 325 324 328 330 328 320 312 305 314 311 314 319 328 336 339 335 338 337 314 292 289 296 298 304 323 329 332 330 319 313 306 312 306 296 295 317 334 309 288 278 295 299 286 299 306 289 276 268 258 240 220 213 218 229 231 237 243 252 271 294 305 299 283 291 315 302 280 261 235 202 198 217 248 255 272 294 297 288 275 256 234 232 215 206 217 228 231 232 227 225 220 226 232 237 238 238
323 317 311 320 329 327 332 339 334 324 314 312 321 320 317 323 331 335 335 331 332 329 310 291 299 308 312 305 306 314 324 329 329 327 323 320 309 299 298 315 327 304 292 291 314 311 303 304 292 279 261 246 237 227 216 215 219 220 224 231 251 265 275 302 308 304 294 296 318 296 272 252 230 200 202 221 247 257 277 291 293 290 283 270 252 235 218 207 207 215 217 219 216 216 217 219 221 224 228 239
293 295 300 312 321 315 325 339 339 330 321 323 324 330 328 327 330 327 320 311 306 304 297 300 308 325 325 315 312 313 322 331 337 340 333 323 312 301 309 327 329 320 318 312 319 310 303 295 276 263 253 242 228 218 216 222 227 224 225 232 254 283 294 299 303 296 289 299 318 290 261 232 202 198 208 228 249 262 281 288 295 296 288 273 249 234 226 211 206 208 210 212 215 219 224 226 227 223 226 232
291 292 300 304 307 305 319 328 329 332 330 330 333 337 335 333 328 320 311 306 309 308 309 311 315 333 332 323 322 323 329 339 344 341 330 322 313 306 318 337 337 332 325 306 298 289 284 292 278 263 243 230 221 218 222 235 238 233 241 255 263 286 298 294 291 287 278 298 308 274 242 211 195 198 224 242 247 257 271 288 302 300 291 267 243 230 220 214 209 209 210 218 228 232 235 237 232 228 230 234
275 285 291 290 292 297 315 319 315 319 325 320 334 340 338 334 326 317 314 312 316 321 324 325 326 333 336 333 331 334 340 345 345 336 325 318 314 318 323 329 312 305 307 289 277 265 269 280 271 252 239 226 219 221 229 245 247 246 269 282 290 283 288 290 283 273 270 287 286 259 229 203 196 201 231 255 261 261 265 288 302 302 289 255 240 232 224 224 215 215 211 214 226 235 239 245 243 240 240 240
269 275 282 282 286 302 313 317 304 303 306 315 333 340 337 332 326 325 323 323 323 327 339 345 340 342 345 342 341 341 343 345 344 337 333 328 323 323 315 303 288 282 305 295 272 255 250 254 249 234 223 220 224 223 226 240 239 243 261 275 288 272 268 272 270 271 264 272 267 237 214 197 196 202 223 254 264 259 260 280 296 291 276 259 246 243 236 232 218 218 213 217 218 225 234 248 253 253 252 251
268 268 270 272 281 293 293 303 300 290 296 305 319 325 328 334 334 334 334 335 336 329 338 353 352 357 356 349 344 339 334 335 336 336 328 325 314 312 294 275 265 275 297 292 271 257 243 233 230 223 223 228 234 233 227 228 233 238 257 278 277 261 246 245 247 249 267 270 250 228 207 196 197 201 211 230 251 254 253 265 278 278 267 263 256 253 247 236 222 217 222 223 218 219 228 240 246 252 257 259
275 273 272 272 273 275 276 281 284 299 314 312 310 312 317 331 341 343 345 345 344 336 337 350 364 366 351 337 330 326 321 318 328 327 305 294 290 279 269 257 249 259 280 293 280 262 243 231 224 226 230 237 238 232 231 233 238 253 274 278 273 261 248 238 228 240 274 270 250 232 200 196 199 202 206 211 221 237 244 246 253 252 251 259 264 262 255 238 223 223 231 232 224 222 220 228 234 239 249 264
282 284 283 280 286 287 285 279 279 290 308 311 324 329 327 324 331 337 343 351 351 341 341 351 361 351 337 327 320 314 310 300 311 307 289 273 271 257 249 247 245 242 252 256 252 248 236 226 228 234 238 243 238 237 241 244 255 277 280 269 261 253 249 240 228 236 262 259 236 223 200 196 202 204 211 226 235 224 225 233 237 237 237 244 260 266 253 237 223 230 238 240 233 224 220 220 226 233 248 263
289 296 296 292 298 302 294 286 293 284 285 287 306 328 340 339 334 336 338 348 355 353 348 350 357 347 331 320 314 304 297 287 289 293 286 272 255 254 259 257 254 249 244 239 235 233 229 228 237 247 250 252 242 245 253 261 272 276 269 257 246 242 237 224 220 220 228 230 217 206 198 196 199 203 214 230 251 254 244 230 229 230 232 238 249 266 251 236 225 236 243 246 240 231 231 227 224 229 242 255
296 306 312 308 308 308 289 297 313 311 304 298 288 310 335 347 345 347 347 354 356 360 357 356 360 350 335 324 320 318 307 291 277 276 276 263 260 274 275 270 265 267 259 253 247 238 230 237 249 264 265 262 248 253 265 274 269 261 254 246 238 234 227 228 227 224 226 230 216 207 204 196 197 204 217 235 260 263 251 236 229 228 232 238 249 267 256 240 229 232 238 251 245 239 240 237 232 231 234 243
305 322 331 326 321 309 292 315 336 344 335 319 299 299 323 341 350 354 357 363 364 363 364 360 359 351 336 326 324 319 299 283 273 267 265 258 276 296 296 288 290 288 279 274 263 239 233 247 264 278 282 271 253 262 278 281 267 268 262 255 247 240 232 242 244 252 262 240 217 216 230 204 198 204 220 241 269 261 248 243 237 232 232 241 249 265 263 247 236 238 238 248 250 249 247 244 240 236 233 243
318 335 347 335 319 303 299 330 351 368 365 340 302 298 314 334 343 340 348 357 370 370 368 360 354 346 336 327 313 299 288 278 269 263 262 265 281 305 320 317 319 312 302 283 257 233 241 256 272 289 296 278 260 271 287 281 274 282 278 271 259 241 245 264 263 275 267 234 220 232 250 228 204 201 224 255 276 260 252 246 239 235 234 243 249 262 264 251 250 247 249 250 250 253 257 251 245 241 239 238
343 350 348 326 309 298 316 345 367 385 385 353 313 291 299 321 319 318 330 348 368 375 373 360 353 342 330 317 302 288 278 271 269 272 272 272 279 300 330 334 324 301 283 263 245 235 249 264 278 299 305 289 268 281 292 293 287 288 289 285 270 249 261 291 290 294 266 234 237 261 260 240 220 206 209 248 285 272 255 249 245 243 237 239 246 259 265 260 257 258 260 258 259 256 261 259 255 254 246 244
361 356 347 327 309 305 329 357 384 401 396 362 326 302 294 306 304 320 330 340 355 376 377 360 344 328 310 299 293 283 277 273 280 284 281 290 292 300 321 326 315 295 273 254 241 237 252 267 285 307 314 299 279 287 300 304 302 296 299 297 281 261 272 304 304 302 266 243 264 276 264 246 226 218 199 234 282 285 265 261 258 255 247 239 243 261 263 255 252 259 265 265 267 266 273 270 264 260 255 252
363 353 340 320 306 319 346 371 397 408 397 356 321 317 305 293 306 326 342 356 363 365 366 357 342 332 330 300 287 288 290 281 293 301 307 317 326 312 291 300 299 291 270 253 240 241 260 279 300 319 322 306 292 285 306 311 310 308 310 314 303 275 270 299 312 305 269 255 283 279 261 239 220 212 201 228 275 298 289 276 273 267 258 244 240 253 249 247 247 253 258 261 266 272 281 280 273 268 263 258
364 356 346 322 318 334 356 386 408 413 400 361 330 337 320 296 308 326 344 364 356 345 342 342 339 349 336 303 306 315 303 300 325 337 345 342 345 314 276 275 275 270 261 251 240 248 264 278 306 328 327 316 302 292 309 313 315 319 320 321 311 300 285 295 319 308 273 268 288 280 256 221 207 199 205 228 268 300 310 291 276 268 262 249 243 247 249 250 250 250 256 257 262 273 284 287 277 274 270 264
363 352 340 321 333 348 373 401 419 415 396 368 352 353 325 300 322 330 339 347 343 326 323 329 332 340 346 340 342 349 317 330 355 372 360 351 341 328 302 266 260 257 251 244 238 250 261 275 305 322 332 322 308 304 320 321 321 328 335 334 323 313 299 310 330 307 278 275 293 285 249 210 200 200 210 229 268 293 305 292 274 267 256 249 251 261 258 256 256 254 257 263 267 274 281 287 282 277 273 264
361 353 343 322 337 358 382 412 427 424 408 392 376 361 334 305 303 312 319 334 336 317 328 337 342 348 356 370 378 367 336 353 367 360 346 338 320 312 310 284 252 248 244 241 240 255 270 282 293 314 338 332 321 315 327 331 334 339 347 346 333 317 304 321 336 305 281 274 287 268 231 203 199 203 213 236 273 288 306 294 272 264 251 245 262 267 266 263 263 260 257 263 272 275 277 282 283 281 277 271
368 363 346 326 341 362 388 408 421 430 421 404 379 354 335 318 304 299 307 322 328 314 333 346 359 366 369 382 391 372 351 353 364 357 333 314 295 284 276 267 252 248 243 239 243 258 265 272 283 317 343 339 327 325 337 344 352 358 355 346 334 318 313 320 326 303 283 264 254 239 219 202 199 209 224 246 272 283 294 286 271 255 243 241 265 270 269 270 271 267 260 260 265 271 272 280 284 280 280 280
372 365 350 332 349 366 382 394 406 421 421 399 367 351 341 329 313 303 303 303 310 313 335 339 344 351 365 390 391 374 363 362 360 350 324 305 306 298 277 267 268 251 243 239 244 251 257 267 282 313 343 343 335 332 343 354 364 361 352 344 342 337 329 323 326 311 288 268 256 242 211 201 200 210 242 258 273 287 297 284 269 249 237 239 262 266 264 266 272 272 268 264 266 267 269 275 279 280 284 286
374 366 353 334 344 363 374 384 399 417 417 391 371 372 354 332 312 315 314 307 304 309 331 335 334 341 362 384 389 379 370 364 356 349 332 318 301 286 287 290 289 257 246 241 242 248 253 263 277 302 333 345 346 343 352 365 365 358 351 353 358 349 342 338 338 323 297 276 258 233 212 201 200 202 223 265 279 286 293 282 261 242 232 236 254 256 256 262 269 275 274 272 273 273 273 278 278 283 290 290
373 367 354 340 346 357 369 380 396 412 414 399 389 378 354 334 319 327 324 321 315 309 333 334 334 344 356 371 387 381 370 363 358 349 336 315 302 306 307 311 301 264 250 246 243 248 257 280 303 307 331 342 360 359 359 376 369 366 362 361 365 365 360 348 360 343 313 291 263 242 219 204 201 202 200 237 284 287 285 275 252 234 227 239 242 245 248 255 263 274 278 280 279 280 279 278 281 288 293 293
367 365 354 349 359 361 370 382 396 412 419 413 403 383 367 351 337 337 336 333 321 321 334 334 334 334 341 368 381 380 376 372 360 349 340 324 318 324 323 315 286 259 251 247 245 252 263 292 325 308 319 341 374 374 371 381 378 376 374 372 381 383 362 360 368 357 335 307 283 261 232 213 206 203 200 231 270 290 280 270 244 231 227 252 252 250 252 259 266 273 278 281 281 278 281 282 285 288 290 292
358 362 359 360 364 371 381 392 404 417 426 427 419 409 396 382 359 338 325 320 322 333 334 334 334 334 337 359 370 366 375 384 378 360 342 330 329 322 304 286 266 252 247 245 251 262 277 296 327 326 337 372 392 390 381 387 390 386 383 381 383 376 363 370 368 351 332 323 312 283 246 223 223 216 201 239 277 288 279 263 242 227 225 250 260 257 258 265 268 266 260 265 263 266 267 279 277 275 278 285
339 356 357 360 369 381 397 402 408 416 424 427 425 421 413 386 351 329 328 335 335 334 334 334 334 334 336 356 365 357 356 373 387 376 351 316 307 293 277 267 254 254 250 250 259 273 299 312 335 351 353 389 397 395 391 391 396 397 389 378 373 369 371 379 365 354 355 346 328 300 262 237 239 217 207 254 287 290 277 258 241 224 224 256 262 265 261 261 257 250 236 242 242 254 260 270 266 258 264 279
335 357 355 352 361 377 394 401 404 407 413 415 414 415 413 391 356 337 338 342 334 334 334 334 334 334 337 354 359 351 348 367 383 380 338 289 283 275 267 259 256 261 250 253 262 278 305 329 355 384 374 383 401 407 401 402 408 406 396 385 378 376 377 373 363 358 352 341 328 310 278 258 243 210 220 266 292 285 274 251 233 225 219 245 267 269 248 239 235 233 224 225 228 234 249 262 258 250 256 269
349 362 361 348 353 380 388 395 395 394 400 401 398 402 407 395 370 352 349 347 335 335 335 334 334 334 334 335 339 340 342 358 374 370 326 305 294 271 262 260 258 253 250 256 272 288 308 334 367 400 395 394 406 414 411 417 414 399 390 383 379 377 376 373 362 347 338 332 328 324 294 268 239 205 230 274 290 273 254 242 224 217 219 237 262 268 240 222 221 217 217 217 219 225 240 250 250 244 254 261
349 361 355 344 355 392 393 387 387 379 390 389 378 386 391 388 386 373 363 351 338 335 335 334 334 334 335 342 348 353 348 352 361 367 331 326 323 281 267 267 264 256 253 258 281 308 315 338 364 396 403 415 432 432 420 418 407 397 393 387 382 380 371 363 352 336 323 325 329 324 300 270 235 202 215 239 246 227 219 227 213 215 225 241 262 266 243 217 213 218 222 225 224 223 228 233 244 240 241 251
344 348 335 341 379 399 391 384 387 372 381 377 361 368 377 377 383 379 373 357 340 334 334 334 334 334 341 361 366 359 359 358 361 361 345 339 312 285 275 279 269 258 254 261 269 288 312 323 357 385 405 432 445 436 425 412 406 405 398 390 385 380 366 348 340 326 318 333 333 317 290 255 213 201 205 211 213 207 205 215 227 224 239 249 268 252 240 218 215 231 236 239 239 233 227 226 230 235 237 238
329 320 323 367 395 405 391 376 381 362 371 365 349 360 364 373 381 370 368 351 336 334 334 334 334 334 335 363 383 369 372 372 368 363 363 347 330 298 286 279 267 264 256 265 280 290 320 331 362 392 420 425 430 428 419 410 411 407 400 393 386 380 362 343 325 302 292 295 301 287 254 217 205 211 211 207 210 216 207 233 242 234 238 245 264 238 219 214 212 227 238 248 254 247 236 234 237 238 239 238
299 300 317 364 359 368 377 348 355 347 347 342 345 347 357 370 380 369 350 344 336 334 334 334 334 334 334 346 382 383 379 389 383 387 380 358 325 295 283 273 267 262 257 269 302 307 304 318 347 390 413 411 417 418 414 402 400 398 394 388 382 375 358 341 323 309 289 268 248 246 221 207 222 231 240 225 233 230 210 225 229 220 215 218 222 211 208 209 209 223 231 238 253 265 248 240 248 248 247 239
295 313 314 324 318 320 335 319 322 325 326 327 335 337 353 365 378 375 364 358 343 339 343 337 334 334 334 335 356 386 387 398 400 399 389 373 340 316 299 285 279 266 261 275 287 314 317 313 340 390 399 399 403 406 406 390 384 382 380 377 373 365 354 349 345 339 326 302 249 219 207 218 245 265 276 272 285 247 220 212 209 208 206 207 207 212 217 213 210 219 240 255 252 263 263 248 252 260 253 242
296 313 329 334 338 337 341 337 326 328 322 323 325 332 346 360 375 381 376 368 353 345 350 345 336 334 334 334 337 357 386 404 411 399 381 377 372 337 312 294 285 267 269 309 316 311 332 330 348 378 386 402 400 396 393 383 379 377 376 374 374 374 366 354 343 336 330 312 256 218 209 236 276 301 318 320 302 272 240 231 215 211 211 212 215 235 229 213 210 216 228 253 261 262 270 258 256 262 257 250
298 307 322 341 344 345 349 339 335 345 333 332 330 331 347 362 377 384 384 377 365 353 352 346 340 335 334 334 334 336 358 386 397 382 339 327 327 309 289 280 274 268 268 299 335 333 358 360 357 372 394 413 405 393 389 388 384 382 382 377 369 362 352 338 328 324 317 292 241 212 218 253 296 328 337 323 307 284 257 239 220 223 221 221 226 247 228 211 212 217 227 250 267 269 275 270 265 264 262 259
298 304 315 327 328 343 354 350 351 353 348 349 338 333 348 367 379 384 384 379 369 364 356 352 348 337 335 337 336 334 338 352 365 369 352 335 327 304 285 277 269 263 264 276 308 328 351 380 384 397 412 422 417 411 395 388 380 369 364 355 345 336 328 320 311 303 290 260 221 209 232 260 303 342 339 318 301 285 260 239 229 237 239 243 238 234 215 215 221 224 236 260 274 279 281 280 274 272 268 266
301 301 306 309 318 341 360 363 362 363 358 354 343 336 358 373 381 385 386 384 380 373 362 352 347 348 343 339 340 339 337 339 347 348 351 363 379 342 300 292 275 269 270 270 279 305 332 368 402 423 427 424 413 409 381 371 359 352 344 333 323 313 304 299 283 281 280 254 217 213 235 264 310 341 336 316 301 287 263 239 244 257 262 264 254 229 216 213 232 233 247 269 275 279 280 281 279 276 272 271
308 306 305 312 321 349 366 375 375 371 367 359 353 341 353 370 378 384 393 397 394 375 361 353 361 359 350 351 350 361 358 346 344 346 354 369 381 354 322 308 292 283 281 278 275 295 323 369 407 427 428 413 402 392 373 358 346 336 327 321 315 315 305 289 268 280 296 259 222 210 237 274 318 341 343 318 301 287 264 247 262 277 285 279 263 235 221 214 219 223 239 263 268 275 275 275 268 269 267 271
321 314 308 315 335 355 372 380 383 376 373 368 363 355 344 359 371 396 417 428 424 388 372 364 375 368 389 395 369 388 397 377 362 355 356 370 385 364 333 313 303 295 285 275 275 291 320 373 411 425 420 404 395 386 370 351 342 333 330 341 342 331 303 290 265 271 288 249 220 210 245 294 321 344 350 321 301 285 268 256 280 301 298 285 264 238 224 221 214 213 224 249 260 267 270 268 258 261 264 269
324 323 313 316 339 371 382 388 395 383 378 377 372 364 348 354 366 389 409 418 433 409 384 393 425 420 432 422 385 410 414 400 393 383 370 369 381 368 338 316 303 291 282 280 277 290 340 361 382 410 415 408 395 375 359 362 356 344 338 326 314 303 289 284 269 242 243 225 208 222 269 302 319 341 355 323 304 283 267 270 290 299 295 278 267 242 239 245 219 213 218 242 258 261 260 260 251 262 267 268
318 323 319 318 338 382 399 397 400 399 385 382 378 368 361 356 369 399 422 415 431 429 411 429 455 449 436 417 414 417 427 423 417 417 395 382 392 392 376 358 343 318 299 288 281 286 312 333 358 386 403 399 383 363 345 360 366 361 354 339 312 293 283 279 272 225 209 208 219 257 297 315 325 336 349 320 297 285 280 272 283 284 277 259 248 236 240 234 217 213 216 239 258 258 244 247 256 267 265 266
314 319 328 332 356 385 393 391 397 403 403 390 385 379 377 366 371 404 440 425 434 444 441 442 450 442 434 427 422 421 432 437 443 441 401 398 404 400 393 381 362 336 311 299 283 293 305 315 338 380 388 384 371 354 337 334 348 357 352 338 313 302 288 272 246 208 213 226 256 295 332 351 352 344 340 320 303 299 293 280 283 279 271 257 252 240 236 236 219 213 217 234 254 256 239 256 264 269 261 262
316 323 345 357 354 360 383 383 389 396 407 406 405 409 406 383 379 413 450 456 456 459 452 448 444 439 435 432 430 430 438 447 457 445 417 401 397 392 385 360 349 349 331 303 284 289 297 310 351 385 380 372 363 349 332 316 316 320 313 299 280 278 291 273 247 208 231 263 282 315 346 356 365 350 336 322 308 305 295 293 292 294 286 274 268 259 259 244 220 213 216 225 241 250 236 259 262 264 256 260
321 325 343 367 388 358 364 367 371 379 392 405 427 441 439 407 398 437 452 462 459 459 457 455 453 453 450 448 440 433 431 441 457 447 427 410 397 393 382 357 332 344 327 301 290 295 307 332 379 388 377 367 359 350 333 316 301 297 291 281 276 267 300 283 249 210 246 275 297 334 349 360 365 354 349 339 320 307 308 306 309 306 291 285 272 261 265 251 222 214 214 218 226 232 240 257 252 254 248 253
328 332 345 377 403 370 373 382 374 384 388 404 438 456 447 423 431 441 454 451 456 460 464 465 462 470 471 448 438 432 425 432 450 452 434 421 416 405 394 362 314 337 318 301 295 307 329 377 398 387 377 374 366 352 333 318 313 307 299 306 313 270 272 278 252 212 247 277 306 343 356 361 360 362 356 338 322 318 321 320 321 302 291 280 265 253 254 254 229 218 214 224 251 245 248 256 244 242 239 239
336 355 385 393 406 380 376 402 408 418 406 425 448 463 462 443 451 455 462 462 458 460 465 471 475 484 483 450 448 440 419 426 450 450 444 445 432 419 406 346 330 343 318 307 310 320 341 400 402 391 385 383 372 353 336 330 341 341 333 329 323 283 252 258 245 210 248 278 302 333 349 348 365 363 345 335 331 332 331 333 320 304 293 277 263 247 236 236 223 218 215 225 257 255 250 254 238 233 234 235
343 359 395 399 408 400 375 404 414 425 418 425 438 453 462 466 466 474 469 464 465 476 475 486 485 491 485 469 453 439 417 424 441 456 462 448 454 436 421 407 372 349 338 327 332 344 376 414 410 397 391 387 374 356 338 333 319 306 297 302 299 273 250 237 224 212 251 281 293 311 327 362 375 365 349 344 343 347 344 336 318 304 289 274 259 240 233 242 229 220 216 222 259 255 236 231 230 232 240 243
359 347 386 404 415 414 388 393 418 424 427 433 457 470 466 474 478 490 479 464 472 503 492 478 475 485 488 484 477 459 425 422 423 466 479 469 466 450 440 400 378 374 367 354 347 367 415 440 420 405 398 381 365 349 331 315 298 278 247 255 259 244 223 212 210 222 252 300 317 313 340 377 397 368 358 353 356 355 345 331 313 291 275 259 247 239 244 255 235 224 217 218 240 255 232 230 241 242 251 251
344 342 363 403 423 424 415 408 402 409 419 440 471 462 459 474 482 481 475 460 475 498 480 454 460 474 480 484 484 455 411 420 452 486 487 481 475 465 444 393 375 377 376 369 356 370 414 437 416 401 390 374 356 341 325 308 287 234 220 220 215 213 211 227 222 238 260 291 329 324 363 384 397 370 363 362 365 356 341 325 301 279 261 252 251 248 253 257 243 227 217 217 224 230 229 238 251 254 258 258
375 364 372 388 405 431 434 411 406 413 435 449 460 458 453 454 458 468 458 451 476 485 465 448 456 465 460 475 469 444 400 429 485 490 489 483 476 462 401 385 375 379 381 369 349 357 390 416 407 395 375 361 349 334 319 302 264 218 230 257 251 239 240 254 234 252 279 314 354 336 365 350 383 368 362 362 349 335 323 299 279 265 262 261 258 258 259 260 255 233 217 217 223 236 234 243 248 255 261 264
367 367 375 408 429 442 445 421 422 428 438 461 472 461 454 453 450 450 447 460 477 461 450 442 440 438 436 452 450 428 388 424 464 481 482 483 476 452 410 393 378 370 373 343 327 330 346 365 390 392 368 351 340 330 311 271 236 213 221 267 298 288 273 268 256 279 318 358 364 347 368 378 378 367 362 349 329 308 294 282 273 270 272 269 273 263 257 255 257 240 219 217 224 246 242 237 245 255 261 258
391 387 397 434 450 457 459 449 446 450 462 469 475 467 462 463 451 438 441 461 476 467 455 451 434 417 409 420 425 411 366 408 443 448 454 453 449 434 420 414 400 374 335 303 286 312 314 331 352 368 367 343 318 292 252 228 216 217 221 260 282 281 290 294 298 338 366 369 374 363 361 382 377 371 371 359 337 313 293 282 275 271 275 276 273 263 254 245 248 248 229 219 219 239 248 245 249 253 252 249
408 421 433 451 466 469 467 477 472 468 467 472 475 474 472 466 452 433 442 456 471 459 452 452 441 417 387 374 366 370 343 368 404 415 406 410 428 435 435 426 410 385 311 287 301 292 287 293 311 332 326 295 265 240 219 222 241 268 242 234 256 273 294 318 352 366 371 375 384 381 356 370 376 377 382 366 341 314 291 278 270 264 266 265 262 261 257 250 239 244 238 226 220 225 250 248 248 249 243 235
413 449 456 459 472 480 484 486 485 480 474 476 482 482 476 461 450 431 442 462 455 441 434 429 414 400 374 357 369 359 339 324 324 340 332 367 413 437 435 425 410 367 312 305 326 290 264 262 274 286 277 256 235 217 224 252 287 291 247 236 254 273 304 354 368 373 374 378 385 389 370 362 373 387 384 356 327 301 286 277 269 262 255 252 246 244 243 241 236 238 240 228 221 220 237 234 232 234 235 229
411 430 450 465 476 483 484 481 477 475 475 483 492 491 480 455 438 420 430 464 432 426 406 380 369 361 368 403 405 407 393 362 348 335 309 337 395 429 426 415 402 382 355 337 317 285 251 240 246 246 241 227 217 218 259 294 318 279 250 240 261 286 333 357 369 375 367 370 378 390 384 375 381 395 370 344 316 298 288 278 270 265 257 249 251 256 253 245 237 230 228 226 225 222 221 222 220 223 224 222
417 441 460 465 475 482 480 473 469 469 481 491 500 501 491 451 410 408 406 419 373 404 377 394 402 388 403 415 420 409 398 402 402 397 361 309 343 380 404 396 384 358 349 330 304 271 242 230 235 228 222 215 215 224 256 298 324 289 256 246 270 299 337 345 369 362 358 359 365 383 393 391 389 393 360 335 314 298 289 280 278 268 260 253 264 267 265 253 243 237 238 235 230 222 222 229 223 222 222 222
435 462 465 472 482 489 484 472 468 467 480 482 491 493 483 460 394 387 403 397 374 379 378 415 422 430 435 428 425 413 412 412 413 415 403 355 305 299 341 367 360 338 302 267 274 251 243 224 222 217 216 215 217 244 272 311 330 289 260 248 268 304 323 340 359 351 351 349 354 374 390 399 402 401 371 342 318 303 295 286 278 269 259 265 276 280 277 261 253 247 248 240 234 224 226 242 229 229 237 230
451 448 460 479 500 495 494 480 465 458 463 470 476 475 464 446 433 388 378 392 371 379 379 412 427 442 443 436 429 425 423 422 423 424 420 388 363 320 292 293 290 278 265 271 271 293 249 227 255 241 225 218 229 266 303 346 353 305 276 255 261 297 309 330 346 340 340 341 348 362 380 395 405 404 383 355 326 308 300 287 274 267 264 279 290 289 280 270 260 255 254 245 233 223 229 250 235 239 248 239
436 437 451 474 489 482 476 469 456 450 450 455 462 454 446 429 418 407 400 391 389 395 379 408 430 449 452 449 442 440 436 434 432 430 424 414 391 363 347 329 307 281 293 312 325 330 282 231 267 267 254 243 258 285 334 373 370 345 313 281 260 281 297 307 325 324 325 333 344 355 370 385 396 398 389 368 337 308 297 285 274 269 275 296 299 295 288 280 263 261 257 243 230 223 228 253 246 247 256 249
438 442 471 490 492 489 484 478 454 448 442 436 435 432 425 418 412 411 400 385 382 375 386 407 421 442 459 461 454 455 449 443 437 430 420 411 397 383 372 354 320 317 347 348 351 335 276 235 268 271 273 268 294 329 381 401 382 353 325 300 275 274 286 298 321 329 329 332 340 351 365 379 388 389 387 372 345 319 298 283 280 277 290 308 307 302 294 284 268 260 254 237 229 225 228 251 257 245 254 258
441 460 487 492 493 490 486 483 460 457 453 442 439 441 440 436 425 406 390 389 396 386 400 413 421 446 466 468 463 459 454 444 436 428 414 394 378 364 353 335 325 358 377 378 375 326 265 228 272 264 272 298 344 383 408 404 379 357 335 302 280 284 290 312 327 339 343 345 343 349 363 374 384 384 383 372 338 312 297 293 289 291 303 312 310 304 295 284 269 259 248 242 230 225 229 246 265 254 252 262
457 474 485 486 480 471 464 454 450 450 453 450 452 458 450 444 420 399 405 403 403 390 388 405 417 455 469 469 460 454 448 433 423 403 391 382 369 363 356 338 355 382 402 392 372 314 240 249 258 249 277 333 379 402 398 385 365 345 322 297 290 304 316 322 332 342 350 354 354 352 360 374 383 385 377 367 339 319 313 314 310 309 312 311 305 298 290 275 264 260 253 238 227 226 232 243 262 261 259 259
472 474 465 457 452 449 445 439 437 438 442 447 450 442 431 411 394 407 420 411 405 386 403 402 424 451 457 455 447 439 431 418 406 403 400 391 397 397 374 346 381 410 422 407 364 295 239 238 234 246 286 340 394 393 381 362 341 324 306 294 300 312 327 331 342 350 354 359 362 360 361 372 383 386 386 380 360 335 334 336 327 321 316 308 297 287 277 263 254 260 250 233 227 228 239 256 274 265 266 264
457 452 446 444 440 435 433 431 438 430 436 446 440 421 412 408 404 427 432 428 404 387 399 423 441 448 450 446 439 429 424 426 431 423 411 403 406 390 368 361 396 425 439 438 406 333 293 256 229 250 286 342 386 382 367 347 334 324 312 301 308 317 336 344 355 364 366 368 370 368 369 375 381 383 387 390 373 348 350 350 335 325 320 310 296 281 266 254 246 249 243 233 228 231 249 275 276 268 269 271
448 449 443 434 433 431 430 429 428 419 417 419 413 411 420 421 434 445 432 430 397 392 410 441 447 450 449 443 436 433 438 440 439 430 420 415 405 382 377 386 418 437 457 467 445 397 354 272 237 256 287 360 384 378 365 353 346 335 321 310 316 323 341 356 361 374 377 379 382 380 378 379 383 384 383 385 380 352 358 356 339 329 322 311 296 283 264 252 251 245 235 230 229 240 265 286 277 272 273 274
443 451 445 432 434 435 431 425 419 416 419 425 424 430 440 435 432 442 437 424 404 413 430 438 445 450 451 451 451 450 451 448 446 439 433 420 404 390 402 413 427 441 460 461 436 385 329 245 285 295 296 343 385 388 374 363 352 339 327 320 324 330 340 358 368 372 376 381 388 390 389 388 387 387 385 383 381 367 370 359 341 330 320 307 293 278 264 257 257 249 236 229 233 253 284 290 279 277 276 273
439 448 441 430 427 426 424 425 421 431 439 438 437 433 438 444 447 452 443 418 416 420 432 444 454 459 463 469 474 476 475 468 457 447 433 417 402 405 415 425 433 448 454 434 408 372 319 256 288 298 289 309 355 391 382 369 357 346 338 329 327 330 337 342 357 365 371 377 385 394 397 397 397 400 403 404 401 377 382 366 341 329 317 303 292 276 263 264 256 243 234 230 237 257 286 291 280 279 278 273
428 436 436 430 428 431 438 435 429 425 431 436 443 442 444 452 459 454 441 429 432 425 431 451 472 481 487 496 492 490 478 466 457 447 430 417 411 414 420 423 427 436 433 401 374 353 322 243 283 280 270 279 307 350 367 367 358 349 341 329 316 318 324 324 336 344 354 367 377 384 393 404 411 419 424 420 401 395 402 367 339 325 311 295 281 268 258 271 266 246 236 231 239 264 291 293 280 277 276 270
417 431 437 437 436 436 440 437 434 431 431 443 447 447 452 461 460 443 435 437 443 433 436 453 473 488 495 491 480 475 464 452 443 439 431 421 423 424 419 413 412 406 395 373 351 332 311 264 235 263 257 254 266 293 312 333 345 342 339 325 297 297 307 316 325 335 347 360 372 381 392 408 423 426 418 414 415 408 395 367 337 319 302 286 272 261 254 277 276 250 237 232 240 267 302 293 281 277 273 266
399 426 441 439 438 440 446 446 445 438 438 437 439 443 451 457 450 436 431 442 451 443 445 456 468 480 484 473 465 458 451 442 437 442 436 422 407 387 377 363 359 359 361 355 340 324 301 275 229 250 244 234 234 249 266 285 301 301 302 287 285 303 318 322 327 336 349 368 382 388 398 412 418 409 414 408 391 376 370 354 330 311 288 275 262 254 250 257 272 253 235 233 240 265 303 293 280 279 271 266
400 419 433 436 439 442 448 450 448 445 448 448 443 446 457 460 448 436 428 434 451 459 464 466 480 482 475 466 461 453 444 431 412 418 419 399 366 343 331 320 319 325 331 328 302 312 305 283 244 231 227 232 236 237 242 253 264 264 266 271 289 307 315 322 330 342 362 381 390 400 408 416 403 406 387 365 358 346 340 334 314 292 278 273 265 255 250 250 250 247 240 237 237 258 291 292 277 274 270 270
