# 100 100
196 196 196 197 201 209 215 208 205 205 203 205 224 231 235 247 247 240 233 228 234 238 240 240 251 236 234 236 236 237 237 235 232 233 227 224 218 213 209 208 206 206 204 203 202 203 206 210 208 205 209 214 215 215 211 208 208 208 207 207 207 207 207 208 207 207 208 211 214 216 216 215 214 212 213 214 215 214 213 213 214 217 219 220 218 217 221 225 227 228 226 221 217 215 217 222 225 228 232 242
197 196 196 195 198 208 210 202 201 203 203 208 224 233 239 245 245 238 229 227 230 235 236 236 236 236 235 236 238 242 242 248 246 242 231 224 218 213 211 208 206 204 203 203 202 205 212 215 210 208 206 210 212 212 211 215 215 213 209 208 209 209 208 208 209 208 207 209 210 211 212 211 211 211 211 212 214 212 211 213 213 214 215 216 216 216 217 221 223 223 224 219 215 218 219 219 222 229 232 241
198 196 196 195 196 201 202 202 205 204 205 208 220 231 237 235 239 232 225 227 228 230 232 233 233 234 235 236 238 245 247 250 247 243 232 221 217 213 210 208 204 203 203 202 202 210 216 217 215 211 206 207 208 210 211 217 218 216 210 210 213 212 209 208 209 209 208 208 209 210 211 210 209 210 210 210 210 211 211 211 211 212 213 214 216 217 217 219 221 218 219 217 216 221 224 223 220 224 225 229
198 197 195 195 195 197 199 204 207 206 208 208 218 231 231 225 221 225 230 231 229 228 230 230 231 231 234 239 241 247 251 251 241 239 233 227 228 219 211 207 204 203 202 202 207 213 215 216 214 211 207 209 209 209 210 212 217 217 211 210 211 210 209 208 207 210 208 208 209 209 209 209 210 212 213 213 214 215 217 216 213 212 212 213 214 214 216 219 217 215 215 215 217 221 224 226 223 221 222 224
198 197 194 195 195 196 203 203 206 207 211 212 221 228 224 218 227 230 231 231 231 229 230 232 234 235 239 240 244 252 256 251 237 227 229 228 229 217 211 206 203 202 201 204 209 212 213 214 212 210 208 211 211 211 211 211 215 217 212 211 212 212 209 207 210 210 209 209 208 209 210 211 213 218 219 219 220 223 223 220 215 215 215 214 213 213 215 215 214 214 215 216 217 219 223 229 227 224 222 224
199 197 196 195 195 199 207 210 208 206 209 216 223 224 216 218 228 225 226 235 235 232 231 233 237 240 245 244 246 253 255 242 231 220 219 220 221 214 209 207 204 202 202 205 209 211 211 211 211 211 210 214 213 212 211 212 211 212 210 212 216 215 210 207 210 210 212 213 213 212 213 215 219 225 226 227 226 227 223 220 218 218 218 216 218 218 215 214 214 215 217 217 218 221 226 232 229 224 223 225
200 198 197 196 196 199 208 216 213 209 210 219 223 223 212 217 219 220 223 234 236 237 234 233 238 242 246 244 248 251 244 228 220 218 213 215 218 213 209 206 204 202 202 205 209 209 208 209 211 210 211 215 214 213 212 212 212 210 210 213 220 218 211 207 209 213 216 220 218 216 215 219 225 231 232 232 232 230 227 225 221 221 223 224 224 224 219 215 215 216 217 218 221 226 232 235 231 226 225 227
200 199 197 196 196 200 211 216 212 212 212 220 219 220 211 212 210 213 221 225 230 238 236 233 237 241 245 244 250 247 233 217 213 211 211 215 221 218 212 205 206 203 202 204 205 205 206 207 209 209 210 214 216 214 213 213 213 210 210 212 218 218 212 209 209 212 218 222 222 220 219 220 225 232 235 234 235 234 231 227 223 224 228 228 229 227 222 216 216 217 217 219 224 230 237 236 232 229 233 234
200 200 199 197 196 200 203 206 206 213 214 218 214 211 210 207 210 217 216 218 221 229 233 231 234 239 242 241 240 239 230 216 209 207 210 220 229 215 212 204 205 202 202 204 204 204 205 208 212 210 210 211 215 215 215 216 215 213 211 212 215 216 212 211 211 210 212 216 220 223 223 223 225 230 234 233 233 234 232 229 228 230 233 231 233 230 223 217 216 219 220 222 228 235 238 236 233 233 241 244
202 201 199 198 197 199 203 201 203 208 212 212 210 205 206 210 212 222 222 222 222 223 226 229 233 235 237 234 223 226 219 211 206 205 209 218 220 203 202 203 202 201 202 207 209 205 204 207 212 211 208 209 211 213 216 218 216 214 214 215 215 214 213 212 212 210 212 214 216 217 218 220 223 227 229 228 229 234 237 236 233 234 236 233 234 231 225 220 217 219 222 224 231 239 239 237 236 236 239 245
202 198 197 198 197 203 209 207 205 206 208 207 204 204 210 217 213 220 227 229 230 231 232 233 234 236 229 216 212 212 205 203 202 203 205 209 205 201 201 201 201 201 205 211 210 205 205 206 207 208 207 208 209 211 214 216 218 219 218 218 217 215 214 214 215 212 211 213 213 213 214 216 217 220 221 224 227 233 239 244 242 239 239 236 233 229 224 221 218 218 220 223 230 237 237 238 240 242 242 247
197 196 197 196 196 204 210 211 208 206 207 203 202 208 216 220 220 220 228 233 239 242 245 241 240 230 219 212 213 203 199 199 199 200 202 203 200 202 204 206 203 203 205 209 210 205 205 206 206 207 209 210 210 211 212 215 219 222 223 221 218 215 215 215 216 215 212 212 213 213 213 214 216 217 220 226 229 235 240 251 253 248 245 237 230 227 224 221 219 218 219 222 226 231 232 237 242 246 250 253
196 196 196 195 195 202 208 209 209 206 207 204 205 212 223 225 225 222 229 234 239 245 246 246 241 230 218 215 219 203 201 203 203 202 204 208 210 208 210 214 210 210 209 206 208 205 204 205 206 206 210 215 213 212 212 213 216 220 224 222 220 219 218 217 216 214 213 214 215 217 215 213 215 220 220 223 228 232 239 248 253 252 253 244 235 233 228 222 219 218 219 221 224 226 229 232 237 243 248 249
195 196 196 195 198 199 203 203 203 202 202 204 208 217 229 230 227 226 228 233 237 242 244 240 235 230 225 221 223 204 201 204 208 210 216 224 220 214 216 220 216 214 212 207 205 204 204 205 205 208 216 220 217 214 213 215 217 220 224 226 227 224 222 220 218 216 216 216 217 219 217 213 213 215 217 219 221 227 237 240 244 249 248 248 239 234 228 221 220 219 220 221 222 223 226 229 232 235 239 242
197 199 197 196 200 199 199 200 202 200 203 209 214 225 235 235 233 229 232 236 242 243 239 231 230 227 222 221 222 208 199 204 208 211 220 229 230 220 223 221 215 212 210 207 206 204 205 205 207 216 224 224 221 218 214 215 218 221 224 228 230 229 227 224 221 220 220 220 221 222 221 217 215 214 214 216 218 222 227 231 241 249 243 240 235 229 226 223 223 222 220 222 221 224 225 228 231 235 243 251
197 197 197 195 195 197 200 202 203 205 209 216 221 229 237 239 239 233 235 240 246 241 229 225 227 223 222 218 217 208 198 202 207 214 220 227 230 227 227 222 215 213 210 209 207 206 205 206 210 225 230 228 224 220 216 215 218 221 224 226 230 232 236 232 231 230 228 224 230 235 230 224 218 217 216 215 216 219 223 228 235 240 247 241 233 229 227 227 226 225 221 221 222 224 227 229 231 236 244 252
195 194 195 194 195 198 203 204 204 207 211 217 222 228 236 238 244 240 236 237 239 230 225 226 223 216 218 219 212 208 199 200 205 212 221 233 239 239 229 222 217 214 213 213 210 208 207 208 213 229 233 228 222 218 216 217 221 223 224 226 229 231 238 243 242 240 236 235 235 241 241 230 222 219 220 219 216 217 220 224 230 230 238 240 234 231 235 235 231 226 222 220 222 224 226 228 231 235 244 257
195 195 195 196 197 197 200 203 206 207 208 212 218 222 227 232 241 244 237 230 227 222 222 227 219 215 208 210 207 206 203 199 202 210 221 237 245 245 228 221 217 219 219 217 213 210 209 209 213 225 232 229 225 223 219 217 223 226 228 231 233 233 238 243 244 244 243 243 242 242 241 234 227 221 221 223 220 216 218 222 227 224 228 231 229 229 237 238 234 226 223 223 225 224 224 226 230 234 240 247
194 194 194 196 197 196 197 202 209 207 206 211 215 220 225 229 234 240 235 226 222 218 222 230 220 210 203 208 223 206 203 198 199 207 216 226 236 242 226 214 215 224 223 217 212 209 209 209 211 222 235 237 235 232 225 219 222 228 229 231 233 232 233 238 243 246 245 243 240 239 237 235 231 225 222 220 220 219 217 218 220 221 224 225 226 224 226 228 226 225 226 229 228 227 226 228 232 236 239 239
195 195 198 200 198 196 197 199 208 209 204 210 211 217 222 224 226 228 230 222 216 211 216 224 217 205 201 203 205 199 201 200 198 201 203 205 209 220 215 208 214 222 219 213 209 207 207 207 209 214 227 239 240 238 232 226 221 223 224 226 228 230 234 241 246 247 244 240 236 233 232 230 228 225 223 224 225 222 221 218 217 220 223 224 226 222 223 223 224 226 228 231 231 230 228 229 233 237 238 237
195 198 202 205 202 198 197 196 204 209 202 203 205 209 214 215 217 214 214 216 215 210 210 216 213 205 200 200 199 198 197 199 202 200 207 214 204 207 205 209 216 216 211 208 206 205 205 207 209 211 215 223 237 241 238 234 228 225 225 224 227 232 236 242 248 250 246 241 237 232 231 229 226 227 228 228 228 225 222 221 218 218 221 223 222 221 224 225 224 224 226 229 232 231 229 229 231 232 233 234
195 198 202 203 204 201 199 195 197 201 201 199 199 201 203 206 208 211 207 206 212 209 208 210 206 205 199 197 199 202 205 212 209 207 214 220 209 202 203 207 211 210 207 205 205 204 205 206 208 210 211 215 225 239 241 238 235 232 229 227 228 231 234 238 245 251 249 245 240 238 236 234 229 233 234 233 228 224 222 223 221 218 219 221 220 221 223 225 228 226 225 227 229 229 228 229 231 232 233 234
195 198 203 205 206 202 201 197 196 198 200 199 198 198 199 200 204 206 205 201 202 203 202 204 202 200 195 198 200 207 212 218 214 211 216 219 209 207 209 203 204 206 204 204 203 204 204 205 207 209 210 213 217 227 241 241 238 235 231 231 231 229 234 240 247 254 256 250 245 246 242 238 233 236 235 233 228 224 225 225 223 220 220 222 221 222 224 226 229 228 228 228 228 228 229 232 234 235 237 239
195 199 208 213 212 208 203 197 196 197 198 199 197 197 197 198 200 200 199 198 198 198 198 199 200 197 195 197 200 205 214 219 218 216 215 212 210 210 206 202 202 203 203 203 203 204 205 206 207 209 212 213 216 220 234 243 240 237 233 233 232 232 234 240 252 259 259 253 256 252 250 243 238 237 237 233 227 225 226 227 225 221 220 224 224 225 226 228 230 230 230 231 233 232 230 236 238 240 243 243
196 200 210 218 218 214 207 201 196 196 197 197 198 199 199 197 197 196 197 195 195 196 197 197 198 195 198 199 205 211 213 219 219 215 213 212 212 207 203 202 202 203 202 203 203 204 205 206 208 211 214 215 217 220 231 245 242 239 236 234 234 237 236 240 250 260 261 261 262 258 253 247 241 241 238 233 227 225 226 229 227 222 221 224 225 227 229 229 232 232 233 234 236 234 232 240 243 245 249 250
198 201 210 219 224 220 213 208 200 196 197 197 199 201 200 198 196 197 198 199 198 196 195 196 197 198 202 211 219 218 218 218 216 214 214 214 209 205 202 202 202 202 202 203 203 204 205 206 209 214 218 218 219 224 231 246 245 241 238 236 236 240 240 241 249 258 263 263 261 255 252 248 244 241 235 230 228 227 229 234 233 225 221 225 226 227 230 231 233 234 235 239 237 234 232 236 241 245 249 253
200 203 210 219 225 226 223 215 207 197 196 197 197 197 197 196 196 198 198 199 201 202 198 197 198 201 212 221 219 216 215 214 213 214 215 213 210 205 202 202 203 202 203 203 204 205 206 209 212 218 222 222 226 238 234 248 247 242 240 238 238 242 244 248 253 254 259 263 262 260 257 248 243 240 234 231 233 231 230 231 232 226 221 225 227 228 231 232 234 235 238 240 239 237 235 237 238 241 246 251
203 207 213 222 225 223 221 214 208 205 198 196 196 197 197 198 197 198 199 200 200 202 204 201 205 211 217 218 214 211 209 209 211 212 210 209 208 205 203 203 203 203 204 204 205 207 209 213 218 223 232 235 232 244 242 246 249 244 243 242 240 244 250 256 260 260 261 263 262 259 251 244 239 236 233 236 238 234 229 227 225 223 222 225 227 228 230 233 234 236 240 240 242 240 239 239 240 244 248 251
206 209 215 223 224 220 217 213 212 213 209 205 208 206 203 201 199 198 200 202 201 201 205 207 211 216 220 217 212 208 208 209 210 209 206 205 204 204 203 203 203 203 204 205 206 208 212 218 223 235 244 244 239 246 249 247 250 249 249 246 245 245 249 254 258 261 262 261 260 257 251 243 240 237 236 238 240 238 234 230 227 223 222 223 224 224 225 228 232 236 239 242 244 245 243 241 242 246 252 256
207 207 213 220 221 218 214 214 217 217 215 215 217 217 214 207 202 200 200 203 203 204 203 204 211 218 219 211 208 208 208 208 207 206 205 204 203 204 204 203 203 204 205 206 207 209 211 218 225 241 247 250 247 251 251 253 256 257 258 255 255 251 249 253 257 261 261 256 253 251 248 241 239 237 239 241 244 245 242 238 231 225 223 223 225 223 224 226 231 235 239 243 246 247 247 244 244 247 252 258
202 203 206 211 213 213 210 213 216 216 214 213 214 215 216 215 207 202 202 204 205 205 205 203 206 214 209 207 210 215 213 208 207 206 205 204 203 203 204 204 205 207 207 207 208 209 211 218 224 239 248 252 252 254 254 258 263 265 265 262 262 257 257 258 259 260 259 255 251 247 244 243 243 241 241 242 240 237 236 236 232 227 224 224 228 228 225 225 233 239 243 247 250 250 249 247 246 249 254 260
200 201 203 205 209 209 207 210 211 211 211 210 211 213 214 214 213 209 205 207 208 206 207 206 204 206 206 209 214 217 215 209 207 206 205 204 203 204 203 204 206 209 209 208 209 211 212 219 223 233 246 253 254 257 258 259 264 265 265 263 263 262 261 258 254 252 253 253 251 248 247 245 244 242 241 245 243 238 232 230 230 226 224 224 225 229 228 225 229 239 245 250 251 249 248 248 250 253 259 263
203 203 203 207 213 212 206 205 204 205 207 207 207 211 215 215 214 211 208 213 210 212 214 209 208 208 206 209 215 217 214 210 208 207 206 205 204 205 205 206 207 209 211 210 211 212 214 217 222 230 245 255 258 262 263 260 261 263 265 262 260 262 259 253 248 245 247 249 249 248 246 244 243 239 237 245 245 239 231 227 226 225 225 225 225 226 227 227 226 235 246 249 249 244 243 247 249 251 258 263
205 203 203 208 214 211 205 202 201 201 203 204 205 210 215 217 216 213 212 215 211 218 219 212 215 215 208 210 215 215 214 212 209 208 208 206 206 205 206 207 208 209 211 212 214 214 214 218 222 228 239 252 261 265 265 263 262 262 263 260 254 255 253 250 244 241 242 244 245 245 244 243 241 237 233 235 236 233 230 227 226 226 228 228 228 227 227 229 227 232 242 241 241 237 239 242 246 252 260 264
200 197 198 204 208 206 202 199 199 199 200 201 204 208 215 219 218 215 217 217 213 218 220 220 219 215 209 209 212 213 214 214 213 212 210 209 210 211 207 207 208 209 211 212 214 216 217 219 225 230 248 254 260 265 265 264 262 259 258 256 249 247 246 246 243 239 238 239 240 241 241 241 238 234 230 231 233 231 229 227 227 227 228 229 230 229 229 228 228 228 232 234 235 233 238 244 250 255 259 261
194 195 195 196 197 198 198 198 198 199 200 201 205 208 213 218 220 219 220 218 215 219 223 220 217 213 210 214 215 214 215 215 217 217 214 214 213 213 209 208 209 212 216 215 214 216 219 222 225 231 250 261 263 263 265 263 258 257 253 249 245 242 241 239 238 236 235 235 237 239 237 236 233 231 229 229 231 231 232 230 229 229 228 229 229 230 229 228 228 228 229 230 232 235 235 239 248 255 256 252
193 194 196 197 196 196 198 197 198 199 200 201 204 205 210 215 221 223 223 219 217 220 225 222 218 214 214 221 224 222 218 219 221 220 217 216 216 215 213 212 213 216 218 218 216 217 220 225 228 232 242 262 266 265 265 262 257 253 250 246 243 240 238 237 236 234 233 235 237 237 235 232 230 229 227 226 227 229 230 231 229 229 228 229 231 232 231 229 231 232 232 231 236 245 246 240 239 244 244 244
194 197 202 202 201 199 197 197 198 199 201 203 203 205 208 213 220 224 225 221 222 223 226 224 221 216 216 222 229 231 228 223 221 219 218 217 216 216 216 217 218 219 220 220 218 220 224 230 233 236 241 260 268 266 265 261 261 258 253 248 246 242 238 236 234 232 232 234 233 232 232 231 229 227 226 225 227 228 229 229 230 232 232 231 231 234 232 230 232 237 238 233 235 246 253 248 243 242 244 249
195 203 209 210 208 202 199 198 198 199 201 203 205 208 213 218 223 226 228 226 228 229 228 226 223 219 221 221 226 232 232 226 220 218 217 216 215 216 216 218 222 223 223 222 221 221 226 232 240 250 246 256 268 267 265 263 262 260 257 253 248 242 239 237 234 231 230 230 229 226 227 229 228 225 225 227 230 231 232 232 231 235 236 233 233 235 234 231 231 238 241 235 233 237 248 254 254 251 250 260
196 202 206 207 208 205 200 199 199 200 201 201 204 209 214 218 222 227 229 229 231 232 231 227 222 221 222 223 226 230 228 223 219 217 216 214 215 216 218 220 223 224 225 227 226 226 229 236 245 260 261 264 266 263 262 259 257 255 255 251 246 243 240 237 235 231 228 227 226 225 226 225 225 224 226 229 233 235 235 234 232 235 238 236 234 235 234 233 231 231 236 236 234 235 239 248 255 259 255 260
198 203 205 208 212 208 203 200 200 202 203 202 205 209 212 216 220 227 230 229 231 233 233 228 224 221 220 223 225 228 228 222 218 216 215 214 215 217 220 220 222 223 227 232 233 232 234 237 251 265 267 262 254 251 250 250 249 247 246 246 243 240 237 235 234 232 229 229 230 227 224 223 225 227 229 231 234 237 237 236 233 235 238 237 237 236 235 236 235 233 233 235 239 240 237 240 248 260 263 265
199 203 208 212 214 209 204 201 201 203 204 203 205 207 212 215 218 224 225 226 230 231 229 227 227 221 218 221 222 227 230 222 216 214 213 214 217 220 224 226 225 224 226 231 236 238 241 246 251 260 261 257 249 243 242 243 244 242 241 239 237 234 232 231 230 229 229 231 231 229 224 224 228 230 233 235 237 239 238 235 234 235 237 239 239 237 237 237 238 236 234 237 245 248 241 238 243 251 262 268
201 202 207 207 209 208 206 203 203 203 204 205 205 207 212 214 216 219 225 226 228 227 222 220 224 223 217 218 221 227 230 222 216 213 213 216 219 224 229 230 229 228 229 232 237 243 256 258 255 249 248 245 241 239 238 238 240 237 238 235 235 233 235 236 232 230 227 228 229 229 223 227 231 234 236 239 241 241 238 237 236 236 239 240 241 240 240 241 240 237 235 238 244 252 248 242 240 244 254 263
201 200 201 202 204 204 205 204 205 206 208 209 208 208 210 214 218 225 232 227 220 218 216 214 219 223 216 218 224 229 228 220 215 212 214 216 219 224 230 233 234 235 237 238 240 245 260 258 249 243 242 242 240 238 234 235 233 233 232 231 232 233 236 239 237 232 227 224 226 224 222 228 233 237 240 242 245 244 240 239 239 238 240 243 245 244 243 244 241 237 236 240 243 250 255 248 244 242 247 252
202 199 198 199 200 202 204 205 206 208 213 217 215 213 213 215 219 226 233 226 216 213 212 211 215 220 215 216 225 228 223 217 213 212 213 215 217 223 229 234 235 238 243 244 245 246 252 250 245 241 241 238 237 236 232 232 232 231 229 227 228 231 235 238 235 231 228 223 222 223 225 228 231 236 242 246 248 247 243 242 243 241 241 246 251 250 248 246 242 239 237 239 242 247 256 254 248 245 243 246
201 197 197 198 200 202 203 203 204 209 215 221 220 217 213 211 214 220 230 226 215 211 210 209 212 216 213 216 225 224 218 213 211 212 214 216 217 221 226 232 233 235 242 246 245 244 242 238 239 241 241 239 235 232 231 230 230 229 228 226 228 229 233 235 232 229 226 222 222 226 230 229 232 235 241 247 250 249 246 247 246 244 242 247 253 255 253 252 249 242 239 238 239 245 253 256 253 249 247 245
196 197 198 200 202 201 201 202 203 209 216 220 217 213 210 208 211 216 221 217 212 207 207 208 211 215 212 212 216 217 213 211 211 213 216 218 219 221 223 228 232 236 241 245 237 234 233 230 231 237 242 241 237 230 228 227 226 226 225 227 229 232 234 233 229 225 224 220 222 227 231 233 236 240 244 250 253 251 249 250 249 248 244 247 254 256 256 255 251 245 241 240 239 241 245 253 255 253 252 249
196 196 197 198 200 201 203 203 204 208 215 218 217 212 207 205 207 210 210 208 206 205 205 207 210 211 209 212 215 211 211 213 213 215 218 220 221 222 224 229 235 240 242 240 233 229 228 227 228 236 242 242 238 232 228 226 225 224 227 231 232 232 231 230 227 224 223 224 220 226 230 233 236 240 247 252 254 253 253 252 250 247 244 246 252 256 257 255 249 245 244 243 239 238 235 246 254 259 260 256
196 198 198 198 199 201 203 204 205 206 208 212 214 211 207 203 202 203 204 204 203 204 207 209 208 207 213 220 223 219 218 219 215 215 217 219 220 223 226 232 235 238 237 234 231 228 224 225 228 231 237 239 234 229 227 227 226 224 228 233 232 229 227 225 225 225 225 226 221 221 224 232 233 239 247 252 254 255 254 253 250 248 247 246 249 254 257 255 252 249 253 259 245 241 241 243 249 257 264 264
197 198 201 202 203 205 204 202 202 202 205 209 209 206 204 202 200 201 202 203 203 204 207 206 206 209 215 224 228 224 220 222 217 214 215 217 220 223 225 228 228 226 227 225 225 223 220 224 227 229 230 232 232 230 230 231 231 227 223 228 228 227 224 221 223 223 223 223 221 219 221 224 227 239 248 248 247 253 255 254 252 250 248 248 248 251 256 258 259 258 256 263 258 249 244 242 245 250 257 263
199 200 202 203 204 206 202 198 198 199 204 205 203 200 200 199 199 201 203 205 204 202 203 204 206 211 217 225 228 222 217 218 216 212 213 213 216 219 222 220 218 217 218 217 219 218 219 223 225 226 227 228 233 235 234 232 230 228 222 224 223 221 220 218 219 219 218 217 217 218 219 220 222 227 233 235 241 251 253 253 252 251 250 251 251 253 255 259 262 264 263 263 261 256 249 243 247 257 257 261
196 197 198 199 202 202 199 197 197 199 202 203 200 197 197 197 199 202 204 203 201 203 205 207 210 214 218 225 229 223 215 214 214 210 209 211 215 217 217 213 210 210 211 211 214 215 218 221 222 223 224 229 235 235 236 234 232 229 225 221 220 219 218 217 216 216 216 215 218 218 218 221 224 226 229 232 239 246 248 251 247 246 248 254 255 258 258 259 262 265 264 263 255 251 248 245 247 258 264 269
194 194 196 197 197 196 195 195 197 198 199 199 196 196 198 200 201 199 200 200 203 209 211 213 216 218 222 227 229 221 214 210 211 210 211 217 221 221 216 211 208 208 210 213 212 212 214 215 217 220 225 226 232 231 234 236 234 230 225 223 221 220 219 220 219 215 205 212 223 223 219 221 226 228 230 230 233 235 239 242 238 238 244 257 259 258 261 261 262 264 266 264 259 260 259 250 244 248 262 272
192 193 194 195 194 195 198 201 203 199 196 195 197 200 200 202 201 202 202 202 205 209 210 210 214 219 224 226 220 213 210 207 207 209 213 219 223 223 214 209 206 207 211 217 216 215 214 215 217 219 224 226 227 226 227 232 232 229 228 228 226 224 224 224 219 214 209 220 225 225 220 219 222 226 227 228 230 233 230 229 232 238 245 257 258 257 261 265 265 265 268 265 264 267 264 257 248 247 263 271
192 195 197 196 194 199 205 205 203 198 196 196 199 199 198 197 200 202 203 206 209 210 209 207 211 215 219 214 207 205 205 206 208 207 207 211 213 215 210 206 206 208 211 217 220 220 218 218 219 221 223 223 222 221 224 227 230 231 232 233 231 230 230 225 217 211 213 218 221 224 223 223 221 221 223 228 226 230 227 230 232 237 242 248 250 256 262 265 267 267 268 269 267 269 268 261 251 247 252 254
192 198 201 200 196 200 204 200 194 194 194 195 194 194 194 194 195 198 202 205 206 208 207 204 208 212 211 200 200 201 203 206 204 200 200 203 210 210 205 205 207 211 212 214 220 225 225 224 224 225 222 218 217 219 221 225 227 230 235 238 237 235 231 222 214 214 217 218 223 228 228 227 227 223 222 224 227 226 227 232 237 239 239 242 252 257 262 264 266 268 270 271 270 270 269 268 262 251 247 247
193 198 206 203 197 197 200 193 193 192 193 193 195 196 197 196 194 194 196 196 196 199 201 202 206 206 201 198 198 199 201 200 200 203 203 201 204 205 203 204 208 212 216 219 222 227 231 230 229 225 221 219 216 215 220 222 222 228 234 240 241 235 226 216 213 217 218 220 223 226 230 232 231 228 222 222 229 230 230 232 237 243 244 242 245 250 256 259 260 266 271 272 272 272 271 270 268 257 249 247
193 201 205 197 195 194 196 193 197 196 197 199 199 200 200 200 197 196 198 197 197 196 196 198 198 197 197 199 204 203 200 202 203 209 209 206 201 202 206 206 207 210 217 226 228 228 231 231 229 227 222 218 216 214 216 215 218 222 226 232 234 228 219 213 214 217 221 226 224 227 229 231 229 226 224 225 225 229 231 232 238 244 249 246 245 247 250 252 256 261 266 272 273 273 272 267 261 254 249 248
194 200 193 191 191 193 193 193 196 196 200 204 205 206 205 204 200 198 200 201 199 198 199 198 198 200 205 201 208 217 210 208 206 211 217 216 204 202 206 208 207 210 215 223 229 231 228 223 224 226 225 222 220 216 211 212 212 213 216 218 218 215 212 213 216 220 228 229 228 231 231 232 233 231 230 230 227 224 228 230 231 237 247 250 251 253 257 260 260 258 265 270 272 273 272 268 262 252 253 251
194 195 191 195 196 193 191 193 194 196 199 204 208 211 211 209 203 200 201 201 200 199 199 200 202 207 208 202 204 214 221 215 210 216 222 222 210 203 203 207 205 207 212 215 217 219 216 213 213 221 223 224 223 218 211 209 212 211 211 211 212 213 215 216 218 222 227 230 232 235 235 237 237 234 236 234 228 230 227 227 228 230 236 251 256 256 257 262 265 263 262 265 269 273 274 272 260 252 259 258
192 191 191 196 199 196 196 200 199 198 201 205 209 214 216 213 207 202 204 204 202 200 201 203 207 213 213 206 203 209 217 220 214 217 224 226 216 209 203 202 203 205 208 209 209 211 209 209 211 216 214 216 218 216 209 209 210 212 215 216 216 218 221 224 225 223 229 234 238 242 240 239 240 239 242 244 234 235 232 229 229 230 233 243 248 249 247 251 263 269 269 268 270 273 274 267 256 256 260 258
192 191 191 193 194 193 195 204 204 201 203 205 209 214 217 217 212 205 208 208 204 202 203 208 214 217 213 215 213 205 211 219 219 221 226 227 220 212 206 204 203 204 205 205 206 206 207 207 207 208 207 208 210 210 208 208 212 218 221 220 220 223 231 234 231 228 231 240 241 244 245 245 244 245 245 243 240 237 234 231 229 231 234 236 239 242 245 253 255 269 273 273 272 271 268 259 255 264 269 265
190 190 191 192 193 195 194 202 202 200 201 203 206 210 215 218 216 210 210 209 205 203 206 215 223 221 217 223 219 208 207 213 219 225 229 229 222 213 208 205 206 205 204 206 208 208 207 205 207 208 209 208 207 208 209 211 212 217 220 221 220 228 237 240 240 236 232 234 239 242 246 249 249 253 255 250 244 240 236 234 230 233 236 239 245 251 250 257 259 267 274 275 275 267 261 257 257 266 273 273
193 194 193 193 193 195 194 195 197 197 200 202 206 210 215 219 217 212 209 207 207 207 212 222 227 224 221 224 219 208 211 218 222 227 230 232 225 218 211 208 208 209 205 204 204 205 207 206 208 212 213 212 211 212 215 217 215 213 219 223 226 238 244 250 248 243 239 235 234 239 242 248 255 261 257 250 244 240 235 233 231 234 238 242 248 255 254 258 265 269 271 273 276 272 262 257 257 263 268 273
196 197 198 196 194 194 195 196 195 197 200 204 209 214 218 220 219 217 215 209 214 214 221 227 228 227 223 221 215 209 212 222 223 223 228 231 229 227 220 213 211 208 208 209 212 207 211 209 207 212 214 214 215 216 220 222 216 214 221 230 235 237 242 246 249 247 242 241 237 238 241 251 263 264 255 248 242 238 234 233 233 234 241 243 245 247 249 256 267 271 272 273 276 273 263 256 257 260 264 271
196 198 197 196 194 195 196 197 195 197 200 204 209 217 222 222 220 218 215 212 212 217 220 224 225 227 224 217 211 213 211 215 216 218 224 228 232 233 226 221 217 214 211 211 209 209 215 212 211 210 217 219 220 220 224 229 221 213 225 230 234 240 241 241 244 247 245 245 245 241 244 251 264 267 259 249 242 237 235 237 237 235 237 239 241 243 246 249 258 269 273 276 274 269 264 260 259 260 262 265
195 197 196 195 195 197 198 199 197 197 199 202 207 214 219 220 222 221 220 217 213 216 221 224 225 224 220 215 213 215 214 213 218 218 222 227 233 236 235 230 227 223 216 211 212 213 216 215 218 212 215 223 226 229 232 235 229 219 216 217 222 227 230 233 239 239 239 245 248 243 245 253 263 267 263 255 245 239 236 238 240 239 237 237 241 243 245 247 252 259 265 273 278 271 266 262 261 261 262 264
198 199 196 195 196 197 200 201 200 198 198 200 203 208 213 216 223 224 221 216 215 219 224 226 226 222 218 215 216 219 217 215 220 219 223 230 235 238 238 236 232 223 215 212 217 217 218 222 227 224 212 216 224 232 239 242 239 229 221 215 216 217 221 226 228 226 230 239 249 248 250 256 264 261 257 253 246 240 238 237 238 241 241 238 243 245 244 247 250 254 259 268 281 275 269 265 264 266 265 265
203 202 199 197 197 197 202 205 206 202 199 200 202 206 209 214 222 223 220 215 217 221 224 225 224 221 219 218 220 222 222 220 219 219 226 234 236 236 237 237 233 225 219 215 222 223 225 228 232 229 224 214 218 234 237 241 242 232 220 218 215 215 217 221 223 223 229 239 244 251 258 264 267 262 256 250 246 241 239 238 240 243 245 241 240 242 246 248 249 252 256 265 276 276 272 268 269 271 268 267
207 205 203 201 199 199 202 207 210 207 201 200 202 205 208 214 222 222 219 217 218 222 224 225 223 220 219 220 222 225 227 227 225 222 225 230 232 236 238 238 229 222 219 219 225 230 231 231 235 234 226 222 212 219 223 233 242 232 223 223 222 219 221 223 219 224 226 229 233 246 261 268 267 261 255 249 243 242 242 239 246 251 250 246 246 245 247 250 252 252 255 263 272 278 278 274 276 278 272 269
205 209 208 208 204 201 203 208 211 211 205 201 204 206 209 216 221 220 218 218 220 221 221 221 221 218 218 220 224 225 228 230 229 227 225 230 233 237 239 235 226 226 228 226 225 237 236 234 235 234 233 222 213 221 228 239 242 235 225 226 232 233 236 231 226 224 220 221 225 241 262 266 266 262 258 250 245 246 245 241 246 256 253 250 251 249 248 253 256 255 255 260 268 285 291 287 287 285 279 269
192 211 210 213 209 203 202 206 209 211 207 202 202 206 210 216 218 215 217 218 220 217 214 215 217 217 218 223 226 228 229 231 232 231 227 233 236 237 239 238 230 232 234 235 222 230 232 231 232 236 231 217 212 219 230 231 233 229 224 226 231 238 243 241 238 232 226 223 224 238 260 267 263 258 253 250 253 255 249 243 242 248 250 252 255 253 252 256 259 258 256 259 265 283 293 295 294 290 281 274
186 201 211 214 213 208 204 204 206 206 205 204 205 204 206 209 212 211 214 214 215 213 217 219 217 219 222 225 227 231 234 236 236 233 232 233 236 241 242 237 233 239 241 234 224 221 224 230 231 234 225 219 215 214 217 219 223 225 227 224 224 230 233 235 240 238 232 229 226 236 247 264 264 262 258 255 261 262 252 244 245 245 247 251 257 258 257 260 263 260 258 260 264 273 287 293 289 283 278 279
186 188 202 210 208 211 208 205 206 206 207 207 210 208 206 206 207 208 209 210 212 218 220 219 220 220 221 224 227 231 236 238 238 235 237 238 241 248 249 242 239 240 239 231 227 224 223 226 228 230 229 226 220 215 211 217 225 231 228 226 225 230 229 234 243 244 234 231 233 235 243 255 261 263 259 260 265 264 253 244 250 248 248 252 259 262 264 265 267 263 261 261 264 270 283 292 288 284 282 283
186 186 189 196 198 207 207 209 210 209 210 210 213 214 209 208 209 212 214 211 213 215 215 220 225 225 222 226 230 233 237 240 241 240 244 249 246 252 254 251 247 240 237 232 228 225 225 228 232 235 235 232 226 218 213 219 225 229 235 236 230 234 237 241 246 252 243 239 237 234 238 247 253 263 265 263 263 259 250 245 252 253 250 252 256 261 268 273 270 267 264 262 265 270 281 292 291 285 286 286
185 186 186 187 190 194 203 215 215 211 209 211 213 216 213 216 215 218 217 212 214 216 214 217 223 227 225 226 229 234 237 241 246 250 257 258 256 254 253 253 250 243 237 233 228 230 230 231 234 235 232 224 222 217 218 220 222 229 235 236 231 231 237 240 248 254 253 244 241 237 236 237 250 263 269 268 268 264 249 250 255 254 255 254 256 261 269 277 274 272 267 264 269 276 287 294 290 289 289 289
185 186 186 187 190 202 202 214 213 211 213 215 220 219 219 224 222 222 218 215 218 221 220 216 220 225 228 230 232 234 237 242 245 252 257 258 254 252 250 250 246 240 235 231 230 232 233 235 239 235 228 219 216 215 219 219 222 226 231 236 236 234 241 243 249 255 255 248 246 242 243 237 245 260 269 270 269 262 251 250 256 257 261 259 261 262 264 270 278 279 272 268 269 277 287 292 292 291 291 290
183 185 185 186 187 212 209 211 214 213 217 222 228 225 220 226 225 222 219 218 219 221 219 218 218 222 225 230 233 235 238 241 241 242 247 250 248 248 249 249 245 240 236 233 231 234 236 241 239 235 229 220 220 221 219 220 223 230 233 241 239 236 242 245 250 256 259 257 252 247 249 240 242 253 266 269 263 257 251 248 251 257 259 263 268 267 267 268 276 284 282 278 276 278 286 295 295 295 292 292
182 184 185 185 186 205 215 215 217 216 221 226 227 227 223 225 226 223 219 215 215 214 214 217 219 220 221 224 226 229 234 237 236 236 241 242 239 240 243 247 248 244 240 236 236 237 244 244 238 229 223 222 228 228 224 227 225 232 240 245 245 239 238 245 249 258 262 257 246 246 244 239 242 251 260 262 259 254 251 252 252 253 258 263 268 271 273 273 275 282 284 284 283 284 293 299 299 297 294 291
182 182 185 185 187 193 210 218 219 221 229 230 228 227 225 226 225 222 217 211 210 212 215 219 221 223 224 221 223 225 228 230 231 232 234 235 235 236 239 244 247 246 244 246 247 248 248 243 234 227 221 225 233 231 228 232 233 240 242 243 243 241 242 250 257 258 257 249 242 244 241 246 248 247 253 258 257 254 254 260 262 258 256 259 264 271 278 282 279 282 287 291 293 292 298 301 301 297 290 286
182 182 185 185 186 191 203 216 222 228 232 230 228 225 223 223 222 219 214 210 209 214 219 219 222 223 224 223 225 227 227 229 231 233 234 235 236 238 240 243 245 245 249 256 252 253 248 240 234 226 224 229 236 234 229 232 234 238 242 243 245 247 249 258 262 258 253 247 245 248 243 247 249 249 254 260 260 256 255 267 273 264 258 260 266 275 281 280 282 284 286 291 295 299 302 299 298 295 285 281
182 182 184 185 186 190 202 214 219 227 230 229 222 220 222 222 221 218 213 208 208 214 217 217 220 221 225 225 228 233 232 232 237 239 239 239 243 245 248 245 245 246 252 255 255 256 246 238 231 223 227 232 242 241 235 238 242 238 237 241 248 253 253 258 264 258 251 247 245 250 252 255 254 252 258 264 260 259 255 258 265 266 264 262 262 268 269 272 276 278 280 286 298 302 302 296 291 293 285 277
183 183 183 185 186 192 201 204 211 216 221 224 218 223 221 219 222 221 216 208 208 214 214 215 217 222 225 223 224 228 234 237 241 244 245 245 252 255 252 250 249 248 250 253 255 251 244 238 233 225 230 236 247 246 243 244 248 245 239 241 249 256 260 262 264 258 252 250 245 249 253 256 255 257 265 271 270 264 257 258 263 271 270 263 260 263 267 269 273 277 283 288 297 300 297 293 285 289 279 271
184 183 183 185 185 197 210 209 210 214 222 221 216 217 217 212 218 223 216 207 209 214 212 217 218 222 220 219 223 229 235 239 243 247 249 249 251 249 246 251 247 247 250 253 255 250 244 236 232 228 232 237 242 245 245 248 258 252 244 245 248 252 259 266 268 261 254 250 247 248 251 255 258 266 272 278 277 264 259 261 267 274 271 265 263 264 271 273 275 278 283 291 298 297 287 281 276 279 270 262
184 183 183 185 187 206 218 212 208 213 222 219 211 206 207 208 210 211 206 205 212 215 211 216 218 217 214 218 224 228 231 233 240 244 244 246 242 236 232 237 235 244 250 252 254 249 243 234 230 233 238 235 239 242 237 241 253 256 248 245 256 254 258 265 266 259 254 250 249 251 254 257 262 269 274 278 273 263 260 264 272 275 272 267 265 267 272 281 287 280 285 288 296 298 292 278 266 264 261 256
184 183 183 184 190 204 209 204 205 212 219 217 210 205 204 203 203 202 205 212 217 217 211 215 213 210 210 216 221 224 226 229 235 235 237 236 226 223 218 221 228 235 237 249 252 245 241 239 236 237 239 235 236 238 242 239 244 253 249 252 258 260 262 267 263 256 252 251 251 254 258 262 265 272 274 271 268 266 263 263 268 271 270 268 268 268 274 279 286 288 292 291 294 297 295 284 276 267 257 251
185 182 184 184 192 202 201 198 206 216 220 220 214 208 204 202 200 201 208 218 217 213 207 210 209 207 211 216 217 219 223 223 227 233 235 225 217 213 214 222 225 225 236 244 244 251 251 243 239 242 242 239 236 235 244 237 237 246 256 262 262 267 267 266 262 256 256 255 254 258 265 277 274 278 278 275 276 270 264 264 265 268 269 269 269 269 272 276 281 285 290 294 295 297 298 296 288 273 259 249
185 183 183 184 190 196 195 199 205 216 220 223 220 214 208 201 199 199 209 221 217 214 205 205 205 206 211 213 211 213 216 220 229 236 236 225 214 210 211 216 221 227 228 230 236 249 249 245 241 242 246 238 234 238 251 241 243 254 262 272 269 270 267 262 259 260 260 258 258 263 279 293 290 288 289 284 279 270 266 270 272 271 271 271 270 270 272 274 278 282 285 290 296 297 299 298 290 273 259 250
185 184 183 183 184 186 196 201 204 213 216 219 217 213 207 201 198 197 204 216 214 210 203 201 203 206 207 208 210 212 217 224 231 230 229 217 210 207 209 214 223 221 220 223 227 241 255 253 245 241 246 236 235 249 255 254 255 258 264 274 276 273 267 262 262 266 265 261 260 266 282 296 297 293 287 280 276 268 268 274 279 275 273 273 272 274 275 275 278 284 288 290 294 294 293 289 284 269 259 249
185 185 184 183 183 183 189 198 203 205 206 214 215 214 214 206 199 195 199 210 217 209 198 197 200 202 206 215 217 218 219 220 221 218 219 213 210 206 212 223 215 214 218 222 227 241 258 258 250 243 240 242 246 254 261 262 263 263 271 278 279 273 266 264 269 274 269 266 265 265 277 294 295 288 283 278 273 269 269 273 282 282 279 278 278 281 282 280 279 282 288 294 283 278 283 271 265 261 258 253
186 186 185 184 184 183 183 187 193 196 199 211 215 213 216 209 202 194 196 206 216 207 197 199 197 197 205 214 216 213 210 208 209 209 206 205 207 206 213 221 222 216 220 223 227 245 260 260 254 244 242 245 251 262 265 267 270 271 276 280 275 272 268 268 277 286 282 286 275 269 281 294 295 289 284 277 272 270 272 274 286 291 288 289 286 286 287 287 285 286 285 287 279 268 273 268 260 253 252 249
186 186 186 183 183 183 183 184 187 195 203 210 212 205 211 202 196 193 196 209 212 204 197 199 197 197 199 204 207 205 204 202 202 201 200 202 204 211 224 228 227 224 230 233 237 245 259 264 262 252 244 247 252 258 259 267 270 271 276 280 277 273 273 273 281 296 297 289 278 279 288 296 290 283 277 274 273 272 278 279 289 297 297 297 293 291 290 291 289 291 287 276 274 262 266 267 263 258 258 246
185 185 185 184 183 182 183 183 183 191 204 205 200 199 206 197 192 201 207 211 207 202 199 196 195 195 195 197 200 201 199 199 200 199 200 203 207 217 225 221 221 225 234 238 244 249 257 263 264 261 251 247 251 254 257 263 268 274 280 282 282 279 282 282 281 296 300 293 291 291 297 295 285 279 277 277 277 275 280 288 293 294 293 296 295 291 290 290 290 286 285 268 265 256 262 263 260 260 269 255
185 185 184 185 184 183 182 183 183 186 189 192 193 201 203 197 194 204 206 206 203 201 200 197 195 193 197 196 196 197 196 199 201 199 201 207 212 222 220 213 214 220 230 236 242 249 254 260 262 259 255 252 253 255 260 263 268 277 283 287 290 289 294 296 294 298 304 303 303 299 291 286 282 280 279 280 282 278 279 293 296 286 274 277 282 281 278 276 276 275 274 267 255 251 261 262 255 254 259 256
186 185 185 185 185 183 182 183 183 184 186 187 188 196 198 191 195 200 200 202 201 200 199 198 196 192 199 197 198 197 196 200 202 197 201 205 211 220 212 209 212 216 220 223 231 237 246 255 259 259 256 256 261 261 258 264 271 275 281 279 281 295 301 303 303 304 307 307 306 297 289 287 285 285 286 285 291 282 280 289 287 269 259 263 266 266 268 266 262 265 264 263 253 249 257 258 252 247 252 255
184 184 186 186 185 184 183 182 183 183 186 186 186 186 187 189 196 195 195 196 198 200 196 194 193 192 198 196 198 194 196 197 196 195 197 198 203 210 209 208 208 211 211 216 221 225 234 239 250 259 255 257 265 262 262 268 271 276 273 270 268 275 290 300 305 307 309 308 305 298 293 299 297 298 294 295 298 288 283 291 284 268 256 252 257 257 258 261 260 256 254 252 250 244 250 254 253 247 245 247
184 184 185 186 185 184 184 183 183 182 183 185 186 185 186 186 189 192 191 192 194 197 195 191 189 190 192 191 192 192 193 193 194 196 198 207 203 203 206 207 207 209 210 212 215 221 224 233 248 253 246 246 258 262 270 277 277 274 267 262 260 267 277 292 305 309 309 306 301 298 297 301 309 310 307 305 301 288 291 298 288 272 257 248 246 247 249 252 252 257 252 247 245 242 245 251 252 250 245 243
185 184 184 184 184 184 184 183 183 183 182 184 185 185 185 185 185 187 189 190 192 192 191 188 189 191 194 196 196 196 197 196 195 196 201 212 207 206 205 202 205 206 208 210 213 214 218 223 236 242 239 238 251 261 278 286 279 270 262 256 262 268 271 275 290 304 309 308 306 305 304 304 309 314 313 306 297 294 304 304 289 273 265 254 245 240 240 244 244 251 259 256 246 237 243 250 251 249 248 242
186 185 184 184 184 184 184 183 183 183 183 182 185 185 185 185 185 186 188 190 192 191 189 187 189 192 194 196 199 201 201 200 197 200 208 217 210 206 205 203 208 212 214 212 211 212 215 217 223 231 229 237 247 254 264 270 273 264 255 251 259 262 261 267 274 287 308 310 311 312 310 309 314 317 314 306 297 299 303 290 273 263 262 259 252 246 237 236 238 243 255 256 246 236 242 245 245 250 253 243
185 184 184 183 185 184 184 184 183 183 183 182 185 185 186 186 186 187 190 191 192 189 187 186 188 192 195 198 199 201 204 202 199 202 210 215 216 214 208 204 209 216 220 218 215 213 215 219 220 224 226 232 244 253 259 263 263 258 250 247 252 252 255 260 265 275 299 299 299 312 315 314 317 320 316 310 301 305 304 280 264 255 251 252 249 245 238 231 232 239 246 249 245 234 239 244 244 254 252 240
