# 100 100
265 274 281 292 306 311 321 330 337 338 334 334 335 333 328 325 315 306 295 284 272 261 265 281 290 301 316 328 325 315 306 297 290 282 276 271 272 271 268 258 257 259 257 257 257 260 263 266 269 274 275 271 273 277 281 283 282 281 284 286 287 288 288 287 288 288 289 288 282 275 272 274 271 264 260 252 246 243 246 254 260 254 249 247 245 239 228 222 225 229 232 233 238 243 245 244 241 240 238 235
258 268 277 284 295 303 312 320 330 335 335 344 345 337 340 334 321 305 293 282 269 260 263 278 290 300 310 320 320 313 306 294 286 279 273 268 265 268 262 254 271 275 280 276 263 266 265 265 265 265 267 268 271 277 280 279 278 283 289 291 290 290 288 287 285 283 278 276 275 276 273 270 268 264 255 248 242 239 237 238 244 240 249 264 260 243 228 222 221 223 231 230 239 244 246 246 245 243 241 237
263 267 273 284 287 296 310 322 336 349 348 348 344 342 340 334 324 313 301 287 269 263 269 278 291 299 304 310 310 303 303 295 287 277 269 263 260 263 255 269 282 291 293 287 278 279 276 274 272 269 267 268 270 275 276 277 279 280 286 290 288 281 279 278 274 272 271 269 267 267 270 271 270 263 251 247 243 240 244 248 244 235 228 240 252 252 238 228 219 218 228 235 240 242 242 242 244 244 243 239
272 276 278 286 292 302 318 329 335 343 354 349 344 341 338 330 322 314 303 291 268 280 285 286 292 299 300 300 296 290 295 294 292 284 271 260 255 253 253 270 280 288 296 295 291 287 286 283 282 279 273 273 273 278 279 276 279 279 283 289 289 287 284 281 279 278 276 274 271 268 267 264 265 262 259 255 248 244 244 247 251 245 234 226 229 239 240 236 226 219 236 238 238 239 238 235 234 235 236 233
277 283 287 299 309 323 333 334 336 337 340 340 339 339 336 326 317 310 302 294 273 283 294 294 296 295 295 292 285 280 282 289 290 286 275 262 255 253 260 266 271 286 295 295 292 291 290 288 285 278 276 280 277 280 281 273 277 278 282 286 289 289 286 281 279 280 279 278 278 278 277 276 272 269 268 263 254 250 250 249 251 251 242 232 225 224 226 225 222 222 242 242 237 236 234 232 229 227 225 225
279 282 286 302 317 326 332 333 335 335 336 337 337 337 333 325 317 309 300 285 273 281 295 300 298 297 293 288 281 276 274 280 282 281 274 263 256 254 265 271 272 282 287 286 281 280 279 277 273 268 265 273 274 270 271 273 279 281 281 282 282 284 282 278 275 279 276 275 276 276 279 282 278 275 276 270 264 262 261 256 253 250 245 238 225 224 229 222 215 219 237 240 239 235 231 227 225 224 221 219
279 282 289 306 322 325 329 331 334 335 336 336 336 336 333 328 316 307 297 283 276 291 302 307 301 297 290 286 281 275 270 274 279 274 267 261 256 257 263 272 277 273 274 275 272 268 264 259 256 255 259 265 260 258 270 277 276 277 277 275 277 270 271 266 268 275 279 279 277 275 272 272 273 276 279 276 275 273 268 261 256 250 241 233 222 214 228 229 229 218 220 229 233 232 231 227 221 220 219 219
277 283 290 304 320 329 331 330 331 336 338 337 336 332 328 318 309 300 289 278 281 299 307 300 292 285 283 280 276 271 268 269 273 267 260 257 260 264 266 274 279 277 270 265 264 264 260 257 254 254 256 256 255 256 266 266 265 267 265 262 259 253 256 260 267 272 270 271 275 274 263 254 265 272 275 275 276 272 259 252 249 243 232 219 211 207 211 221 233 231 222 215 218 223 225 225 223 218 215 215
278 285 292 314 333 338 342 335 335 340 337 334 329 321 316 307 299 292 282 283 281 298 300 290 283 279 277 273 270 266 263 262 263 261 262 275 280 274 271 277 282 281 275 268 259 254 254 254 254 254 254 254 254 254 253 258 265 267 259 254 248 254 256 260 264 266 264 257 259 261 258 250 253 258 266 264 263 259 250 242 237 234 229 219 213 207 203 210 228 232 231 228 223 211 215 219 219 218 214 210
283 285 296 320 342 350 355 344 342 336 333 331 330 322 314 307 298 290 292 288 283 289 289 285 281 278 273 269 267 265 262 260 263 271 278 292 293 285 278 279 281 279 273 267 258 255 254 254 254 254 255 255 254 250 235 248 258 258 248 245 263 268 271 273 271 269 264 261 253 249 248 242 236 245 252 252 254 249 245 243 240 231 225 218 212 209 205 201 217 229 230 229 226 220 210 204 203 208 212 211
288 288 291 305 322 335 339 338 338 334 335 335 332 327 322 314 303 307 308 301 293 296 290 287 285 280 274 271 269 266 264 263 266 277 288 286 297 289 284 282 280 277 270 264 262 260 256 257 258 257 262 264 264 257 245 233 230 237 251 255 271 282 281 277 273 271 268 265 261 251 243 238 231 235 240 243 246 241 235 234 237 232 222 218 221 214 207 199 210 223 228 230 229 228 225 221 214 206 198 205
294 296 293 298 307 317 327 334 338 337 339 337 333 331 323 312 316 317 305 300 302 304 297 293 289 283 278 275 273 269 267 268 268 277 288 294 298 295 289 285 283 279 278 274 266 262 265 265 265 265 269 271 267 254 246 228 237 263 272 269 273 280 281 278 273 268 262 259 257 257 253 244 228 231 244 247 248 245 241 235 229 226 223 217 217 214 211 197 217 227 228 229 230 230 228 225 220 220 209 198
302 305 302 312 314 321 329 339 340 339 339 338 333 326 320 320 318 315 315 319 312 311 305 298 293 287 281 281 280 275 273 275 275 280 290 298 302 301 295 291 289 285 280 274 277 272 272 271 270 271 271 269 265 255 230 224 256 274 282 282 286 286 283 279 277 274 267 259 252 244 244 236 224 218 230 236 248 251 247 241 236 232 229 222 210 215 209 197 223 229 229 228 229 229 227 223 219 217 213 210
308 313 314 322 324 328 338 344 344 345 341 336 331 332 336 337 331 330 327 325 324 317 309 303 298 289 291 289 284 278 278 280 282 288 296 302 302 300 296 293 289 285 277 278 280 277 278 277 276 273 269 267 259 244 214 228 256 270 276 279 283 283 278 271 267 263 258 253 249 249 248 244 238 225 212 217 229 241 243 240 235 229 226 223 203 207 204 194 212 228 227 226 228 228 227 224 222 219 213 207
318 326 325 327 332 339 349 348 350 348 347 341 340 342 348 347 342 343 339 335 327 317 310 303 300 300 299 294 288 283 284 286 288 293 300 303 300 299 297 293 288 282 279 282 283 282 281 277 275 273 270 267 257 235 212 227 246 258 273 279 277 280 277 272 263 261 266 263 258 255 252 248 243 234 220 211 211 226 232 225 214 206 204 204 192 192 198 201 215 228 226 225 227 228 226 225 221 214 207 200
329 334 336 342 347 353 354 357 357 356 355 349 351 350 349 345 350 347 343 338 330 321 314 312 311 311 304 292 289 288 290 291 294 297 301 302 301 297 294 291 289 288 287 285 285 282 278 274 271 271 268 262 252 236 222 211 234 245 250 258 254 252 259 257 254 251 258 257 252 247 247 247 242 237 231 220 212 206 213 210 198 197 192 188 190 214 219 221 226 228 225 222 224 223 220 214 209 203 201 206
346 347 350 358 363 367 368 367 366 365 364 360 360 358 354 350 354 351 345 341 336 331 325 318 312 304 290 273 276 288 294 298 299 295 297 300 299 298 299 301 300 298 295 290 287 281 273 267 264 265 262 254 244 241 234 213 205 215 232 242 240 235 243 241 240 236 242 240 239 237 235 237 235 233 234 230 226 220 214 205 212 216 206 194 190 216 225 229 228 226 223 219 216 213 212 212 213 210 209 206
364 363 365 368 371 374 377 378 378 375 371 367 364 358 354 358 360 356 351 344 338 330 320 306 299 285 262 250 257 271 280 286 288 288 289 295 297 299 299 295 292 291 290 285 281 281 275 269 264 257 254 248 244 234 224 211 200 206 228 231 223 229 235 232 226 224 222 219 220 215 214 211 211 211 213 214 222 225 223 220 215 218 202 183 187 201 218 228 228 226 222 220 220 219 220 221 221 217 213 208
377 375 375 377 378 382 386 385 382 376 372 368 364 361 366 367 363 354 347 342 336 329 320 312 303 287 262 252 249 263 267 270 277 280 283 288 288 283 281 271 268 272 277 272 266 267 273 271 265 261 258 252 241 228 222 210 199 209 212 210 216 225 226 225 220 218 213 210 204 201 199 198 195 193 191 192 197 202 203 206 210 206 190 181 204 219 221 228 231 229 227 226 226 222 222 224 223 219 215 212
391 388 388 390 389 388 385 383 380 372 367 368 367 367 369 362 350 341 333 325 314 309 303 296 285 273 264 239 231 243 242 245 247 251 257 253 249 247 243 239 235 241 252 253 244 244 252 249 238 234 228 220 209 202 202 196 192 195 200 209 223 224 219 218 215 215 214 208 201 196 194 192 192 190 188 186 185 185 184 185 185 184 178 177 193 213 220 230 236 236 236 232 229 227 227 224 221 220 217 216
406 400 397 394 389 383 380 376 369 364 359 369 374 371 363 348 333 324 315 307 297 287 282 282 275 269 258 231 215 221 213 216 225 227 226 217 212 210 208 206 211 219 224 224 222 225 224 221 219 213 209 202 196 192 191 190 190 196 204 214 225 222 215 212 209 207 205 201 199 201 199 196 195 193 190 186 185 184 183 181 180 177 175 174 178 187 203 216 227 238 242 237 232 231 228 225 221 219 218 220
389 371 362 366 370 361 355 350 352 347 345 359 364 356 343 333 328 318 309 307 299 290 279 257 248 238 227 214 206 202 201 201 206 207 202 202 203 198 194 195 198 205 207 206 208 208 211 209 205 202 198 195 194 195 191 192 193 200 210 220 223 219 214 211 209 207 209 211 215 214 209 200 195 194 193 193 194 194 192 189 188 183 175 173 172 177 188 197 209 222 235 234 232 229 226 222 220 218 219 222
311 298 300 304 315 320 302 297 312 310 304 315 320 316 313 304 285 276 267 266 266 263 266 252 224 214 205 200 198 199 198 198 198 194 192 192 196 194 191 189 191 194 196 199 210 216 214 208 203 200 197 195 190 189 203 213 208 209 219 225 221 220 218 218 217 219 226 228 227 223 216 209 207 205 205 206 207 206 208 204 197 189 179 172 171 174 179 185 194 211 224 229 230 227 224 220 217 215 217 219
257 253 254 259 267 269 259 260 262 260 255 262 265 263 256 245 236 227 223 222 218 218 220 215 207 202 198 196 191 196 195 192 191 185 182 180 187 189 190 188 187 186 188 198 212 233 231 205 199 198 192 184 186 202 225 231 226 223 226 227 227 226 225 226 229 231 233 231 228 223 219 220 222 221 222 222 224 225 225 218 214 212 197 178 171 187 196 191 182 190 216 227 230 230 227 221 215 211 213 216
220 220 219 224 229 232 226 222 225 227 227 230 231 228 224 217 209 206 203 201 198 196 195 196 196 196 190 188 188 188 189 187 183 177 176 176 185 190 184 183 182 180 182 186 193 205 198 185 182 183 181 180 194 212 232 236 234 229 229 231 235 236 233 237 236 237 236 232 230 226 227 227 229 230 232 233 234 232 229 224 220 217 205 182 173 200 198 182 176 190 209 217 204 205 212 215 215 211 212 209
204 205 204 203 203 203 198 194 195 203 209 209 207 207 206 205 202 199 198 196 195 194 190 188 188 187 185 185 185 184 185 180 178 176 176 176 178 193 183 181 181 178 177 178 181 181 178 176 176 177 176 176 181 195 217 234 236 235 234 237 239 239 237 242 241 240 238 233 233 232 231 231 231 230 228 224 227 231 227 221 219 217 208 184 172 181 179 171 172 185 196 194 175 176 190 200 200 199 202 200
203 199 197 193 192 191 189 188 187 189 192 193 194 196 196 196 196 195 195 192 190 188 185 183 181 181 183 183 184 185 187 178 176 177 181 178 177 193 188 180 177 176 176 174 173 172 173 173 173 174 174 174 175 179 190 211 217 226 231 234 236 236 236 230 233 221 221 227 233 233 232 232 228 215 202 190 195 207 219 218 216 213 213 201 181 172 171 168 166 167 176 173 167 170 184 191 186 186 190 191
199 196 196 193 190 189 188 187 185 185 185 185 185 186 186 186 186 187 185 182 181 180 180 180 180 179 179 180 182 184 183 178 177 183 184 181 176 186 182 177 177 175 174 172 172 172 171 171 171 172 172 173 172 171 174 179 184 191 199 205 223 216 202 193 194 188 190 197 210 222 225 225 219 195 179 174 176 181 188 197 205 203 207 208 200 192 190 184 179 168 164 163 166 176 184 187 187 182 181 182
193 193 193 194 191 192 189 187 185 184 183 183 183 183 183 182 180 181 181 182 182 182 182 180 180 179 180 179 178 178 178 177 183 188 189 186 175 178 180 178 176 175 173 172 173 172 172 171 171 171 170 170 169 169 169 168 169 169 173 187 201 204 187 180 176 175 173 177 182 184 192 196 193 179 170 165 163 165 169 171 174 183 198 204 203 199 192 183 174 171 166 164 163 167 173 186 193 192 179 175
188 189 190 190 191 187 186 185 185 184 184 183 183 183 183 183 183 183 182 182 182 181 181 180 180 179 179 178 178 178 178 178 181 180 185 190 179 175 175 175 174 174 173 172 173 171 171 171 170 171 170 170 170 169 168 168 168 168 168 180 188 191 178 170 168 167 165 164 164 164 165 167 167 166 164 162 162 162 161 161 161 163 178 196 195 184 168 160 161 161 167 164 162 161 164 169 180 183 175 176
193 189 188 187 186 185 185 185 184 184 184 183 182 183 183 184 185 185 183 182 182 181 181 181 180 180 180 179 178 178 178 177 178 180 181 187 186 180 180 177 174 173 173 179 174 173 172 171 170 171 171 170 170 171 172 170 167 167 168 168 175 175 168 166 166 165 163 163 164 163 163 164 163 163 162 162 164 166 168 178 168 163 162 189 187 170 160 166 166 164 159 160 160 159 159 159 162 169 175 181
200 201 199 198 195 193 189 187 185 184 184 183 183 183 184 185 186 186 188 185 184 185 183 181 180 180 181 181 179 180 183 187 189 192 194 194 195 197 204 194 188 182 182 180 179 178 174 175 175 178 177 176 174 174 174 172 170 168 167 166 166 166 165 166 166 166 164 164 164 175 173 164 162 162 162 165 166 166 179 183 170 168 165 169 173 163 167 178 180 179 165 159 158 158 157 156 156 168 186 186
208 207 206 207 209 207 206 205 201 198 196 193 190 189 188 187 188 191 202 202 198 195 193 192 189 189 186 187 190 192 194 198 204 207 200 203 208 216 218 205 195 193 191 186 183 180 177 181 182 182 181 179 175 174 174 171 168 168 168 168 168 167 166 165 165 166 165 164 171 186 203 185 171 164 163 165 166 166 174 177 176 173 170 165 162 164 185 199 199 192 181 177 172 171 167 158 156 163 188 184
219 223 223 224 226 224 221 220 219 218 217 216 211 201 192 189 191 194 203 203 200 204 208 206 203 199 191 202 207 202 205 207 211 208 209 224 229 223 213 200 194 193 192 190 183 179 180 186 188 190 188 187 180 178 175 171 171 169 168 168 168 167 167 166 165 165 165 169 178 193 214 198 200 194 183 184 183 174 177 190 200 194 185 184 180 178 203 209 205 199 197 196 194 191 182 163 156 156 182 178
241 241 237 236 235 236 235 232 230 231 232 231 222 206 191 193 197 207 207 205 206 217 223 218 214 206 197 221 226 220 219 213 209 211 221 235 234 225 214 202 194 192 188 185 181 180 185 194 196 196 194 193 183 178 174 171 169 171 172 172 170 167 170 172 174 174 173 176 185 203 227 215 217 223 223 222 212 196 191 206 218 215 213 209 190 192 209 211 207 201 197 198 195 185 171 160 157 156 176 171
257 254 247 247 248 251 248 243 240 241 241 235 221 205 192 195 200 213 222 222 221 229 229 227 222 208 202 227 233 229 219 218 224 226 224 218 225 220 208 198 192 188 187 185 183 186 196 203 208 206 204 200 189 181 175 173 171 176 179 177 173 169 175 180 180 183 184 184 191 210 233 229 225 223 224 228 226 216 206 219 223 220 212 195 190 207 213 210 205 204 201 189 188 177 175 174 156 156 165 173
265 262 261 262 261 262 262 258 251 246 242 232 217 208 199 195 199 209 224 230 234 238 237 230 220 213 206 224 233 232 229 232 235 232 224 210 205 202 201 194 191 189 187 185 184 192 207 223 223 215 214 209 197 187 183 178 174 176 178 176 174 171 177 186 186 191 194 200 212 227 236 230 227 223 224 227 228 226 222 221 216 211 204 207 209 215 217 213 210 206 199 189 176 178 191 174 157 155 163 178
274 275 278 278 273 271 267 261 254 248 241 233 217 213 204 197 205 216 232 237 235 233 227 220 215 209 217 236 236 252 241 230 231 228 225 225 219 208 203 195 190 187 185 184 188 197 210 231 235 228 223 214 207 199 188 182 178 176 180 180 179 174 176 185 192 197 206 232 240 234 230 226 221 217 217 223 228 230 227 225 222 219 218 219 220 221 220 217 213 207 199 186 185 196 192 177 157 155 157 175
289 289 288 283 278 276 267 263 261 255 241 227 217 213 205 200 211 224 237 237 234 223 222 218 216 220 224 239 243 264 264 250 252 250 245 234 225 215 205 196 191 187 184 184 189 198 210 236 241 237 232 223 213 199 188 182 181 183 186 189 185 176 177 188 201 213 231 245 246 234 223 215 216 214 213 223 230 229 226 223 221 220 220 221 223 221 219 217 213 207 199 185 194 199 192 179 162 155 155 162
298 297 294 291 289 286 276 269 260 250 240 226 218 213 204 209 222 233 242 242 234 233 232 224 227 226 229 245 251 276 274 265 266 261 254 244 228 215 206 198 193 189 185 184 189 199 214 238 248 246 235 221 207 197 187 185 191 191 192 194 186 180 181 186 196 215 234 251 248 235 219 207 211 210 211 220 229 232 230 222 216 214 212 216 216 213 214 214 210 206 198 186 197 197 192 184 168 156 155 155
308 315 311 305 301 297 291 280 270 260 246 233 221 209 205 213 228 244 240 237 248 252 239 233 235 234 236 241 260 286 287 279 272 262 251 238 228 218 209 204 200 195 188 185 186 189 198 221 245 242 225 209 203 194 189 192 196 194 192 190 185 183 183 187 198 214 247 252 239 224 210 204 206 205 215 225 232 232 231 223 214 209 207 210 204 202 210 211 206 201 194 193 199 198 192 180 172 164 155 155
336 340 328 314 310 304 296 284 273 258 243 222 211 219 229 233 238 245 249 257 261 256 247 253 250 244 245 247 253 277 295 293 281 262 253 252 243 231 220 213 208 201 194 190 186 187 190 200 221 226 211 201 200 194 199 205 203 197 193 191 190 186 190 198 212 244 256 245 228 214 206 201 201 207 218 227 230 229 228 225 216 207 201 202 198 197 209 209 202 198 195 201 200 200 194 184 178 172 167 159
352 351 333 314 306 298 288 275 259 233 213 218 239 253 252 253 252 260 271 267 266 261 254 271 264 262 261 258 258 268 285 294 295 284 273 266 253 242 233 223 217 207 200 197 192 191 193 196 207 212 209 205 200 202 211 217 216 208 202 200 193 189 196 207 233 258 250 241 225 212 206 200 199 206 216 224 224 227 224 219 213 203 199 195 193 194 202 204 201 196 197 201 202 201 193 187 182 179 182 176
362 349 321 303 294 283 274 259 230 223 228 253 270 278 275 271 269 276 278 276 279 263 273 281 273 285 288 279 274 276 280 287 296 304 293 283 273 259 246 237 231 219 210 204 198 198 196 200 204 207 210 208 208 212 218 223 219 211 205 200 196 196 201 215 242 251 241 235 228 212 204 198 197 198 205 213 220 226 223 213 206 200 196 192 190 197 203 198 200 198 198 200 202 199 195 192 189 187 185 181
358 335 313 299 288 276 258 237 226 240 271 292 296 297 299 292 294 299 297 292 281 267 285 289 282 293 303 298 293 291 292 293 300 316 324 306 294 280 267 258 245 232 223 213 207 205 201 200 204 211 212 214 218 217 224 225 220 212 209 207 206 206 210 224 247 246 238 230 228 215 204 200 198 197 198 210 224 225 219 211 203 198 192 188 192 202 202 193 190 193 196 199 197 196 197 195 192 187 181 180
352 330 309 295 280 267 244 226 234 276 312 324 315 311 317 312 310 312 306 292 274 287 297 294 291 301 311 313 310 306 304 305 307 316 316 305 302 294 285 274 263 250 239 227 217 214 211 208 205 211 217 224 228 224 227 228 225 223 223 221 221 224 230 244 249 242 237 232 221 210 205 204 205 201 198 214 221 219 215 211 204 196 188 192 202 202 196 190 183 185 191 194 193 193 197 196 189 182 174 175
340 318 302 287 268 250 228 226 251 295 325 331 325 325 327 325 321 318 310 296 287 300 302 300 303 316 322 324 323 318 314 312 312 302 293 289 289 295 298 289 278 269 252 239 229 227 222 217 212 214 228 246 242 237 237 240 239 249 255 248 249 252 249 245 240 229 225 225 220 210 210 216 217 210 200 200 215 215 215 212 203 194 187 195 202 197 192 188 183 179 179 184 185 191 194 190 185 175 170 169
318 305 291 277 258 235 226 249 251 289 325 337 340 340 340 336 330 323 312 298 292 306 310 309 311 325 333 331 328 325 321 311 297 289 284 279 276 282 292 296 289 278 268 257 247 242 232 224 217 217 229 244 248 262 263 269 269 272 270 265 259 252 243 236 232 221 214 213 211 207 205 211 219 217 211 201 207 212 209 204 196 193 185 194 195 188 191 191 188 182 176 173 184 189 187 183 177 169 173 171
291 284 276 261 247 227 238 284 280 269 299 328 346 350 349 344 336 325 313 300 295 305 317 319 321 334 338 333 326 319 314 308 305 299 292 286 278 272 273 279 286 290 279 271 264 254 240 230 223 228 231 237 251 267 276 282 280 277 272 265 258 250 242 235 231 224 221 220 221 217 209 204 214 213 209 205 197 202 199 191 186 185 183 193 188 178 180 186 186 178 173 170 177 181 184 181 175 169 170 167
269 268 256 237 231 236 280 309 301 277 298 329 349 361 360 354 344 332 317 307 307 302 317 327 331 338 344 338 331 325 319 321 318 309 303 295 284 279 271 266 273 287 285 277 271 263 251 236 229 238 240 240 248 261 281 288 284 281 277 271 265 259 253 247 240 232 231 230 227 223 216 207 200 199 197 200 196 192 191 190 186 181 184 190 178 172 178 181 179 174 168 173 178 182 182 177 177 172 168 164
252 247 232 236 242 262 300 320 312 296 317 337 354 364 365 359 346 333 321 316 310 310 323 336 343 345 346 342 338 333 327 329 326 318 308 299 296 292 283 271 262 264 272 280 280 272 261 246 236 239 241 244 249 266 291 290 285 279 275 268 261 254 249 246 242 238 233 229 225 220 214 210 210 206 200 194 191 196 199 197 188 181 185 188 180 171 173 171 170 168 169 175 179 179 178 177 176 175 168 166
234 234 247 258 269 271 288 314 322 314 332 344 357 362 362 358 347 338 333 324 316 326 331 344 349 348 349 349 346 339 336 338 333 325 316 308 306 299 290 282 268 260 258 266 280 281 269 256 244 238 239 242 250 265 284 291 282 274 267 259 250 245 242 247 248 243 238 234 230 227 224 223 221 215 207 200 193 186 191 193 188 180 179 188 182 170 167 167 166 166 173 177 175 173 170 168 166 164 167 175
241 253 265 284 300 297 296 321 334 329 343 352 361 363 361 356 349 342 335 325 334 340 344 354 353 352 354 353 350 344 345 346 340 331 322 318 311 301 288 279 272 264 256 253 271 286 275 257 249 240 239 244 251 261 273 288 282 274 264 256 250 243 237 239 245 243 239 234 232 230 227 224 221 217 211 201 193 189 185 180 179 177 181 182 183 173 168 166 166 166 171 178 173 167 166 171 172 167 171 178
260 271 290 302 330 319 318 336 349 341 350 360 365 365 363 358 350 339 329 329 342 352 359 362 359 358 359 356 352 348 348 349 344 337 331 325 315 302 287 277 272 267 261 256 251 264 280 258 245 238 236 245 254 257 265 280 284 280 271 264 253 246 238 229 227 225 226 218 215 220 222 220 215 215 205 198 191 185 180 177 175 180 182 176 175 171 167 166 167 166 171 177 171 169 173 175 178 173 172 170
277 290 311 325 344 352 345 350 363 361 357 365 370 369 364 358 348 339 337 335 345 356 364 364 362 363 363 361 357 355 353 349 346 342 335 325 313 302 293 284 277 273 267 261 253 246 257 253 240 235 233 242 252 254 256 266 284 284 273 267 253 242 236 233 237 239 235 228 223 213 209 205 203 209 200 190 189 189 187 178 176 178 174 169 168 167 168 169 166 166 175 175 169 172 173 173 177 177 172 169
300 313 329 345 359 387 375 367 372 376 374 377 379 374 367 359 351 349 347 342 353 358 363 363 361 361 355 352 353 354 348 342 344 339 332 325 316 310 302 294 292 290 280 268 254 245 241 237 235 235 229 232 238 245 249 259 278 282 273 267 255 241 238 248 249 244 237 232 227 221 217 216 211 206 201 199 204 202 193 180 179 179 173 169 169 174 177 171 165 173 179 175 169 169 173 172 173 176 173 171
327 338 352 370 387 414 408 392 386 385 387 386 382 376 369 363 360 359 355 348 351 362 366 363 355 348 340 335 334 334 325 328 334 329 321 316 309 306 307 304 301 296 287 272 246 246 241 236 230 230 227 226 230 235 244 252 263 269 275 265 259 246 248 254 249 243 236 230 226 224 221 219 217 215 214 211 208 201 190 175 176 174 169 169 173 183 181 172 165 167 173 172 167 165 172 172 175 175 172 172
377 375 380 392 402 416 416 410 402 396 392 386 380 375 371 368 367 367 363 362 365 368 369 363 354 342 332 322 319 316 310 310 314 310 304 304 293 293 298 298 289 278 269 258 257 272 262 250 240 233 232 225 223 228 234 243 244 247 262 264 261 252 249 252 247 240 234 228 223 219 216 214 214 215 213 204 200 197 186 173 173 169 169 176 184 185 181 176 166 167 168 165 165 166 172 174 172 167 167 170
386 395 394 391 390 393 394 394 395 394 389 383 376 372 370 370 372 373 373 375 378 376 371 363 354 343 332 319 309 304 299 294 293 292 288 287 279 270 270 268 264 259 254 250 278 290 277 262 253 244 238 231 223 220 226 231 233 235 244 260 264 255 246 247 244 238 233 228 224 220 215 209 203 208 204 193 186 184 181 172 170 169 176 187 188 182 173 170 168 164 165 165 164 167 174 175 172 167 164 164
361 374 374 372 374 377 381 384 383 382 382 378 373 370 369 372 375 378 378 380 379 376 370 360 349 336 326 322 320 316 311 303 293 280 275 272 264 259 256 253 250 249 250 265 288 297 291 278 261 252 239 239 227 221 218 223 224 227 233 249 259 257 243 242 240 235 231 228 225 222 219 215 206 198 194 187 181 176 175 171 170 175 186 191 186 178 172 179 173 166 165 165 164 167 174 175 174 166 162 162
341 350 354 355 359 366 372 376 375 373 372 370 367 364 369 374 378 380 380 379 378 375 369 360 352 345 338 334 331 325 318 307 296 281 270 267 267 267 265 259 255 257 267 283 294 296 289 281 264 252 244 241 238 225 217 218 218 220 226 239 255 256 243 240 238 231 226 221 218 215 214 215 212 204 193 182 176 173 172 171 179 182 190 192 184 177 174 181 179 172 165 164 165 165 172 174 175 167 163 160
322 335 338 346 361 365 367 370 371 369 367 364 360 357 364 373 382 380 376 373 370 370 367 361 356 351 345 339 333 326 317 303 293 285 282 281 282 278 269 264 275 275 289 296 293 287 280 273 264 256 254 257 259 237 220 215 214 212 218 231 250 256 247 243 241 236 230 224 216 210 202 201 205 200 190 181 174 173 172 173 175 181 193 194 187 181 176 184 179 171 165 164 165 165 173 173 173 166 162 161
325 330 333 349 362 365 368 367 367 366 363 360 356 353 356 363 369 373 372 368 364 362 360 359 356 352 347 340 333 326 319 311 305 299 293 288 284 273 268 269 289 305 306 300 292 287 287 283 279 274 269 269 263 246 232 236 233 218 211 223 237 248 250 246 242 238 233 228 224 217 210 204 195 189 183 176 173 173 177 182 180 187 196 197 192 183 178 184 179 173 165 164 165 168 173 173 172 168 164 162
301 312 331 343 351 357 361 363 364 364 361 357 354 350 350 353 356 357 361 362 360 358 355 354 352 348 343 337 331 326 320 312 303 295 288 281 277 273 283 286 291 303 305 300 295 298 297 293 287 282 276 268 256 255 253 253 244 224 208 216 226 236 245 247 241 238 234 228 222 218 214 208 199 186 180 176 174 177 191 192 184 189 198 197 192 184 180 181 176 171 166 163 163 165 169 168 167 166 166 165
286 305 322 334 340 347 355 360 362 362 360 358 358 356 351 347 346 347 352 355 355 353 352 349 344 339 337 333 328 323 317 309 300 294 290 285 279 283 287 300 304 305 300 298 306 309 306 299 291 285 276 266 266 267 263 257 247 226 208 209 218 224 233 239 239 236 233 223 211 205 203 199 191 186 178 176 175 186 196 193 186 189 195 193 189 184 181 178 172 168 166 165 164 163 164 162 161 161 160 161
291 308 325 334 344 352 357 360 361 362 360 360 359 358 356 352 345 343 346 351 353 348 346 346 337 332 328 328 326 321 316 311 306 301 294 288 288 292 295 299 304 304 300 301 309 315 311 302 292 283 276 276 274 269 264 259 250 232 215 204 209 214 219 230 235 232 227 219 206 197 190 187 185 181 178 178 177 191 196 192 197 196 195 194 192 188 182 177 172 168 167 166 166 166 165 162 162 161 161 160
291 305 322 333 343 352 354 355 358 361 359 358 356 351 348 343 336 341 345 348 350 346 337 328 325 328 323 324 325 321 319 316 311 304 297 296 297 299 298 297 297 301 303 303 306 311 309 299 289 285 284 280 275 270 264 259 254 245 233 211 202 206 209 218 226 227 220 214 204 199 193 189 182 179 179 184 178 185 196 199 201 199 197 198 196 193 184 177 176 182 180 175 169 167 167 163 163 161 159 160
282 300 317 331 344 349 346 346 352 357 357 355 351 343 336 332 331 339 346 348 345 344 338 329 318 315 315 315 321 320 315 313 310 306 302 301 303 301 299 296 292 295 302 307 311 310 305 297 291 289 285 281 275 270 264 259 252 245 239 224 206 200 202 205 210 213 219 212 204 202 198 190 182 180 187 191 184 185 198 199 200 197 194 198 198 196 191 185 187 188 187 181 173 169 165 160 161 160 160 160
275 293 312 328 341 343 335 344 351 353 355 354 351 342 330 328 335 344 346 343 339 337 335 330 321 306 293 302 308 309 307 300 301 302 302 304 302 300 297 294 289 292 304 309 311 309 304 299 293 288 283 279 275 269 263 256 248 238 231 220 209 205 206 206 199 198 207 210 205 197 190 183 181 181 191 200 191 184 192 198 200 198 192 197 198 197 195 192 189 184 185 180 175 164 161 162 162 161 162 161
280 283 300 316 325 327 328 339 344 347 350 350 348 342 331 316 336 341 337 331 329 328 328 325 320 313 299 283 290 293 293 289 285 286 292 298 292 290 291 287 282 291 305 313 312 307 301 296 290 285 280 276 272 267 261 253 245 236 234 232 223 214 212 216 210 203 193 197 194 189 185 187 188 188 195 200 197 188 198 199 200 197 191 189 191 191 189 184 179 175 178 173 164 161 163 168 168 164 163 163
294 282 294 307 313 316 329 338 342 344 346 347 345 340 330 313 332 332 326 318 317 313 315 312 306 303 293 279 267 270 270 265 260 262 273 282 286 278 276 272 279 292 304 317 312 302 294 289 285 280 275 270 267 264 258 252 240 237 244 242 236 226 221 219 215 210 203 196 190 187 192 198 198 198 205 202 197 191 200 202 200 196 192 188 185 182 181 177 172 166 164 163 163 161 163 170 168 164 163 163
311 294 293 310 313 331 322 323 339 340 341 339 337 335 328 308 324 324 314 303 306 301 293 289 275 279 280 273 259 255 255 257 261 254 247 250 267 270 263 274 288 296 303 312 306 295 286 281 279 275 270 265 260 258 253 246 247 247 247 243 237 234 230 226 220 216 215 207 199 189 194 205 205 207 206 202 194 191 200 201 198 190 186 186 186 179 180 175 167 163 163 163 163 162 161 168 170 167 162 162
317 307 303 315 327 345 337 320 317 324 323 311 308 308 310 299 299 303 292 283 281 283 275 272 269 267 264 263 269 272 268 272 275 264 255 249 241 248 268 281 287 290 294 298 296 288 281 274 270 269 265 261 255 253 253 254 254 251 247 244 242 240 235 230 224 218 212 206 197 190 193 202 207 209 205 200 194 196 202 202 198 189 181 177 177 173 172 166 164 167 166 164 164 162 164 167 169 167 163 162
309 311 324 338 344 347 344 335 319 310 314 326 324 315 312 311 297 288 286 294 295 283 280 281 289 286 275 277 290 291 286 283 271 260 254 249 244 238 243 271 275 278 281 281 286 286 278 269 263 261 261 259 258 257 258 257 254 250 247 244 241 241 236 231 223 216 209 201 195 193 195 199 202 204 202 198 195 198 204 203 198 186 178 175 175 175 172 167 163 174 171 167 164 164 167 168 169 169 166 163
309 325 341 349 350 348 343 338 333 332 333 339 337 333 331 327 320 316 311 310 310 304 302 301 302 301 298 298 299 296 291 283 279 275 271 265 258 251 243 237 254 267 270 273 274 278 272 260 259 253 258 259 260 260 259 257 254 250 247 244 240 236 235 230 219 213 207 202 198 201 201 203 203 201 200 199 198 200 205 205 199 190 183 180 184 185 178 168 164 175 171 168 166 165 164 168 171 171 169 164
317 332 341 349 351 350 349 347 344 343 343 345 344 342 340 337 334 332 332 331 327 322 317 314 312 309 307 306 302 298 294 291 288 284 279 273 268 260 251 241 230 248 260 267 267 265 263 253 254 246 253 258 259 260 259 258 254 252 248 244 239 233 228 225 215 210 208 206 203 208 207 205 203 203 203 202 199 199 204 204 199 192 188 187 191 190 179 168 164 173 172 169 166 164 165 165 169 172 171 166
321 334 344 351 354 354 354 352 350 350 350 352 351 349 348 345 343 342 342 341 337 333 329 326 322 318 314 309 304 300 297 294 290 285 280 275 272 269 264 252 237 226 242 258 262 265 260 254 247 241 249 255 258 258 258 256 253 250 246 242 237 231 227 223 216 213 211 207 208 213 212 207 205 204 203 201 197 192 195 195 195 189 184 182 189 184 173 165 169 176 172 168 165 164 165 165 166 169 170 169
321 335 348 350 354 355 355 355 356 357 356 357 355 353 351 349 348 348 348 346 342 340 338 333 328 321 315 309 305 301 299 296 292 288 284 280 276 273 268 260 246 232 224 237 252 258 260 254 243 236 243 249 252 253 256 257 254 251 247 244 240 236 232 225 218 216 211 208 212 216 216 212 207 205 204 204 196 184 175 175 188 191 184 179 174 168 166 169 174 172 169 166 165 165 165 165 165 166 167 167
328 340 345 348 353 354 355 356 358 361 361 359 358 354 351 350 350 351 349 346 342 338 336 333 327 320 314 308 305 303 300 297 293 289 285 281 277 273 270 264 255 244 231 220 226 240 251 253 251 243 236 243 249 250 254 255 253 250 249 247 244 239 233 225 219 217 214 213 213 215 215 215 210 204 203 204 198 181 179 178 176 190 189 183 167 167 172 173 173 172 169 167 166 165 165 165 165 166 166 166
335 346 349 351 352 353 354 356 357 357 358 357 354 351 350 349 351 348 346 344 342 336 330 325 322 316 311 306 303 301 298 295 292 288 285 280 276 271 268 264 258 252 243 227 218 217 229 242 248 245 235 248 251 252 254 251 249 248 248 248 244 239 232 224 218 218 221 219 215 210 208 208 201 195 191 191 184 183 194 184 174 183 183 174 170 178 179 177 175 173 172 172 168 166 166 166 166 167 167 167
331 346 351 350 350 353 355 355 354 352 349 348 349 347 348 349 347 340 340 340 338 334 328 322 315 313 308 303 299 295 293 293 288 284 280 275 270 265 261 255 250 249 245 237 225 217 213 224 234 234 231 249 252 249 249 246 244 245 246 245 242 235 227 221 220 224 226 223 217 211 204 200 198 195 189 179 184 199 194 185 173 176 176 172 168 176 185 184 181 179 181 180 172 168 167 166 166 166 166 167
327 339 343 346 350 355 356 354 350 344 340 336 338 341 344 346 339 332 334 336 332 327 323 317 309 304 305 301 296 290 287 285 283 278 273 268 262 257 250 242 236 236 233 235 235 226 213 210 218 219 233 247 248 245 242 241 239 242 242 241 237 229 223 224 227 229 230 226 220 213 206 203 207 205 198 181 204 196 185 182 176 171 175 173 167 167 182 186 187 184 182 178 173 171 167 166 166 166 166 166
331 337 343 347 351 357 357 354 348 334 326 324 325 329 335 338 332 324 325 330 328 323 317 310 301 293 298 297 294 288 284 281 276 272 266 260 253 247 240 232 224 222 221 223 224 225 218 207 215 222 229 241 243 240 237 235 236 237 237 236 232 226 224 229 233 233 232 228 222 218 214 208 205 192 179 186 206 196 185 180 177 172 170 171 169 166 175 182 182 184 183 179 173 169 167 168 167 166 166 167
338 343 348 352 357 358 356 351 344 331 316 313 311 316 323 326 323 315 320 323 322 318 313 306 299 288 288 290 289 286 283 279 273 266 260 252 245 242 239 235 226 218 213 210 209 211 210 207 221 234 239 241 240 237 234 230 231 233 232 231 226 224 227 230 233 231 228 226 222 219 215 207 201 178 190 206 209 202 190 181 178 174 171 168 167 166 176 181 181 181 182 181 179 176 170 171 169 168 167 167
345 351 354 358 361 359 355 348 339 326 316 305 300 302 311 318 316 307 313 316 315 310 304 301 298 291 278 281 286 285 282 277 271 266 264 260 257 255 248 237 226 219 212 208 205 201 203 209 222 233 240 239 238 236 234 229 224 226 229 225 221 225 229 231 232 231 227 221 215 210 209 201 198 186 203 212 209 200 187 178 174 174 174 172 170 171 175 179 180 180 180 178 179 181 176 173 172 171 169 169
353 358 361 363 363 358 354 347 339 331 323 312 296 290 298 303 301 297 304 308 308 300 296 291 291 286 274 271 284 286 285 285 283 279 274 268 263 257 249 242 235 229 223 218 213 200 209 219 226 234 237 234 232 232 231 227 222 220 222 220 219 222 227 230 231 232 228 220 213 206 194 185 181 183 206 212 204 193 181 176 176 176 177 176 177 177 176 175 177 178 178 179 179 180 178 176 174 173 170 169
361 365 367 365 363 358 353 346 338 328 315 303 290 280 281 284 281 287 293 297 298 294 290 286 281 281 274 261 276 281 284 289 288 280 274 267 261 256 251 250 249 246 238 225 212 198 210 228 230 229 230 228 224 225 226 225 224 220 216 216 220 222 224 226 227 229 230 225 217 200 182 181 189 194 201 202 199 190 179 181 181 178 177 177 177 177 177 176 178 178 178 178 179 178 178 175 176 175 172 169
363 367 367 366 363 356 348 340 331 325 314 305 297 288 273 271 271 272 277 283 283 282 281 281 272 272 271 257 266 268 270 273 273 270 268 262 258 255 251 249 249 245 236 221 207 197 206 216 214 217 219 215 211 218 220 221 220 217 214 220 225 226 225 225 221 213 218 216 212 194 182 180 197 204 199 196 193 188 180 180 180 177 177 179 179 178 177 177 179 178 178 178 178 179 178 175 178 179 172 170
362 365 367 367 365 362 357 354 350 341 328 319 311 300 284 266 258 256 258 267 271 266 276 277 267 263 263 251 250 251 252 254 257 260 258 255 254 250 247 245 244 240 232 219 209 205 198 197 200 202 204 203 202 210 213 211 210 211 218 225 225 228 226 222 195 185 187 188 184 183 182 184 207 206 204 198 193 187 182 177 176 177 177 179 179 179 179 179 179 178 178 178 177 178 178 176 180 182 177 172
356 362 365 366 364 359 362 361 358 350 341 333 325 312 295 277 260 249 242 242 248 262 272 273 267 256 251 242 245 239 238 237 240 245 248 247 246 245 243 242 239 236 232 224 219 220 215 204 196 192 191 196 201 210 212 208 215 222 226 228 229 229 227 221 189 200 212 209 206 206 205 205 211 206 199 193 190 186 181 177 176 181 178 180 180 180 181 180 180 180 178 177 177 178 179 178 178 184 182 176
346 352 357 357 355 349 353 354 355 353 350 344 336 322 306 289 274 258 245 235 233 249 254 266 271 257 240 232 237 228 227 225 226 230 237 236 237 238 241 241 237 233 228 226 229 228 226 217 204 196 193 190 194 209 213 206 213 221 228 231 230 226 214 211 210 190 223 222 216 212 211 208 202 199 192 188 185 179 178 177 176 176 178 179 179 180 180 180 180 181 179 179 180 178 180 179 180 185 187 181
340 336 345 346 344 339 342 343 347 353 352 349 341 329 312 294 277 262 249 241 231 228 239 265 269 252 237 224 223 219 216 216 216 217 222 225 230 236 242 241 237 234 232 231 230 230 228 218 208 198 192 189 190 198 207 200 204 219 224 227 227 213 189 197 193 191 224 222 216 213 210 208 202 196 191 190 184 183 180 179 179 176 176 178 179 180 180 181 183 182 183 179 178 180 180 179 181 188 191 190
334 322 329 332 333 329 333 332 338 352 352 348 340 327 310 292 277 266 259 251 244 228 224 237 252 244 228 223 214 211 208 208 207 206 210 219 233 242 246 243 238 234 231 228 227 227 225 216 206 197 190 189 203 210 200 197 196 196 215 224 219 203 192 213 214 216 219 218 216 214 213 210 210 207 193 187 184 184 184 183 181 177 179 181 180 181 184 183 183 183 183 179 178 179 180 180 181 186 194 196
326 313 307 317 317 314 317 320 319 341 347 344 336 326 312 300 290 280 270 263 254 241 226 216 217 218 212 216 211 205 202 199 201 199 203 212 229 242 245 242 238 234 229 225 222 220 218 208 201 197 190 199 214 220 222 218 212 207 194 197 196 203 207 215 219 219 216 216 214 215 212 203 199 198 199 197 186 184 182 182 183 188 188 184 183 181 185 190 187 184 183 179 178 178 180 181 181 186 190 197
309 305 286 289 296 294 299 302 301 329 345 341 336 331 322 316 303 290 280 270 260 250 241 229 213 206 203 204 202 199 198 196 195 195 196 203 215 232 231 229 229 227 224 222 220 214 210 205 201 196 190 207 219 223 227 227 221 209 202 205 215 212 208 216 215 211 202 200 201 203 199 191 192 204 206 193 184 183 175 175 180 193 190 185 185 182 184 187 187 184 182 180 179 178 180 180 182 188 192 196
283 285 277 270 277 272 276 279 280 311 336 335 336 335 330 321 309 293 277 264 256 249 241 228 219 210 200 198 197 196 196 196 195 195 194 196 209 215 214 213 212 211 213 219 219 213 206 203 198 190 192 206 216 222 223 225 221 212 207 208 211 207 203 208 204 199 195 192 193 192 198 193 188 194 188 180 177 180 176 176 192 195 190 186 185 184 183 191 188 186 182 181 182 182 183 182 182 184 189 192
268 264 261 256 259 253 254 257 257 272 309 317 320 330 332 322 315 294 267 247 238 229 220 204 199 199 199 198 197 196 197 197 199 198 195 194 199 198 197 196 195 194 200 215 215 211 206 200 190 192 201 202 209 218 221 224 218 211 206 205 205 200 197 198 193 195 194 189 190 194 202 189 180 184 179 174 178 181 182 186 202 197 190 186 185 188 188 188 183 185 181 183 186 188 188 188 187 189 188 190
258 250 245 238 238 235 236 236 237 245 260 283 299 313 316 311 304 282 251 227 215 209 202 200 200 200 200 201 205 210 215 219 210 201 195 193 193 193 192 192 192 192 192 205 209 209 202 194 199 202 204 203 207 213 220 223 214 209 205 201 199 198 196 193 190 192 193 186 187 195 193 183 177 179 178 175 177 179 185 201 203 192 188 185 186 189 192 188 182 182 181 183 185 187 187 192 190 189 192 193
250 241 231 222 219 217 217 218 222 226 231 248 277 292 303 298 281 257 234 209 204 203 201 202 204 211 218 230 239 242 241 231 213 204 198 195 197 200 200 195 193 191 191 195 196 195 195 207 210 207 205 206 208 213 218 215 209 207 204 202 198 194 193 189 185 185 188 183 190 196 187 179 176 178 177 174 176 190 199 206 203 193 189 185 187 192 192 187 183 184 181 181 182 184 188 192 194 191 191 193
235 224 219 216 216 215 214 212 211 212 214 223 247 270 282 280 257 234 213 205 204 205 209 213 224 227 241 258 259 258 250 234 222 214 206 214 221 222 217 205 198 194 200 204 204 197 205 213 212 210 207 207 207 207 209 209 209 206 202 201 197 191 188 187 185 182 180 180 183 186 180 173 175 178 175 173 176 198 209 213 204 194 188 186 191 193 195 191 186 182 181 181 181 182 185 190 193 193 192 194
