# 100 100
234 238 239 239 249 252 252 253 253 250 249 245 248 247 247 248 247 245 244 243 244 237 234 233 232 232 233 237 237 231 228 225 223 224 221 220 214 211 208 208 206 203 205 207 205 201 191 193 199 203 204 212 214 211 212 206 210 219 218 221 222 224 221 213 206 201 200 202 198 201 198 200 198 195 192 191 190 187 184 184 184 183 183 184 188 188 192 194 193 192 189 191 187 182 181 188 187 185 187 189
245 244 246 244 250 252 253 254 254 251 249 248 251 250 251 252 247 245 245 243 243 240 238 237 239 236 237 239 236 230 227 224 225 223 220 217 217 216 214 211 210 207 202 204 200 197 191 194 198 203 208 217 219 219 218 213 211 213 214 217 220 223 221 218 210 204 198 198 196 201 202 201 197 195 192 194 194 193 191 186 185 186 184 182 183 186 189 190 193 192 190 188 187 186 183 185 187 186 187 193
250 251 253 251 248 251 252 253 253 250 250 249 252 254 255 255 247 247 252 248 245 244 242 243 238 235 233 235 235 229 225 222 223 220 217 221 223 215 214 209 207 206 210 206 197 193 192 193 199 204 208 218 220 222 222 215 209 208 209 216 213 216 219 217 212 209 202 196 195 200 202 199 194 192 196 195 195 196 195 193 191 192 188 182 181 183 188 191 198 199 193 190 189 188 184 183 187 188 189 189
252 254 254 251 252 253 254 253 253 255 253 253 253 256 256 254 251 249 255 253 250 249 249 245 240 237 234 229 227 225 224 226 224 222 221 223 222 214 211 207 204 203 207 208 197 193 193 194 199 207 210 215 221 224 226 219 212 209 210 217 214 213 220 219 212 213 208 198 194 194 197 195 197 197 200 199 198 197 197 195 194 193 190 181 181 185 188 193 196 195 194 193 189 188 183 181 189 188 187 186
258 257 257 254 255 257 257 255 256 258 258 256 259 260 257 256 253 252 252 250 253 252 251 251 247 243 237 233 228 229 228 228 228 225 225 223 220 220 215 207 206 205 203 199 194 199 203 199 203 212 222 219 222 224 224 220 223 221 219 216 215 218 225 226 216 208 208 202 195 193 192 192 203 206 201 203 199 198 197 194 192 191 184 180 184 185 186 188 191 192 193 190 188 188 185 181 187 189 188 188
262 259 261 258 257 258 258 256 256 258 258 259 267 264 258 259 257 255 256 256 253 252 256 258 253 243 240 236 233 232 230 231 231 230 228 226 223 223 218 211 208 207 205 196 201 204 211 211 207 216 223 218 219 227 225 222 226 229 230 225 223 231 228 228 222 217 213 204 202 197 193 192 201 207 200 202 200 197 196 192 185 181 180 183 188 191 192 190 188 188 189 188 189 192 188 185 182 183 187 189
264 262 263 261 261 260 259 258 258 259 258 258 261 263 260 261 263 261 260 258 255 253 252 251 247 244 241 238 235 234 231 232 231 230 228 225 222 219 220 222 217 205 199 205 210 211 210 215 210 211 218 223 222 225 229 227 232 233 233 234 231 232 228 226 225 225 218 211 203 202 202 197 199 205 202 199 199 194 195 193 181 183 187 186 188 189 191 191 189 188 189 189 191 189 187 184 180 178 184 186
268 266 266 265 267 265 261 261 262 264 263 262 263 265 266 268 270 267 264 261 257 251 251 251 246 243 242 237 236 235 235 236 237 235 232 229 226 225 226 227 222 205 203 215 220 218 215 215 218 218 215 222 220 218 219 228 238 240 241 238 238 234 228 228 231 229 224 221 208 202 207 207 202 199 197 197 193 195 195 190 180 183 185 187 189 189 188 188 187 186 187 189 189 186 185 183 181 179 184 186
274 271 270 269 270 269 265 266 269 272 276 279 279 280 287 288 279 270 267 263 259 256 256 252 249 248 241 240 240 240 240 241 240 237 234 232 230 228 227 225 218 205 203 222 228 228 228 227 224 223 221 220 219 224 221 227 237 237 245 242 241 241 237 235 235 232 229 223 215 209 207 207 207 201 195 194 191 192 188 183 181 187 188 190 193 193 190 189 190 188 187 186 188 187 188 184 183 181 179 178
284 280 276 274 273 272 272 276 287 298 304 303 302 305 303 297 288 281 274 269 265 260 257 253 248 246 244 246 244 244 243 241 238 235 233 232 231 229 227 224 222 215 204 210 225 230 230 231 230 228 225 225 227 223 220 229 236 237 241 241 243 243 243 237 237 235 230 228 226 221 212 207 203 199 197 200 194 187 184 179 180 191 192 192 193 194 190 187 187 184 185 182 185 187 186 185 185 186 180 177
295 291 286 283 283 287 292 301 308 311 317 317 318 321 316 306 298 290 279 273 269 265 264 262 259 254 251 251 247 245 243 240 234 232 232 231 229 228 227 226 226 223 210 206 219 231 231 229 230 231 229 227 229 227 227 234 238 242 242 243 244 245 245 242 240 237 234 232 229 227 218 210 206 205 202 205 198 187 182 180 177 180 185 186 188 190 189 186 183 180 175 173 176 183 184 184 184 186 181 177
307 304 302 304 307 311 315 316 314 315 317 316 315 315 311 302 298 295 289 282 277 276 278 276 272 266 258 251 247 242 240 238 233 231 231 230 228 227 225 225 223 222 213 215 213 217 222 229 229 229 231 230 231 233 233 235 237 239 241 241 244 245 247 244 241 240 236 234 231 228 222 212 209 209 204 201 196 189 183 179 176 174 174 174 176 187 189 187 185 178 168 167 165 171 181 185 184 184 183 180
316 313 318 323 325 324 317 312 310 315 318 316 312 308 304 299 295 292 291 289 288 288 289 287 281 272 265 257 251 245 240 236 236 232 230 228 226 224 223 223 221 220 211 212 217 221 211 215 224 226 230 232 231 235 235 232 232 231 234 238 240 242 244 244 241 238 235 233 230 226 223 215 212 210 199 198 198 195 189 181 176 175 174 174 172 183 188 185 179 170 175 174 168 164 176 184 182 183 183 181
327 328 330 333 336 329 321 314 309 310 313 314 313 309 306 307 305 303 304 305 303 295 289 285 278 273 268 262 254 248 243 239 236 233 231 229 226 224 223 221 220 219 213 209 214 215 216 218 222 224 227 226 224 226 229 228 228 225 226 228 235 235 238 238 236 237 237 235 231 228 222 219 217 213 202 195 193 189 187 181 176 183 185 175 171 182 186 178 170 175 184 181 173 165 178 183 180 181 179 177
331 335 337 338 341 337 329 319 311 303 307 312 316 317 317 319 319 318 315 308 299 290 282 276 273 271 267 263 259 253 247 241 238 234 232 230 228 223 221 220 217 216 215 208 216 214 215 217 219 221 222 222 222 223 226 227 228 226 226 227 230 230 231 234 232 232 237 235 230 224 222 220 220 217 205 196 190 185 181 177 179 190 186 180 172 176 175 170 171 185 190 188 178 169 182 181 173 176 177 177
324 330 332 334 337 341 338 324 310 299 296 303 310 316 320 321 317 312 305 300 292 283 276 271 270 271 270 264 260 257 252 244 240 237 234 231 228 223 221 219 217 214 215 209 211 217 217 218 218 219 220 221 222 223 223 225 228 225 226 226 224 224 227 227 229 229 233 232 226 220 214 210 212 217 205 196 189 181 179 178 183 189 187 184 178 172 171 172 184 192 196 192 178 170 176 170 179 177 173 164
314 322 329 335 333 332 336 332 317 300 291 289 294 300 322 321 315 307 299 286 281 274 267 270 268 266 268 269 263 257 253 245 241 239 237 231 229 223 221 219 218 214 213 213 208 219 223 220 218 217 219 220 223 222 220 223 223 221 223 223 221 222 224 224 225 227 230 229 223 215 206 205 201 204 198 192 184 182 178 182 191 191 189 187 187 181 175 180 189 197 196 192 179 163 166 173 170 165 161 158
311 316 324 335 335 331 326 323 318 305 293 280 278 285 302 307 305 301 291 276 268 268 260 267 266 263 263 264 265 260 252 248 241 239 237 232 231 224 222 221 219 216 216 216 211 212 223 222 218 217 217 220 225 221 216 219 217 218 219 218 219 220 222 223 222 223 227 228 222 214 205 198 194 195 192 186 188 182 184 191 198 196 194 192 197 192 189 189 194 200 197 188 182 168 164 163 162 160 159 167
310 317 325 335 337 333 327 316 307 300 290 281 272 272 285 289 286 286 281 271 260 257 254 258 259 256 257 257 256 255 255 250 245 240 237 232 231 224 223 222 220 218 218 217 217 210 214 221 219 214 215 221 222 220 214 215 218 218 216 217 218 219 222 225 226 225 226 225 221 213 205 197 192 189 187 189 188 183 194 197 201 199 196 192 196 197 195 190 196 198 198 193 183 171 170 174 168 168 177 176
316 323 334 340 340 332 325 316 302 295 287 278 272 267 269 269 272 271 266 262 258 255 250 246 247 248 247 245 244 242 244 251 248 244 237 233 229 226 223 222 220 219 221 220 219 217 210 213 215 211 213 218 218 215 213 213 213 217 217 217 221 222 226 230 231 228 226 224 219 214 203 197 192 191 195 196 189 188 197 196 197 200 201 202 199 198 196 191 192 193 190 186 177 183 180 186 180 177 181 181
323 330 338 345 340 330 319 309 298 292 287 281 276 272 265 259 258 258 254 253 253 249 247 244 240 240 239 236 234 233 233 240 245 244 238 234 230 228 225 224 223 222 223 224 222 220 215 208 208 208 209 212 211 210 213 218 212 214 220 219 219 224 231 229 226 222 219 215 215 209 198 202 203 204 203 201 196 187 188 187 190 195 204 205 202 202 204 201 199 194 190 193 193 192 188 191 188 188 186 184
333 339 343 346 344 336 322 308 297 284 277 271 269 269 264 261 252 253 253 251 251 249 249 248 246 245 243 239 239 233 229 233 235 236 234 232 230 227 227 223 224 224 224 225 223 222 219 215 214 211 209 213 214 213 208 211 210 213 218 219 216 217 216 219 220 216 215 212 204 200 203 207 209 208 205 199 196 200 201 197 199 193 199 199 199 196 202 210 208 203 199 201 195 194 197 197 196 197 196 192
341 347 352 349 344 332 319 307 296 289 278 272 272 270 262 256 257 261 265 264 262 258 258 258 258 259 258 247 240 236 230 231 230 228 229 230 227 225 226 225 225 225 224 225 224 222 222 221 221 222 219 219 219 220 212 208 212 216 217 218 216 211 210 211 212 212 217 214 211 204 208 211 211 209 203 205 205 210 209 204 204 197 193 191 192 194 197 202 205 203 204 206 206 207 205 203 204 206 206 202
331 343 348 345 338 328 317 308 301 298 291 287 287 284 276 268 268 273 276 273 268 264 260 256 254 253 253 244 238 231 232 227 226 224 225 227 228 225 226 227 228 226 226 227 227 227 226 225 224 224 223 221 217 214 208 207 208 209 209 210 211 209 208 207 209 213 218 218 216 211 210 213 211 207 210 209 211 212 211 207 205 206 202 195 192 195 196 202 204 204 208 209 211 210 208 206 207 208 206 204
331 346 351 343 333 326 317 303 295 291 293 294 291 287 284 280 276 277 276 273 264 252 246 243 241 241 241 239 231 237 235 229 226 224 224 225 225 225 227 229 229 228 228 227 227 228 228 227 227 225 223 220 214 209 207 207 207 207 206 207 207 207 207 207 212 215 216 215 212 210 209 213 209 207 210 209 211 211 208 206 207 212 205 198 198 197 198 198 203 206 208 210 206 204 205 204 205 206 205 203
335 340 337 331 316 304 297 295 288 282 280 277 276 279 281 279 277 276 276 273 267 253 244 241 244 247 241 236 234 236 232 228 227 225 225 226 224 224 227 228 228 228 229 228 227 228 228 229 227 224 222 216 211 207 206 207 206 206 206 206 206 206 207 208 211 213 214 217 214 209 210 212 209 210 208 210 210 208 208 210 212 212 208 204 203 199 203 200 196 202 206 206 203 206 206 207 204 203 204 201
297 300 306 304 294 285 285 290 282 273 269 266 265 266 268 271 273 272 265 263 256 249 247 253 251 255 252 240 239 240 238 232 229 227 228 226 225 225 226 228 228 228 228 228 229 229 228 225 223 221 218 214 210 207 206 206 206 206 206 206 205 205 207 207 208 217 222 222 216 211 211 213 212 212 211 212 210 212 215 216 215 213 209 205 202 202 205 204 199 198 201 201 202 209 211 209 207 202 201 200
272 278 281 280 277 275 278 286 282 273 266 262 261 260 261 261 262 265 258 252 252 254 263 263 260 256 255 245 241 242 241 236 232 229 228 227 224 228 228 228 228 227 227 229 229 228 227 226 225 222 220 212 208 207 207 207 206 206 207 206 205 206 207 208 208 217 226 225 221 212 211 214 215 217 217 215 214 216 219 221 218 215 209 203 206 210 209 209 205 201 202 201 205 212 215 212 207 205 204 206
252 259 263 266 266 268 275 283 284 279 272 266 263 262 260 259 257 257 257 260 270 269 268 262 257 254 252 246 242 244 242 241 236 236 232 233 232 225 222 226 228 227 227 227 229 228 228 227 225 222 215 208 207 208 207 208 207 206 206 207 206 206 207 208 209 209 216 226 222 214 213 215 219 224 223 224 220 219 220 219 216 216 207 214 217 218 218 216 215 211 206 205 208 210 215 215 213 210 207 205
239 244 253 258 257 260 266 272 277 280 280 276 270 264 260 259 261 260 266 274 275 272 269 264 259 253 252 246 241 244 244 243 238 241 237 237 235 232 228 226 221 224 223 225 226 226 226 225 222 214 208 207 207 208 207 207 207 206 206 206 207 207 207 211 212 212 219 224 221 215 215 216 220 223 226 229 228 223 220 218 214 209 211 215 217 217 218 219 220 212 214 214 214 211 214 215 213 209 207 204
234 236 242 247 247 251 260 269 276 281 282 281 277 267 262 264 262 266 276 282 280 277 272 266 260 254 253 249 246 242 243 242 242 242 240 239 239 237 234 231 227 219 218 223 225 226 226 223 213 208 207 207 207 208 208 209 209 206 206 206 206 206 208 210 213 216 220 221 218 217 216 218 220 221 227 231 233 228 220 213 211 213 215 215 213 212 212 215 215 209 216 217 216 211 213 216 215 211 209 207
232 232 235 239 241 250 262 273 280 282 281 280 276 273 276 272 265 267 276 283 284 280 274 267 260 257 257 253 251 246 244 246 247 246 243 242 241 239 236 232 227 222 215 221 225 226 227 221 208 208 209 207 208 209 210 213 213 208 206 206 205 206 207 208 212 217 218 219 217 218 219 221 221 223 225 228 230 228 216 210 213 215 215 213 211 210 210 211 211 208 211 217 216 212 210 212 213 214 211 211
231 230 231 234 242 256 275 286 290 288 283 279 277 279 280 276 270 273 281 286 287 283 274 266 261 263 259 256 254 249 246 248 252 252 248 245 242 240 237 234 229 223 214 219 226 227 225 214 208 213 209 208 210 212 213 215 214 209 207 206 206 206 207 211 216 218 219 223 222 222 227 227 223 224 224 226 225 222 217 215 213 215 215 212 210 211 217 221 223 216 212 215 219 221 219 214 207 203 205 208
231 229 230 231 238 257 278 283 291 294 292 290 286 286 284 279 275 278 283 287 286 281 272 265 267 266 259 258 256 251 251 253 253 252 253 250 245 239 236 233 228 223 219 215 217 224 223 211 209 215 212 208 210 214 216 216 214 210 207 207 207 207 209 213 219 221 223 228 227 229 233 231 224 224 224 224 221 220 216 216 213 214 215 215 214 216 225 229 225 217 215 216 222 226 225 218 211 204 202 198
234 232 231 230 234 253 277 282 288 292 298 297 292 287 285 281 279 280 284 285 281 277 271 271 271 265 259 257 256 255 253 254 255 254 253 251 246 241 235 230 226 222 220 219 215 215 220 210 209 217 216 211 209 214 216 216 215 210 207 208 208 210 214 217 219 222 222 224 227 229 232 234 229 223 223 224 225 224 220 218 215 216 214 215 218 221 225 229 226 223 226 220 220 218 217 217 214 207 212 203
237 235 232 228 230 242 265 283 282 280 284 287 283 277 275 283 280 280 282 286 291 282 277 276 275 272 266 262 260 260 256 255 258 256 252 251 247 238 231 228 225 221 220 220 218 213 211 209 211 220 218 216 210 210 214 215 214 212 208 208 209 212 216 219 218 220 221 222 225 224 230 234 231 227 225 225 227 229 226 222 218 219 218 219 223 223 223 226 227 229 227 225 220 222 219 215 212 209 210 206
238 236 234 229 228 235 247 269 274 269 272 276 272 264 269 276 268 265 269 282 290 282 279 278 277 274 269 265 262 260 259 260 259 257 254 248 244 238 233 229 225 224 222 221 221 221 218 212 210 218 219 216 210 209 212 213 214 215 210 210 211 211 215 217 217 219 220 222 224 226 230 233 234 231 228 228 228 230 229 225 222 225 226 228 228 225 227 231 232 232 229 228 223 218 213 211 209 209 209 208
240 237 234 231 227 231 238 249 257 253 255 259 258 251 258 256 252 253 259 265 273 278 289 284 278 275 271 265 261 260 261 266 258 259 252 248 242 237 233 229 228 225 223 223 221 223 222 216 209 209 210 212 209 208 208 211 212 213 211 214 214 212 215 216 219 220 224 226 227 230 232 235 236 234 231 231 231 230 228 224 227 230 230 231 230 230 231 232 234 231 229 228 225 219 215 214 212 210 207 208
243 238 234 232 228 228 235 239 243 242 242 245 244 242 239 236 239 243 246 259 270 292 296 288 282 276 272 270 267 265 264 265 260 256 250 247 242 238 232 232 229 227 225 222 222 224 225 221 210 208 208 209 209 208 208 210 212 214 215 216 217 216 215 214 217 223 225 227 229 232 235 236 236 237 238 233 233 232 230 226 231 232 232 232 232 231 233 234 236 233 228 223 220 219 218 217 216 212 207 207
247 240 235 233 230 226 233 235 235 233 232 234 237 231 233 235 237 239 249 259 260 292 294 289 284 279 276 272 267 266 265 267 261 253 249 246 241 237 233 231 228 225 221 220 220 222 222 217 213 210 208 208 208 209 209 210 213 215 215 215 218 220 219 218 216 222 227 229 232 235 238 237 234 237 238 234 234 234 230 229 230 229 230 233 236 235 235 236 239 234 231 226 222 221 220 219 218 218 212 209
247 243 239 234 232 227 230 233 232 231 226 230 233 231 234 244 248 247 249 259 275 294 295 290 286 282 279 273 269 264 263 265 259 252 249 244 240 238 233 230 225 221 219 217 215 216 216 214 214 211 209 208 209 209 209 209 212 215 214 215 218 219 218 218 216 218 223 232 231 233 235 235 234 235 235 233 233 233 232 230 228 227 228 234 237 239 235 234 237 235 230 228 224 223 221 219 221 220 215 211
250 247 241 237 234 230 225 226 224 222 225 234 237 238 244 254 260 264 264 256 262 277 286 286 284 282 279 273 272 272 264 259 255 251 248 243 240 236 231 228 226 225 223 218 216 213 214 216 213 213 212 211 214 213 210 210 211 220 220 215 214 216 220 220 220 219 221 225 226 228 230 237 238 237 236 233 233 231 231 230 230 227 228 232 234 234 234 233 237 235 232 228 226 225 226 223 224 220 220 222
252 248 243 240 236 233 228 224 225 222 233 238 241 244 250 263 270 276 276 269 264 261 266 269 269 274 279 282 280 277 265 259 256 251 248 242 240 235 231 228 226 223 218 215 215 215 216 213 212 217 219 218 220 220 217 213 213 214 213 210 210 213 217 218 220 221 226 226 229 231 238 242 241 238 239 236 234 236 233 234 233 230 228 228 232 238 237 235 236 238 235 230 228 228 229 228 228 222 224 227
253 249 246 243 241 237 234 229 224 233 241 243 244 250 259 274 284 287 289 291 287 283 278 265 264 273 280 288 291 282 269 266 265 253 247 243 240 236 231 228 226 220 217 218 219 220 220 218 221 224 223 225 225 225 221 216 215 216 213 210 210 213 210 212 218 225 229 230 231 233 237 239 237 239 239 239 242 243 237 235 234 235 233 231 234 237 235 232 232 234 236 230 229 227 229 226 227 223 224 223
247 247 247 246 244 239 234 222 235 242 245 248 252 260 270 281 295 305 307 306 303 297 289 277 270 270 275 287 290 278 269 265 264 256 250 245 241 235 229 224 221 221 224 225 226 227 226 226 227 228 229 231 230 227 225 222 221 217 215 212 210 212 210 210 213 221 228 229 228 231 230 232 229 236 241 241 246 245 243 237 235 236 240 239 236 235 234 233 233 239 241 234 232 228 226 225 224 221 221 220
246 242 243 240 240 238 235 225 239 246 248 250 256 269 282 291 308 318 315 311 306 298 290 283 276 275 269 269 272 266 266 260 257 253 248 243 241 235 229 224 225 227 231 232 232 233 234 232 232 233 235 237 235 231 228 225 223 231 231 221 222 218 212 210 212 212 219 225 227 224 227 228 226 238 243 241 243 243 244 239 235 233 233 236 234 233 233 232 231 239 240 236 231 228 226 226 223 221 220 221
234 241 250 239 236 235 234 229 226 242 247 255 263 277 290 302 317 319 317 314 308 303 298 290 281 272 273 276 268 265 262 261 257 253 249 241 237 235 229 231 235 235 238 240 237 237 239 237 237 239 241 241 237 232 230 227 238 243 235 230 227 223 219 214 212 211 212 218 223 221 225 227 233 241 240 237 241 246 248 246 240 235 234 233 234 238 239 236 230 228 228 232 236 233 231 229 228 223 220 221
212 236 254 245 235 231 230 223 221 243 255 262 271 282 294 305 313 315 312 311 308 307 300 290 283 281 282 278 271 264 257 254 248 253 244 241 240 239 235 235 241 243 244 244 242 242 242 241 243 243 243 242 239 235 232 235 247 240 234 235 230 229 225 219 212 211 212 215 218 222 228 234 238 239 241 237 240 244 247 245 243 233 235 236 234 238 240 236 230 226 229 234 236 238 239 237 235 232 228 226
207 225 248 243 233 230 226 217 234 250 263 271 275 281 282 289 303 307 305 307 309 310 303 295 294 290 285 279 274 266 254 246 245 248 247 246 243 239 241 241 244 246 247 246 245 244 244 242 244 245 244 242 241 236 234 244 244 237 236 232 233 232 225 220 212 211 213 219 221 221 226 232 236 238 240 236 238 243 241 242 240 233 236 237 238 237 234 233 230 232 236 236 236 238 240 238 234 233 233 230
205 209 233 245 234 230 219 219 234 255 270 276 275 271 271 276 290 296 293 300 304 305 304 302 299 295 288 281 272 263 255 248 247 254 255 249 244 246 245 244 245 250 251 249 247 248 245 242 247 257 254 249 243 240 239 245 246 239 231 227 231 231 225 215 212 211 214 222 223 223 226 229 234 238 235 233 236 244 243 240 234 238 243 243 242 238 232 231 230 233 233 232 234 237 237 234 232 233 232 228
205 204 211 230 232 232 226 216 218 254 266 270 268 265 265 271 278 280 280 285 299 307 308 307 302 292 283 276 263 256 251 251 255 254 253 251 249 254 255 254 254 254 253 251 250 250 247 245 260 254 249 246 247 247 249 248 240 228 220 225 227 225 220 212 211 212 214 218 220 222 225 229 229 234 239 239 241 242 241 232 238 249 251 246 243 239 233 231 230 228 231 231 232 234 232 230 231 231 231 227
235 227 212 206 206 211 217 216 221 245 251 255 257 258 260 261 264 267 269 284 307 312 315 313 306 292 282 272 264 261 261 265 266 260 253 252 253 255 262 264 261 258 253 254 256 249 245 243 254 243 243 241 239 239 239 233 220 213 212 216 220 216 214 213 215 213 212 212 216 219 221 227 233 237 242 241 242 244 241 232 240 244 248 246 232 231 232 228 227 229 229 228 229 231 229 228 230 232 233 228
249 246 232 210 206 202 202 206 217 237 238 240 243 248 249 252 260 266 276 289 306 315 323 316 308 294 284 272 269 272 278 280 277 273 265 257 255 256 268 268 266 263 260 260 260 251 244 244 246 241 235 233 232 235 231 219 213 213 212 213 212 214 215 218 215 218 214 213 215 217 223 228 232 234 236 240 244 246 244 235 238 240 238 232 227 228 228 227 228 228 226 226 228 227 230 231 233 233 234 230
247 242 227 204 200 201 201 203 215 221 227 236 246 253 257 264 273 280 288 301 308 316 322 313 302 293 284 273 274 284 292 295 290 285 276 267 265 274 279 268 267 267 267 265 259 255 251 249 252 251 239 228 229 230 218 214 223 219 213 216 216 218 219 220 214 216 217 214 214 215 222 229 228 230 233 239 246 248 247 238 230 232 228 225 225 227 226 225 226 226 227 228 229 229 232 232 234 236 233 229
244 237 212 200 199 200 201 202 217 229 237 246 256 265 272 281 288 295 305 320 322 319 320 325 317 299 282 279 283 294 303 307 301 294 286 278 276 275 272 267 266 267 270 272 269 263 256 252 249 249 245 230 221 221 215 229 236 226 218 221 226 224 221 218 215 226 227 224 221 215 223 232 227 226 232 238 244 245 238 234 228 225 228 230 229 228 225 225 227 230 230 229 232 232 231 232 232 236 237 232
247 228 203 199 204 208 206 206 221 238 243 251 260 270 278 285 294 305 320 332 333 329 330 330 324 313 300 294 298 306 314 317 309 300 295 289 277 274 272 267 265 263 268 271 271 268 264 260 252 249 246 237 220 214 222 233 235 229 231 233 229 226 220 226 220 232 235 229 223 216 216 221 226 232 237 238 239 235 232 232 229 225 232 231 230 229 229 228 230 235 234 232 230 233 232 232 232 236 241 241
252 226 200 205 226 230 221 210 226 240 247 253 261 267 274 277 282 286 292 306 321 325 328 328 326 322 319 313 314 319 325 323 316 309 300 294 286 284 280 274 267 261 261 263 264 264 264 260 253 244 239 235 218 217 231 233 232 235 238 234 231 232 224 226 219 217 224 220 221 218 222 219 219 224 230 232 233 234 237 234 226 225 229 231 231 234 234 233 235 239 236 234 231 232 231 234 237 238 238 241
249 214 199 214 227 225 213 214 232 238 243 248 255 260 263 267 273 275 277 281 293 303 310 316 324 326 324 322 322 323 326 326 322 314 303 299 296 290 285 279 272 265 257 254 253 252 251 250 248 236 235 226 217 223 229 228 233 241 237 235 236 235 231 232 229 231 223 225 225 225 231 232 228 225 221 226 231 232 231 226 230 228 229 230 235 239 237 237 237 237 235 233 230 231 232 242 246 244 237 235
238 209 198 208 220 219 211 210 225 232 238 244 250 254 259 264 267 272 283 286 283 283 287 291 301 315 320 323 321 316 309 314 320 321 316 310 303 298 291 285 280 273 267 260 254 252 248 243 242 239 242 221 220 228 231 229 229 235 238 243 239 240 240 241 242 239 236 234 229 220 223 230 231 227 226 225 225 223 229 232 236 238 237 235 236 238 240 241 240 239 237 234 232 232 231 241 243 244 234 233
231 208 197 200 207 204 206 213 227 237 243 249 255 258 261 264 264 269 280 286 285 283 279 278 279 290 299 309 317 316 300 291 296 307 319 318 311 304 298 293 287 280 272 263 256 252 251 249 250 245 237 220 230 235 232 239 231 232 240 243 242 246 246 245 245 244 243 228 225 218 219 228 236 232 231 230 236 232 235 239 236 243 244 243 242 239 240 239 238 239 241 239 236 233 231 237 237 236 233 232
223 201 197 196 198 209 223 228 234 241 250 258 262 263 262 261 265 271 277 283 284 285 284 282 279 275 278 281 297 302 296 285 280 287 299 314 315 311 306 299 292 285 274 268 264 258 256 252 251 249 250 223 222 237 236 236 237 238 243 251 253 255 249 244 245 247 233 230 223 220 221 225 241 241 240 235 237 237 228 233 241 250 251 249 246 241 242 241 241 240 240 238 236 235 234 233 233 233 233 234
219 202 197 196 200 218 226 232 237 250 264 271 271 267 261 262 270 271 275 281 283 285 287 287 284 276 272 271 280 285 280 278 274 276 286 305 315 313 311 305 296 288 281 277 272 267 264 257 255 257 257 233 217 227 243 245 248 246 250 265 266 261 254 250 249 235 227 235 222 219 221 227 240 248 246 242 234 229 230 239 249 256 254 249 245 242 241 241 242 240 238 238 241 245 249 238 235 234 235 236
217 203 197 196 198 216 227 235 247 263 278 282 275 267 259 265 271 270 274 280 280 283 286 285 283 281 275 272 268 270 268 269 267 269 283 304 317 314 310 306 300 296 291 288 282 277 271 265 262 262 247 219 223 240 256 256 255 253 253 261 267 267 264 260 240 244 244 232 227 222 223 231 241 251 248 242 236 232 233 243 255 257 254 248 244 237 235 236 237 237 238 244 244 246 251 243 239 238 239 242
218 204 197 198 197 217 230 242 256 268 281 276 269 261 254 263 267 270 277 280 281 281 281 280 280 278 274 271 268 260 267 266 264 263 276 296 317 312 306 301 296 297 295 297 294 288 280 272 270 270 233 225 249 255 257 254 247 251 261 267 235 255 260 268 238 249 251 241 232 228 227 239 247 250 249 242 238 240 238 245 251 256 250 244 244 237 239 241 240 239 240 249 250 250 245 248 247 246 247 248
203 207 207 212 204 218 239 254 262 270 274 268 261 252 248 254 259 270 275 278 279 277 275 276 277 276 272 266 262 255 261 264 264 264 270 286 301 297 292 286 279 277 281 288 297 295 290 281 275 267 226 233 264 259 261 236 229 225 251 258 233 250 269 266 262 268 259 247 242 235 234 237 244 250 251 249 247 245 244 249 245 242 242 242 244 245 248 249 240 239 244 252 254 254 250 253 254 254 256 255
195 197 199 205 209 235 252 261 268 275 268 263 257 248 244 251 257 264 271 274 275 272 269 272 274 274 272 268 260 252 255 259 258 259 268 276 279 275 280 282 276 269 268 270 277 286 288 283 275 263 226 228 265 268 267 246 234 224 215 226 227 249 271 269 272 268 260 254 245 243 252 249 246 249 257 257 255 248 254 253 251 251 254 255 249 254 255 251 242 249 255 256 257 257 256 260 261 261 263 261
196 201 214 230 241 251 259 262 267 269 264 257 250 243 247 253 253 258 263 267 271 270 268 268 270 271 269 264 255 249 251 252 254 254 258 260 260 261 271 283 283 264 252 253 255 268 276 278 273 257 224 226 263 272 270 264 248 241 243 230 228 251 267 269 263 262 264 259 249 261 272 269 264 259 272 272 262 255 261 260 256 261 263 259 256 257 256 249 251 257 262 265 263 261 261 262 263 264 264 263
196 213 229 246 258 261 259 259 259 257 251 246 243 238 235 242 243 248 254 258 263 265 266 265 267 268 267 260 250 248 251 251 251 253 254 251 252 252 254 256 253 248 239 240 244 247 256 262 259 249 222 224 256 270 271 270 266 271 278 279 275 271 264 248 261 263 261 262 259 269 277 282 279 273 285 287 272 274 279 274 268 273 270 265 261 260 259 255 261 266 269 273 270 266 265 265 268 268 269 269
192 202 227 251 260 254 253 252 251 248 242 237 237 236 227 233 237 245 250 254 259 263 264 264 265 266 264 255 248 247 249 251 251 252 253 252 250 250 251 249 249 246 240 236 237 236 240 241 239 236 223 226 244 263 265 270 273 276 276 277 279 279 269 259 262 266 277 275 272 270 274 282 286 291 293 295 293 294 295 287 280 279 273 269 268 264 261 261 264 268 271 272 270 267 268 267 271 273 280 275
196 199 217 243 252 247 251 247 242 239 234 233 236 229 222 231 241 250 253 255 260 262 262 263 265 263 258 252 246 244 246 248 250 253 255 254 255 254 254 254 254 249 242 239 237 232 230 226 224 221 220 225 240 262 261 264 266 268 269 271 275 275 273 270 270 275 284 288 286 287 290 293 293 291 294 299 304 304 301 294 289 284 279 279 277 270 269 268 266 270 272 273 272 268 269 265 265 264 272 268
192 197 199 207 231 246 243 242 234 229 225 231 228 215 224 236 251 256 253 254 257 258 255 257 261 262 254 246 241 242 243 246 248 255 258 261 261 260 260 262 261 257 252 246 243 238 233 230 229 226 222 226 234 246 248 255 253 256 258 263 268 266 268 266 268 272 277 289 294 290 290 293 292 286 287 292 299 306 307 305 303 296 292 289 287 282 276 272 269 270 270 269 268 265 260 256 250 250 257 254
193 188 189 189 196 210 219 224 225 219 220 224 219 208 221 242 254 252 247 249 250 248 246 250 251 252 247 241 239 239 239 243 247 258 262 265 267 267 268 269 267 265 260 252 247 243 240 239 236 233 223 224 226 236 240 245 244 248 245 228 240 262 251 259 264 265 270 285 297 293 288 283 280 274 278 286 295 305 312 313 315 312 305 299 292 282 276 268 266 266 264 260 254 253 252 252 257 255 254 252
206 192 189 189 189 188 188 194 201 202 202 209 209 200 219 235 246 245 241 243 244 240 236 239 240 240 238 235 234 233 235 238 246 255 263 264 267 271 271 271 267 265 260 252 250 249 245 242 235 233 221 223 219 221 227 233 238 239 238 237 244 249 251 254 259 259 265 275 283 285 283 280 276 275 273 284 291 296 302 305 306 306 300 294 285 274 262 257 257 257 257 260 264 264 257 256 268 264 265 263
221 208 199 192 189 189 190 190 188 187 188 189 188 190 206 223 230 233 235 237 238 233 229 231 233 233 232 227 230 230 233 238 245 253 262 263 267 270 271 271 271 267 260 254 253 247 242 237 230 226 219 222 220 220 219 223 225 226 233 238 237 239 239 243 247 252 254 260 265 267 268 269 271 265 263 273 276 282 287 284 282 282 277 271 266 261 257 260 262 265 269 270 270 266 257 259 269 268 268 267
225 220 221 216 211 210 213 207 197 189 187 187 185 186 193 211 218 220 230 231 230 227 222 227 229 230 229 226 230 229 232 236 243 248 255 260 263 266 268 271 271 264 256 250 247 242 239 233 231 226 217 218 226 225 219 220 223 225 226 228 227 228 229 232 235 239 242 245 248 252 250 249 254 265 274 280 284 282 279 277 274 271 269 268 265 265 268 269 268 271 274 271 266 260 257 265 272 271 269 265
229 227 227 224 222 220 220 219 217 209 195 187 186 185 185 196 199 198 208 224 224 223 221 219 222 226 225 223 227 227 230 236 242 241 247 251 255 261 265 268 267 262 254 248 242 237 233 228 225 222 218 219 226 223 221 223 225 229 231 232 234 235 238 238 234 231 234 241 248 249 258 266 270 271 265 263 287 300 290 284 281 279 282 283 279 280 279 278 273 274 273 268 263 261 267 275 276 271 268 265
235 232 229 227 225 222 219 216 216 214 212 195 186 185 184 184 186 188 189 207 219 219 217 207 208 214 216 221 224 225 231 236 237 235 239 245 248 254 261 263 263 259 254 247 244 240 233 228 220 214 215 218 225 222 222 223 225 228 234 238 240 244 244 238 234 232 240 257 271 267 264 259 253 266 256 251 274 310 303 301 292 289 293 292 286 284 280 275 272 269 266 266 265 260 268 278 279 275 270 270
244 239 236 234 230 225 222 221 216 212 211 208 197 189 184 184 184 183 185 190 206 213 203 201 214 214 213 221 223 228 230 230 228 231 234 238 244 251 259 259 258 255 251 246 243 238 232 226 216 212 215 218 219 221 221 223 226 226 233 242 248 253 255 247 236 234 237 239 257 270 260 259 253 253 260 257 293 309 310 308 303 295 297 300 284 278 277 272 269 268 270 268 266 267 280 284 279 276 274 272
260 252 247 241 235 232 229 226 222 217 212 207 202 194 185 186 186 183 183 184 188 194 202 217 219 220 222 222 226 228 226 226 227 233 236 236 240 248 257 258 257 254 251 244 240 235 231 220 211 214 218 219 219 217 217 222 221 225 230 236 242 254 260 253 245 251 257 252 241 261 276 290 289 289 299 294 296 298 303 301 298 296 295 295 285 276 271 269 273 279 281 284 280 278 282 280 272 273 275 274
275 266 259 254 248 243 238 235 231 227 223 217 211 202 199 193 187 184 183 182 181 189 214 222 224 225 228 228 227 225 224 223 228 233 234 231 237 246 253 254 256 256 249 242 238 232 219 219 217 211 217 218 218 217 217 220 220 225 228 231 236 249 268 263 264 273 275 266 254 246 257 270 272 277 281 282 285 287 292 296 296 300 298 294 290 281 273 271 278 282 289 291 289 284 278 274 270 270 274 270
293 282 272 266 261 255 253 245 238 236 231 222 213 210 209 205 196 189 187 182 182 183 199 218 225 227 227 228 226 224 224 222 221 227 228 225 233 242 246 250 254 254 247 240 232 226 215 218 212 210 217 220 218 219 221 218 219 222 228 229 234 250 277 275 272 283 281 276 273 265 252 254 265 268 273 277 282 288 292 295 297 300 301 303 297 289 281 275 280 281 286 290 289 281 274 271 269 267 267 263
309 300 288 280 273 266 264 254 245 241 233 224 218 216 213 210 203 192 196 185 181 181 184 204 218 220 219 219 219 219 221 219 216 219 219 224 230 237 241 245 250 251 245 238 230 223 216 211 208 211 219 218 217 220 221 218 220 221 225 229 233 244 269 270 274 289 287 281 277 270 262 250 261 273 279 283 285 287 291 295 297 301 304 301 297 294 286 275 274 276 277 279 283 276 272 273 276 273 265 260
320 314 303 293 281 277 273 266 255 246 238 230 223 219 216 212 199 199 201 191 181 181 181 190 204 209 209 208 207 209 214 215 212 216 220 224 230 234 236 242 251 254 249 239 231 225 218 213 207 213 220 219 218 218 220 220 221 222 225 227 231 239 251 266 279 298 294 282 276 271 265 260 253 261 273 276 285 288 288 290 289 289 290 293 289 287 283 280 275 278 279 278 277 274 275 278 275 272 265 262
319 318 308 297 289 284 283 276 265 255 246 239 230 221 214 208 196 205 205 197 185 180 181 181 183 185 186 192 197 199 205 210 211 218 219 221 226 230 233 242 253 257 252 240 232 224 215 208 205 211 217 219 220 220 222 223 225 228 228 231 235 234 246 269 282 293 296 287 282 275 270 268 263 253 269 271 277 285 285 282 280 280 283 287 282 280 281 286 286 285 284 285 284 281 280 277 272 269 266 259
315 309 301 299 291 284 282 276 268 258 251 244 235 224 215 209 203 208 209 208 200 187 181 180 180 180 180 180 180 185 194 201 212 218 221 220 220 222 228 237 251 256 251 239 226 212 209 208 208 209 213 218 220 222 224 228 231 234 233 236 237 235 241 258 273 293 298 291 284 279 272 271 267 265 255 257 263 285 282 277 268 269 273 277 279 278 281 286 292 295 290 287 287 287 284 280 276 277 268 256
316 309 303 299 289 280 271 264 259 252 246 241 233 224 220 209 209 212 211 212 210 202 189 183 180 183 180 180 180 180 194 212 217 211 218 218 217 216 220 226 242 246 237 217 217 226 224 219 219 215 212 215 220 226 227 235 239 240 239 243 242 239 239 245 255 275 298 294 286 276 271 274 284 285 272 273 264 270 266 269 278 279 277 276 275 276 280 284 284 285 282 277 276 277 274 270 265 271 267 260
322 314 306 297 288 280 271 263 255 245 237 232 227 226 218 210 213 213 214 213 213 208 200 191 186 187 187 182 179 179 180 205 216 209 214 212 201 207 212 211 212 211 209 224 234 232 228 225 225 221 215 213 217 227 229 232 237 242 247 250 247 246 246 245 251 262 292 299 291 280 278 295 296 291 292 286 283 281 277 264 272 279 283 282 277 271 273 274 270 266 267 266 266 264 260 258 264 269 266 264
323 315 307 300 290 282 275 266 257 249 239 230 220 218 215 221 214 217 218 217 218 215 210 206 201 197 195 188 180 179 179 186 204 205 211 202 210 198 199 213 223 227 229 234 234 232 231 231 229 226 223 215 218 227 228 226 229 239 249 254 253 253 252 253 253 256 275 301 303 299 289 301 298 298 291 286 284 282 280 271 260 264 276 275 271 271 271 276 281 281 279 271 270 268 263 263 275 276 269 264
319 314 307 299 292 283 273 266 257 247 234 230 233 227 227 224 217 220 220 218 217 216 213 208 202 199 211 209 191 181 183 178 182 193 200 191 199 203 204 208 217 228 232 233 233 230 233 239 240 232 227 221 217 224 226 224 229 240 249 258 259 260 264 268 264 263 271 293 311 308 304 306 302 299 290 286 283 282 278 273 266 262 264 268 272 275 281 291 298 297 286 276 269 265 262 264 274 276 272 267
288 287 282 280 279 270 265 261 252 233 238 239 234 233 230 230 225 224 221 219 218 215 211 207 209 210 217 218 210 192 179 178 179 178 181 180 198 210 215 220 217 218 223 227 230 228 230 234 235 233 224 223 222 219 222 227 230 232 243 261 265 267 275 295 289 279 297 312 318 316 311 310 306 295 289 286 285 280 277 275 262 270 271 275 282 289 293 297 298 297 287 281 277 270 267 269 279 283 279 274
274 267 263 264 265 263 259 255 242 241 245 240 241 239 234 232 230 229 224 221 221 218 212 212 216 216 219 214 199 181 178 178 177 177 177 178 188 207 220 227 228 226 228 227 225 227 228 228 229 230 228 225 225 226 229 234 235 234 238 263 270 275 289 311 315 307 315 319 319 317 316 314 310 301 293 289 287 281 272 267 264 280 279 284 288 289 292 294 296 297 294 291 286 280 277 278 285 287 286 282
281 274 267 260 255 253 250 246 245 250 247 246 250 245 241 238 236 236 230 223 220 217 215 212 215 216 213 207 187 181 178 179 183 183 177 177 180 196 211 229 230 230 230 229 229 227 231 232 231 230 231 230 231 233 235 237 238 239 238 272 289 300 309 312 313 313 315 308 301 286 286 299 311 309 303 296 289 275 270 272 274 274 279 290 288 286 290 295 293 291 289 290 290 286 283 281 281 282 283 281
289 279 270 271 269 265 264 263 262 257 255 256 258 253 249 245 241 237 232 225 220 220 216 213 211 212 208 202 191 186 189 187 193 191 181 176 177 177 186 224 217 211 222 229 230 229 231 234 233 232 232 231 235 237 239 241 240 243 241 283 299 296 291 298 302 297 284 271 269 274 275 279 307 310 306 295 287 276 279 282 283 273 275 283 284 284 289 296 293 289 283 277 279 276 275 269 267 274 277 275
296 284 285 288 288 283 283 282 272 267 266 267 267 263 257 250 245 238 238 228 223 219 216 214 211 212 208 205 195 189 202 200 194 187 179 176 175 177 180 206 186 173 178 210 229 230 232 234 234 232 234 235 237 238 239 239 237 240 237 249 261 255 257 263 267 263 257 259 264 284 296 281 282 302 306 301 292 285 290 289 284 277 272 276 281 288 292 293 290 283 278 274 267 263 262 266 260 262 268 270
308 301 306 314 312 307 303 291 280 279 277 277 277 270 263 257 250 244 242 234 226 222 221 217 214 217 214 209 200 188 201 198 192 182 178 176 173 176 178 187 174 174 173 186 219 232 235 237 235 232 234 238 238 238 237 233 231 234 236 240 242 243 247 249 249 248 253 262 289 305 313 311 300 289 308 311 302 294 297 294 286 284 282 281 281 285 285 288 287 276 269 268 272 268 257 256 257 256 257 258
336 330 338 342 333 322 306 292 289 286 281 281 280 277 271 265 260 252 248 241 234 229 227 223 219 218 216 211 206 195 187 188 197 185 180 176 175 175 176 178 174 174 174 186 228 234 237 237 236 233 234 235 238 237 230 229 232 238 241 237 238 242 245 245 245 250 266 294 307 307 314 321 321 309 306 319 314 309 302 298 288 286 284 282 275 271 272 278 285 280 273 268 273 264 254 252 251 252 251 251
360 353 352 352 344 328 311 306 300 292 288 285 282 281 275 272 268 261 253 245 240 236 234 226 221 218 217 213 211 204 192 197 205 190 178 181 182 182 175 174 175 174 172 208 233 236 236 236 232 230 233 232 235 228 226 233 236 239 243 241 238 238 240 244 256 272 292 297 299 297 308 320 324 322 315 315 317 314 305 301 290 283 280 283 271 265 266 267 273 283 280 273 268 265 258 254 257 262 264 260
367 361 358 356 349 340 329 319 311 304 300 295 290 290 285 280 273 266 256 251 245 239 235 224 220 219 217 213 212 197 196 211 213 210 183 179 180 177 180 178 176 173 173 200 234 237 236 234 227 227 227 228 225 228 236 240 240 240 241 242 241 237 236 239 252 262 276 281 283 282 286 298 308 319 315 310 314 311 304 299 292 288 282 277 270 267 266 263 265 269 269 264 260 261 263 263 262 262 262 262
380 375 375 373 368 356 345 335 325 320 318 307 303 305 302 295 286 276 266 259 249 239 235 228 219 216 212 212 211 193 208 215 224 226 213 198 191 192 192 185 181 172 175 183 222 236 235 233 224 222 223 226 219 230 235 237 237 237 234 237 239 238 236 242 243 243 253 258 263 265 280 295 298 315 314 306 312 303 294 296 294 284 283 277 271 270 267 266 266 264 261 260 261 262 260 258 258 260 260 260
391 392 393 392 391 382 372 359 344 337 330 321 315 317 319 314 303 290 277 268 254 241 233 226 218 212 208 208 205 200 214 223 231 230 223 208 193 198 195 186 179 175 172 179 215 234 231 233 224 223 216 222 213 228 229 229 227 228 227 228 232 235 235 243 245 243 246 252 266 273 276 295 292 310 303 292 306 303 295 285 297 290 278 268 263 262 261 260 260 261 261 264 269 268 265 261 260 256 258 258
