# 100 100
186 187 190 193 195 192 188 181 175 173 174 175 174 172 170 167 165 164 162 161 160 164 166 166 160 155 153 151 149 146 147 148 148 143 142 142 144 142 135 134 134 134 134 134 134 134 134 134 134 134 135 135 135 135 135 135 135 135 135 135 135 135 135 135 135 135 135 135 135 135 135 135 135 135 135 135 135 135 135 135 135 135 135 135 135 135 135 135 135 135 135 135 135 135 135 135 135 135 135 135
174 187 193 194 194 189 184 178 174 174 175 176 175 173 170 168 166 165 163 162 160 165 169 165 160 155 155 153 150 147 150 150 144 142 146 148 144 145 136 134 134 134 134 134 134 134 134 134 134 134 135 135 135 135 135 135 135 135 135 135 135 135 135 135 135 135 135 135 135 135 135 135 135 135 135 135 135 135 135 135 135 135 135 135 135 135 135 135 135 135 135 135 135 135 135 135 135 135 135 135
166 189 194 194 191 185 180 176 175 176 177 177 176 174 171 169 167 165 164 163 160 164 169 165 159 155 155 153 148 148 151 155 156 155 154 150 145 144 140 135 134 134 134 134 134 134 134 134 134 134 135 135 135 135 135 135 135 135 135 135 135 135 135 135 135 135 135 135 135 135 135 135 135 135 135 135 135 135 135 135 135 135 135 135 135 135 135 135 135 135 135 135 135 135 135 135 135 135 135 135
162 173 191 190 186 181 178 178 178 178 178 178 178 177 175 172 170 167 164 161 161 164 166 163 162 157 158 156 149 151 154 157 160 159 154 149 147 144 143 137 134 134 134 134 134 134 134 134 134 134 135 135 135 135 135 135 135 135 135 135 135 135 135 135 135 135 135 135 135 135 135 135 135 135 135 135 135 135 135 135 135 135 135 135 135 135 135 135 135 135 135 135 135 135 135 135 135 135 135 135
163 163 186 185 181 179 180 179 179 178 178 178 178 180 181 180 178 173 167 162 159 166 165 163 165 158 158 155 150 153 155 157 157 157 154 150 148 145 141 140 135 134 134 134 134 134 134 134 134 134 135 135 135 135 135 135 135 135 135 135 135 135 135 135 135 135 135 135 135 135 135 135 135 135 135 135 135 135 135 135 135 135 135 135 135 135 135 135 135 135 135 135 135 135 135 135 135 135 135 135
162 180 188 182 179 178 178 178 178 178 177 177 178 180 181 181 178 173 167 161 159 165 166 164 162 158 157 154 151 154 155 154 152 152 152 149 147 145 142 142 136 134 134 134 134 134 134 134 134 134 135 135 135 135 135 135 135 135 135 135 135 135 135 135 135 135 135 135 135 135 135 135 135 135 135 135 135 135 135 135 135 135 135 135 135 135 135 135 135 135 135 135 135 135 135 135 135 135 135 135
171 190 185 180 177 177 177 177 177 177 177 176 177 177 178 177 174 170 166 163 161 162 167 164 160 159 159 155 153 154 153 151 149 149 149 148 147 145 143 141 138 134 134 134 134 134 134 134 134 134 135 135 135 135 135 135 135 135 135 135 135 135 135 135 135 135 135 135 135 135 135 135 135 135 135 135 135 135 135 135 135 135 135 135 135 135 135 135 135 135 135 135 135 135 135 135 135 135 135 135
191 191 183 178 177 177 176 176 176 177 177 178 178 176 174 173 172 171 171 170 166 163 164 163 162 161 159 155 152 151 152 152 149 148 148 147 146 144 143 141 139 135 134 134 134 134 134 134 134 134 135 135 135 135 135 135 135 135 135 135 135 135 135 135 135 135 135 135 135 135 135 135 135 135 135 135 135 135 135 135 135 135 135 135 135 135 135 135 135 135 135 135 135 135 135 135 135 135 135 135
191 188 183 178 177 176 176 175 176 176 177 179 179 177 178 178 179 178 175 170 165 164 164 163 162 164 165 160 154 150 151 151 150 149 148 147 147 147 145 143 142 138 134 134 134 134 134 134 134 134 135 135 135 135 135 135 135 135 135 135 135 135 135 135 135 135 135 135 135 135 135 135 135 135 135 135 135 135 135 135 135 135 135 135 135 135 135 135 135 135 135 135 135 135 135 135 135 135 135 135
170 167 171 179 178 177 175 173 173 176 176 179 180 181 182 182 182 180 173 167 167 168 168 165 163 163 164 160 155 151 148 151 150 149 149 150 150 151 149 146 142 140 139 135 134 134 134 134 134 134 135 135 135 135 135 135 135 135 135 135 135 135 135 135 135 135 135 135 135 135 135 135 135 135 135 135 135 135 135 135 135 135 135 135 135 135 135 135 135 135 135 135 135 135 135 135 135 135 135 135
176 167 162 174 179 177 175 173 171 172 175 176 177 177 177 178 177 174 168 168 170 172 171 168 166 164 162 158 155 151 148 146 146 145 144 144 145 145 145 147 147 140 139 138 134 134 134 134 134 134 135 135 135 135 135 135 135 135 135 135 135 135 135 135 135 135 135 135 135 135 135 135 135 135 135 135 135 135 135 135 135 135 135 135 135 135 135 135 135 135 135 135 135 135 135 135 135 135 135 135
179 170 163 171 179 177 175 173 171 170 171 174 176 176 174 173 172 169 171 171 173 173 171 168 167 167 163 157 153 150 148 146 144 144 146 145 143 141 141 140 142 140 140 136 134 134 134 134 134 134 135 135 135 135 135 135 135 135 135 135 135 135 135 135 135 135 135 135 135 135 135 135 135 135 135 135 135 135 135 135 135 135 135 135 135 135 135 135 135 135 135 135 135 135 135 135 135 135 135 135
181 169 162 174 179 178 175 173 171 169 170 172 175 176 179 177 172 170 173 175 175 173 170 168 166 163 159 153 150 147 145 145 145 145 146 146 144 142 140 141 146 143 141 135 134 134 134 134 134 134 135 135 135 135 135 135 135 135 135 135 135 135 135 135 135 135 135 135 135 135 135 135 135 135 135 135 135 135 135 135 135 135 135 135 135 135 135 135 135 135 135 135 135 135 135 135 135 135 135 135
176 163 175 184 180 175 158 158 164 171 169 169 174 176 180 179 175 170 172 175 175 172 170 167 165 163 161 154 148 146 148 149 148 146 146 145 144 142 140 142 142 140 140 136 134 134 134 134 134 134 135 135 135 135 135 135 135 135 135 135 135 135 135 135 135 135 135 135 135 135 135 135 135 135 135 135 135 135 135 135 135 135 135 135 135 135 135 135 135 135 135 135 135 135 135 135 135 135 135 135
181 161 168 178 180 162 153 153 156 172 169 169 176 177 174 174 173 170 171 175 176 174 171 167 164 161 155 150 149 151 152 152 150 146 145 145 143 141 141 143 142 141 140 138 134 134 134 134 134 134 135 135 135 135 135 135 135 135 135 135 135 135 135 135 135 135 135 135 135 135 135 135 135 135 135 135 135 135 135 135 135 135 135 135 135 135 135 135 135 135 135 135 135 135 135 135 135 135 135 135
166 174 164 157 157 153 160 159 152 173 171 168 169 174 172 170 170 169 171 174 176 174 170 167 160 153 151 153 154 150 151 151 149 146 145 144 143 141 143 148 147 147 145 139 134 134 134 134 134 134 135 135 135 135 135 135 135 135 135 135 135 135 135 135 135 135 135 135 135 135 135 135 135 135 135 135 135 135 135 135 135 135 135 135 135 135 135 135 135 135 135 135 135 135 135 135 135 135 135 135
174 184 166 156 169 155 165 163 156 172 172 170 167 173 172 170 169 169 170 173 173 171 168 163 155 153 156 156 155 151 148 148 147 145 145 146 145 141 144 147 147 146 145 137 134 134 134 134 134 134 135 135 135 135 135 135 135 135 135 135 135 135 135 135 135 135 135 135 135 135 135 135 135 135 135 135 135 135 135 135 135 135 135 135 135 135 135 135 135 135 135 135 135 135 135 135 135 135 135 135
187 194 178 157 173 158 173 169 153 164 169 170 168 172 172 171 171 169 170 175 172 168 164 158 154 156 157 156 154 152 149 146 146 146 145 144 143 142 146 144 143 142 138 134 134 134 134 134 134 134 135 135 135 135 135 135 135 135 135 135 135 135 135 135 135 135 135 135 135 135 135 135 135 135 135 135 135 135 135 135 135 135 135 135 135 135 135 135 135 135 135 135 135 135 135 135 135 135 135 135
196 194 188 160 160 171 186 179 166 156 159 169 165 167 169 169 171 169 173 175 169 165 161 154 154 157 157 155 154 152 150 147 146 145 144 143 142 143 145 142 141 137 135 134 134 134 134 134 134 134 135 135 135 135 135 135 135 135 135 135 135 135 135 135 135 135 135 135 135 135 135 135 135 135 135 135 135 135 135 135 135 135 135 135 135 135 135 135 135 135 135 135 135 135 135 135 135 135 135 135
198 195 191 180 184 195 191 184 176 168 160 151 161 159 160 166 171 170 168 176 168 164 159 153 156 157 156 154 153 152 152 149 145 144 144 145 143 143 145 142 136 134 134 134 134 134 134 134 134 134 135 135 135 135 135 135 135 135 135 135 135 135 135 135 135 135 135 135 135 135 135 135 135 135 135 135 135 135 135 135 135 135 135 135 135 135 135 135 135 135 135 135 135 135 135 135 135 135 135 135
197 193 190 196 190 195 195 188 182 175 168 159 150 155 152 161 169 169 164 176 170 165 158 152 156 156 155 153 151 150 152 150 146 143 145 146 143 142 146 139 134 134 134 134 134 134 134 134 134 134 135 135 135 135 135 135 135 135 135 135 135 135 135 135 135 135 135 135 135 135 135 135 135 135 135 135 135 135 135 135 135 135 135 135 135 135 135 135 135 135 135 135 135 135 135 135 135 135 135 135
200 200 199 199 194 192 195 192 185 180 176 174 162 149 148 151 166 163 161 173 170 166 155 152 156 154 153 152 151 149 147 150 145 143 145 146 144 143 144 135 134 134 134 134 134 134 134 134 134 134 135 135 135 135 135 135 135 135 135 135 135 135 135 135 135 135 135 135 135 135 135 135 135 135 135 135 135 135 135 135 135 135 135 135 135 135 135 135 135 135 135 135 135 135 135 135 135 135 135 135
206 205 203 201 196 194 193 194 188 183 180 177 174 171 155 148 149 146 151 166 169 164 153 150 155 154 151 146 145 144 139 140 142 143 143 144 144 142 135 134 134 134 134 134 134 134 140 137 134 134 135 135 135 135 135 135 135 135 135 135 135 135 135 135 135 135 135 135 135 135 135 135 135 135 135 135 135 135 135 135 135 135 135 135 135 135 135 135 135 135 135 135 135 135 135 135 135 135 135 135
212 211 208 205 199 197 193 195 192 185 182 178 175 172 164 155 166 158 147 167 168 162 154 147 148 147 142 138 138 138 139 139 137 140 140 141 142 135 134 134 134 134 134 134 134 134 142 137 134 134 135 135 135 135 135 135 135 135 135 135 135 135 135 135 135 135 135 135 135 135 135 135 135 135 135 135 135 135 135 135 135 135 135 135 135 135 135 135 135 135 135 135 135 135 135 135 135 135 135 135
217 215 212 207 205 201 195 197 194 188 183 180 178 175 172 168 156 147 145 168 171 164 158 154 151 148 141 138 138 138 138 135 135 135 135 134 137 134 134 134 134 134 134 134 134 134 135 135 134 134 135 135 135 135 135 135 135 135 135 135 135 135 135 135 135 135 135 135 135 135 135 135 135 135 135 135 135 135 135 135 135 135 135 135 135 135 135 135 135 135 135 135 135 135 135 135 135 135 135 135
224 222 214 212 209 207 200 194 195 191 185 181 179 177 174 168 144 151 169 176 172 166 161 157 153 147 139 139 138 135 134 136 140 138 136 134 134 134 134 134 134 134 134 134 134 134 134 134 134 134 135 135 135 135 135 135 135 135 135 135 135 135 135 135 135 135 135 135 135 135 135 135 135 135 135 135 135 135 135 135 135 135 135 135 135 135 135 135 135 135 135 135 135 135 135 135 135 135 135 135
228 225 218 216 213 211 208 200 195 195 188 183 181 178 175 171 153 154 173 177 174 169 162 157 151 141 139 138 137 138 136 140 140 135 134 134 134 134 134 134 134 134 134 134 134 134 134 134 134 134 135 135 135 135 135 135 135 135 135 135 135 135 135 135 135 135 135 135 135 135 135 135 135 135 135 135 135 135 135 135 135 135 135 135 135 135 135 135 135 135 135 135 135 135 135 135 135 135 135 135
232 230 222 219 219 215 210 202 196 195 191 185 182 179 175 158 155 169 175 175 172 166 161 158 154 140 135 141 141 137 140 142 136 134 134 134 134 134 134 134 134 134 134 134 134 134 134 134 134 134 135 135 135 135 135 135 135 135 135 135 135 135 135 135 135 135 135 135 135 135 135 135 135 135 135 135 135 135 135 135 135 135 135 135 135 135 135 135 135 135 135 135 135 135 135 135 135 135 135 135
239 232 233 224 221 222 217 205 198 195 195 188 183 180 175 155 160 173 170 166 156 140 139 154 141 138 144 146 140 140 142 137 134 134 134 134 134 134 134 134 134 134 134 134 134 134 134 134 134 134 135 135 135 135 135 135 135 135 135 135 135 135 135 135 135 135 135 135 135 135 135 135 135 135 135 135 135 135 135 135 135 135 135 135 135 135 135 135 135 135 135 135 135 135 135 135 135 135 135 135
249 242 232 233 226 225 220 210 201 198 195 191 185 182 178 166 147 171 168 156 141 156 142 147 137 148 150 147 139 140 141 135 134 134 134 134 134 134 134 134 134 134 134 134 134 134 134 134 134 134 135 135 135 135 135 135 135 135 135 135 135 135 135 135 135 135 135 135 135 135 135 135 135 135 135 135 135 135 135 135 135 135 135 135 135 135 135 135 135 135 135 135 135 135 135 135 135 135 135 135
260 256 239 238 229 225 219 209 203 201 195 195 187 184 180 172 145 149 144 144 157 164 146 140 137 153 152 147 138 143 136 134 134 134 134 134 134 134 134 134 134 134 134 134 134 134 134 134 134 134 135 135 135 135 135 135 135 135 135 135 135 135 135 135 135 135 135 135 135 135 135 135 135 135 135 135 135 135 135 135 135 135 135 135 135 135 135 135 135 135 135 135 135 135 135 135 135 135 135 135
263 260 243 243 232 223 216 207 202 200 195 198 190 185 183 176 157 160 165 167 167 165 158 145 148 154 154 147 139 141 134 134 134 134 134 134 134 134 134 134 134 134 134 134 134 134 134 134 134 134 135 135 135 135 135 135 135 135 135 135 135 135 135 135 135 135 135 135 135 135 135 135 135 135 135 135 135 135 135 135 135 135 135 135 135 135 135 135 135 135 135 135 135 135 135 135 135 135 135 135
253 251 246 246 234 222 215 206 202 199 194 197 193 186 184 179 167 169 172 173 176 169 163 158 154 155 155 146 141 136 134 134 134 134 134 134 134 134 134 134 134 134 134 134 134 134 134 134 134 134 135 135 135 135 135 135 135 135 135 135 135 135 135 135 135 135 135 135 135 135 135 135 135 135 135 135 135 135 135 135 135 135 135 135 135 135 135 135 135 135 135 135 135 135 135 135 135 135 135 135
241 238 238 236 232 223 214 205 201 198 192 192 194 188 184 182 175 165 170 174 177 171 164 159 156 155 154 146 139 134 134 134 134 134 134 134 134 134 134 134 134 134 134 134 134 134 134 134 134 134 135 135 135 135 135 135 135 135 135 135 135 135 135 135 135 135 135 135 135 135 135 135 135 135 135 135 135 135 135 135 135 135 135 135 135 135 135 135 135 135 135 135 135 135 135 135 135 135 135 135
238 233 231 226 223 218 208 202 197 194 190 187 194 190 186 180 173 169 170 170 171 170 165 159 157 156 155 147 136 134 134 134 134 134 134 134 134 134 134 134 134 134 134 134 134 134 134 134 134 134 135 135 135 135 135 135 135 135 135 135 135 135 135 135 135 135 135 135 135 135 135 135 135 135 135 135 135 135 135 135 135 135 135 135 135 135 135 135 135 135 135 135 135 135 135 135 135 135 135 135
237 231 225 224 218 211 210 205 196 192 193 193 187 184 181 177 179 177 173 171 169 167 164 160 158 158 155 142 135 134 134 134 134 134 134 134 134 134 134 134 134 134 134 134 134 134 134 134 134 134 135 135 135 135 135 135 135 135 135 135 135 135 135 135 135 135 135 135 135 135 135 135 135 135 135 135 135 135 135 135 135 135 135 135 135 135 135 135 135 135 135 135 135 135 135 135 135 135 135 135
242 234 228 221 215 215 208 207 198 192 191 189 187 187 190 187 182 180 176 173 172 168 163 160 159 158 154 137 134 134 134 134 134 134 134 134 134 134 134 134 134 134 134 134 134 134 134 134 134 134 135 135 135 135 135 135 135 135 135 135 135 135 135 135 135 135 135 135 135 135 135 135 135 135 135 135 135 135 135 135 135 135 135 135 135 135 135 135 135 135 135 135 135 135 135 135 135 135 135 135
243 235 230 223 218 212 207 202 197 192 190 192 194 190 194 190 184 181 177 174 174 169 164 161 160 159 150 135 134 134 134 134 134 134 134 134 134 134 134 134 134 134 134 134 134 134 134 134 134 134 135 135 135 135 135 135 135 135 135 135 135 135 135 135 135 135 135 135 135 135 135 135 135 135 135 135 135 135 135 135 135 135 135 135 135 135 135 135 135 135 135 135 135 135 135 135 135 135 135 135
244 237 233 225 218 212 208 205 203 196 193 196 196 193 194 192 186 182 177 175 176 169 164 161 160 158 150 135 134 134 134 134 134 134 134 134 134 134 134 134 134 134 134 134 134 134 134 134 134 134 135 135 135 135 135 135 135 135 135 135 135 135 135 135 135 135 135 135 135 135 135 135 135 135 135 135 135 135 135 135 135 135 135 135 135 135 135 135 135 135 135 135 135 135 135 135 135 135 135 135
248 240 234 226 220 215 211 212 206 195 201 202 200 196 195 194 187 183 179 176 178 172 166 162 160 155 145 135 134 134 134 134 134 134 134 134 134 134 134 134 134 134 134 134 134 134 134 134 134 134 135 135 135 135 135 135 135 135 135 135 135 135 135 135 135 135 135 135 135 135 135 135 135 135 135 135 135 135 135 135 135 135 135 135 135 135 135 135 135 135 135 135 135 135 135 135 135 135 135 135
252 246 239 230 223 217 215 213 206 201 211 207 204 201 200 197 190 185 181 177 177 174 167 160 154 146 137 134 134 134 134 134 134 134 134 134 134 134 134 134 134 134 134 134 134 134 134 134 134 134 135 135 135 135 135 135 135 135 135 135 135 135 135 135 135 135 135 135 135 135 135 135 135 135 135 135 135 135 135 135 135 135 135 135 135 135 135 135 135 135 135 135 135 135 135 135 135 135 135 135
254 249 243 233 223 220 216 210 202 204 214 211 209 206 204 197 191 187 183 180 177 175 165 156 148 148 135 134 134 134 134 134 134 134 134 134 134 134 134 134 134 134 134 134 134 134 134 134 134 134 135 135 135 135 135 135 135 135 135 135 135 135 135 135 135 135 135 135 135 135 135 135 135 135 135 135 135 135 135 135 135 135 135 135 135 135 135 135 135 135 135 135 135 135 135 135 135 135 135 135
254 250 242 232 225 220 214 205 202 210 213 214 211 209 210 204 195 188 185 183 177 172 158 150 149 147 135 134 134 134 134 134 134 134 134 134 134 134 134 134 134 134 134 134 134 134 134 134 134 134 135 135 135 135 135 135 135 135 135 135 135 135 135 135 135 135 135 135 135 135 135 135 135 135 135 135 135 135 135 135 135 135 135 135 135 135 135 135 135 135 135 135 135 135 135 135 135 135 135 135
253 248 239 231 225 218 212 203 209 215 216 217 213 212 216 213 200 188 186 184 176 162 152 148 149 140 134 134 134 134 134 134 134 134 134 134 134 134 134 134 134 134 134 134 134 134 134 134 134 134 135 135 135 135 135 135 135 135 135 135 135 135 135 135 135 135 135 135 135 135 135 135 135 135 135 135 135 135 135 135 135 135 135 135 135 135 135 135 135 135 135 135 135 135 135 135 135 135 135 135
248 244 237 231 225 221 210 208 217 221 221 219 218 217 217 210 196 189 186 180 169 156 150 147 142 138 134 134 134 134 134 134 134 134 134 134 134 134 134 134 134 134 134 134 134 134 134 134 134 134 135 135 135 135 135 135 135 135 135 135 135 135 135 135 135 135 135 135 135 135 135 135 135 135 135 135 135 135 135 135 135 135 135 135 135 135 135 135 135 135 135 135 135 135 135 135 135 135 135 135
250 251 245 237 227 221 208 218 223 227 225 223 220 220 215 203 195 189 184 175 162 153 147 145 140 137 134 134 134 134 134 134 134 134 134 134 134 134 134 134 134 134 134 134 134 134 134 134 134 134 135 135 135 135 135 135 135 135 135 135 135 135 135 135 135 135 135 135 135 135 135 135 135 135 135 135 135 135 135 135 135 135 135 135 135 135 135 135 135 135 135 135 135 135 135 135 135 135 135 135
258 258 255 243 234 216 224 226 228 232 230 227 221 218 214 204 195 189 183 171 161 153 147 140 142 136 134 134 134 134 134 134 134 134 134 134 134 134 134 134 134 134 134 134 134 134 134 134 134 134 135 135 135 135 135 135 135 135 135 135 135 135 135 135 135 135 135 135 135 135 135 135 135 135 135 135 135 135 135 135 135 135 135 135 135 135 135 135 135 135 135 135 135 135 135 135 135 135 135 135
251 256 253 246 228 224 236 237 236 239 236 227 220 215 211 199 190 186 174 168 161 152 143 139 143 135 134 134 134 134 134 134 134 134 134 134 134 134 134 134 134 134 134 134 134 134 134 134 134 134 135 135 135 135 135 135 135 135 135 135 135 135 135 135 135 135 135 135 135 135 135 135 135 135 135 135 135 135 135 135 135 135 135 135 135 135 135 135 135 135 135 135 135 135 135 135 135 135 135 135
243 247 243 229 222 240 241 242 243 243 239 226 218 213 204 194 188 184 170 168 159 148 137 140 141 135 134 134 134 134 134 134 134 134 134 134 134 134 134 134 134 134 134 134 134 134 134 134 134 134 135 135 135 135 135 135 135 135 135 135 135 135 135 135 135 135 135 135 135 135 135 135 135 135 135 135 135 135 135 135 135 135 135 135 135 135 135 135 135 135 135 135 135 135 135 135 135 135 135 135
231 235 230 215 228 237 239 243 245 242 236 223 215 207 196 188 190 183 168 162 153 141 136 139 139 135 134 134 134 134 134 134 134 134 134 134 134 134 134 134 134 134 134 134 134 134 134 134 134 134 135 135 135 135 135 135 135 135 135 135 135 135 135 135 135 135 135 135 135 135 135 135 135 135 135 135 135 135 135 135 135 135 135 135 135 135 135 135 135 135 135 135 135 135 135 135 135 135 135 135
218 224 223 212 214 222 230 242 246 241 231 220 211 203 191 187 187 176 164 156 146 138 137 137 137 135 134 134 134 134 134 134 134 134 134 134 134 134 134 134 134 134 134 134 134 134 134 134 134 134 135 135 135 135 135 135 135 135 135 135 135 135 135 135 135 135 135 135 135 135 135 135 135 135 135 135 135 135 135 135 135 135 135 135 135 135 135 135 135 135 135 135 135 135 135 135 135 135 135 135
208 210 210 204 206 209 216 233 245 240 228 218 208 198 182 186 181 170 160 150 140 135 137 142 136 134 134 134 134 134 134 134 134 134 134 134 134 134 134 134 134 134 134 134 134 134 134 134 134 134 135 135 135 135 135 135 135 135 135 135 135 135 135 135 135 135 135 135 135 135 135 135 135 135 135 135 135 135 135 135 135 135 135 135 135 135 135 135 135 135 135 135 135 135 135 135 135 135 135 135
197 199 199 197 195 199 205 217 241 240 230 219 206 193 177 182 180 165 155 144 135 137 141 145 139 136 135 134 134 134 134 134 134 134 134 134 134 134 134 134 134 134 134 134 134 134 134 134 134 134 135 135 135 135 135 135 135 135 135 135 135 135 135 135 135 135 135 135 135 135 135 135 135 135 135 135 135 135 135 135 135 135 135 135 135 135 135 135 135 135 135 135 135 135 135 135 135 135 135 135
196 189 187 192 186 198 200 205 223 234 233 224 207 193 182 169 171 161 149 140 135 138 144 150 139 139 136 134 134 134 134 134 134 134 134 134 134 134 134 134 134 134 134 134 134 134 134 134 134 134 135 135 135 135 135 135 135 135 135 135 135 135 135 135 135 135 135 135 135 135 135 135 135 135 135 135 135 135 135 135 135 135 135 135 135 135 135 135 135 135 135 135 135 135 135 135 135 135 135 135
199 197 192 182 180 196 195 198 205 213 218 216 202 187 182 171 161 154 144 139 138 137 158 163 168 144 138 135 135 134 134 134 134 134 134 134 134 134 134 134 134 134 134 134 134 134 134 134 134 134 135 135 135 135 135 135 135 135 135 135 135 135 135 135 135 135 135 135 135 135 135 135 135 135 135 135 135 135 135 135 135 135 135 135 135 135 135 135 135 135 135 135 135 135 135 135 135 135 135 135
187 199 198 197 182 179 185 191 197 200 201 200 187 171 164 168 166 155 145 141 138 137 145 156 175 168 149 138 136 135 134 134 134 134 134 134 134 134 134 134 134 134 134 134 134 134 134 134 134 134 135 135 135 135 135 135 135 135 135 135 135 135 135 135 135 135 135 135 135 135 135 135 135 135 135 135 135 135 135 135 135 135 135 135 135 135 135 135 135 135 135 135 135 135 135 135 135 135 135 135
188 190 199 195 189 175 171 179 185 191 196 191 177 165 159 157 158 156 148 143 139 136 136 136 148 167 161 150 138 135 134 134 134 134 134 134 134 134 134 134 134 134 134 134 134 134 134 134 134 134 135 135 135 135 135 135 135 135 135 135 135 135 135 135 135 135 135 135 135 135 135 135 135 135 135 135 135 135 135 135 135 135 135 135 135 135 135 135 135 135 135 135 135 135 135 135 135 135 135 135
193 180 186 178 174 167 158 162 169 177 179 182 175 167 158 144 143 144 145 141 140 139 139 137 150 170 161 155 143 135 134 134 134 134 134 134 134 134 134 134 134 134 134 134 134 134 134 134 134 134 135 135 135 135 135 135 135 135 135 135 135 135 135 135 135 135 135 135 135 135 135 135 135 135 135 135 135 135 135 135 135 135 135 135 135 135 135 135 135 135 135 135 135 135 135 135 135 135 135 135
196 188 185 185 176 174 161 150 154 161 162 166 159 157 147 145 148 147 145 142 138 139 138 145 164 168 160 155 149 135 134 134 134 134 134 134 134 134 134 134 134 134 134 134 134 134 134 134 134 134 135 135 135 135 135 135 135 135 135 135 135 135 135 135 135 135 135 135 135 135 135 135 135 135 135 135 135 135 135 135 135 135 135 135 135 135 135 135 135 135 135 135 135 135 135 135 135 135 135 135
197 197 195 188 180 166 152 155 151 147 148 148 145 144 151 149 154 150 147 147 146 147 153 153 167 166 159 156 151 135 134 134 134 134 134 134 134 134 134 134 134 134 134 134 134 134 134 134 134 134 135 135 135 135 135 135 135 135 135 135 135 135 135 135 135 135 135 135 135 135 135 135 135 135 135 135 135 135 135 135 135 135 135 135 135 135 135 135 135 135 135 135 135 135 135 135 135 135 135 135
197 187 186 181 173 156 158 166 162 152 146 146 148 148 148 154 155 152 150 149 153 159 166 167 169 162 156 153 152 138 134 134 134 134 134 134 134 134 134 134 134 134 134 134 134 134 134 134 134 134 135 135 135 135 135 135 135 135 135 135 135 135 135 135 135 135 135 135 135 135 135 135 135 135 135 135 135 135 135 135 135 135 135 135 135 135 135 135 135 135 135 135 135 135 135 135 135 135 135 135
190 189 180 172 169 158 152 154 170 163 157 157 157 156 162 160 161 158 158 158 169 173 176 171 164 156 150 147 147 145 136 134 134 134 134 134 134 134 134 134 134 134 134 134 134 134 134 134 134 134 135 135 135 135 135 135 135 135 135 135 135 135 135 135 135 135 135 135 135 135 135 135 135 135 135 135 135 135 135 135 135 135 135 135 135 135 135 135 135 135 135 135 135 135 135 135 135 135 135 135
179 176 175 175 175 167 157 151 162 169 175 168 162 160 173 168 164 162 175 170 178 177 172 167 160 152 149 151 149 147 143 137 138 135 134 134 134 134 134 134 134 134 134 134 134 134 134 134 134 134 135 135 135 135 135 135 135 135 135 135 135 135 135 135 135 135 135 135 135 135 135 135 135 135 135 135 135 135 135 135 135 135 135 135 135 135 135 135 135 135 135 135 135 135 135 135 135 135 135 135
186 173 166 165 166 164 157 156 170 179 176 169 162 171 183 173 166 164 179 183 182 173 167 163 159 152 151 152 149 146 144 144 145 140 134 134 134 134 134 134 134 134 134 134 134 134 134 134 134 134 135 135 135 135 135 135 135 135 135 135 135 135 135 135 135 135 135 135 135 135 135 135 135 135 135 135 135 135 135 135 135 135 135 135 135 135 135 135 135 135 135 135 135 135 135 135 135 135 135 135
185 170 162 157 156 154 152 166 176 173 168 165 164 173 188 179 171 165 177 185 180 174 171 166 160 153 155 152 149 146 145 144 143 142 135 134 134 134 134 134 134 134 134 134 134 134 134 134 134 134 135 135 135 135 135 135 135 135 135 135 135 135 135 135 135 135 135 135 135 135 135 135 135 135 135 135 135 135 135 135 135 135 135 135 135 135 135 135 135 135 135 135 135 135 135 135 135 135 135 135
169 163 158 155 170 162 160 169 175 171 167 167 171 177 192 187 175 167 168 177 182 176 172 169 161 156 155 153 150 147 144 142 142 140 135 134 134 134 134 134 134 134 134 134 134 134 134 134 134 134 135 135 135 135 135 135 135 135 135 135 135 135 135 135 135 135 135 135 135 135 135 135 135 135 135 135 135 135 135 135 135 135 135 135 135 135 135 135 135 135 135 135 135 135 135 135 135 135 135 135
164 157 157 156 167 173 163 169 174 171 173 175 180 181 193 190 178 174 169 171 180 177 173 169 162 156 155 153 150 147 145 142 141 139 134 134 134 134 134 134 134 134 134 134 134 134 134 134 134 134 135 135 135 135 135 135 135 135 135 135 135 135 135 135 135 135 135 135 135 135 135 135 135 135 135 135 135 135 135 135 135 135 135 135 135 135 135 135 135 135 135 135 135 135 135 135 135 135 135 135
160 157 157 157 165 181 171 167 173 173 182 188 188 186 193 192 185 179 176 172 174 178 174 170 163 156 157 153 150 148 146 143 141 137 134 134 134 134 134 134 134 134 134 134 134 134 134 134 134 134 135 135 135 135 135 135 135 135 135 135 135 135 135 135 135 135 135 135 135 135 135 135 135 135 135 135 135 135 135 135 135 135 135 135 135 135 135 135 135 135 135 135 135 135 135 135 135 135 135 135
158 159 160 161 172 190 181 174 173 176 187 196 195 196 193 193 188 183 180 176 174 180 175 171 164 156 158 154 150 148 146 145 142 136 134 134 134 134 134 134 134 134 134 134 134 134 134 134 134 134 135 135 135 135 135 135 135 135 135 135 135 135 135 135 135 135 135 135 135 135 135 135 135 135 135 135 135 135 135 135 135 135 135 135 135 135 135 135 135 135 135 135 135 135 135 135 135 135 135 135
163 164 167 172 185 197 192 186 177 183 195 201 210 205 198 192 190 189 182 175 179 180 175 172 164 157 159 156 152 148 145 144 141 136 134 134 134 134 134 134 134 134 134 134 134 134 134 134 134 134 135 135 135 135 135 135 135 135 135 135 135 135 135 135 135 135 135 135 135 135 135 135 135 135 135 135 135 135 135 135 135 135 135 135 135 135 135 135 135 135 135 135 135 135 135 135 135 135 135 135
175 177 190 184 196 199 196 186 180 190 199 210 222 211 202 195 192 192 182 179 184 180 175 170 164 158 159 157 153 148 145 142 140 137 135 134 134 134 134 134 134 134 134 134 134 134 134 134 134 134 135 135 135 135 135 135 135 135 135 135 135 135 135 135 135 135 135 135 135 135 135 135 135 135 135 135 135 135 135 135 135 135 135 135 135 135 135 135 135 135 135 135 135 135 135 135 135 135 135 135
191 195 196 196 197 195 191 188 186 194 205 215 226 214 205 198 193 193 180 184 185 180 175 170 164 160 158 158 154 149 147 144 141 138 135 134 134 134 134 134 134 134 134 134 134 134 134 134 134 134 135 135 135 135 135 135 135 135 135 135 135 135 135 135 135 135 135 135 135 135 135 135 135 135 135 135 135 135 135 135 135 135 135 135 135 135 135 135 135 135 135 135 135 135 135 135 135 135 135 135
192 192 191 196 200 200 197 195 193 200 210 222 243 223 211 202 195 193 181 183 185 179 174 170 164 162 157 157 154 151 150 146 146 139 135 134 134 134 134 134 134 134 134 134 134 134 134 134 134 134 135 135 135 135 135 135 135 135 135 135 135 135 135 135 135 135 135 135 135 135 135 135 135 135 135 135 135 135 135 135 135 135 135 135 135 135 135 135 135 135 135 135 135 135 135 135 135 135 135 135
192 193 195 202 208 209 205 202 204 209 216 228 243 235 218 206 197 194 186 180 182 178 174 169 163 160 158 154 154 151 150 148 146 140 135 134 134 134 134 134 134 134 134 134 134 134 134 134 134 134 135 135 135 135 135 135 135 135 135 135 135 135 135 135 135 135 135 135 135 135 135 135 135 135 135 135 135 135 135 135 135 135 135 135 135 135 135 135 135 135 135 135 135 135 135 135 135 135 135 135
190 191 198 207 213 216 214 215 216 218 223 230 237 240 228 211 201 195 191 183 179 176 170 167 163 160 158 156 153 152 150 149 146 142 135 134 134 134 134 134 134 134 134 134 134 134 134 134 134 134 135 135 135 135 135 135 135 135 135 135 135 135 135 135 135 135 135 135 135 135 135 135 135 135 135 135 135 135 135 135 135 135 135 135 135 135 135 135 135 135 135 135 135 135 135 135 135 135 135 135
190 193 200 208 216 221 223 224 222 220 224 233 233 230 232 221 206 198 193 184 180 176 171 168 162 162 161 157 153 152 150 147 145 142 136 134 134 134 134 134 134 134 134 134 134 134 134 134 134 134 135 135 135 135 135 135 135 135 135 135 135 135 135 135 135 135 135 135 135 135 135 135 135 135 135 135 135 135 135 135 135 135 135 135 135 135 135 135 135 135 135 135 135 135 135 135 135 135 135 135
192 194 200 208 218 223 229 235 228 226 231 235 235 233 228 225 216 209 198 187 182 178 175 169 163 163 163 159 155 152 150 146 144 142 140 136 134 134 134 134 134 134 134 134 134 134 134 134 134 134 135 135 135 135 135 135 135 135 135 135 135 135 135 135 135 135 135 135 135 135 135 135 135 135 135 135 135 135 135 135 135 135 135 135 135 135 135 135 135 135 135 135 135 135 135 135 135 135 135 135
193 195 199 208 217 222 232 241 237 240 240 233 230 228 223 219 215 209 207 192 182 181 178 168 166 164 163 160 156 154 151 146 142 138 137 135 134 134 134 134 134 134 134 134 134 134 134 134 134 134 135 135 135 135 135 135 135 135 135 135 135 135 135 135 135 135 135 135 135 135 135 135 135 135 135 135 135 135 135 135 135 135 135 135 135 135 135 135 135 135 135 135 135 135 135 135 135 135 135 135
198 200 204 206 214 221 230 240 240 241 239 228 223 223 220 218 217 214 206 194 183 183 177 168 167 166 162 162 157 153 149 135 135 134 134 134 134 134 134 134 134 134 134 134 134 134 134 134 134 134 135 135 135 135 135 135 135 135 135 135 135 135 135 135 135 135 135 135 135 135 135 135 135 135 135 135 135 135 135 135 135 135 135 135 135 135 135 135 135 135 135 135 135 135 135 135 135 135 135 135
206 208 209 208 212 218 229 232 231 231 236 232 228 232 228 224 222 217 203 187 183 181 174 167 169 167 161 160 157 153 143 135 134 134 134 134 134 134 134 134 134 134 134 134 134 134 134 134 134 134 135 135 135 135 135 135 135 135 135 135 135 135 135 135 135 135 135 135 135 135 135 135 135 135 135 135 135 135 135 135 135 135 135 135 135 135 135 135 135 135 135 135 135 135 135 135 135 135 135 135
213 214 212 209 208 216 225 230 228 228 232 231 229 229 226 221 215 211 198 186 183 180 172 169 170 167 159 148 153 150 134 134 134 134 134 134 134 134 134 134 134 134 134 134 134 134 134 134 134 134 135 135 135 135 135 135 135 135 135 135 135 135 135 135 135 135 135 135 135 135 135 135 135 135 135 135 135 135 135 135 135 135 135 135 135 135 135 135 135 135 135 135 135 135 135 135 135 135 135 135
219 218 215 209 207 212 222 228 225 226 227 225 224 223 217 212 208 202 194 185 182 180 172 170 170 165 154 153 148 139 134 134 134 134 134 134 134 134 134 134 134 134 134 134 134 134 134 134 134 134 135 135 135 135 135 135 135 135 135 135 135 135 135 135 135 135 135 135 135 135 135 135 135 135 135 135 135 135 135 135 135 135 135 135 135 135 135 135 135 135 135 135 135 135 135 135 135 135 135 135
227 223 215 208 208 212 219 222 220 221 222 218 215 216 209 206 201 197 190 187 181 180 174 170 168 163 148 160 156 142 135 134 134 134 134 134 134 134 134 134 134 134 134 134 134 134 134 134 134 134 135 135 135 135 135 135 135 135 135 135 135 135 135 135 135 135 135 135 135 135 135 135 135 135 135 135 135 135 135 135 135 135 135 135 135 135 135 135 135 135 135 135 135 135 135 135 135 135 135 135
233 226 216 209 209 212 217 220 216 216 215 211 206 204 202 199 195 194 199 197 186 178 174 169 168 161 148 159 158 154 138 134 134 134 134 134 134 134 134 134 134 134 134 134 134 134 134 134 134 134 135 135 135 135 135 135 135 135 135 135 135 135 135 135 135 135 135 135 135 135 135 135 135 135 135 135 135 135 135 135 135 135 135 135 135 135 135 135 135 135 135 135 135 135 135 135 135 135 135 135
235 228 220 212 211 213 216 217 212 211 210 211 211 209 209 206 197 198 201 204 189 180 176 169 165 160 154 145 156 153 140 135 134 134 134 134 134 134 134 134 134 134 134 134 134 134 134 134 134 134 135 135 135 135 135 135 135 135 135 135 135 135 135 135 135 135 135 135 135 135 135 135 135 135 135 135 135 135 135 135 135 135 135 135 135 135 135 135 135 135 135 135 135 135 135 135 135 135 135 135
236 233 223 216 214 213 213 210 210 207 205 208 208 207 209 204 202 206 203 188 189 180 176 169 167 159 154 148 153 155 146 136 134 134 134 134 134 134 134 134 134 134 134 134 134 134 134 134 134 134 135 135 135 135 135 135 135 135 135 135 135 135 135 135 135 135 135 135 135 135 135 135 135 135 135 135 135 135 135 135 135 135 135 135 135 135 135 135 135 135 135 135 135 135 135 135 135 135 135 135
240 238 228 220 218 214 209 207 207 202 201 198 198 198 202 207 208 205 195 181 185 179 175 168 163 161 155 151 156 155 149 136 134 134 134 134 134 134 134 134 134 134 134 134 134 134 134 134 134 134 135 135 135 135 135 135 135 135 135 135 135 135 135 135 135 135 135 135 135 135 135 135 135 135 135 135 135 135 135 135 135 135 135 135 135 135 135 135 135 135 135 135 135 135 135 135 135 135 135 135
244 239 229 221 218 215 209 205 200 198 197 192 193 195 200 202 201 197 182 184 179 173 169 166 166 162 151 152 156 156 150 134 134 134 134 134 134 134 134 134 134 134 134 134 134 134 134 134 134 134 135 135 135 135 135 135 135 135 135 135 135 135 135 135 135 135 135 135 135 135 135 135 135 135 135 135 135 135 135 135 135 135 135 135 135 135 135 135 135 135 135 135 135 135 135 135 135 135 135 135
243 235 226 219 219 216 212 203 198 197 194 191 192 196 199 198 192 190 186 181 170 168 169 168 165 162 158 152 155 155 144 134 134 134 134 134 134 134 134 134 134 134 134 134 134 134 134 134 134 134 135 135 135 135 135 135 135 135 135 135 135 135 135 135 135 135 135 135 135 135 135 135 135 135 135 135 135 135 135 135 135 135 135 135 135 135 135 135 135 135 135 135 135 135 135 135 135 135 135 135
235 229 223 217 217 216 213 202 199 197 192 191 190 194 190 190 189 191 182 173 174 171 171 169 164 167 166 158 153 147 135 134 134 134 134 134 134 134 134 134 134 134 134 134 134 134 134 134 134 134 135 135 135 135 135 135 135 135 135 135 135 135 135 135 135 135 135 135 135 135 135 135 135 135 135 135 135 135 135 135 135 135 135 135 135 135 135 135 135 135 135 135 135 135 135 135 135 135 135 135
227 226 222 217 213 215 211 198 196 195 191 191 191 190 186 187 189 184 173 176 179 173 172 170 165 165 162 161 155 140 134 134 134 134 134 134 134 134 134 134 134 134 134 134 134 134 134 134 134 134 135 135 135 135 135 135 135 135 135 135 135 135 135 135 135 135 135 135 135 135 135 135 135 135 135 135 135 135 135 135 135 135 135 135 135 135 135 135 135 135 135 135 135 135 135 135 135 135 135 135
229 231 226 217 209 211 205 196 194 194 192 191 192 190 189 189 183 176 174 182 178 174 172 170 166 166 177 169 156 138 134 134 134 134 134 134 134 134 134 134 134 134 134 134 134 134 134 134 134 134 135 135 135 135 135 135 135 135 135 135 135 135 135 135 135 135 135 135 135 135 135 135 135 135 135 135 135 135 135 135 135 135 135 135 135 135 135 135 135 135 135 135 135 135 135 135 135 135 135 135
234 234 226 215 207 203 199 196 195 194 193 192 194 194 191 188 182 175 182 185 178 174 170 169 170 174 180 164 156 142 134 134 134 134 134 134 134 134 134 134 134 134 134 134 134 134 134 134 134 134 135 135 135 135 135 135 135 135 135 135 135 135 135 135 135 135 135 135 135 135 135 135 135 135 135 135 135 135 135 135 135 135 135 135 135 135 135 135 135 135 135 135 135 135 135 135 135 135 135 135
234 228 221 211 204 202 201 196 195 193 191 193 194 193 190 185 178 179 189 184 176 173 171 173 174 177 171 161 154 153 138 134 134 134 134 134 134 134 134 134 134 134 134 134 134 134 134 134 134 134 135 135 135 135 135 135 135 135 135 135 135 135 135 135 135 135 135 135 135 135 135 135 135 135 135 135 135 135 135 135 135 135 135 135 135 135 135 135 135 135 135 135 135 135 135 135 135 135 135 135
228 220 214 210 205 205 200 195 194 192 192 192 192 191 189 185 179 177 185 183 176 172 174 176 178 176 168 158 159 158 139 134 134 134 134 134 134 134 134 134 134 134 134 134 134 134 134 134 134 134 135 135 135 135 135 135 135 135 135 135 135 135 135 135 135 135 135 135 135 135 135 135 135 135 135 135 135 135 135 135 135 135 135 135 135 135 135 135 135 135 135 135 135 135 135 135 135 135 135 135
221 216 213 209 205 202 197 200 199 194 192 193 191 190 187 185 182 176 179 182 173 172 178 179 178 173 162 155 166 154 135 134 134 134 134 134 134 134 134 134 134 134 134 134 134 134 134 134 134 134 135 135 135 135 135 135 135 135 135 135 135 135 135 135 135 135 135 135 135 135 135 135 135 135 135 135 135 135 135 135 135 135 135 135 135 135 135 135 135 135 135 135 135 135 135 135 135 135 135 135
216 214 211 207 202 199 197 202 201 197 193 192 190 192 192 187 185 177 175 181 176 177 180 180 175 169 163 155 161 151 134 134 134 134 134 134 134 134 134 134 134 134 134 134 134 134 134 134 134 134 135 135 135 135 135 135 135 135 135 135 135 135 135 135 135 135 135 135 135 135 135 135 135 135 135 135 135 135 135 135 135 135 135 135 135 135 135 135 135 135 135 135 135 135 135 135 135 135 135 135
214 212 210 204 199 197 199 202 202 196 192 190 190 193 192 189 187 178 177 181 180 183 184 181 173 169 161 161 159 141 134 134 134 134 134 134 134 134 134 134 134 134 134 134 134 134 134 134 134 134 135 135 135 135 135 135 135 135 135 135 135 135 135 135 135 135 135 135 135 135 135 135 135 135 135 135 135 135 135 135 135 135 135 135 135 135 135 135 135 135 135 135 135 135 135 135 135 135 135 135
218 220 218 206 198 199 201 203 199 195 193 193 193 195 189 190 185 177 179 183 187 187 187 180 173 169 158 157 155 139 134 134 134 134 134 134 134 134 134 134 134 134 134 134 134 134 134 134 134 134 135 135 135 135 135 135 135 135 135 135 135 135 135 135 135 135 135 135 135 135 135 135 135 135 135 135 135 135 135 135 135 135 135 135 135 135 135 135 135 135 135 135 135 135 135 135 135 135 135 135
226 228 222 207 199 201 202 200 197 199 198 198 196 194 189 188 182 178 184 188 191 190 184 178 173 160 158 157 151 139 134 134 134 134 134 134 134 134 134 134 134 134 134 134 134 134 134 134 134 134 135 135 135 135 135 135 135 135 135 135 135 135 135 135 135 135 135 135 135 135 135 135 135 135 135 135 135 135 135 135 135 135 135 135 135 135 135 135 135 135 135 135 135 135 135 135 135 135 135 135
