# 100 100
135 135 135 135 135 135 135 135 135 135 135 135 135 135 135 135 135 135 135 135 135 135 135 135 135 135 135 135 135 135 135 135 135 135 135 135 135 135 135 135 136 135 135 135 137 146 135 137 158 144 141 138 135 135 135 135 135 154 156 139 135 135 135 135 135 135 148 185 177 141 135 135 135 139 139 154 173 187 198 209 209 226 217 217 239 241 224 232 266 310 336 351 359 363 379 383 350 297 245 231
135 135 135 135 135 135 135 135 135 135 135 135 135 135 135 135 135 135 135 135 135 135 135 135 135 135 135 135 135 135 135 135 135 135 135 135 135 135 135 135 135 135 135 136 135 135 135 136 163 156 152 156 147 135 135 135 135 138 157 144 135 135 135 135 135 136 185 193 184 148 135 135 135 135 136 147 162 178 194 209 214 218 197 209 235 230 213 224 272 294 303 311 329 350 377 374 347 296 245 223
135 135 135 135 135 135 135 135 135 135 135 135 135 135 135 135 135 135 135 135 135 135 135 135 135 135 135 135 135 135 135 135 135 135 135 135 135 135 135 135 135 140 151 160 143 135 144 147 161 170 172 172 157 140 156 135 135 136 154 139 135 135 135 135 135 149 180 193 185 171 154 135 135 135 135 140 163 172 190 209 228 213 187 195 215 213 200 213 264 279 281 276 298 329 362 363 345 295 243 221
135 135 135 135 135 135 135 135 135 135 135 135 135 135 135 135 135 135 135 135 135 135 135 135 135 135 135 135 135 135 135 135 135 135 135 135 135 135 135 135 135 136 174 176 169 153 147 171 187 173 170 159 137 140 155 135 135 135 135 135 135 135 135 135 135 152 181 190 198 187 159 136 135 135 135 139 160 174 194 215 233 212 182 179 186 190 194 213 263 280 277 274 282 321 347 345 327 285 231 213
135 135 135 135 135 135 135 135 135 135 135 135 135 135 135 135 135 135 135 135 135 135 135 135 135 135 135 135 135 135 135 135 135 135 135 135 135 135 135 135 135 135 150 170 156 142 143 198 189 176 144 137 137 138 138 135 135 135 135 135 135 135 135 135 135 154 164 177 189 175 147 135 135 135 135 149 173 178 191 217 225 205 178 162 177 206 207 231 286 300 285 274 285 321 322 322 304 264 220 204
135 135 135 135 135 135 135 135 135 135 135 135 135 135 135 135 135 135 135 135 135 135 135 135 135 135 135 135 135 135 135 135 135 135 135 135 135 135 135 135 135 135 159 165 156 138 146 187 184 175 135 135 135 135 135 135 135 135 135 135 135 135 135 135 135 144 138 161 159 178 162 139 135 135 135 149 172 182 194 216 215 193 167 148 178 204 211 227 282 302 288 275 284 301 301 301 282 243 204 198
135 135 135 135 135 135 135 135 135 135 135 135 135 135 135 135 135 135 135 135 135 135 135 135 135 135 135 135 135 135 135 135 135 135 135 135 135 135 135 135 135 135 142 156 163 139 137 150 147 148 135 135 135 135 135 135 135 135 135 135 135 135 135 135 135 135 135 135 146 195 193 155 136 135 135 151 183 191 194 200 192 171 147 140 170 192 193 227 264 290 284 272 285 305 296 289 265 225 193 192
135 135 135 135 135 135 135 135 135 135 135 135 135 135 135 135 135 135 135 135 135 135 135 135 135 135 135 135 135 135 135 135 135 135 135 135 135 135 135 135 135 135 136 147 143 135 135 135 135 135 135 135 135 135 135 135 135 135 135 135 135 135 135 135 135 135 135 135 163 189 200 174 146 135 137 162 200 202 193 181 167 149 135 136 149 163 173 207 238 266 272 271 300 318 306 296 266 223 191 187
135 135 135 135 135 135 135 135 135 135 135 135 135 135 135 135 135 135 135 135 135 135 135 135 135 135 135 135 135 135 135 135 135 135 135 135 135 135 135 135 135 135 135 147 165 154 146 135 135 135 135 135 135 135 135 135 135 135 135 135 135 135 135 135 135 135 135 136 181 189 189 174 144 135 135 162 207 210 191 168 151 136 135 135 135 146 161 187 216 235 258 271 305 327 320 304 270 223 190 188
135 135 135 135 135 135 135 135 135 135 135 135 135 135 135 135 135 135 135 135 135 135 135 135 135 135 135 135 135 135 135 135 135 135 135 135 135 135 135 135 135 135 135 135 155 180 144 135 135 135 135 135 135 135 135 135 135 135 135 135 135 135 135 135 135 135 146 146 173 195 180 154 135 135 135 148 195 216 193 163 144 135 135 135 156 172 178 193 202 212 233 257 291 317 320 294 263 216 188 185
135 135 135 135 135 135 135 135 135 135 135 135 135 135 135 135 135 135 135 135 135 135 135 135 135 135 135 135 135 135 135 135 135 135 135 135 135 135 135 135 135 135 135 135 135 138 135 135 135 135 135 135 135 135 135 135 135 135 135 135 135 135 135 135 135 135 138 139 148 170 158 136 135 135 135 136 154 190 199 166 144 135 135 144 192 208 211 217 214 224 245 260 264 284 301 272 243 213 188 188
135 135 135 135 135 135 135 135 135 135 135 135 135 135 135 135 135 135 135 135 135 135 135 135 135 135 135 135 135 135 135 135 135 135 135 135 135 135 135 135 135 135 135 135 135 135 135 135 135 135 135 135 135 135 135 135 135 135 135 135 135 135 135 135 135 135 135 135 135 135 135 135 135 135 135 135 135 147 187 173 143 135 135 158 216 226 224 236 231 252 269 263 261 263 269 264 256 233 217 205
135 135 135 135 135 135 135 135 135 135 135 135 135 135 135 135 135 135 135 135 135 135 135 135 135 135 135 135 135 135 135 135 135 135 135 135 135 135 135 135 135 135 135 135 135 135 135 135 135 135 135 135 135 135 135 135 135 141 136 135 135 135 135 135 135 135 135 135 135 135 135 135 135 135 135 135 135 135 148 154 137 135 135 161 223 235 232 237 244 268 280 274 267 266 281 296 287 271 262 239
135 135 135 135 135 135 135 135 135 135 135 135 135 135 135 135 135 135 135 135 135 135 135 135 135 135 135 135 135 135 135 135 135 135 135 135 135 135 135 135 135 135 135 135 135 135 135 135 135 135 135 135 135 153 149 135 139 169 141 135 135 136 137 142 135 135 135 135 135 135 135 135 135 135 135 135 135 135 135 135 135 135 135 165 228 245 247 247 252 264 274 301 302 303 315 322 307 293 275 247
135 135 135 135 135 135 135 135 135 135 135 135 135 135 135 135 135 135 135 135 135 135 135 135 135 135 135 135 135 135 135 135 135 135 135 135 135 135 135 135 135 135 135 135 135 135 135 135 135 135 135 137 152 198 176 190 202 196 154 151 158 143 155 158 145 135 135 135 135 135 135 135 135 135 135 135 135 135 135 135 135 135 135 164 227 253 262 263 266 276 285 306 324 330 343 329 307 284 260 230
135 135 135 135 135 135 135 135 135 135 135 135 135 135 135 135 135 135 135 135 135 135 135 135 135 135 135 135 135 135 135 135 135 135 135 135 135 135 135 135 135 135 135 135 135 135 135 135 135 135 135 143 180 196 192 229 226 194 162 172 171 163 166 173 173 147 135 135 135 135 135 135 135 135 135 135 135 135 135 135 135 135 135 149 209 247 261 272 283 286 303 310 316 331 336 308 284 249 229 198
135 135 135 135 135 135 135 135 135 135 135 135 135 135 135 135 135 135 135 135 135 135 135 135 135 135 135 135 135 135 135 135 135 135 135 135 135 135 135 135 135 135 135 135 135 135 135 135 135 135 145 173 190 183 212 247 238 188 171 189 184 178 188 205 198 167 164 159 141 135 135 135 135 135 135 135 135 135 135 135 135 135 135 135 164 198 215 240 283 299 307 307 300 305 304 268 239 193 181 166
135 135 135 135 135 135 135 135 135 135 135 135 135 135 135 135 135 135 135 135 135 135 135 135 135 135 135 135 135 135 135 135 135 135 135 135 135 135 135 135 135 135 135 135 135 135 135 135 135 143 195 211 205 194 246 262 234 199 189 193 198 202 215 228 218 184 182 169 150 135 135 135 135 135 135 143 166 161 136 135 135 135 135 136 143 155 177 211 248 282 278 268 265 263 265 221 185 154 140 136
135 135 135 135 135 135 135 135 135 135 135 135 135 135 135 135 135 135 135 135 135 135 135 135 135 135 135 135 135 135 135 135 135 135 135 135 135 135 135 135 135 135 135 135 135 135 135 135 141 193 203 205 195 214 252 239 229 233 217 212 248 260 256 248 229 199 187 170 154 140 135 135 135 135 135 150 185 187 148 135 135 135 135 151 166 153 156 186 211 225 245 226 238 248 227 189 158 136 135 137
135 135 135 135 135 135 135 135 135 135 135 135 135 135 135 135 135 135 135 135 135 135 135 135 135 135 135 135 135 135 135 135 135 135 135 135 135 135 135 135 135 135 135 135 135 135 135 135 135 192 201 205 198 254 245 211 228 247 221 231 274 281 263 243 227 202 177 167 159 152 146 135 135 135 135 160 191 192 152 135 135 135 145 167 166 145 140 158 172 170 193 175 208 231 196 166 138 136 168 187
135 135 135 135 135 135 135 135 135 135 135 135 135 135 135 135 135 135 135 135 135 135 135 135 135 135 135 135 135 135 135 135 135 135 135 135 135 135 135 135 135 135 135 135 135 135 135 135 151 201 203 214 228 250 208 190 199 236 225 228 254 251 224 209 201 186 172 168 167 161 164 138 135 135 135 153 182 184 150 135 135 135 140 156 143 135 135 135 135 135 136 137 166 189 158 138 135 144 213 241
135 135 135 135 135 135 135 135 135 135 135 135 135 135 135 135 135 135 135 135 135 135 135 135 135 135 135 135 135 135 135 135 135 135 135 135 135 135 135 135 135 135 135 135 135 135 135 135 146 206 203 205 231 200 188 182 192 209 208 225 256 251 218 204 194 182 178 186 180 169 162 140 135 135 135 136 145 144 137 135 135 135 135 135 135 135 135 135 135 135 135 135 135 139 135 135 135 152 213 269
135 135 135 135 135 135 135 135 135 135 135 135 135 135 135 135 135 135 135 135 135 135 135 135 135 135 135 135 135 135 135 135 135 135 135 135 135 135 135 135 135 135 135 135 135 135 135 135 169 220 193 194 213 182 188 191 212 215 221 243 269 259 223 210 201 191 194 193 176 164 161 144 135 135 135 135 135 135 135 135 135 135 135 135 135 135 135 135 135 135 135 135 135 135 135 135 135 157 233 290
135 135 135 135 135 135 135 135 135 135 135 135 135 135 135 135 135 135 135 135 135 135 135 135 135 135 135 135 135 135 135 135 135 135 135 135 135 135 135 135 135 135 135 135 135 135 135 135 214 221 182 200 206 192 212 227 232 220 246 269 289 252 232 211 213 209 198 181 168 160 158 144 135 135 135 135 135 135 135 135 135 135 135 135 135 135 135 135 135 135 135 135 135 135 135 135 141 189 271 302
135 135 135 135 135 135 135 135 135 135 135 135 135 135 135 135 135 135 135 135 135 135 135 135 135 135 135 135 135 135 135 135 135 135 135 135 135 135 135 135 135 135 135 135 135 135 135 148 211 198 170 195 182 193 208 234 235 214 255 285 284 256 241 220 231 227 196 174 167 166 168 149 135 135 135 135 135 135 135 135 143 153 146 139 135 135 135 135 135 135 135 135 135 135 135 136 161 214 300 309
135 135 135 135 135 135 135 135 135 135 135 135 135 135 135 135 135 135 135 135 135 135 135 135 135 135 135 135 135 135 135 135 135 135 135 135 135 135 135 135 135 135 135 135 135 135 135 192 206 171 176 188 166 181 204 227 229 212 251 285 289 274 250 230 238 224 187 167 180 182 179 151 135 135 135 135 135 137 140 146 161 161 153 145 138 137 136 137 136 135 135 135 135 135 138 158 192 248 312 315
135 135 135 135 135 135 135 135 135 135 135 135 135 135 135 135 135 135 135 135 135 135 135 135 135 135 135 135 135 135 135 135 135 135 135 135 135 135 135 135 135 135 135 135 135 135 162 191 169 175 188 179 156 185 220 236 217 206 249 282 287 260 250 231 220 203 175 160 173 202 185 147 135 135 135 135 142 148 155 157 160 158 147 144 148 153 155 152 150 145 147 143 142 147 169 207 244 289 311 324
135 135 135 135 135 135 135 135 135 135 135 135 135 135 135 135 135 135 135 135 135 135 135 135 135 135 135 135 135 135 135 135 135 135 135 135 135 135 135 135 135 135 135 135 135 137 169 169 145 160 171 164 149 195 222 234 197 202 250 278 276 244 228 224 210 184 169 159 177 188 169 142 135 135 135 135 139 146 151 154 159 152 145 148 160 172 171 163 161 158 179 187 186 185 202 243 282 301 318 326
135 135 135 135 135 135 135 135 135 135 135 135 135 135 135 135 135 135 135 135 135 135 135 135 135 135 135 135 135 135 135 135 135 135 135 135 135 135 135 135 135 135 135 135 135 151 167 141 135 136 153 149 152 190 220 223 190 198 249 281 266 231 214 206 193 169 163 161 174 172 165 137 135 135 135 135 135 136 135 146 164 163 151 155 175 195 192 178 173 175 202 218 233 230 232 248 274 295 312 305
135 135 135 135 135 135 135 135 135 135 135 135 135 135 135 135 135 135 135 135 135 135 135 135 135 135 135 135 135 135 135 135 135 135 135 135 135 135 135 135 135 135 135 135 135 138 135 142 137 155 147 146 155 193 200 199 209 204 250 265 249 219 190 186 165 157 159 161 149 157 147 135 135 135 135 135 135 135 135 146 172 172 154 164 185 204 210 196 185 192 225 235 261 265 266 266 284 300 303 284
135 135 135 135 135 135 135 135 135 135 135 135 135 135 135 135 135 135 135 135 135 135 135 135 135 135 135 135 135 135 135 135 135 135 135 135 135 135 135 135 135 135 135 135 135 135 135 137 135 135 135 141 155 191 219 225 236 214 233 254 236 213 170 155 151 157 154 139 135 135 142 155 138 135 135 135 135 135 135 142 167 168 157 173 189 200 205 193 184 202 238 253 273 284 290 291 310 322 320 296
135 135 135 135 135 135 135 135 135 135 135 135 135 135 135 135 135 135 135 135 135 135 135 135 135 135 135 135 135 135 135 135 135 135 135 135 135 135 135 135 135 135 135 135 135 135 135 135 135 135 135 135 155 210 232 247 226 212 245 253 230 203 160 148 164 169 141 135 137 139 166 164 142 135 135 135 135 135 135 136 156 164 158 172 181 193 200 193 184 204 238 262 284 295 304 307 327 347 340 314
135 135 135 135 135 135 135 135 135 135 135 135 135 135 135 135 135 135 135 135 135 135 135 135 135 135 135 135 135 135 135 135 135 135 135 135 135 135 135 135 135 135 135 135 135 135 135 135 135 135 145 145 173 211 227 232 204 212 230 227 209 174 140 166 165 137 136 156 169 174 183 178 154 135 135 135 135 135 135 135 153 153 169 194 203 205 203 199 190 215 249 279 300 308 318 326 341 365 360 337
135 135 135 135 135 135 135 135 135 135 135 135 135 135 135 135 135 135 135 135 135 135 135 135 135 135 135 135 135 135 135 135 135 135 135 135 135 135 135 135 135 135 135 135 135 135 135 135 135 135 135 142 204 224 217 203 192 220 216 203 189 147 135 151 138 150 153 187 200 211 200 178 154 135 135 135 135 135 135 135 138 141 169 196 208 206 199 202 204 230 273 300 308 306 314 336 352 370 375 353
135 135 135 135 135 135 135 135 135 135 135 135 135 135 135 135 135 135 135 135 135 135 135 135 135 135 135 135 135 135 135 135 135 135 135 135 135 135 135 135 135 135 135 135 135 135 135 135 135 135 135 140 192 217 194 185 196 201 193 172 153 135 135 135 153 184 168 175 197 211 193 167 146 137 135 135 135 135 135 135 137 141 154 177 193 194 189 201 237 266 298 311 300 296 307 335 345 362 366 330
135 135 135 135 135 135 135 135 135 135 135 135 135 135 135 135 135 135 135 135 135 135 135 135 135 135 135 135 135 135 135 135 135 135 135 135 135 135 135 135 135 135 135 135 135 135 135 135 135 135 135 135 136 162 189 181 195 188 166 137 135 135 135 151 187 184 164 165 190 210 193 167 163 162 139 135 135 135 135 142 152 154 154 173 180 172 176 204 256 295 305 296 281 281 298 318 320 337 339 329
135 135 135 135 135 135 135 135 135 135 135 135 135 135 135 135 135 135 135 135 135 135 135 135 135 135 135 135 135 135 135 135 135 135 135 135 135 135 135 135 135 135 135 135 135 135 135 135 135 135 135 135 135 138 176 175 175 151 148 135 135 135 141 196 201 176 164 176 207 219 205 206 186 175 149 135 135 135 135 146 158 167 170 166 165 168 183 219 261 281 277 263 255 263 272 290 295 303 322 314
135 135 135 135 135 135 135 135 135 135 135 135 135 135 135 135 135 135 135 135 135 135 135 135 135 135 135 135 135 135 135 135 135 135 135 135 135 135 135 135 135 135 135 135 135 135 135 135 135 135 135 135 135 135 135 157 158 146 136 135 135 135 151 188 181 203 165 172 208 209 200 204 182 175 155 135 135 135 135 143 161 184 188 180 175 175 190 209 233 240 241 244 253 259 262 269 280 296 325 321
135 135 135 135 135 135 135 135 135 135 135 135 135 135 135 135 135 135 135 135 135 135 135 135 135 135 135 135 135 135 135 135 135 135 135 135 135 135 135 135 135 135 135 135 135 135 135 135 135 135 135 135 135 135 135 135 135 135 135 135 135 135 137 159 202 211 179 165 196 195 195 175 157 162 154 135 135 135 135 146 170 193 196 196 189 191 202 227 255 268 277 278 293 291 276 273 292 316 347 334
135 135 135 135 135 135 135 135 135 135 135 135 135 135 135 135 135 135 135 135 135 135 135 135 135 135 135 135 135 135 135 135 135 135 135 135 135 135 135 135 135 135 135 135 135 135 135 135 135 135 135 135 135 135 135 135 135 135 135 135 135 135 135 156 189 195 184 156 191 197 196 161 140 158 165 148 140 135 135 149 165 174 185 195 201 210 229 263 299 301 308 316 324 304 288 301 336 350 364 348
135 135 135 135 135 135 135 135 135 135 135 135 135 135 135 135 135 135 135 135 135 135 135 135 135 135 135 135 135 135 135 135 135 135 135 135 135 135 135 135 135 135 135 135 135 135 135 135 135 135 135 135 135 135 135 135 135 135 135 135 135 135 135 139 138 148 162 144 171 182 197 142 135 156 163 155 152 144 138 145 152 161 172 186 203 228 260 287 313 307 312 318 331 323 318 335 366 366 373 360
135 135 135 135 135 135 135 135 135 135 135 135 135 135 135 135 135 135 135 135 135 135 135 135 135 135 135 135 135 135 135 135 135 135 135 135 135 135 135 135 135 135 135 135 135 135 135 135 135 135 135 135 135 135 135 135 135 135 135 135 135 135 135 135 135 138 138 135 139 152 147 135 135 137 153 158 160 152 141 144 148 156 168 180 205 246 277 290 302 293 295 305 318 334 341 356 379 375 371 363
135 135 135 135 135 135 135 135 135 135 135 135 135 135 135 135 135 135 135 135 135 135 135 135 135 135 135 135 135 135 135 135 135 135 135 135 135 135 135 135 135 135 135 135 135 135 135 135 135 135 135 135 135 135 135 135 135 135 135 135 135 135 135 136 155 180 160 142 138 150 137 135 135 135 135 135 142 145 141 147 154 163 171 186 216 260 270 274 287 282 284 296 315 341 361 365 377 371 363 371
135 135 135 135 135 135 135 135 135 135 135 135 135 135 135 135 135 135 135 135 135 135 135 135 135 135 135 135 135 135 135 135 135 135 135 135 135 135 135 135 135 135 135 135 135 135 135 135 135 135 135 135 135 135 135 135 135 135 135 135 135 135 135 171 203 201 187 153 163 177 149 135 135 135 135 135 135 135 135 145 158 183 202 215 234 258 252 267 294 284 283 299 321 350 369 358 364 358 352 374
135 135 135 135 135 135 135 135 135 135 135 135 135 135 135 135 135 135 135 135 135 135 135 135 135 135 135 135 135 135 135 135 135 135 135 135 135 135 135 135 135 135 135 135 135 135 135 135 135 135 135 135 135 135 135 135 135 135 135 135 135 135 135 174 196 197 195 164 167 180 141 135 135 135 135 135 135 135 135 139 171 207 232 240 250 247 241 262 283 276 292 302 322 351 364 346 346 350 341 365
135 135 135 135 135 135 135 135 135 135 135 135 135 135 135 135 135 135 135 135 135 135 135 135 135 135 135 135 135 135 135 135 135 135 135 135 135 135 135 135 135 135 135 135 135 135 135 135 135 135 135 135 135 135 135 135 135 135 135 135 135 145 162 156 168 203 209 175 160 159 147 168 155 138 135 135 135 135 135 136 173 212 222 225 231 217 227 246 263 286 293 309 316 336 346 338 324 341 331 354
135 135 135 135 135 135 135 135 135 135 135 135 135 135 135 135 135 135 135 135 135 135 135 135 135 135 135 135 135 135 135 135 135 135 135 135 135 135 135 135 135 135 135 135 135 135 135 135 135 135 135 135 135 135 135 135 135 135 137 135 135 139 176 167 177 207 198 161 149 157 174 182 175 147 135 135 135 135 135 135 150 184 191 194 189 206 238 258 271 279 297 323 313 320 331 333 309 324 322 336
135 135 135 135 135 135 135 135 135 135 135 135 135 135 135 135 135 135 135 135 135 135 135 135 135 135 135 135 135 135 135 135 135 135 135 135 135 135 135 135 135 135 135 135 135 135 135 135 135 135 135 135 135 135 135 135 135 139 141 135 135 135 155 179 186 193 181 145 144 190 213 180 153 135 135 135 135 135 135 135 135 147 150 149 169 193 215 244 254 272 309 322 304 313 327 325 301 307 312 326
135 135 135 135 135 135 135 135 135 135 135 135 135 135 135 135 135 135 135 135 135 135 135 135 135 135 135 135 135 135 135 135 135 135 135 135 135 135 135 135 135 135 135 135 135 135 135 135 135 135 135 135 135 135 135 135 137 149 140 139 135 135 164 195 182 176 161 135 150 214 237 190 166 135 135 135 135 135 135 135 135 136 135 135 141 155 189 221 223 266 306 306 290 309 322 314 296 295 304 316
135 135 135 135 135 135 135 135 135 135 135 135 135 135 135 135 135 135 135 135 135 135 135 135 135 135 135 135 135 135 135 135 135 135 135 135 135 135 135 135 135 135 135 135 135 135 135 135 135 135 135 135 135 135 135 135 135 135 143 142 135 135 146 185 157 158 141 135 168 201 228 200 171 135 135 138 138 135 135 135 137 166 180 155 143 138 161 180 214 261 287 281 279 300 309 302 287 280 286 297
135 135 135 135 135 135 135 135 135 135 135 135 135 135 135 135 135 135 135 135 135 135 135 135 135 135 135 135 135 135 135 135 135 135 135 135 135 135 135 135 135 135 135 135 135 135 135 135 135 135 134 134 136 136 134 134 134 140 134 134 134 134 134 149 136 140 134 146 191 197 204 207 185 142 141 153 152 140 134 134 144 187 204 181 159 144 145 156 193 237 259 262 273 303 306 291 277 265 269 283
135 135 135 135 135 135 135 135 135 135 135 135 135 135 135 135 135 135 135 135 135 135 135 135 135 135 135 135 135 135 135 135 135 135 135 135 135 135 135 135 135 135 135 135 135 135 135 135 135 135 134 138 174 167 139 169 174 176 140 147 143 135 134 134 134 134 134 164 182 180 204 229 203 153 148 159 157 142 134 134 147 197 205 179 161 149 143 149 174 204 236 261 274 299 291 279 265 257 261 270
135 135 135 135 135 135 135 135 135 135 135 135 135 135 135 135 135 135 135 135 135 135 135 135 135 135 135 135 135 135 135 135 135 135 135 135 135 135 135 135 135 135 135 135 135 135 135 135 135 135 134 171 201 186 192 199 209 171 187 183 171 148 139 140 136 135 135 164 184 176 198 228 218 165 151 160 155 140 134 134 143 190 206 184 168 157 146 149 164 190 230 263 277 289 275 265 263 255 254 256
135 135 135 135 135 135 135 135 135 135 135 135 135 135 135 135 135 135 135 135 135 135 135 135 135 135 135 135 135 135 135 135 135 135 135 135 135 135 135 135 135 135 135 135 135 135 135 135 135 135 134 188 207 205 222 219 207 184 204 192 188 171 193 180 158 145 149 185 188 178 189 221 211 166 151 153 145 135 134 134 137 172 197 191 185 170 150 148 159 186 228 272 278 277 266 260 282 275 260 252
135 135 135 135 135 135 135 135 135 135 135 135 135 135 135 135 135 135 135 135 135 135 135 135 135 135 135 135 135 135 135 135 135 135 135 135 135 135 135 135 135 135 135 135 135 135 135 135 135 135 134 141 204 229 233 232 198 184 208 196 192 186 213 214 182 156 146 173 183 183 182 196 192 164 151 147 135 134 134 134 136 161 186 196 194 175 154 150 159 182 213 250 262 256 251 259 279 296 292 286
135 135 135 135 135 135 135 135 135 135 135 135 135 135 135 135 135 135 135 135 135 135 135 135 135 135 135 135 135 135 135 135 135 135 135 135 135 135 135 135 135 135 135 135 135 135 135 135 135 135 134 134 189 238 243 215 211 197 197 191 190 191 206 224 199 168 154 182 207 209 196 172 156 161 158 151 135 134 134 134 134 145 172 188 195 171 155 152 169 201 231 243 249 243 233 254 270 281 285 295
135 135 135 135 135 135 135 135 135 135 135 135 135 135 135 135 135 135 135 135 135 135 135 135 135 135 135 135 135 135 135 135 135 135 135 135 135 135 135 135 135 135 135 135 135 135 135 135 135 135 144 157 190 224 214 197 212 215 208 198 195 193 198 216 212 186 166 189 209 216 205 166 155 164 173 158 137 134 134 134 134 155 175 189 199 172 158 154 168 191 216 233 234 240 223 228 243 261 273 282
135 135 135 135 135 135 135 135 135 135 135 135 135 135 135 135 135 135 135 135 135 135 135 135 135 135 135 135 135 135 135 135 135 135 135 135 135 135 135 135 135 135 135 135 135 135 135 135 135 135 138 204 213 205 188 193 211 222 233 231 203 191 189 211 218 205 173 181 200 202 204 171 155 174 185 160 136 134 134 134 134 152 181 192 209 181 161 154 158 167 179 207 213 215 215 210 223 239 259 265
135 135 135 135 135 135 135 135 135 135 135 135 135 135 135 135 135 135 135 135 135 135 135 135 135 135 135 135 135 135 135 135 135 135 135 135 135 135 135 135 135 135 135 135 135 135 135 135 135 135 159 215 219 188 184 194 216 220 220 227 223 204 194 201 209 200 177 183 183 195 203 171 155 173 182 156 134 134 134 134 134 142 171 190 202 187 163 155 156 160 164 179 189 190 192 195 215 236 251 252
135 135 135 135 135 135 135 135 135 135 135 135 135 135 135 135 135 135 135 135 135 135 135 135 135 135 135 135 135 135 135 135 135 135 135 135 135 135 135 135 135 135 135 135 135 135 135 135 135 138 186 204 193 183 208 208 211 217 217 223 229 226 224 194 196 195 178 183 180 192 199 168 160 161 159 143 135 134 134 134 134 136 156 178 193 179 161 160 166 176 172 162 162 169 168 179 193 207 216 224
135 135 135 135 135 135 135 135 135 135 135 135 135 135 135 135 135 135 135 135 135 135 135 135 135 135 135 135 135 135 135 135 135 135 135 135 135 135 135 135 135 135 135 135 135 135 135 135 135 135 173 167 165 191 221 232 223 219 219 223 228 238 241 212 194 188 181 186 181 188 182 160 167 174 172 153 144 136 134 134 134 134 136 164 183 174 158 153 160 175 183 174 158 156 155 163 169 170 173 180
135 135 135 135 135 135 135 135 135 135 135 135 135 135 135 135 135 135 135 135 135 135 135 135 135 135 135 135 135 135 135 135 135 135 135 135 135 135 135 135 135 135 135 135 135 135 135 135 135 135 150 146 168 199 221 235 224 219 228 230 233 239 239 237 211 189 183 181 194 198 179 166 171 186 190 164 146 137 134 134 134 134 134 151 177 172 157 147 150 157 165 169 163 151 149 146 149 153 157 165
135 135 135 135 135 135 135 135 135 135 135 135 135 135 135 135 135 135 135 135 135 135 135 135 135 135 135 135 135 135 135 135 135 135 135 135 135 135 135 135 135 135 135 135 135 135 135 135 135 135 134 138 177 188 214 225 232 235 230 235 243 239 226 240 232 202 189 191 206 210 198 176 175 184 187 163 147 138 134 134 134 134 134 139 162 173 162 145 143 147 152 155 155 149 145 143 142 146 147 153
135 135 135 135 135 135 135 135 135 135 135 135 135 135 135 135 135 135 135 135 135 135 135 135 135 135 135 135 135 135 135 135 135 135 135 135 135 135 135 135 135 135 135 135 135 135 135 135 135 135 134 139 172 193 203 218 237 241 234 233 242 242 226 230 229 201 190 209 211 208 202 189 176 177 176 163 150 141 134 134 134 134 134 134 140 155 155 141 140 143 145 148 150 148 145 142 140 139 141 149
135 135 135 135 135 135 135 135 135 135 135 135 135 135 135 135 135 135 135 135 135 135 135 135 135 135 135 135 135 135 135 135 135 135 135 135 135 135 135 135 135 135 135 135 135 135 135 135 136 145 148 138 164 188 201 203 221 237 236 241 244 242 227 217 224 194 199 235 228 209 211 204 181 170 168 162 151 140 136 134 134 134 134 134 134 136 136 135 135 139 147 146 148 148 148 147 144 136 138 144
135 135 135 135 135 135 135 135 135 135 135 135 135 135 135 135 135 135 135 135 135 135 135 135 135 135 135 135 135 135 135 135 135 135 135 135 135 135 135 135 135 135 135 135 135 135 135 135 135 144 154 137 144 167 193 195 217 225 245 255 252 237 229 222 214 192 198 227 231 221 212 201 182 169 162 157 150 150 148 137 134 134 134 134 134 134 134 134 134 135 139 143 145 147 148 148 145 137 136 141
135 135 135 135 135 135 135 135 135 135 135 135 135 135 135 135 135 135 135 135 135 135 135 135 135 135 135 135 135 135 135 135 135 135 135 135 135 135 135 135 135 135 135 135 135 135 135 135 135 136 143 134 146 158 195 192 192 198 232 245 244 237 233 218 206 192 187 212 227 220 221 200 182 172 164 159 166 170 166 151 139 134 134 134 134 134 134 134 134 134 134 136 139 143 145 144 140 135 135 140
135 135 135 135 135 135 135 135 135 135 135 135 135 135 135 135 135 135 135 135 135 135 135 135 135 135 135 135 135 135 135 135 135 135 135 135 135 135 135 135 135 135 135 135 135 135 135 135 135 135 134 134 145 156 175 184 191 184 213 227 230 232 214 202 205 203 187 208 225 222 224 208 184 175 167 166 179 192 187 165 147 136 134 134 134 134 134 134 134 134 134 134 134 136 140 137 134 134 134 138
135 135 135 135 135 135 135 135 135 135 135 135 135 135 135 135 135 135 135 135 135 135 135 135 135 135 135 135 135 135 135 135 135 135 135 135 135 135 135 135 135 135 135 135 135 135 135 135 135 135 145 135 134 149 149 152 168 178 195 211 219 204 214 209 214 214 192 206 223 215 212 207 193 186 176 169 183 203 200 172 152 139 134 134 134 134 134 134 134 134 134 134 134 134 134 134 134 134 135 142
135 135 135 135 135 135 135 135 135 135 135 135 135 135 135 135 135 135 135 135 135 135 135 135 135 135 135 135 135 135 135 135 135 135 135 135 135 135 135 135 135 135 135 135 135 135 135 135 135 135 134 135 134 136 135 135 144 164 191 193 192 180 211 219 225 218 201 198 209 205 203 202 203 197 181 172 189 215 207 174 153 139 134 135 134 134 134 134 134 134 134 134 134 134 134 134 134 134 135 139
135 135 135 135 135 135 135 135 135 135 135 135 135 135 135 135 135 135 135 135 135 135 135 135 135 135 135 135 135 135 135 135 135 135 135 135 135 135 135 135 135 135 135 135 135 135 135 135 135 139 134 134 136 144 134 134 134 144 156 158 158 164 199 211 229 225 215 190 193 191 196 201 199 193 182 176 186 206 202 172 152 139 135 143 146 142 136 134 134 134 134 134 134 134 134 134 134 134 134 134
135 135 135 135 135 135 135 135 135 135 135 135 135 135 135 135 135 135 135 135 135 135 135 135 135 135 135 135 135 135 135 135 135 135 135 135 135 135 135 135 135 135 135 135 135 135 135 136 140 168 154 148 161 174 182 152 148 150 140 140 144 161 188 202 213 223 216 181 182 189 195 196 189 182 178 174 178 190 190 166 148 138 136 150 162 158 147 135 134 134 134 134 134 134 134 134 134 134 134 134
135 135 135 135 135 135 135 135 135 135 135 135 135 135 135 135 135 135 135 135 135 135 135 135 135 135 135 135 135 135 135 135 135 135 135 135 135 135 139 135 135 135 135 135 135 135 135 139 153 173 167 179 190 203 221 215 205 208 196 186 162 164 171 177 202 213 201 180 170 172 188 185 175 169 167 161 161 166 169 154 141 135 137 152 170 172 153 138 134 134 134 134 134 134 134 134 134 134 134 134
135 135 135 135 135 135 135 135 135 135 135 135 135 135 135 135 135 135 135 135 135 135 135 135 135 135 135 135 135 135 135 135 135 135 135 135 135 155 168 140 135 135 135 135 135 135 135 144 158 166 180 202 206 215 224 217 212 231 232 212 194 179 166 171 205 213 206 185 165 163 169 166 164 163 158 151 150 149 149 141 135 134 138 148 166 174 154 135 134 134 134 134 134 134 134 134 134 134 134 134
135 135 135 135 135 135 135 135 135 135 135 135 135 135 135 135 135 135 135 135 135 135 135 135 135 135 135 135 135 135 135 135 135 135 135 135 135 154 179 156 140 135 135 135 135 135 135 139 161 182 196 201 217 218 221 209 210 217 234 220 214 197 182 188 187 188 204 197 175 163 162 162 166 169 168 166 162 151 144 138 136 137 141 146 158 167 145 134 134 134 134 134 134 134 134 134 134 134 134 134
135 135 135 135 135 135 135 135 135 135 135 135 135 135 135 135 135 135 135 135 135 135 135 135 135 135 135 135 135 135 135 135 135 135 135 135 135 181 194 180 160 135 135 135 135 135 135 143 163 169 185 195 208 205 213 204 210 221 223 213 216 200 197 208 195 187 218 225 196 172 167 165 167 176 183 185 184 177 167 155 145 142 144 146 150 153 137 134 134 134 134 134 134 134 134 136 142 143 136 136
135 135 135 135 135 135 135 135 135 135 135 135 135 135 135 135 135 135 135 135 135 135 135 135 135 135 135 135 135 135 135 135 135 135 135 135 147 187 201 182 158 135 135 135 135 135 138 166 166 155 158 173 189 201 199 198 199 212 208 210 216 202 195 197 192 210 240 231 208 184 172 175 172 183 194 203 204 200 190 171 156 148 146 143 142 136 134 134 134 134 134 134 134 134 137 148 156 158 143 141
135 135 135 135 135 135 135 135 135 135 135 135 135 135 135 135 135 135 135 135 135 135 135 135 135 135 135 135 135 135 135 135 135 135 135 182 194 187 181 161 147 135 135 135 135 135 136 142 164 158 146 161 179 190 202 200 202 208 200 206 206 190 183 183 194 229 248 240 218 194 177 180 180 183 192 206 216 220 204 181 164 155 148 139 135 134 134 134 134 134 134 134 134 145 167 177 175 161 146 141
135 135 135 135 135 135 135 135 135 135 135 135 135 135 135 135 135 135 135 135 135 135 135 135 135 135 135 135 135 135 135 135 135 135 135 174 194 185 161 161 162 145 135 135 135 135 135 138 163 164 158 143 148 158 183 202 210 213 202 216 212 188 183 183 198 223 242 247 225 201 184 180 180 181 186 195 214 227 206 184 170 162 153 145 135 134 134 134 134 134 134 134 140 169 188 191 181 158 148 141
135 135 135 135 135 135 135 135 135 135 135 135 135 135 135 135 135 135 135 135 135 135 135 135 135 135 135 135 135 135 135 135 136 135 149 174 182 180 163 166 176 163 143 135 135 135 135 135 135 135 137 134 134 135 165 185 189 195 202 216 214 190 183 184 201 220 238 238 221 204 196 184 179 180 183 186 220 229 206 183 171 162 153 145 135 134 134 134 134 134 134 134 150 179 194 196 176 162 160 150
135 135 135 135 135 135 135 135 135 137 135 135 135 135 135 135 135 135 135 135 135 135 135 135 135 135 135 135 135 135 135 135 135 135 135 154 173 177 166 160 167 169 155 135 135 135 135 137 144 147 149 135 134 134 158 173 167 180 201 198 193 186 188 188 202 220 233 224 212 207 211 189 176 178 180 183 210 223 200 178 167 155 148 142 138 134 134 134 134 134 134 135 154 177 184 175 167 170 168 160
135 135 135 135 135 135 135 135 135 135 135 135 135 135 135 135 135 135 135 135 135 135 135 135 135 135 135 135 135 135 135 135 135 135 135 135 160 176 171 157 154 155 146 135 135 135 135 146 164 177 194 163 142 134 145 155 151 154 173 168 180 193 195 199 208 217 215 211 212 211 208 186 171 172 176 179 204 210 193 172 160 150 148 150 151 143 134 134 134 134 134 135 150 168 166 164 169 178 179 165
135 142 146 137 138 135 135 135 135 135 135 135 135 135 135 135 135 135 135 135 135 135 135 135 135 135 135 135 135 135 135 135 135 135 135 135 170 192 179 161 151 145 138 135 135 135 135 141 171 206 226 212 186 145 138 138 137 142 157 157 168 190 193 198 210 207 209 208 221 224 201 178 168 164 168 172 199 213 201 175 163 159 158 162 165 155 135 134 134 134 134 134 142 156 149 161 168 179 186 168
135 143 145 157 139 135 137 135 135 135 135 135 135 135 135 135 135 135 135 135 135 135 135 135 135 135 135 135 135 135 135 135 135 135 135 135 181 185 170 154 144 137 135 135 135 135 135 135 157 202 237 241 217 177 144 139 162 177 176 176 174 173 177 181 192 209 222 228 232 221 193 171 161 156 159 165 206 231 217 184 171 169 169 173 169 155 136 134 134 134 134 134 135 135 137 154 165 170 181 172
135 135 135 148 137 135 136 143 140 135 135 135 135 135 135 135 135 135 135 135 135 135 135 135 135 135 135 135 135 135 135 135 135 135 135 135 140 156 158 146 138 135 135 135 135 135 135 138 167 190 216 242 227 202 172 157 183 207 214 216 200 179 170 175 180 198 226 254 261 225 191 173 167 157 152 163 202 225 217 183 175 177 173 172 164 149 134 134 134 134 134 134 134 134 134 137 157 169 175 167
135 135 135 135 135 135 136 146 143 135 135 137 136 135 135 135 135 135 135 135 135 135 135 135 135 135 135 135 135 135 135 135 135 135 135 135 135 135 135 136 145 145 138 136 135 135 135 141 180 209 206 228 234 223 198 176 183 204 214 223 217 200 183 177 181 195 233 272 272 236 203 185 178 165 153 158 172 188 191 176 180 176 165 158 151 139 134 134 134 134 134 134 134 134 134 134 150 168 170 164
135 135 135 135 135 138 150 154 146 138 136 145 146 137 135 135 135 142 138 135 135 135 135 135 135 135 135 135 135 135 135 139 135 135 135 135 135 135 135 145 168 166 154 146 136 135 135 135 167 211 222 223 231 228 217 204 185 194 201 210 223 214 197 184 187 200 231 274 282 246 230 218 201 178 160 149 148 155 155 159 168 161 149 141 137 134 134 134 134 134 134 134 134 134 134 134 149 166 165 161
135 135 135 140 145 144 148 157 151 145 145 152 157 147 135 138 140 144 147 135 135 135 135 135 135 135 135 143 144 135 135 181 189 153 143 135 135 135 135 172 182 169 154 146 139 135 135 135 140 196 226 223 227 222 220 222 208 192 200 205 217 219 203 192 195 214 236 258 280 251 242 243 226 197 182 173 156 143 137 138 142 139 135 134 135 134 137 142 138 134 134 134 134 134 134 134 149 162 163 162
135 135 156 163 169 168 153 155 152 153 151 150 157 154 144 141 151 151 154 138 135 135 135 135 135 135 135 182 192 163 172 185 195 173 175 162 135 135 135 181 182 167 156 150 145 137 135 135 135 167 221 228 217 219 231 238 230 207 199 207 214 217 205 199 212 229 241 248 269 253 248 245 238 213 203 195 178 154 139 135 134 134 134 137 152 158 158 161 152 136 134 134 134 134 134 134 147 160 163 165
135 141 164 168 175 180 155 151 151 156 161 156 159 158 148 142 154 153 155 145 137 135 135 135 135 135 160 211 216 213 194 200 201 179 180 183 159 136 135 155 164 163 158 155 153 147 136 135 135 147 195 208 202 214 243 251 243 225 210 202 208 209 206 207 212 234 236 236 253 256 250 241 238 221 214 200 184 168 161 148 136 134 134 145 169 174 168 169 164 150 134 134 134 134 134 134 142 155 165 163
135 137 172 166 179 183 156 153 158 167 170 162 164 159 149 144 155 157 156 150 147 135 135 135 135 136 173 203 209 232 214 217 218 192 181 180 182 172 144 140 144 149 154 163 167 157 144 135 135 140 164 177 184 208 234 253 247 235 225 211 205 202 207 211 213 227 223 223 242 261 249 246 235 227 223 209 199 195 187 173 153 135 134 150 174 181 180 176 165 145 134 134 134 134 134 134 137 142 155 153
135 135 170 180 181 181 166 159 167 174 174 172 170 162 158 149 157 163 161 157 161 138 135 135 135 152 176 192 201 220 229 226 223 204 186 186 198 198 175 149 142 145 156 170 184 172 150 136 135 135 140 154 171 199 225 244 248 250 238 229 216 210 204 204 204 206 207 209 235 255 253 247 235 229 227 220 210 205 197 181 164 142 135 142 176 192 186 174 152 135 134 134 134 134 134 134 134 134 145 139
135 135 150 176 178 181 173 159 168 176 176 175 170 164 160 151 155 164 167 162 164 151 135 135 139 158 177 187 191 205 228 246 229 213 203 201 203 204 188 166 150 146 154 174 191 181 155 139 135 135 136 155 171 191 211 239 253 257 248 238 226 215 207 204 204 204 204 206 227 242 246 238 230 229 229 232 224 210 195 177 162 160 141 134 164 189 178 161 138 134 134 134 134 134 134 134 134 134 134 134
135 135 135 138 162 174 176 167 165 176 181 177 166 164 162 153 156 162 167 171 164 159 144 141 148 163 178 179 186 205 229 247 241 229 229 224 211 201 191 180 166 154 160 179 195 186 162 149 141 137 138 149 170 182 197 225 246 256 252 245 232 222 214 205 204 204 204 205 228 243 243 236 226 223 226 229 232 215 195 179 179 190 158 134 146 169 160 148 134 134 134 134 134 134 134 134 134 134 134 134
135 135 135 135 158 164 164 164 164 178 189 179 166 165 165 156 158 163 162 175 167 164 150 144 157 171 179 182 192 213 237 253 251 244 246 239 220 211 203 192 186 174 163 175 190 192 169 154 148 143 144 149 162 175 202 223 237 253 259 254 248 232 221 209 204 204 204 208 239 258 252 245 229 217 218 218 219 211 198 188 188 196 174 134 135 157 160 152 138 134 134 134 134 134 134 134 134 134 134 134
135 135 135 135 136 162 162 159 163 176 187 182 175 170 169 164 157 157 156 168 172 168 158 145 156 184 202 192 197 218 228 243 250 254 260 246 229 222 208 208 206 191 173 175 188 195 176 161 152 148 147 163 187 196 199 218 231 250 257 265 256 240 224 211 205 205 204 211 243 264 260 255 239 222 206 198 206 202 198 191 182 180 163 134 134 153 171 167 157 149 134 134 134 134 134 134 134 134 134 134
135 135 135 135 135 156 161 161 168 168 184 187 181 179 179 179 163 150 153 169 173 165 161 156 150 181 206 199 201 213 223 236 253 253 261 251 237 228 218 231 219 201 187 183 192 198 185 173 165 153 146 161 195 221 222 210 218 247 258 269 258 245 224 207 211 213 209 216 230 259 269 262 252 238 216 199 183 192 190 185 174 171 158 134 134 139 165 174 174 153 134 134 134 134 134 134 134 134 134 134
135 135 135 135 135 139 157 161 171 169 179 188 184 181 185 187 170 147 152 169 172 164 160 158 152 169 193 191 195 211 216 230 247 243 250 244 236 234 230 234 226 209 201 198 198 201 192 178 171 162 149 161 191 226 244 233 221 236 257 266 255 243 225 212 224 216 209 215 229 259 282 280 263 247 233 222 196 173 180 182 173 168 166 138 134 134 136 144 149 135 134 134 134 134 134 134 134 134 134 134
135 135 135 135 135 135 151 157 160 170 182 192 184 178 186 180 167 140 142 149 163 162 154 153 154 161 172 180 193 208 212 221 235 238 249 245 237 250 253 248 234 217 210 209 206 200 189 176 175 168 152 167 191 227 247 242 229 236 250 260 251 238 224 213 223 211 201 203 225 251 284 290 273 268 260 239 213 177 166 176 167 158 164 140 134 134 134 134 134 134 134 134 134 134 134 134 134 134 134 135
135 135 135 135 135 135 151 149 155 178 177 177 179 168 170 165 156 135 135 139 163 158 146 149 159 168 182 198 204 209 213 222 227 241 260 252 239 260 270 257 242 226 218 220 215 200 181 180 185 180 157 153 165 193 227 239 239 235 243 246 243 235 224 214 221 211 198 195 206 235 272 295 294 291 274 242 209 181 163 158 159 142 145 137 134 134 134 134 134 134 134 134 134 134 134 134 134 134 134 136
