# 100 100
271 268 269 274 272 266 257 249 244 248 251 252 252 258 266 275 277 281 276 273 282 291 301 306 307 302 306 308 308 311 314 312 311 325 327 318 311 313 312 304 311 312 313 301 300 299 294 284 285 286 288 289 291 289 285 282 278 275 272 273 273 272 269 266 261 256 254 253 252 251 257 263 270 265 258 268 270 270 278 277 271 275 272 268 265 254 246 239 253 257 252 255 261 271 266 261 249 244 243 241
270 270 271 274 271 270 263 259 246 248 249 250 255 260 263 268 276 285 290 279 293 295 299 308 310 310 312 317 327 320 312 306 302 302 305 299 294 297 300 310 310 306 303 296 294 296 289 288 293 291 292 292 297 296 294 288 290 284 280 282 283 281 275 269 265 260 257 253 245 244 249 255 258 268 258 266 265 266 273 272 267 267 265 263 264 249 238 241 258 265 265 264 266 267 269 268 258 250 244 245
273 275 276 272 267 279 274 259 249 248 248 248 252 261 271 271 275 282 292 290 290 299 303 309 314 316 319 332 337 326 319 314 306 296 292 288 286 288 295 307 304 299 302 298 291 288 281 290 294 293 296 296 299 302 303 305 303 297 294 295 294 292 282 272 267 263 257 253 245 239 244 246 248 262 266 262 257 258 264 265 262 264 260 254 257 258 260 261 271 273 261 256 260 265 265 263 257 249 247 243
275 275 277 274 269 267 262 254 249 252 250 249 251 255 263 272 276 281 290 301 295 290 295 304 312 316 324 339 333 326 320 314 306 300 296 291 286 282 284 287 291 299 301 298 296 294 280 287 291 290 293 296 299 301 303 308 310 302 291 285 283 283 285 272 264 260 256 253 249 243 238 242 247 256 268 264 258 252 256 260 255 265 264 257 249 257 265 266 279 281 273 270 268 264 260 258 243 240 246 244
269 270 272 274 270 262 265 259 252 255 254 253 253 255 257 259 267 280 288 300 308 299 296 301 312 320 323 330 326 327 325 322 316 311 304 294 287 284 280 278 284 300 300 296 293 288 282 277 282 284 290 294 292 293 297 304 307 296 284 278 274 273 277 272 264 260 252 248 249 244 236 239 247 256 259 263 260 255 250 254 253 262 263 255 246 254 263 259 274 275 268 255 261 259 262 258 241 237 240 242
268 271 270 271 267 269 270 266 256 256 259 262 259 261 266 270 264 269 285 295 303 310 308 306 312 320 320 317 314 322 325 326 322 316 308 297 291 286 280 278 277 278 285 296 294 293 290 278 274 281 287 288 289 291 296 301 305 299 289 280 273 269 272 270 263 257 251 245 241 239 235 242 246 245 245 258 262 260 252 248 248 258 260 257 251 241 240 241 246 250 250 241 240 242 246 244 245 241 234 237
270 271 271 269 264 270 273 268 259 258 262 268 266 267 273 282 275 267 277 292 304 314 314 313 312 315 315 311 306 315 316 319 316 315 312 302 291 287 286 284 282 280 275 275 291 293 287 275 274 287 286 291 291 292 294 295 297 297 291 282 277 271 268 263 258 253 249 244 242 245 241 242 242 237 241 260 259 255 250 245 245 250 252 255 254 250 247 245 235 241 246 243 235 235 237 237 241 241 236 234
269 272 269 263 263 270 276 272 265 265 265 272 273 273 279 285 276 270 275 281 289 303 310 309 306 309 315 308 302 308 309 307 307 309 308 302 295 289 288 284 278 277 274 267 276 285 285 272 267 284 290 289 290 292 290 286 287 287 283 279 275 273 269 263 256 251 247 243 246 250 248 237 227 229 240 246 257 254 250 246 241 244 245 250 251 252 253 258 239 240 245 244 239 231 231 231 237 241 241 239
266 267 265 259 262 266 274 277 273 274 271 275 277 276 281 285 276 279 286 292 295 301 307 306 301 310 308 302 299 299 300 296 299 301 301 300 298 300 285 281 288 284 277 271 265 263 265 263 273 280 285 287 291 292 285 281 282 279 280 274 270 269 263 259 253 249 247 244 253 253 250 242 230 221 230 244 257 258 252 246 242 238 238 238 241 242 243 245 241 237 238 239 237 233 230 226 232 233 236 240
265 264 260 256 257 258 267 280 280 279 278 279 283 282 283 284 282 291 304 310 307 313 315 304 292 299 298 294 290 290 287 290 293 297 300 318 311 297 291 292 298 298 293 285 273 261 259 270 287 291 289 288 291 288 281 280 277 276 272 271 270 265 260 255 255 250 246 252 255 250 246 248 239 226 225 237 249 263 258 252 248 243 239 235 234 233 232 231 230 229 232 235 236 236 232 226 222 224 228 235
261 265 263 256 254 261 265 271 277 275 279 284 290 289 290 288 289 302 308 314 316 320 315 305 293 288 288 295 293 282 276 282 289 290 311 332 321 302 297 297 294 286 286 289 281 268 258 276 291 293 291 291 288 281 278 277 275 270 268 270 267 262 258 254 251 249 252 252 247 240 241 244 236 226 223 241 260 261 262 259 254 251 247 243 238 235 230 227 227 223 234 245 240 235 232 230 226 221 222 230
258 261 258 253 254 266 282 284 280 276 275 281 285 291 297 295 290 295 299 306 317 325 323 316 302 280 278 295 291 285 280 272 280 283 312 323 312 306 300 295 285 285 278 273 265 260 258 278 291 291 292 290 283 278 275 275 271 267 268 271 261 258 253 252 250 257 258 254 246 240 233 233 232 224 225 243 250 246 255 260 257 258 257 252 247 244 238 230 224 221 223 237 247 254 243 231 225 219 222 232
254 256 254 249 254 265 282 294 291 285 281 281 283 290 300 302 296 301 302 306 311 316 322 310 289 273 269 284 277 281 283 273 268 274 307 318 317 307 299 294 290 294 287 282 279 271 257 266 282 289 292 286 278 275 272 273 268 266 266 262 258 253 251 250 255 260 258 250 246 241 237 230 226 218 227 233 242 242 244 254 248 252 252 253 253 249 242 238 232 225 222 218 220 232 254 253 224 217 225 228
257 251 249 249 254 264 277 291 296 294 292 294 297 298 303 306 304 303 311 312 304 300 305 296 283 271 264 275 270 276 274 274 273 268 282 297 309 299 297 294 294 295 293 291 289 281 264 257 280 289 290 281 276 272 270 269 266 267 267 261 257 253 253 256 258 253 249 247 241 240 241 235 229 220 215 227 238 237 239 251 241 239 241 241 244 250 249 244 236 232 228 225 222 216 224 241 236 216 220 220
258 251 248 248 259 266 271 281 291 299 303 303 307 309 306 311 311 313 317 315 307 295 288 277 272 264 260 264 262 265 260 270 267 263 267 292 299 295 294 297 296 294 291 288 280 272 260 259 282 289 284 278 275 274 272 266 265 270 267 262 255 255 261 265 266 254 243 239 236 235 237 240 232 227 218 220 233 235 230 238 238 232 231 230 240 241 246 247 242 239 235 233 229 224 226 223 219 214 213 217
259 255 252 250 253 265 261 269 279 292 305 309 313 313 309 311 314 316 318 319 315 305 289 273 265 262 259 252 252 254 251 254 264 281 279 283 297 296 298 297 295 294 293 293 287 272 259 260 275 280 278 275 273 276 271 267 266 270 266 258 255 259 267 281 288 270 249 236 230 228 225 230 229 227 221 215 220 228 223 228 229 226 222 226 230 228 239 246 244 241 238 234 231 228 226 225 225 221 215 208
265 259 255 251 245 257 262 272 284 293 298 301 304 301 299 303 307 311 310 314 310 305 291 281 283 279 265 256 247 248 261 274 280 301 300 293 301 300 299 296 295 294 295 295 290 281 268 253 255 255 264 268 275 272 268 265 269 268 265 258 258 270 275 292 288 266 249 233 227 223 217 217 222 225 226 221 216 211 222 224 223 220 214 221 219 222 236 235 241 240 233 228 225 223 225 226 225 223 219 214
266 257 251 246 243 258 268 276 285 294 298 296 286 286 292 297 303 303 301 299 301 303 302 300 292 276 262 256 246 253 284 307 305 305 304 299 302 301 298 291 283 278 284 289 281 274 264 262 271 258 250 270 274 268 267 264 271 266 263 260 265 276 272 269 267 246 235 231 232 224 217 211 211 215 230 230 226 220 212 215 218 215 208 211 217 220 232 226 233 239 235 230 227 222 219 220 226 226 220 213
263 254 247 241 242 259 268 270 274 283 290 287 278 296 305 306 306 304 293 285 290 292 309 301 281 262 255 246 245 261 294 312 309 305 302 301 300 298 291 277 274 277 271 269 266 271 275 283 279 261 250 261 270 266 262 269 270 266 261 263 273 277 270 257 247 242 233 230 233 225 218 211 209 209 220 231 230 225 218 215 210 207 211 207 204 216 224 220 230 239 238 235 231 229 223 216 224 226 221 214
258 249 243 239 242 253 256 260 261 268 269 270 275 298 307 310 311 306 301 297 281 275 287 286 273 255 246 245 250 261 280 307 309 304 302 299 293 285 276 277 294 297 293 279 276 288 288 287 275 269 262 252 266 266 262 272 269 262 262 274 277 276 269 251 244 242 234 226 224 222 216 211 208 207 211 219 229 228 225 223 220 217 219 216 208 204 207 211 225 231 235 235 231 227 224 213 220 224 222 216
251 243 239 246 250 246 248 252 252 255 265 276 278 289 299 306 312 311 310 304 290 272 264 272 272 253 243 252 261 276 277 294 307 304 301 296 285 277 278 288 299 300 294 279 292 292 292 290 287 280 268 252 253 257 267 273 268 257 261 272 278 273 260 248 245 240 234 225 221 218 216 210 207 206 209 212 223 227 232 236 231 227 225 220 216 219 213 203 204 217 223 227 228 223 216 209 214 221 222 217
242 240 247 257 254 249 244 246 250 260 276 286 288 290 296 305 312 312 308 302 292 279 264 255 264 254 243 242 264 283 292 293 305 304 301 296 283 278 284 295 300 300 294 291 296 295 295 300 294 287 276 262 249 256 272 272 264 256 268 281 280 271 258 249 247 238 232 225 221 215 212 209 206 205 206 210 219 226 236 241 234 227 222 221 224 225 221 212 206 201 211 218 226 223 217 210 209 217 218 216
238 255 262 259 257 253 248 256 258 259 268 274 287 295 300 305 306 301 297 290 282 273 271 258 256 257 243 237 254 274 300 301 302 302 295 289 283 282 284 296 301 301 300 293 298 297 301 303 306 290 278 261 247 262 273 272 261 256 271 280 275 261 251 245 243 234 228 221 218 217 214 209 206 204 205 210 215 225 231 238 240 238 234 235 233 228 221 212 211 206 199 208 221 224 219 213 204 210 211 212
238 256 258 262 261 258 253 264 266 259 264 273 282 288 294 298 299 292 284 276 267 261 257 249 249 256 240 238 255 268 289 304 298 297 290 287 288 288 288 299 303 303 300 294 300 301 307 305 304 281 272 265 257 249 263 261 254 252 269 279 274 258 247 241 238 223 224 221 217 216 215 211 207 204 205 211 214 219 226 227 233 244 247 237 228 219 213 215 214 212 205 201 210 216 219 217 207 204 205 203
234 243 249 262 271 267 259 264 268 266 266 270 272 280 287 293 296 294 290 284 275 271 267 253 241 247 238 239 247 253 272 296 304 294 289 289 294 292 296 303 304 302 298 297 303 305 316 312 295 284 279 268 269 261 249 246 245 243 248 260 256 239 241 238 240 232 217 221 217 214 212 210 206 203 207 210 211 219 224 223 230 241 246 240 230 226 223 222 221 217 215 208 201 200 205 209 210 202 200 196
233 234 246 264 270 266 259 263 271 272 267 270 273 278 289 298 304 305 299 293 288 279 275 262 242 235 237 234 240 251 265 285 304 304 296 293 301 296 301 306 305 300 300 300 303 299 303 301 292 285 278 276 282 276 265 259 257 248 264 258 248 248 229 229 234 231 225 222 218 215 213 211 207 204 207 207 210 217 218 219 228 234 242 242 236 236 233 230 228 224 220 214 213 203 201 198 198 196 198 206
233 233 247 262 268 263 261 269 277 275 274 281 282 282 288 296 301 300 294 290 285 273 276 268 249 240 234 229 234 255 278 297 305 296 290 292 301 301 305 308 307 304 305 301 300 297 299 298 289 285 280 286 286 282 269 264 254 259 271 272 266 251 243 241 233 223 223 217 215 214 212 211 209 207 204 203 206 211 215 221 224 226 233 246 247 245 244 239 234 228 222 221 212 206 208 205 204 211 213 213
230 239 249 263 268 269 266 266 272 277 283 286 286 286 289 291 291 286 281 283 279 266 269 266 258 247 237 231 227 252 279 301 306 287 272 280 285 297 308 310 308 307 306 301 300 301 303 298 290 287 286 289 287 276 266 259 259 270 272 272 265 252 243 244 235 234 228 229 213 210 209 209 210 210 209 202 204 209 215 217 216 223 233 243 245 249 246 240 234 232 228 221 209 212 215 215 211 214 216 213
231 240 250 264 273 274 270 265 268 276 284 289 288 287 288 288 287 281 280 278 263 254 247 244 248 238 237 228 228 248 263 279 280 278 266 268 272 291 308 310 308 307 306 301 300 305 306 297 292 288 291 292 286 270 260 257 268 271 272 268 264 251 244 249 239 234 230 240 225 211 208 206 207 208 207 202 203 206 210 216 218 226 236 233 232 241 240 233 227 226 222 215 218 219 224 221 218 219 216 214
234 250 265 269 274 275 271 268 273 280 287 287 283 284 284 282 282 280 279 276 262 262 250 242 239 241 245 231 226 238 250 270 265 259 254 258 278 299 307 310 308 309 309 305 302 300 303 296 292 292 294 291 279 265 265 265 268 271 270 265 259 248 250 249 234 231 227 239 234 217 209 207 204 205 205 203 202 203 213 216 218 227 229 227 226 231 237 236 235 229 225 223 228 226 230 225 219 215 212 209
231 249 264 268 275 274 275 274 276 282 284 279 279 277 275 273 278 281 279 280 277 269 257 251 249 254 250 233 224 238 252 269 260 249 257 267 282 289 300 309 310 311 309 308 305 295 295 295 294 295 294 287 271 269 267 272 270 271 268 263 259 254 253 242 233 230 226 241 237 218 211 210 208 204 204 203 202 200 204 212 216 222 221 221 217 227 229 232 234 234 235 233 234 234 233 230 222 216 213 212
230 248 253 265 273 275 282 278 276 280 278 277 276 271 268 268 271 277 281 285 288 279 269 264 263 261 247 230 223 235 249 259 255 249 252 263 268 286 307 309 310 311 307 305 305 295 288 294 296 297 291 276 273 271 273 273 273 272 267 261 256 258 254 239 233 230 225 233 232 215 210 215 213 207 204 202 201 199 200 209 213 216 219 214 213 223 222 224 228 231 235 239 239 239 236 230 224 222 220 217
230 239 251 264 271 272 282 279 276 275 275 278 276 272 267 262 268 276 283 288 294 291 282 276 271 263 245 229 223 226 239 257 253 242 245 252 266 295 311 311 311 310 308 305 299 295 293 287 292 291 284 274 276 272 276 274 274 271 265 262 257 256 251 239 236 232 227 227 220 211 207 210 211 209 204 201 200 198 198 202 208 212 216 211 210 218 218 217 222 223 230 235 236 233 232 230 224 220 217 211
237 249 260 263 264 264 274 274 272 273 279 280 282 276 272 263 268 280 282 291 299 301 291 285 274 259 245 233 229 218 234 254 253 236 238 246 267 295 312 311 311 310 310 305 299 298 298 294 295 293 284 279 277 279 279 276 273 266 262 260 258 257 247 241 236 232 229 241 231 216 206 205 205 207 206 202 200 199 198 201 209 211 210 209 207 212 211 212 215 218 224 229 232 227 225 228 224 220 217 216
245 256 260 257 255 256 262 268 268 272 279 281 285 284 277 264 272 282 285 289 289 294 293 288 278 261 249 242 226 218 229 254 257 248 241 248 264 289 313 312 311 308 305 303 302 299 299 299 301 296 284 282 280 284 279 276 271 265 264 261 259 257 246 242 237 232 230 240 236 232 219 205 202 201 205 204 199 198 198 200 207 209 209 209 206 206 210 216 218 222 229 232 231 228 220 221 227 229 226 222
248 254 251 252 251 250 251 259 270 272 271 270 267 264 258 259 269 278 287 290 283 284 288 282 276 263 254 244 232 219 221 241 245 239 247 260 261 283 306 312 309 307 308 305 300 300 301 304 303 294 285 284 284 283 279 275 268 259 264 258 260 253 244 241 236 233 231 226 226 226 214 205 205 203 199 203 199 197 197 200 205 208 206 210 205 205 215 224 229 230 231 230 226 224 222 214 223 230 229 223
250 248 245 250 252 250 245 257 274 277 270 269 265 261 258 263 269 280 287 285 279 271 265 260 262 255 245 239 228 216 220 229 229 233 249 262 270 288 309 315 312 310 310 306 301 300 303 305 301 292 288 287 286 279 274 269 260 257 254 255 251 243 238 235 228 225 219 215 224 223 210 208 206 204 201 199 199 196 198 202 204 205 202 208 202 203 210 218 228 230 228 225 221 217 216 210 217 228 232 230
245 243 241 250 257 251 245 252 265 274 266 265 260 256 267 273 277 292 298 289 277 263 247 241 248 248 237 232 226 216 223 219 219 227 236 249 269 290 313 317 315 312 310 306 302 301 305 304 296 286 282 279 276 269 266 261 255 255 250 253 241 233 228 220 217 214 216 217 215 217 213 211 207 205 204 201 198 198 198 201 201 198 201 202 199 207 215 223 222 219 222 222 215 213 210 205 213 221 227 231
239 238 241 249 250 247 246 251 263 266 257 249 245 248 265 278 282 289 293 286 275 266 257 248 234 232 233 228 224 216 220 214 220 235 249 259 272 293 316 317 317 314 309 305 301 302 300 292 280 278 274 271 270 268 265 260 257 255 256 255 239 233 227 219 219 223 223 222 220 217 217 212 207 206 204 203 198 196 199 199 196 195 199 196 201 209 214 220 217 211 217 219 215 208 209 203 209 217 224 227
237 236 244 248 239 235 241 253 258 257 257 247 253 254 261 273 284 287 286 284 281 274 263 249 234 225 226 224 220 214 213 214 220 231 251 279 294 309 315 314 311 308 301 296 291 287 284 279 274 276 274 270 267 268 266 261 258 260 263 251 238 235 225 222 226 229 227 225 223 220 217 213 210 207 204 200 197 196 194 193 192 192 193 194 200 204 208 216 214 206 213 215 209 206 202 201 209 217 222 223
231 239 246 241 235 230 240 248 249 256 251 244 262 260 260 266 275 280 282 278 275 273 263 249 240 231 225 216 214 212 215 220 227 242 253 277 298 316 313 309 307 301 295 290 288 294 288 279 271 272 276 272 269 266 266 263 264 265 264 246 239 233 227 231 233 232 228 226 224 222 217 214 212 210 206 201 199 201 196 191 191 192 191 192 195 196 200 206 208 202 209 211 204 199 199 205 212 219 223 224
237 238 241 241 235 233 232 237 241 243 238 242 262 266 265 270 279 280 279 277 263 255 248 237 233 226 224 221 217 211 211 221 228 238 252 268 291 314 314 313 310 303 297 291 293 294 288 279 272 268 275 272 270 267 263 263 268 267 258 244 239 233 237 238 236 232 229 226 224 221 217 214 215 221 212 204 203 204 198 193 192 191 189 189 189 190 193 198 202 199 208 208 201 195 205 210 213 216 222 226
239 236 233 238 237 236 230 229 230 232 235 247 256 268 277 279 282 281 276 277 272 263 253 248 239 234 231 227 215 208 209 219 230 238 248 267 290 314 314 315 309 301 296 293 297 295 286 278 273 274 270 265 267 266 260 265 270 266 254 246 241 241 241 239 236 232 232 230 225 220 216 212 210 222 233 226 221 215 200 194 192 191 190 188 187 188 189 191 195 199 205 202 197 196 207 207 211 217 221 219
242 239 234 231 236 237 229 244 240 240 242 251 257 269 280 282 278 277 273 278 278 271 268 256 247 245 228 220 213 207 208 214 223 234 249 269 290 312 314 314 307 300 297 296 299 293 283 277 274 278 278 273 262 257 260 266 267 265 253 251 248 244 240 236 234 235 234 230 225 219 214 212 216 217 231 234 226 217 202 199 195 192 190 190 188 186 186 188 191 197 199 197 193 200 202 207 213 218 219 215
250 239 233 229 232 229 229 247 252 254 252 258 266 272 275 271 268 267 271 278 276 276 268 257 249 234 225 218 214 210 207 209 215 230 247 263 279 305 311 311 307 302 299 302 302 294 285 279 281 284 280 276 272 262 253 259 262 258 252 254 247 243 239 236 235 234 233 228 224 220 215 216 222 227 231 230 221 212 204 207 208 203 202 196 192 189 186 185 188 195 196 192 192 197 202 209 212 215 214 211
250 238 231 226 224 224 238 251 262 265 266 267 274 273 268 258 258 256 268 263 263 261 258 252 237 226 225 214 207 208 208 209 216 227 237 250 273 299 310 309 308 305 304 307 302 291 287 281 289 286 280 277 272 265 261 245 246 252 247 245 245 242 240 236 236 234 230 228 224 220 216 214 215 228 229 224 213 212 215 220 220 212 203 199 196 194 189 186 185 189 193 189 194 197 202 208 208 206 208 205
240 235 229 224 230 228 235 245 258 272 280 275 274 269 258 249 248 253 259 253 249 246 245 235 225 221 222 215 206 203 208 212 217 223 231 242 260 292 313 312 309 306 305 307 299 291 287 289 293 286 276 272 264 258 251 252 252 238 238 235 234 237 236 234 233 232 230 227 222 219 216 212 214 217 220 220 216 222 229 229 221 214 208 208 210 205 200 192 186 184 185 190 192 196 197 203 201 198 204 199
230 228 223 232 244 234 240 253 261 272 279 273 269 267 257 244 242 250 245 246 240 234 232 224 221 215 210 211 207 202 205 209 217 225 239 251 269 289 308 311 308 306 305 304 297 291 286 291 291 285 276 268 260 254 260 264 255 245 236 228 227 231 228 224 221 217 223 227 222 217 212 205 212 218 223 221 222 229 228 223 224 225 221 219 216 209 201 194 190 187 183 185 186 187 190 193 192 196 200 194
227 220 226 247 245 239 251 256 266 273 274 267 260 260 258 245 234 240 235 237 230 228 229 223 226 220 208 205 204 202 205 208 216 223 235 245 255 274 300 309 309 309 309 303 295 292 288 290 286 280 273 266 261 269 268 257 249 244 239 230 222 225 228 223 217 212 207 210 214 216 214 208 211 215 220 217 222 224 218 218 216 223 227 231 231 232 218 206 198 193 188 183 182 181 181 182 185 191 193 192
223 219 237 251 245 239 248 260 271 273 269 256 249 248 247 240 231 233 233 233 223 228 229 223 225 221 214 210 204 203 207 213 220 227 236 246 263 282 303 309 307 307 306 300 295 291 289 291 286 274 268 262 269 275 272 258 244 239 235 229 223 218 222 221 217 215 210 205 201 203 208 206 205 204 210 214 216 220 214 210 208 211 222 233 241 251 244 236 226 209 200 196 190 186 184 181 179 185 186 186
219 225 233 251 252 248 244 254 263 274 266 249 240 240 231 231 238 226 227 225 228 232 229 222 224 224 217 211 204 202 209 215 222 232 242 255 275 304 308 306 304 302 301 297 294 291 291 289 283 276 271 274 273 272 263 252 246 237 231 227 223 217 213 214 217 214 210 207 203 198 201 198 196 199 203 213 207 211 215 205 203 210 227 229 236 255 263 257 245 222 201 196 193 190 189 186 182 179 180 181
241 235 244 262 259 256 249 258 271 279 263 251 246 237 226 225 233 226 220 230 237 237 226 220 220 220 214 211 206 207 219 213 223 237 252 272 299 308 306 304 304 305 301 298 297 294 291 289 279 273 282 284 280 274 260 246 243 238 232 228 223 218 215 212 210 207 204 203 203 199 195 193 192 194 198 202 202 201 208 202 199 208 217 217 223 238 253 244 229 206 203 204 202 194 192 192 191 186 179 178
250 244 257 264 262 258 259 265 281 281 266 256 250 241 234 225 220 221 225 233 239 238 225 219 213 216 216 219 208 206 221 212 222 238 264 294 304 303 304 303 305 306 300 300 303 295 287 283 282 279 283 284 281 274 257 246 242 239 234 231 223 218 222 222 217 209 205 201 200 200 200 198 194 191 191 195 196 195 203 202 196 203 209 209 213 222 225 224 220 215 210 204 200 198 201 197 194 188 186 187
254 260 274 273 268 260 263 269 279 275 262 254 248 243 238 230 221 214 223 231 238 236 225 221 216 211 214 217 210 206 207 213 224 238 267 294 302 306 304 303 304 308 303 298 296 297 292 287 286 288 291 289 283 269 251 245 241 234 230 228 224 235 236 238 225 219 212 207 209 210 207 204 199 194 193 190 191 192 199 194 194 201 208 204 202 210 212 220 223 223 219 213 207 206 204 199 193 189 195 191
264 267 278 278 271 266 262 266 270 266 262 257 244 237 233 231 223 211 213 226 234 235 227 224 220 211 207 216 213 205 206 213 223 242 263 290 306 305 303 303 303 306 306 301 297 300 297 290 288 290 290 290 281 264 254 246 241 236 233 228 237 256 248 245 226 221 215 212 209 209 207 202 197 197 194 197 195 190 189 191 196 201 204 197 197 199 203 212 213 218 224 222 214 212 204 201 198 199 197 196
272 273 276 278 273 269 265 264 263 260 260 252 238 229 226 230 224 210 211 225 237 241 233 229 225 213 208 210 208 201 207 218 226 242 264 291 303 304 304 304 303 301 303 300 296 301 297 291 290 291 288 286 274 258 251 246 243 239 236 230 248 248 233 242 226 220 217 218 218 214 209 202 197 195 194 202 202 195 195 190 186 197 199 195 190 193 195 205 205 208 215 220 222 221 216 212 208 207 203 204
273 273 274 275 270 268 262 257 256 259 257 243 232 225 223 232 227 211 207 217 232 238 232 225 220 217 205 203 201 203 213 228 227 239 259 283 300 303 305 305 300 303 304 299 295 297 292 290 291 294 275 271 262 255 247 244 242 240 233 235 235 232 227 238 228 218 216 214 215 214 209 202 196 196 204 206 200 196 195 192 188 186 191 190 185 186 189 199 199 201 209 213 213 217 219 215 212 211 209 209
268 267 270 269 268 264 259 254 251 263 259 241 229 221 215 225 223 209 205 218 230 238 227 220 215 231 217 202 200 204 229 238 234 242 259 281 299 302 306 305 299 300 301 297 294 291 288 288 289 277 269 271 258 249 246 241 239 235 238 237 234 230 225 229 224 216 217 217 215 212 205 201 197 198 201 201 201 200 199 194 190 189 186 187 192 186 184 195 195 201 203 206 206 206 209 206 205 207 204 202
260 261 263 268 266 259 256 251 248 257 252 239 232 229 220 218 217 207 208 223 229 234 225 218 211 229 232 207 202 215 234 235 242 253 252 271 292 298 303 304 298 296 298 294 292 290 293 291 276 268 270 266 253 244 241 237 235 241 240 237 234 229 224 220 217 216 219 224 217 210 207 203 202 202 200 199 198 202 201 197 194 191 193 198 194 188 183 189 196 199 197 202 198 197 199 200 193 200 196 195
255 256 258 267 265 256 247 244 252 255 242 230 227 228 224 213 212 204 209 217 224 233 223 217 209 211 222 205 206 209 216 229 236 241 245 262 287 294 295 302 297 293 297 294 289 289 296 293 280 267 272 265 252 243 238 236 246 245 240 237 233 228 224 221 217 217 225 225 218 212 209 205 207 206 205 200 197 196 197 197 196 192 196 197 196 187 182 187 189 192 196 194 190 192 191 195 190 191 194 188
249 248 260 271 269 260 247 241 258 254 243 232 222 215 214 212 206 201 210 220 229 235 221 215 206 204 206 204 211 214 219 227 237 248 255 273 284 282 276 294 294 292 297 294 289 287 294 294 289 272 277 265 250 244 240 246 249 242 239 236 232 227 222 220 221 223 226 224 222 216 208 210 212 211 209 203 196 193 193 192 190 191 197 195 190 186 184 182 183 186 188 187 185 183 184 187 186 183 186 184
239 255 266 270 269 260 246 239 256 250 236 227 224 219 209 205 202 201 214 228 240 235 220 212 204 203 201 222 236 228 231 241 241 250 262 273 269 263 261 284 294 292 295 293 289 286 292 295 293 286 275 257 251 245 250 254 247 242 238 233 229 227 223 220 227 231 226 221 216 213 213 215 215 212 210 207 198 195 197 196 193 189 189 193 188 184 184 184 181 181 183 181 178 178 179 178 177 177 176 177
241 250 261 269 268 261 246 234 252 245 231 221 220 220 215 212 208 205 222 233 239 229 217 210 203 197 201 228 250 258 246 254 255 252 261 268 258 252 257 287 296 293 292 292 292 289 287 292 287 280 268 258 249 251 261 254 247 243 239 234 231 232 234 226 234 234 229 223 219 217 220 217 213 210 207 200 198 199 199 195 191 188 187 189 186 184 184 183 182 181 180 183 186 190 186 187 188 189 183 177
228 239 258 269 268 262 244 230 243 241 230 217 214 214 219 217 208 204 226 234 234 225 212 210 203 194 198 229 254 264 249 253 261 263 263 261 248 240 257 280 297 295 291 290 293 290 284 284 283 275 266 255 250 262 260 253 248 243 239 233 229 235 230 228 233 229 224 219 220 222 221 216 212 207 202 193 195 197 194 192 189 189 187 185 184 184 184 187 185 182 181 190 193 197 192 190 196 193 190 183
241 252 262 269 267 260 241 225 225 235 229 216 210 211 219 212 201 201 225 236 235 216 198 199 200 193 195 226 250 254 237 237 250 260 258 249 238 239 255 274 295 296 292 288 291 290 290 284 276 276 265 255 259 262 256 252 249 244 239 233 227 236 226 227 226 224 218 215 219 224 221 217 213 210 200 191 193 191 191 190 190 190 187 186 184 184 184 185 182 180 186 198 201 201 196 191 198 197 193 183
249 259 266 267 263 255 237 231 217 232 228 218 214 212 213 208 196 203 220 229 221 213 210 208 195 193 194 218 238 236 226 239 248 254 250 237 233 246 260 273 291 293 290 286 290 291 291 286 277 269 262 258 263 258 253 249 248 244 240 235 230 230 224 225 221 221 216 215 218 220 219 217 215 208 195 189 189 188 189 190 192 191 190 189 186 185 185 181 183 188 194 210 210 205 201 203 205 198 190 190
245 255 263 266 258 242 223 224 214 230 229 225 219 215 207 201 204 197 203 211 205 197 198 202 190 190 196 206 224 222 231 244 247 247 239 231 236 256 263 279 295 290 287 285 288 291 289 283 277 268 259 260 260 255 251 249 246 240 236 232 232 234 226 224 210 216 212 218 218 215 214 212 209 198 193 188 188 187 190 191 194 194 195 194 193 187 182 186 187 188 195 207 216 212 211 213 213 205 196 199
241 250 257 260 255 238 224 218 215 229 228 225 221 217 213 203 208 198 191 195 192 189 190 191 188 192 197 206 215 221 231 241 239 239 235 227 239 252 260 272 291 290 286 283 289 292 288 278 273 264 259 260 257 252 249 249 246 242 235 230 227 228 231 232 208 209 210 220 219 211 209 208 201 194 191 188 187 187 191 192 195 197 197 194 190 183 182 191 193 199 197 206 220 222 220 214 209 207 205 203
244 246 247 250 242 233 235 220 208 215 218 219 225 223 217 204 203 196 190 194 193 188 187 188 190 191 194 202 212 221 227 235 233 233 227 222 235 251 253 261 281 290 287 283 291 294 285 276 275 267 264 257 252 249 249 249 247 241 236 231 227 225 220 218 209 207 209 225 218 210 206 202 201 194 190 190 189 188 188 191 191 193 195 191 183 183 188 194 200 212 216 213 219 218 215 209 202 200 200 196
242 234 229 232 226 226 229 219 206 215 219 218 229 228 218 205 199 195 192 198 193 187 187 191 194 194 194 199 204 211 224 227 223 225 218 226 237 241 243 251 264 284 286 282 287 288 282 278 274 268 263 259 252 248 250 250 249 246 237 231 226 222 216 210 207 205 214 227 216 207 205 200 199 194 193 192 192 189 187 188 188 189 187 182 185 185 192 192 197 206 216 221 216 209 204 200 196 194 192 191
232 225 217 216 212 220 224 220 205 214 213 213 225 226 219 210 203 198 193 196 189 189 190 196 198 196 197 197 201 209 216 219 213 220 216 226 234 231 233 239 251 266 281 280 281 277 278 277 271 267 263 258 252 248 251 251 251 248 240 233 225 220 216 211 208 208 214 219 214 204 202 199 196 195 196 194 194 193 193 192 189 185 184 184 188 192 190 199 209 218 223 220 214 210 206 198 202 201 197 191
219 219 215 204 202 208 220 210 200 208 200 198 205 212 213 213 210 202 195 190 191 199 197 204 208 208 206 203 201 200 205 205 202 208 210 224 222 220 227 236 241 257 277 284 278 276 274 275 268 266 263 258 252 247 251 250 251 247 244 238 228 220 214 210 211 219 224 220 206 202 200 198 196 194 193 193 195 197 199 196 188 187 184 186 188 196 194 195 201 215 225 216 211 207 201 204 208 205 201 198
210 205 203 199 198 201 207 200 196 195 192 191 191 194 201 209 206 201 196 190 189 188 195 207 215 217 216 213 211 210 213 213 207 207 212 211 212 213 221 229 238 253 277 286 283 280 275 269 264 261 259 257 252 250 248 250 248 243 239 238 228 220 213 212 218 215 193 201 211 206 201 198 195 193 191 192 194 202 201 195 190 187 184 191 190 198 204 202 215 221 222 214 206 207 209 212 214 211 210 206
202 200 202 200 198 198 198 196 193 193 191 190 190 190 190 201 205 201 195 194 195 188 187 201 212 215 220 220 218 217 218 219 215 212 225 219 220 216 220 223 235 249 267 284 281 281 274 271 267 262 258 253 251 250 247 250 246 240 234 232 227 218 212 215 225 208 212 200 206 204 201 197 195 191 191 190 196 203 199 193 188 184 189 193 193 197 211 212 224 225 219 211 215 218 217 217 217 214 210 208
198 196 201 201 196 195 197 195 193 192 194 195 193 193 190 191 206 206 199 194 192 188 184 187 196 202 207 218 226 225 226 225 224 218 232 230 222 224 235 228 229 242 253 274 278 277 276 272 267 262 259 256 250 245 241 248 242 237 230 227 224 220 216 223 227 212 209 199 203 204 203 198 193 190 194 195 196 198 194 189 185 189 192 197 198 203 220 229 228 222 215 216 221 219 213 209 206 204 201 199
203 202 203 198 196 195 196 194 195 197 199 198 195 196 196 190 193 199 198 192 188 185 185 187 190 196 203 209 229 238 239 238 236 233 231 235 227 229 241 235 232 236 246 271 276 272 273 267 262 259 260 257 253 249 246 241 235 232 228 225 221 218 218 228 227 210 209 213 210 193 198 202 193 189 196 198 197 197 192 186 190 196 194 196 200 205 217 229 225 222 221 224 224 220 216 211 207 205 203 201
208 216 216 212 202 196 195 196 199 204 211 212 207 196 190 187 190 194 195 191 185 183 183 187 195 206 216 215 221 238 246 250 248 244 237 240 236 229 244 245 242 239 244 265 274 271 270 268 260 255 256 256 252 248 243 241 237 235 233 229 223 223 225 232 233 222 219 217 219 212 192 205 196 190 192 194 192 192 188 185 195 206 199 197 200 213 222 232 232 230 228 228 230 228 224 220 216 215 210 211
216 224 224 221 211 199 199 201 209 216 209 205 205 194 191 187 192 197 199 198 192 185 182 186 195 206 221 226 229 230 240 251 256 251 247 247 242 231 242 254 255 250 252 269 274 269 266 264 260 260 258 252 250 248 250 252 248 247 248 240 234 235 227 238 229 219 209 215 222 223 202 204 197 193 189 187 190 191 187 186 194 200 202 203 203 218 233 237 237 236 236 235 234 232 230 226 223 220 218 217
220 227 230 221 204 202 210 217 223 225 216 209 200 194 188 188 195 201 204 199 194 185 183 183 195 210 225 234 242 244 245 248 252 256 257 254 252 239 240 258 262 261 261 272 272 272 270 264 269 267 265 260 257 257 263 264 267 266 254 244 243 239 221 217 241 218 218 220 217 210 203 200 196 193 190 191 188 188 187 185 191 193 196 204 206 207 221 240 240 239 239 237 232 227 225 223 222 223 221 218
226 233 230 218 203 208 220 228 230 230 219 208 197 191 189 192 201 208 208 200 189 183 183 186 193 210 220 229 242 249 256 260 258 259 262 264 263 247 242 248 253 258 269 276 275 276 272 266 270 270 268 268 266 263 269 271 270 262 250 246 244 245 239 237 237 229 221 225 229 220 204 201 196 194 192 192 189 186 186 187 191 191 195 198 197 205 216 230 226 235 233 234 229 222 216 213 213 218 218 214
237 233 220 215 213 216 223 229 228 228 216 206 195 188 189 190 203 207 210 197 183 182 184 189 195 201 208 216 230 240 249 258 264 265 265 270 265 252 246 252 253 260 275 276 274 274 270 265 266 269 271 275 277 275 274 271 267 261 251 249 249 247 248 251 244 228 221 225 218 210 206 203 196 194 192 190 189 188 188 191 191 190 193 192 194 197 203 212 207 225 224 227 227 225 220 215 209 210 212 210
245 239 227 222 227 227 228 232 223 213 206 197 191 186 185 188 190 193 201 200 187 182 185 197 201 207 214 221 233 236 239 247 257 257 265 270 265 257 250 250 255 264 277 273 270 268 267 269 269 268 271 275 281 279 274 271 269 263 249 249 249 249 250 254 240 226 222 222 218 212 208 203 198 195 192 189 189 191 192 192 190 188 187 188 189 191 196 201 200 219 216 215 220 221 219 216 212 206 206 205
245 237 242 238 241 238 234 231 223 212 202 194 189 184 183 184 184 184 185 189 188 183 185 198 210 213 216 219 219 221 226 232 240 249 261 267 267 261 254 256 262 271 275 271 269 269 273 274 274 273 271 272 278 276 273 272 269 263 254 245 244 244 250 251 236 228 226 226 223 216 208 205 201 197 193 191 190 194 194 191 190 189 185 185 186 189 193 195 195 206 206 212 219 217 214 212 210 205 201 199
248 240 254 252 249 247 243 237 229 219 206 197 189 185 184 184 183 183 183 184 183 184 186 200 214 218 216 216 210 217 228 237 245 259 267 269 269 266 259 264 274 277 273 271 270 271 276 278 277 277 274 272 274 274 272 269 266 265 264 251 243 240 239 242 235 234 235 233 227 222 213 206 203 199 197 197 194 195 193 193 192 189 185 184 186 193 194 191 189 194 197 217 217 213 211 207 204 202 199 196
249 244 259 264 263 255 250 243 234 225 213 206 195 190 186 184 184 184 184 185 182 183 186 206 220 220 214 208 210 224 240 253 256 266 274 272 272 269 268 278 280 277 274 273 275 275 277 279 277 275 273 271 268 268 268 267 267 266 265 261 253 247 249 256 256 246 241 236 229 221 213 208 203 199 200 203 197 192 189 190 188 185 183 181 184 191 191 188 184 187 190 197 213 216 211 209 208 205 203 202
262 257 274 276 275 263 255 246 237 228 219 210 204 200 192 187 187 187 189 187 186 184 191 215 222 215 207 200 209 219 234 247 260 271 275 272 276 277 278 283 281 280 277 277 279 280 283 282 280 278 274 269 266 265 266 266 268 267 270 269 263 263 265 263 256 245 237 232 225 217 212 206 202 198 196 199 200 192 188 185 185 184 181 180 180 182 184 183 181 183 185 189 200 218 218 215 214 210 209 208
272 269 289 285 276 259 248 240 233 223 215 207 201 196 196 201 194 192 198 194 188 185 200 215 220 208 199 205 211 222 241 252 258 266 267 266 284 287 287 286 286 284 280 278 278 283 286 282 281 279 274 269 267 264 263 265 269 269 270 271 268 269 267 260 252 244 242 241 227 218 210 205 201 197 194 195 199 194 188 184 182 182 180 179 178 178 178 178 178 182 181 180 187 197 205 209 211 209 210 210
292 285 299 291 273 257 241 231 224 217 210 203 203 213 217 211 203 198 196 191 187 188 205 210 206 197 200 217 219 227 243 251 251 252 253 255 271 285 290 291 291 288 281 279 282 286 285 282 277 275 273 268 268 265 262 267 271 272 268 269 270 269 262 255 251 245 244 234 225 219 212 206 201 199 196 194 197 196 190 185 184 184 181 178 177 176 175 175 176 179 177 177 182 188 189 192 199 202 199 203
308 301 308 298 276 263 254 245 233 220 212 217 218 220 219 213 208 208 203 191 183 186 206 208 200 192 197 211 216 221 231 241 236 231 240 253 268 282 291 290 285 288 287 285 286 287 285 283 278 273 274 272 267 265 261 271 276 274 269 269 272 268 257 251 247 245 240 228 223 216 211 207 203 200 197 194 193 193 193 188 188 185 182 180 179 179 181 178 174 175 176 176 181 187 183 185 192 194 191 195
323 314 309 303 281 264 259 253 241 223 225 231 228 224 220 213 206 204 194 183 181 187 201 199 194 192 199 197 200 205 217 223 224 237 249 262 268 275 283 279 276 282 290 289 286 285 283 282 279 274 269 271 265 258 262 276 276 273 270 270 270 264 254 248 241 237 231 226 221 214 208 204 201 199 197 193 192 194 197 197 196 191 186 187 188 189 187 182 175 172 173 174 183 184 180 180 187 188 185 191
329 317 303 296 280 258 245 234 226 223 235 236 230 225 218 211 203 195 188 182 181 187 193 193 192 201 212 210 205 202 205 209 233 247 254 253 260 267 273 275 272 269 275 284 284 285 283 279 273 269 266 260 256 255 263 275 272 271 270 270 265 256 245 243 243 240 230 226 218 213 209 204 200 196 195 194 197 201 197 194 193 192 191 189 188 185 184 182 176 171 173 176 181 181 178 178 182 181 180 186
333 321 298 273 262 246 237 237 236 244 242 239 233 227 221 216 212 205 200 185 181 183 183 183 191 202 217 222 217 213 216 219 222 234 240 258 262 265 272 274 271 267 264 275 284 284 282 278 270 273 272 259 254 256 269 274 268 265 264 263 258 251 241 239 242 236 228 223 219 213 209 205 199 196 194 194 200 205 199 191 185 185 189 188 188 184 179 180 176 171 170 174 180 178 174 174 179 177 176 179
338 324 305 283 276 257 244 247 256 253 246 249 245 240 234 230 227 220 214 204 185 180 181 189 201 211 225 232 229 227 234 234 230 225 248 259 259 266 268 270 269 265 261 279 282 275 270 268 267 270 273 257 251 260 270 269 266 261 259 257 253 251 242 237 234 230 227 223 215 212 209 204 197 195 192 192 195 199 194 186 183 181 185 186 186 184 180 176 176 171 170 174 178 175 172 172 177 175 172 173
341 327 311 297 285 268 253 253 261 253 245 240 237 234 228 225 220 213 207 201 191 183 182 197 212 219 224 232 235 238 243 248 246 240 243 248 251 259 266 269 268 265 258 261 266 260 258 258 263 273 271 260 258 254 263 263 260 254 254 253 248 247 240 232 231 231 227 222 218 212 207 206 200 192 186 189 191 194 189 182 179 179 181 183 182 182 178 175 175 172 169 176 175 171 170 170 175 173 168 170
341 330 314 296 286 273 261 261 261 253 243 236 232 229 224 213 202 193 188 181 180 184 193 204 215 213 212 222 229 235 247 255 259 256 255 255 252 257 266 269 266 261 255 253 252 252 254 261 269 278 278 274 270 257 254 264 262 257 251 245 237 235 234 227 230 231 227 222 218 214 208 202 199 191 188 188 188 189 185 180 176 176 178 178 177 178 179 174 171 170 169 170 169 168 168 168 168 167 166 167
335 328 314 304 293 280 269 260 258 253 243 234 229 221 215 206 198 189 182 180 181 200 200 201 204 205 204 212 220 230 243 254 262 263 261 257 254 256 267 270 265 261 253 251 254 258 261 264 277 279 276 272 269 262 250 254 261 253 241 247 250 243 234 225 227 229 226 221 216 213 211 205 199 192 193 189 187 187 185 178 174 174 176 174 173 174 175 175 171 169 168 168 168 168 167 166 166 167 166 165
320 321 310 301 297 288 276 262 251 248 241 233 227 219 208 199 190 183 180 180 183 188 192 192 194 196 200 213 220 230 241 253 258 258 257 256 257 262 270 265 260 254 253 248 252 258 268 278 283 279 273 268 265 266 263 250 246 243 250 253 251 242 233 226 226 229 224 220 215 211 209 206 201 196 190 187 185 183 182 180 175 172 173 171 171 171 172 172 170 169 169 171 171 170 169 169 170 172 171 169
297 301 299 295 295 292 280 263 243 242 238 227 222 217 208 197 187 181 179 180 184 195 197 194 199 204 210 206 214 221 230 243 247 245 250 258 261 268 270 264 261 253 243 251 253 261 272 282 284 277 272 269 264 265 267 264 256 249 254 255 251 245 234 225 224 228 222 217 214 209 205 202 200 194 190 185 183 182 180 177 174 176 174 172 172 172 171 170 169 170 176 173 174 175 173 175 173 175 177 175
284 285 270 287 288 282 281 267 248 229 237 228 211 209 208 198 186 181 181 180 180 186 196 201 210 222 217 214 222 224 221 227 233 240 255 267 267 273 265 266 262 248 249 252 254 266 277 287 281 274 270 268 267 263 261 264 255 255 257 258 252 243 233 224 219 226 221 215 212 207 203 199 198 193 189 186 182 178 177 175 177 177 174 174 176 175 173 172 176 177 177 173 178 181 179 183 178 180 183 181
274 263 252 272 270 254 252 250 232 209 213 217 199 190 192 188 185 184 182 181 179 179 184 195 210 218 224 228 232 237 244 248 246 250 263 266 273 269 256 264 259 243 241 243 246 260 273 284 276 273 269 267 266 265 262 258 256 259 256 255 246 238 231 226 221 219 218 213 209 205 201 199 196 192 188 185 182 179 176 175 179 177 173 173 176 176 174 174 177 178 178 177 182 185 184 186 183 189 194 191
