# 100 100
197 198 196 194 192 196 197 199 201 199 196 193 195 196 189 183 183 183 185 185 183 178 176 175 171 163 160 164 161 156 154 153 152 152 151 150 149 146 146 148 147 146 147 146 145 145 145 145 145 145 144 144 145 144 144 152 156 156 154 153 153 154 153 153 153 151 151 152 152 152 152 152 153 152 151 151 151 151 151 150 150 151 151 151 151 151 152 151 151 151 151 151 151 151 152 151 152 152 152 152
197 199 195 190 193 196 199 203 202 198 195 196 199 199 192 186 184 181 182 180 175 175 174 172 166 160 167 163 158 154 155 155 153 150 148 149 147 146 145 145 145 146 145 145 145 146 145 145 144 145 145 146 146 146 145 148 155 156 154 153 154 155 153 152 152 152 152 152 151 151 152 152 152 152 152 151 151 151 150 150 150 150 150 151 152 152 152 151 151 151 150 150 151 151 152 152 152 152 152 152
198 199 195 188 194 195 203 204 203 198 194 195 197 195 189 187 184 182 184 183 173 168 169 168 166 162 166 161 157 154 153 152 149 150 150 148 146 146 146 145 145 145 145 145 145 145 146 146 147 147 148 149 149 149 145 147 153 155 154 154 155 154 151 152 153 153 152 152 151 152 153 151 151 152 152 151 151 152 151 150 151 150 150 151 152 151 152 152 151 151 150 151 151 152 151 152 153 152 153 153
201 200 192 184 191 197 203 201 202 198 194 192 191 190 193 190 184 181 187 181 172 165 163 163 164 159 161 159 156 154 153 151 152 151 151 148 146 146 146 147 147 146 147 147 148 149 150 150 151 151 150 150 148 145 146 149 152 153 154 155 154 152 148 151 152 153 152 152 151 152 152 151 151 151 151 151 152 152 152 151 150 150 150 151 151 151 152 151 151 151 150 151 152 152 151 152 152 152 153 153
202 199 192 185 190 194 199 201 201 197 192 192 188 191 187 183 180 190 186 178 169 163 161 162 160 155 156 155 156 156 154 152 151 151 151 147 147 150 150 150 150 150 150 151 151 151 151 150 150 150 149 148 146 145 149 151 151 153 154 154 152 149 147 151 153 154 153 152 151 152 151 151 152 151 150 151 152 152 152 151 150 150 150 151 150 152 152 152 151 150 150 151 152 152 151 152 152 153 153 153
203 198 189 189 193 191 193 199 200 198 193 191 189 185 184 184 179 185 181 175 167 162 160 159 156 156 155 156 156 155 154 151 150 151 149 146 148 151 150 150 150 150 150 150 150 150 150 149 149 149 149 148 145 144 147 148 150 153 152 149 148 148 150 151 153 153 152 151 151 151 151 152 151 151 151 151 152 152 151 150 151 150 150 150 150 151 152 153 151 151 152 152 152 152 152 153 153 153 153 153
201 198 187 192 194 191 190 196 197 197 195 188 190 190 188 183 175 177 177 171 165 161 158 156 155 154 155 156 156 155 153 151 150 151 148 146 149 151 150 150 150 150 150 150 149 149 149 149 149 149 149 148 147 149 149 145 150 151 147 146 147 151 152 151 153 152 151 150 151 150 150 150 150 151 151 151 151 150 150 150 150 150 149 150 150 150 150 150 151 152 153 153 152 152 153 152 153 153 153 153
201 197 191 193 195 195 190 190 194 195 195 190 192 192 189 178 170 167 166 164 160 156 155 154 157 158 157 158 158 156 156 154 151 151 147 146 151 150 149 150 151 150 150 150 149 149 149 149 149 149 149 147 148 150 151 149 146 145 145 146 149 153 151 151 152 151 150 150 150 150 150 150 149 149 150 150 150 150 150 150 150 150 152 151 151 150 150 150 151 153 153 153 152 152 153 153 153 153 153 152
201 197 195 189 194 193 188 187 191 194 194 193 193 189 184 172 168 164 160 158 156 155 155 162 165 161 159 159 157 155 155 154 152 149 146 149 151 150 151 152 153 151 150 149 149 149 149 149 149 148 148 147 150 150 151 149 149 147 144 147 149 152 151 150 151 151 150 150 150 149 150 149 148 149 150 151 150 148 149 151 153 153 153 153 152 151 151 152 152 152 153 153 153 153 153 153 153 154 152 153
198 193 192 187 184 186 184 184 185 190 192 189 188 183 174 173 171 167 163 160 159 158 158 163 166 161 159 157 155 153 151 151 151 147 148 152 151 151 153 153 153 151 150 150 149 149 149 149 149 148 149 148 150 151 150 148 147 146 144 147 149 151 150 150 151 150 150 149 149 149 149 148 147 148 149 149 148 150 151 152 153 153 153 152 152 152 152 152 153 153 154 154 154 153 153 154 154 153 153 153
194 191 190 189 183 187 187 183 181 179 180 182 180 176 177 175 175 177 174 170 167 162 159 161 163 161 157 155 154 152 150 149 149 146 151 151 151 152 153 152 152 150 150 150 150 149 150 149 148 150 149 149 151 151 150 148 147 144 144 147 149 150 149 150 151 150 149 148 149 148 147 147 147 149 150 150 151 151 152 152 152 152 152 151 152 153 152 152 153 153 153 153 153 153 153 153 153 153 153 153
190 188 186 186 186 190 188 185 185 181 177 177 180 176 173 171 172 172 170 165 161 159 160 164 164 158 155 154 154 152 150 150 149 146 151 151 151 153 154 153 152 150 150 150 150 150 151 150 150 149 149 149 152 151 150 149 146 144 145 147 149 150 147 148 148 150 149 148 147 149 149 149 148 150 150 151 151 151 152 153 152 151 151 152 153 153 152 152 153 153 152 153 153 153 153 153 153 154 154 154
189 184 182 185 189 190 186 188 190 190 183 177 173 171 169 166 168 165 165 161 159 159 164 164 160 156 155 154 153 153 152 151 148 146 150 152 153 154 155 153 151 150 150 150 150 150 150 150 149 148 149 150 151 150 150 148 145 143 145 146 146 146 148 150 147 147 147 147 149 150 149 149 148 150 150 151 152 152 153 153 151 152 151 153 154 153 153 153 153 153 153 154 153 154 154 154 155 155 155 155
190 186 186 185 190 190 185 192 196 194 192 189 183 178 170 164 162 163 162 162 156 156 161 158 157 154 153 151 151 152 153 151 148 146 150 152 154 155 155 153 151 150 150 151 152 151 151 150 150 149 150 150 151 149 147 146 144 144 147 149 148 149 151 150 149 148 149 150 150 150 150 149 149 150 151 151 151 152 153 152 152 152 152 153 153 154 153 153 153 152 153 153 154 154 155 155 156 157 157 157
193 189 183 187 194 192 190 189 196 198 198 193 187 178 169 163 161 160 162 161 153 154 157 156 154 152 151 151 151 152 152 151 148 146 150 153 154 155 154 153 151 151 150 152 151 152 153 151 150 150 151 151 151 149 144 144 143 146 149 151 150 151 151 150 149 149 150 150 150 150 149 148 149 151 153 152 153 153 153 152 153 153 153 153 153 154 154 154 153 153 154 154 155 155 155 156 156 157 157 157
194 191 188 182 193 190 186 181 189 196 201 195 187 177 167 163 162 159 163 160 154 157 154 152 152 151 151 151 151 151 152 151 148 146 151 153 154 153 153 152 152 151 150 152 152 154 154 152 150 150 151 151 151 149 145 144 144 148 152 152 150 151 151 150 150 149 149 150 150 148 149 150 151 153 153 153 153 153 152 153 153 153 153 153 154 153 154 154 154 154 155 155 156 156 155 156 155 156 156 157
194 193 188 181 181 181 178 175 177 188 189 185 175 170 170 166 162 154 156 157 155 154 151 151 150 151 151 150 151 151 150 148 146 150 152 153 155 154 153 152 152 151 151 153 153 154 155 154 151 150 150 151 151 150 145 144 145 150 153 153 152 151 151 150 150 150 150 150 149 150 151 151 153 153 153 154 154 153 153 153 153 154 154 154 154 154 154 154 155 155 156 156 156 156 157 157 156 157 158 158
192 192 187 186 184 182 179 172 172 178 170 170 168 161 163 163 158 153 153 153 151 151 150 150 150 151 151 150 150 149 146 147 150 154 153 155 156 155 154 153 152 152 153 153 153 155 155 154 152 150 150 151 151 148 145 145 149 154 156 155 152 152 151 150 150 150 150 149 150 152 154 154 154 154 154 155 154 154 154 153 153 154 154 155 154 154 155 155 155 156 158 158 158 158 159 159 158 158 160 160
192 191 190 188 181 178 178 169 169 170 168 165 163 157 156 156 156 154 152 150 150 151 151 150 150 152 152 151 149 147 147 151 153 155 155 157 157 156 155 154 152 152 153 153 154 155 154 152 151 152 152 152 151 146 145 150 157 157 156 155 153 152 152 151 151 151 151 150 152 154 154 153 154 153 154 154 155 155 155 155 155 155 155 156 155 155 155 156 155 156 158 158 158 158 159 159 160 161 162 162
189 186 186 188 182 176 171 163 162 164 163 162 159 155 154 155 153 151 150 149 151 152 149 149 149 151 150 148 147 147 151 155 154 154 156 158 156 156 155 154 153 152 153 154 154 154 152 151 152 155 156 155 150 145 151 156 159 158 156 155 154 153 153 152 152 152 151 150 153 154 154 154 154 153 154 154 154 154 155 155 155 155 154 154 154 156 156 156 156 157 158 159 159 158 160 161 162 162 162 162
185 182 182 183 178 172 165 159 158 160 162 160 157 156 155 152 150 149 149 149 149 149 148 148 148 148 148 148 146 150 155 156 153 155 156 157 156 156 155 154 153 153 154 154 154 154 152 151 152 155 154 149 146 149 158 159 159 156 155 154 155 154 154 153 152 152 152 153 151 151 153 154 153 154 154 153 153 153 154 155 155 154 154 155 155 156 156 157 158 158 158 158 159 160 162 163 163 163 163 163
182 178 174 173 175 168 164 162 158 161 160 157 156 155 151 149 149 149 148 148 148 148 149 148 147 148 151 148 148 155 158 157 154 156 157 159 157 158 156 155 155 155 155 155 154 155 153 152 153 156 149 152 146 151 156 157 155 154 153 154 155 154 153 153 154 153 152 153 153 153 153 152 152 153 153 154 156 156 156 156 155 156 156 156 157 157 157 157 158 160 160 160 162 163 164 164 165 164 163 163
182 179 174 171 168 164 162 163 162 161 154 155 154 151 149 149 149 149 150 149 149 149 148 147 147 147 148 147 154 159 161 157 155 155 156 160 158 157 156 157 158 157 156 156 155 155 154 152 154 153 148 151 151 152 153 153 153 153 153 153 154 154 153 153 154 153 153 153 154 154 154 155 154 152 154 156 158 158 157 157 156 156 157 158 158 157 158 158 159 160 162 164 164 165 166 165 164 164 164 163
179 181 177 169 163 163 160 156 156 154 152 152 153 149 148 148 149 150 149 149 149 149 148 147 147 147 146 147 150 156 160 155 153 155 157 160 158 158 157 159 158 157 157 157 156 155 153 152 153 148 152 152 151 151 150 150 153 153 153 153 154 154 153 153 154 154 154 154 154 154 155 155 152 154 156 157 157 157 158 157 156 157 157 158 158 157 158 159 160 162 163 166 166 168 167 166 165 164 163 162
172 175 176 172 167 164 161 156 154 154 152 150 149 149 149 149 150 150 149 149 149 149 147 147 147 147 146 148 149 153 157 153 153 155 158 159 158 159 159 159 158 157 157 158 156 155 155 154 149 146 150 151 150 148 148 149 152 152 152 153 154 154 154 154 155 153 154 154 155 155 155 153 153 155 156 158 157 158 159 158 157 157 158 159 159 159 159 161 164 164 164 166 168 170 168 170 167 163 163 162
168 170 175 174 175 167 161 156 153 152 150 149 149 149 149 149 150 150 148 148 149 148 148 147 147 147 147 151 151 152 153 153 155 156 157 159 159 160 159 158 158 158 157 156 154 155 154 147 148 149 149 149 147 147 148 150 152 153 152 152 154 154 154 155 155 154 155 155 155 155 155 153 155 155 156 157 158 160 159 158 158 159 159 159 159 159 160 161 162 163 164 165 167 168 168 166 166 164 162 161
170 170 171 171 170 162 158 156 152 150 150 150 149 149 149 149 148 147 147 146 147 147 147 147 148 147 149 151 151 152 153 154 155 154 156 159 159 160 159 158 157 157 156 151 147 147 147 148 150 151 151 150 148 148 150 153 154 153 152 152 152 154 154 155 155 155 156 155 155 156 155 154 154 154 156 158 158 160 159 158 159 159 159 160 159 159 161 162 163 163 164 165 165 166 166 164 163 162 161 159
167 168 175 176 165 156 153 152 150 149 150 150 150 149 149 148 147 147 147 147 147 148 147 148 148 148 150 152 152 152 153 155 154 154 157 160 159 160 160 159 158 159 156 148 147 150 151 151 151 151 151 151 150 150 154 154 153 152 151 151 152 153 154 154 155 156 156 156 156 156 155 155 156 155 156 157 159 158 159 159 160 160 160 161 160 160 162 163 164 164 164 164 164 163 162 162 161 159 159 158
164 166 172 174 161 155 151 150 149 149 150 150 150 149 149 148 147 147 147 147 147 147 147 148 148 148 150 151 153 153 154 155 155 155 159 160 160 162 162 161 159 159 153 147 148 149 152 152 152 152 153 152 154 151 152 152 152 151 151 151 152 153 154 155 156 156 156 157 156 156 156 157 157 155 155 157 159 158 159 161 162 162 162 162 161 162 164 164 164 164 164 163 163 162 161 161 160 159 160 161
164 169 176 175 165 154 150 149 150 150 150 150 150 149 149 147 148 147 147 147 147 148 148 148 148 149 150 152 154 156 156 156 157 159 162 163 163 162 162 161 158 156 151 148 147 149 152 153 155 155 155 155 154 152 151 150 151 151 152 152 152 154 154 155 156 156 157 157 157 157 158 157 155 156 157 158 158 159 159 161 161 163 163 164 165 164 165 165 165 164 163 162 162 161 161 161 160 161 162 162
164 169 175 171 163 152 150 149 149 150 149 149 148 147 147 148 148 148 148 148 148 148 150 150 149 148 149 151 154 158 157 157 159 164 164 163 163 164 164 162 157 153 149 148 149 151 154 154 155 155 154 154 153 153 151 150 151 152 152 154 157 153 153 155 156 157 157 157 157 157 158 156 157 158 158 158 158 159 159 161 162 163 165 165 167 166 165 164 164 164 163 163 162 162 163 162 162 162 162 162
160 165 165 160 154 151 150 149 149 148 148 147 148 148 147 148 148 148 150 151 150 150 151 151 151 150 151 151 156 159 159 159 161 164 164 164 162 160 160 158 153 149 148 151 153 153 155 155 154 154 153 152 152 152 152 151 153 153 153 158 160 154 154 155 156 156 156 157 157 157 157 157 158 158 158 159 160 160 161 163 164 165 166 168 167 165 166 166 165 164 164 165 164 163 163 162 161 162 161 161
154 158 157 155 152 150 150 150 149 148 147 147 148 148 148 147 147 148 151 151 150 151 151 152 152 152 152 152 156 158 160 163 163 165 164 162 158 155 155 153 150 152 150 150 151 153 154 155 154 153 152 151 152 151 151 152 153 153 154 155 155 154 154 155 156 158 158 158 158 157 156 157 158 158 159 159 160 161 162 163 166 168 168 168 167 166 165 166 167 167 167 167 165 163 162 161 161 161 161 161
150 151 152 154 152 151 150 149 148 147 148 149 150 148 147 147 147 147 149 148 150 151 151 151 152 152 153 151 153 156 158 165 166 166 159 158 157 152 151 150 153 153 151 150 149 153 154 154 153 151 151 153 152 151 151 152 153 154 155 155 155 154 155 155 157 159 158 158 157 157 157 158 159 159 158 159 160 161 162 163 164 165 166 166 166 166 167 168 168 172 170 167 166 165 164 164 163 163 162 162
149 148 149 150 149 149 147 149 148 148 150 151 150 148 147 147 147 148 148 147 151 152 151 151 152 152 153 152 153 154 156 167 167 162 154 156 153 150 149 153 154 153 152 151 150 150 152 152 153 152 151 153 152 151 152 152 153 154 154 154 155 155 155 156 159 159 158 158 158 158 158 159 159 159 159 159 161 162 163 163 164 165 166 165 166 165 167 173 175 173 172 167 166 164 163 162 162 162 162 162
149 148 148 149 148 148 148 148 148 149 152 151 149 148 147 148 148 148 148 148 151 152 152 152 152 153 153 152 153 155 159 164 168 160 151 150 150 151 151 153 153 153 153 152 152 153 151 151 150 150 152 153 152 151 152 152 153 154 154 154 155 156 156 158 159 158 158 159 160 159 158 159 160 160 161 161 163 162 163 164 164 165 165 165 166 166 168 178 177 171 170 169 167 165 164 163 162 162 163 163
149 148 148 148 148 148 149 151 151 151 152 151 149 149 148 148 148 148 148 147 150 153 153 153 153 153 153 152 156 157 156 157 161 154 151 152 153 153 153 154 154 153 153 152 153 153 153 152 149 151 152 152 152 152 152 152 153 153 154 154 155 156 157 159 158 158 158 160 161 161 161 161 160 161 163 163 164 163 163 164 164 164 164 164 165 167 169 174 175 172 170 171 170 167 166 165 164 165 164 164
151 150 149 149 150 150 151 152 151 151 151 151 150 149 148 148 148 148 148 148 149 152 153 153 154 155 154 153 154 155 153 153 154 151 153 154 153 153 154 154 154 154 153 153 154 154 153 151 150 151 151 152 152 152 152 152 153 153 154 154 155 156 157 158 158 158 158 161 163 162 162 161 161 161 163 164 163 163 162 163 163 164 164 164 166 167 169 171 173 171 170 173 173 173 171 168 166 166 165 165
151 151 152 152 152 152 151 152 152 151 151 151 152 149 148 148 148 148 148 147 148 149 150 151 153 154 155 154 152 153 153 152 150 151 154 154 154 154 154 155 155 155 154 154 154 154 153 151 152 152 152 152 153 153 153 153 153 154 155 155 157 157 157 159 158 158 160 161 162 161 161 161 161 161 162 163 163 163 162 163 163 164 165 165 167 170 171 175 178 180 177 176 178 177 172 169 166 166 167 167
152 152 152 152 152 152 152 152 152 151 151 152 150 148 148 148 148 148 148 148 148 148 148 149 151 154 154 155 153 152 153 150 149 153 154 153 153 153 154 155 155 155 154 154 154 153 153 150 153 153 153 153 154 153 154 153 154 155 156 156 157 158 158 159 159 159 161 160 161 161 160 160 160 160 161 161 162 163 162 163 164 165 167 168 170 173 176 177 180 184 184 182 179 175 170 167 167 169 170 172
153 152 152 152 152 152 152 152 152 151 151 150 148 148 148 149 147 147 148 148 149 148 148 149 151 153 155 155 153 152 151 148 149 151 152 151 151 152 153 154 155 155 154 154 155 154 152 150 152 154 155 154 155 155 155 156 158 158 157 157 158 158 159 159 161 159 160 160 161 161 161 161 162 160 161 162 163 163 163 164 165 167 170 172 175 178 180 180 180 180 177 176 174 171 169 169 171 175 181 185
153 152 152 152 152 152 153 152 152 152 150 150 149 149 149 149 148 148 148 149 150 151 150 153 156 157 155 154 152 151 150 149 149 148 149 150 152 153 154 155 156 156 155 155 154 152 151 151 152 155 154 155 155 156 156 156 157 157 157 157 158 158 158 160 161 160 161 160 160 160 162 162 161 162 163 164 164 164 165 165 168 170 173 176 180 182 184 183 180 179 176 174 173 170 169 170 175 181 188 196
154 152 152 153 153 152 153 153 153 151 151 151 150 149 149 149 148 149 149 149 149 152 153 157 158 156 154 153 153 153 150 149 149 149 149 151 154 155 155 156 157 157 157 154 152 151 151 150 152 154 155 155 155 155 156 157 157 158 159 159 159 159 160 161 162 161 161 161 160 161 161 162 163 164 164 164 165 166 167 169 171 176 179 179 180 184 186 186 184 181 177 176 173 171 169 172 180 188 192 190
156 154 154 153 153 152 153 153 153 152 152 152 150 149 149 149 149 148 149 149 149 150 155 158 159 155 153 154 156 154 150 149 149 149 149 152 154 155 155 157 156 157 157 154 152 151 151 150 152 154 154 153 153 154 156 157 158 159 160 160 160 160 161 163 161 160 160 161 161 162 163 164 165 165 165 165 167 168 171 174 175 180 181 180 181 187 189 186 185 186 179 176 173 170 170 176 189 194 193 190
157 157 159 155 153 152 152 153 153 153 153 153 150 149 149 149 149 149 149 150 151 151 156 159 158 154 154 155 156 152 150 150 150 149 151 154 155 155 156 157 156 156 155 154 153 152 151 151 151 151 152 153 153 155 156 158 159 160 161 161 161 161 162 163 162 160 161 161 162 163 163 164 165 165 167 167 170 173 176 177 176 179 182 183 185 187 189 189 189 186 180 174 171 170 171 177 193 196 192 187
158 160 160 156 153 152 152 153 153 153 152 152 150 150 150 149 149 149 149 150 153 157 160 160 157 154 154 156 154 152 151 150 149 150 153 155 154 155 156 157 156 156 155 154 153 153 152 152 151 151 153 153 154 157 159 160 160 161 161 162 163 163 162 163 163 161 161 162 163 163 163 163 165 167 168 169 175 179 180 180 179 183 187 186 187 189 189 188 184 179 175 173 172 172 172 176 190 194 189 186
159 159 160 157 154 153 152 153 153 153 153 153 151 150 150 149 149 149 149 150 154 156 159 160 155 154 156 155 153 152 151 150 150 151 151 153 153 155 156 157 156 156 155 154 154 153 153 155 154 154 155 156 156 157 159 159 160 161 162 163 165 167 165 164 165 163 162 163 164 164 165 165 166 169 172 173 174 176 180 182 183 185 189 191 189 187 186 183 181 180 178 177 173 174 174 178 185 191 188 186
158 158 158 156 154 153 153 153 153 153 153 153 152 150 150 149 149 149 151 153 157 158 158 157 154 154 155 154 152 150 150 150 150 151 151 152 153 155 156 157 156 157 157 155 154 154 153 156 155 156 157 159 157 158 159 160 160 161 163 164 167 170 167 165 165 166 165 165 165 166 166 167 170 174 177 178 178 177 182 187 187 187 189 194 190 187 187 186 187 186 183 178 177 177 177 183 190 191 189 190
159 158 157 156 154 153 153 153 153 153 153 153 153 153 151 150 149 149 151 156 158 159 155 154 154 154 156 153 151 150 151 151 151 151 152 152 153 154 155 156 157 158 156 156 155 155 153 154 155 158 159 160 160 158 159 160 161 163 165 166 169 170 168 167 166 167 168 167 167 168 168 169 172 180 184 185 183 182 185 189 194 194 193 194 191 191 193 196 195 191 185 179 179 180 182 189 193 191 192 191
159 157 156 157 157 154 153 153 153 153 153 153 153 152 153 151 150 149 151 153 157 158 154 153 154 156 154 151 150 150 152 152 151 151 152 153 154 155 156 157 158 158 157 156 156 156 155 154 156 159 161 160 160 159 160 161 161 164 166 167 169 171 173 171 169 169 169 170 170 170 171 171 174 181 183 183 184 184 187 191 197 201 198 195 198 202 206 204 196 189 183 181 181 183 185 189 190 190 190 189
158 158 158 158 155 154 154 153 153 153 153 153 153 153 154 154 149 150 157 156 155 155 153 154 154 153 152 151 151 151 152 152 152 151 152 153 155 155 157 158 158 158 157 157 157 158 157 155 159 160 161 160 160 160 162 162 161 163 165 167 169 173 180 183 175 177 178 180 178 175 173 174 176 182 188 193 192 190 194 197 200 206 207 206 209 208 204 197 187 182 181 184 184 185 187 187 188 190 189 189
159 159 159 159 156 154 153 153 153 153 153 153 153 154 158 159 151 153 161 159 154 153 153 153 152 151 151 151 151 152 153 152 152 152 153 154 156 157 158 158 158 159 159 157 158 158 158 156 159 161 160 161 161 162 162 161 161 163 165 167 170 175 179 184 176 179 183 189 188 178 176 180 180 183 191 197 199 198 201 206 208 209 207 205 206 202 192 186 182 180 182 186 187 187 188 189 189 190 190 192
159 160 160 160 157 154 153 153 153 153 153 153 153 156 161 158 150 155 162 160 154 152 152 152 152 151 151 151 152 153 153 152 152 153 154 154 156 157 157 158 158 160 160 159 158 158 158 157 159 161 161 161 161 161 162 162 163 164 165 167 169 172 174 175 177 183 189 197 194 181 179 185 186 187 195 199 205 208 214 221 227 218 207 203 203 194 187 183 181 181 184 187 189 190 189 189 190 192 193 195
159 160 160 159 154 153 153 153 152 153 153 153 154 156 160 156 150 152 160 158 153 153 153 152 152 152 152 152 153 153 153 153 153 154 154 155 156 157 158 159 160 160 160 161 160 159 159 159 158 160 161 161 161 161 161 162 163 165 165 166 168 171 175 176 179 184 194 201 194 182 180 185 193 200 205 203 212 222 225 240 238 217 207 197 193 189 185 182 183 184 185 187 190 191 190 190 191 195 197 205
158 160 159 155 153 153 153 152 151 152 154 155 155 158 160 156 151 155 158 156 154 153 153 154 154 153 152 152 153 153 153 153 154 154 155 155 156 157 158 158 159 161 166 164 162 164 162 161 160 159 161 160 161 162 162 162 162 164 165 166 167 167 169 174 181 188 192 196 193 190 188 188 190 197 205 211 220 236 236 231 218 209 199 192 189 185 184 186 186 186 187 188 190 192 192 192 194 198 202 207
157 159 156 154 153 152 152 152 151 150 153 158 157 158 157 155 152 159 156 155 155 154 156 155 155 154 153 153 152 153 153 154 155 155 155 156 157 158 158 159 159 161 166 165 163 167 167 164 161 160 160 160 161 161 160 162 163 163 164 165 167 167 167 169 174 183 192 200 199 201 198 196 193 194 203 214 224 234 237 224 207 202 194 189 187 185 186 188 188 187 190 191 193 194 193 194 197 205 207 211
156 155 153 153 152 152 152 152 151 151 151 154 157 156 154 153 150 154 152 154 155 155 156 155 155 154 154 154 154 154 154 154 154 155 156 156 157 158 160 161 161 161 162 163 166 166 167 167 164 161 161 161 161 161 161 162 163 163 164 165 165 166 167 168 170 177 184 193 205 208 207 211 207 203 210 214 219 219 218 209 199 196 193 191 188 186 186 189 190 191 193 194 195 196 195 196 200 206 207 210
154 154 153 153 153 152 152 152 151 151 153 151 155 153 151 151 150 151 153 153 154 155 156 156 156 156 156 156 156 156 155 155 155 155 155 157 157 159 159 161 161 161 162 164 167 166 166 167 167 162 162 162 162 162 162 161 162 162 163 164 165 166 167 168 170 173 178 186 202 210 211 224 220 209 213 215 213 204 200 198 199 197 194 191 191 190 188 190 193 195 197 197 198 198 197 197 200 205 208 212
154 154 152 152 152 153 152 152 152 151 154 155 151 153 155 153 150 150 152 153 154 155 156 156 157 157 158 158 158 158 157 157 156 156 156 156 157 158 159 160 161 162 163 164 166 167 168 168 171 166 164 163 163 163 162 162 162 163 163 165 165 166 168 169 170 172 174 178 185 202 212 223 219 210 215 212 205 199 199 201 201 199 197 194 196 193 193 197 195 199 201 201 200 200 199 201 202 207 214 219
153 153 152 152 152 153 152 152 152 151 154 155 156 157 159 155 151 150 150 154 155 156 157 157 158 159 159 159 158 159 158 158 158 158 158 158 159 161 160 161 163 163 164 164 166 168 169 170 171 169 166 165 165 164 162 163 163 164 165 164 165 166 167 168 170 171 175 182 185 188 199 208 214 214 219 216 208 204 204 204 204 202 199 197 197 196 199 201 200 204 209 208 206 205 203 205 208 210 224 223
153 153 152 152 152 152 152 152 152 152 153 155 157 159 159 156 152 150 150 155 157 157 158 159 160 160 160 159 159 159 159 159 159 159 159 159 160 161 162 164 164 165 166 165 165 167 169 169 171 169 167 166 166 165 163 164 164 165 165 166 166 167 168 169 169 173 177 181 187 191 194 197 204 213 217 217 214 213 208 205 206 203 199 200 199 200 201 204 210 214 220 218 214 210 213 216 219 221 224 223
153 154 152 152 152 152 152 152 153 152 154 156 162 161 159 160 154 150 150 156 158 158 159 160 161 161 161 160 160 160 159 160 160 159 160 160 160 162 164 166 166 167 166 166 164 165 167 167 169 169 167 167 167 166 166 165 165 166 166 167 168 170 173 174 175 178 180 182 183 187 191 193 196 206 214 220 217 215 209 204 204 202 201 204 204 207 207 211 214 220 228 226 222 221 226 241 242 229 232 247
153 153 152 152 152 151 152 152 152 152 154 159 164 164 164 161 152 150 150 157 157 158 159 161 161 161 161 160 161 161 160 160 160 161 161 161 161 163 166 167 167 167 167 166 165 165 167 167 169 171 168 169 168 168 168 166 167 167 168 169 171 174 176 180 182 184 186 185 188 191 192 193 196 205 216 223 221 215 207 202 204 205 203 208 209 212 212 216 220 226 229 228 226 221 226 255 267 237 242 272
153 153 153 153 152 151 151 152 152 153 158 164 165 159 160 156 150 151 153 159 158 158 160 160 161 161 160 160 161 161 161 161 162 162 161 162 162 164 167 167 167 167 167 167 166 166 166 168 171 172 170 170 169 169 168 166 167 168 169 172 178 179 179 184 186 188 191 191 190 193 196 197 198 203 210 219 221 215 207 206 209 205 202 211 214 215 219 226 238 239 246 235 224 226 225 243 271 263 250 256
155 153 152 152 152 152 152 152 153 155 163 165 158 155 155 152 150 152 157 158 158 158 159 160 160 160 160 160 161 162 161 161 162 162 162 163 165 164 166 166 166 166 167 167 168 167 167 170 174 176 172 171 170 169 168 167 168 170 172 178 184 185 183 186 188 191 193 196 195 196 198 200 200 203 208 214 216 216 214 211 210 207 206 208 213 216 228 247 253 251 242 235 226 238 240 233 262 286 274 265
154 154 153 152 152 152 153 153 155 162 166 158 156 153 151 151 150 156 158 158 158 159 159 160 160 161 160 160 161 161 161 161 161 161 163 165 167 166 166 166 167 166 166 167 167 167 168 171 175 178 175 172 170 169 169 169 170 173 177 184 186 185 186 189 191 194 196 198 200 200 200 202 202 205 211 216 218 219 216 215 214 211 212 210 213 220 233 250 263 261 246 233 233 245 261 245 248 284 285 279
155 154 153 154 153 153 158 157 158 157 156 153 151 151 151 150 153 156 157 158 158 159 160 160 160 160 160 160 161 161 160 161 161 162 164 167 167 167 167 167 167 166 166 166 167 169 170 173 173 177 177 173 172 170 171 172 174 176 179 186 186 188 191 194 199 203 201 202 204 206 205 206 206 208 215 219 221 223 220 221 219 219 218 212 217 228 241 267 278 269 248 233 250 267 282 281 263 268 293 293
153 153 153 154 154 158 157 161 157 155 152 152 151 151 154 151 153 155 156 157 155 158 160 160 160 160 161 160 161 160 161 161 162 164 168 169 168 167 167 167 167 167 166 167 168 169 170 172 175 179 178 174 172 172 172 175 178 179 184 186 188 193 198 203 212 220 218 222 218 214 210 212 211 211 216 221 225 226 228 226 223 223 220 217 220 226 235 262 285 279 266 238 263 292 298 293 279 268 285 297
154 153 154 156 154 158 157 161 160 154 151 152 150 152 154 152 153 154 156 154 158 157 160 161 160 161 161 160 161 161 160 162 163 165 168 169 170 167 168 168 167 166 166 167 168 169 171 173 175 178 177 174 173 174 178 180 183 185 189 192 194 196 211 227 235 238 239 241 234 218 222 227 227 218 224 231 239 244 247 242 229 221 228 231 235 242 254 267 293 295 277 245 274 298 302 297 291 282 279 291
157 157 155 158 155 159 159 164 158 152 152 153 152 152 155 154 152 153 153 158 159 158 158 157 160 161 160 160 161 162 161 163 164 168 169 170 170 167 169 167 166 166 166 167 168 172 175 176 179 178 175 173 174 179 184 184 190 195 201 203 205 199 213 226 231 232 246 250 245 227 235 238 243 226 241 253 267 280 283 276 243 227 237 264 273 278 288 295 297 291 272 262 271 282 298 300 293 290 287 287
158 157 156 159 155 156 158 164 154 153 152 152 152 153 157 155 155 157 158 160 162 162 163 160 160 161 163 165 164 162 163 163 164 168 170 170 170 169 169 168 167 166 166 167 169 176 177 176 179 180 173 172 176 180 183 185 194 201 213 214 212 202 210 210 215 226 241 242 244 242 241 248 253 241 239 253 264 277 272 253 237 247 243 259 271 285 293 290 289 285 283 282 287 289 296 301 297 299 294 294
160 157 161 160 156 155 162 165 153 153 152 152 153 156 157 157 157 159 161 163 163 162 162 161 162 163 165 166 164 162 163 164 165 167 170 172 171 170 170 167 166 167 167 167 169 170 171 172 175 175 173 172 174 185 189 188 198 211 222 223 219 208 220 222 219 231 234 240 249 252 253 258 264 256 244 253 264 265 258 245 263 266 249 247 247 263 276 271 272 278 288 293 299 305 305 304 301 302 302 302
158 159 162 161 160 158 161 157 154 153 152 152 156 157 157 160 162 161 162 162 161 161 161 162 164 164 165 164 164 164 164 166 167 169 173 173 171 170 168 166 167 167 167 167 170 175 174 174 177 181 174 172 173 183 196 192 196 210 219 225 221 217 222 232 222 232 247 254 265 263 258 267 266 263 257 260 264 266 262 254 279 271 258 263 253 247 253 261 270 276 286 296 305 309 309 306 302 302 304 304
159 160 162 159 166 158 157 154 154 152 154 155 160 159 158 159 160 161 162 162 162 162 162 162 162 163 163 163 163 164 163 165 165 170 175 173 170 169 167 166 167 167 167 167 171 180 184 182 182 183 176 173 173 177 195 197 194 205 208 214 224 226 233 236 232 234 247 263 266 266 266 276 275 269 263 266 271 279 273 267 288 288 275 261 257 260 264 270 278 284 291 303 305 308 306 306 302 298 299 301
158 161 160 155 153 152 152 154 154 154 155 157 159 161 162 161 161 161 162 162 163 164 162 162 162 163 163 163 163 164 164 167 168 168 175 172 169 167 166 167 167 168 168 168 170 175 183 191 191 185 179 173 172 173 178 187 186 193 198 206 223 239 247 248 250 248 253 262 266 270 275 280 284 276 273 274 278 285 287 282 291 289 273 260 262 273 277 277 289 300 303 304 305 305 302 296 289 285 287 291
162 161 155 159 159 157 161 158 156 154 155 157 160 167 169 165 162 161 163 162 162 163 163 162 163 164 163 164 165 165 166 170 172 170 169 167 166 166 166 167 168 168 169 170 171 173 177 181 183 179 174 172 172 173 174 179 181 188 201 207 213 222 238 262 267 264 260 264 267 273 276 277 280 282 282 281 282 284 294 295 289 276 268 263 260 276 285 290 300 306 307 306 301 296 292 283 277 274 279 283
161 159 155 159 153 158 158 156 156 155 155 157 159 164 171 168 163 162 162 162 162 162 163 166 165 164 163 164 164 165 168 170 172 171 170 170 168 166 167 170 169 168 170 173 173 174 176 177 177 174 171 172 172 173 173 178 180 181 188 197 202 207 222 241 250 259 267 266 265 271 270 265 269 275 279 276 274 274 281 285 277 268 259 258 265 276 289 297 304 308 307 301 295 284 273 264 254 266 265 276
160 154 159 159 154 154 158 157 156 155 156 157 158 158 159 159 159 160 160 160 162 162 163 165 165 164 164 164 166 168 171 172 171 170 167 167 167 167 167 169 168 170 170 172 173 173 174 175 174 172 171 171 172 172 172 174 184 183 182 185 189 200 214 220 220 226 254 263 259 259 258 243 255 269 275 271 268 269 270 276 271 260 242 258 270 275 285 290 296 302 298 288 278 279 267 249 235 243 244 258
154 158 159 158 154 153 159 157 156 156 156 156 158 159 160 161 160 160 160 160 161 162 163 164 165 166 165 165 169 175 173 173 170 168 168 169 167 167 167 167 167 170 171 171 171 171 171 171 171 171 172 173 172 172 172 172 180 187 181 183 184 190 199 204 206 211 230 250 246 245 244 236 257 263 263 262 265 260 266 269 269 256 236 255 266 271 273 267 279 283 279 268 256 255 259 253 238 224 225 235
160 159 158 157 155 154 159 157 157 156 156 157 157 159 161 164 164 162 161 161 162 162 162 163 164 164 164 165 167 174 174 172 171 174 172 169 167 166 167 167 168 171 172 171 170 170 170 170 170 172 177 177 176 172 172 172 177 186 182 184 183 185 189 193 198 206 213 231 230 229 227 230 251 250 251 253 259 252 255 259 266 256 236 236 253 257 250 246 263 266 254 247 235 226 228 223 222 219 226 240
162 159 157 155 153 155 157 156 156 156 156 157 158 159 162 164 161 161 161 161 161 161 162 163 163 163 163 164 166 169 172 170 168 173 175 172 169 170 171 170 171 174 174 171 170 170 170 170 172 177 181 180 178 174 173 174 180 185 184 184 183 183 185 188 196 200 203 220 222 217 218 232 241 241 242 245 247 244 243 245 250 249 240 229 228 240 231 251 258 252 246 236 237 229 212 211 226 248 261 260
162 161 158 157 154 153 155 155 156 156 156 157 158 160 161 159 158 159 159 160 161 161 162 162 162 162 162 164 165 166 166 166 166 168 168 169 168 173 177 179 183 180 175 171 170 170 171 173 177 182 183 182 179 176 177 176 184 185 185 185 186 185 184 184 187 192 196 206 213 212 213 219 223 233 234 240 241 234 237 238 240 236 229 220 221 225 218 229 231 227 232 228 220 220 208 214 240 276 272 262
162 162 159 157 156 155 153 154 154 155 157 158 160 159 157 158 159 158 159 160 161 162 162 162 162 162 163 163 163 165 165 165 166 167 167 168 170 172 175 181 189 184 183 174 170 171 178 182 184 187 186 184 180 178 180 180 186 186 186 190 193 193 194 192 189 188 191 193 199 207 207 209 217 223 232 240 242 235 226 230 228 217 214 209 211 207 205 205 214 213 211 212 212 209 202 207 223 255 270 262
164 162 159 156 157 158 155 155 156 154 154 155 156 156 157 159 160 159 159 160 161 161 162 162 162 163 163 163 163 164 164 165 166 166 167 168 169 174 178 182 187 184 185 177 177 183 185 187 188 192 193 191 184 182 186 187 190 188 190 194 201 206 206 209 204 195 193 195 197 201 203 204 207 210 218 233 236 230 222 213 209 204 202 202 204 205 207 202 202 202 198 197 197 198 196 196 201 216 228 240
164 162 158 156 157 159 157 155 157 156 156 154 155 155 156 157 157 158 159 160 162 161 162 162 162 163 163 164 164 165 165 165 166 167 168 168 168 173 183 190 187 177 172 177 189 195 193 188 186 188 193 193 184 189 199 203 204 196 195 195 207 215 221 228 226 211 203 199 206 209 202 202 203 206 207 214 220 214 211 208 209 205 202 202 204 214 213 210 205 200 197 196 195 194 193 193 193 193 195 196
161 160 157 156 156 158 158 158 157 157 157 155 155 158 158 160 160 158 158 160 160 161 162 163 163 163 163 164 165 165 165 165 166 168 169 168 168 171 178 182 174 171 171 174 181 185 185 182 181 183 187 188 186 200 215 221 215 201 196 196 203 212 222 227 225 221 214 204 202 204 201 201 204 204 205 207 208 205 204 206 203 203 202 203 208 216 218 217 215 210 198 197 197 195 193 192 191 190 191 190
160 158 157 156 158 158 158 157 157 157 157 157 155 161 161 159 160 160 160 161 161 161 161 161 162 161 162 163 164 164 165 165 166 167 168 168 169 170 171 170 170 171 173 173 174 176 176 177 179 182 185 186 188 199 209 217 208 200 195 197 201 205 213 224 227 223 215 203 200 201 202 205 205 203 203 203 203 204 204 203 205 208 205 210 217 220 221 218 217 212 199 199 203 200 195 193 192 191 190 189
159 158 157 158 157 157 157 158 158 158 157 156 156 160 160 158 158 159 161 161 162 162 163 163 163 163 163 163 163 164 167 167 167 167 168 169 169 169 170 171 175 176 177 175 174 175 178 178 179 182 186 188 190 192 193 195 198 201 197 197 201 206 220 234 231 222 213 210 205 205 206 206 205 202 202 202 203 204 204 203 207 211 210 210 217 219 219 218 218 212 202 199 207 207 203 201 200 195 190 189
159 158 157 158 159 157 157 158 158 159 158 157 156 157 160 161 160 160 159 161 162 162 163 164 164 164 164 164 164 166 168 169 169 170 171 171 170 170 173 180 186 183 182 178 176 176 179 180 180 182 187 190 192 193 198 200 205 205 201 199 202 210 224 237 239 228 220 214 208 206 206 206 204 202 202 202 202 202 202 203 217 227 216 215 218 222 221 218 216 211 202 202 208 207 207 205 205 201 194 190
159 158 158 159 160 158 157 158 158 159 159 158 157 156 159 161 161 162 159 161 162 163 163 164 164 164 165 165 165 167 168 170 170 171 172 174 173 171 176 185 190 188 185 183 181 180 181 183 183 186 193 197 202 207 210 215 224 221 208 213 208 213 223 230 239 228 218 212 210 208 208 206 204 203 203 203 202 202 202 205 227 225 219 223 233 231 223 212 210 204 201 206 209 208 207 206 204 200 198 193
158 161 161 160 159 158 158 158 158 159 159 159 157 157 160 161 162 162 161 161 162 163 164 164 164 164 165 166 165 165 167 169 171 171 174 176 174 173 177 187 191 190 189 187 186 183 183 185 186 191 200 205 211 221 225 224 219 214 208 213 210 208 211 216 222 217 215 214 212 211 209 207 206 205 204 204 204 205 207 210 215 218 225 233 228 209 205 205 204 206 211 213 212 211 210 208 206 205 200 198
158 160 161 160 159 160 159 158 159 159 159 160 159 157 158 161 162 162 163 161 162 164 164 164 165 165 167 166 165 166 167 168 171 174 175 174 174 174 177 187 191 192 192 191 189 186 185 186 188 195 207 214 222 234 235 227 220 215 211 213 214 212 211 212 217 221 219 217 215 217 216 211 209 206 205 208 213 219 214 221 217 225 227 223 210 214 219 219 225 226 220 219 217 217 219 216 213 211 205 203
158 160 161 160 160 161 160 159 159 160 161 161 160 161 160 159 160 163 163 164 162 162 164 165 165 166 167 168 169 172 171 170 172 173 174 177 181 179 178 186 191 193 194 194 192 189 187 188 193 198 206 214 221 249 259 239 223 218 214 216 218 216 216 220 223 221 222 219 221 245 249 231 213 209 213 218 212 215 221 218 224 222 216 211 212 221 236 236 234 234 230 230 227 226 229 224 222 221 215 211
159 160 160 160 161 161 160 160 160 161 163 162 161 161 162 160 160 163 164 164 164 164 164 165 166 167 168 169 170 172 173 173 175 176 182 187 189 184 179 186 188 192 196 197 194 191 187 189 197 204 207 212 213 229 253 243 225 218 216 219 220 218 225 233 228 222 220 219 226 242 252 227 215 221 224 217 221 233 227 220 219 216 217 222 234 250 259 254 255 242 246 244 242 242 241 237 237 232 228 227
160 161 161 161 161 160 160 161 161 162 164 164 163 163 163 161 160 163 165 164 165 165 164 165 166 166 167 168 169 171 172 174 177 184 190 194 193 189 180 183 186 192 198 198 195 191 190 190 198 206 207 212 212 218 230 239 225 219 221 223 224 231 242 242 228 224 231 229 231 231 230 224 226 224 222 225 229 229 226 228 240 240 239 249 278 297 301 285 283 262 279 274 275 276 271 267 265 265 255 255
162 162 162 161 161 160 161 162 163 164 166 165 164 164 164 163 160 165 166 165 165 166 165 164 165 167 168 169 169 171 174 181 185 190 196 199 196 193 182 184 187 193 198 197 192 192 191 194 200 207 209 211 212 216 228 231 225 222 224 228 240 248 252 241 233 226 239 236 234 233 235 231 231 225 222 222 224 224 230 261 286 293 271 268 316 329 321 317 313 285 315 318 319 322 321 320 321 322 316 317
162 163 163 162 161 161 162 164 165 165 166 166 165 165 165 166 162 163 166 167 166 166 166 165 166 166 167 168 169 172 177 184 191 196 201 200 196 192 183 184 188 193 196 195 192 193 195 198 205 211 213 215 218 221 224 236 233 225 231 248 245 255 263 251 239 228 233 239 240 241 238 235 239 249 253 252 235 231 259 310 338 328 285 279 333 345 341 335 335 312 340 349 352 354 352 351 351 345 340 339
163 164 163 162 162 163 164 164 165 166 167 167 166 166 167 167 163 162 162 167 167 166 166 165 166 166 168 168 171 177 182 188 194 199 201 200 198 193 186 183 188 191 193 192 193 195 198 201 211 218 217 222 227 230 233 245 232 229 247 258 246 263 263 257 236 238 246 249 255 251 246 269 290 308 301 275 257 242 269 322 351 337 286 295 345 357 355 353 349 333 356 362 362 356 351 351 348 339 333 328
164 164 164 163 163 165 166 166 166 168 167 167 168 167 167 167 167 164 162 166 167 166 165 165 166 167 167 169 173 180 187 192 198 202 201 200 199 193 185 182 187 188 190 192 195 198 202 207 213 221 221 232 240 240 243 237 230 235 264 274 246 246 260 249 237 254 256 251 251 248 274 314 333 316 309 307 293 266 282 292 343 344 299 300 347 362 362 360 355 347 363 363 359 351 344 343 340 334 324 316
164 165 165 163 163 165 167 168 167 168 169 168 168 168 167 167 167 166 163 166 167 167 166 166 167 168 168 172 177 184 191 196 199 202 203 201 197 192 185 182 186 188 189 193 198 202 207 216 223 224 230 244 261 261 241 230 237 258 278 288 247 240 245 262 261 258 259 243 254 271 312 341 329 340 348 339 301 288 331 317 326 354 331 295 312 349 361 366 359 363 368 365 360 354 344 329 321 322 321 311
