# 100 100
219 209 215 215 208 199 192 187 181 179 176 171 173 186 202 203 204 201 198 199 197 192 190 192 187 184 177 172 171 168 174 166 157 156 161 179 190 184 178 174 167 159 157 155 152 149 151 149 148 148 149 152 163 160 161 175 202 211 213 199 185 181 171 149 159 180 186 187 169 173 175 170 164 161 159 159 158 158 157 157 157 158 161 162 157 152 148 144 140 140 140 140 140 141 140 139 138 138 139 139
209 202 204 211 207 198 188 181 175 173 170 169 177 192 196 195 194 192 191 194 189 183 184 182 179 176 172 167 165 166 173 173 166 162 166 184 191 187 179 173 166 166 168 168 164 155 150 150 156 163 171 157 156 170 178 177 190 210 212 202 178 174 188 168 152 151 165 179 152 148 169 172 163 164 162 160 161 159 159 160 160 159 158 157 156 153 149 145 141 140 140 140 140 141 140 139 138 138 141 140
200 197 206 203 200 196 188 181 176 171 167 169 177 187 187 186 189 184 184 186 182 178 176 175 170 167 165 163 162 166 173 182 179 171 174 185 187 184 177 171 170 177 181 176 167 157 151 150 157 177 165 150 160 168 170 194 206 208 211 210 189 171 179 193 180 161 148 158 152 150 175 176 170 167 164 165 161 160 162 162 160 157 155 154 155 152 148 144 141 140 141 140 140 140 138 138 139 140 141 140
203 198 195 191 191 189 189 185 181 177 172 167 167 173 179 177 180 174 173 172 171 172 167 165 162 162 160 158 159 165 173 184 187 183 184 185 183 179 171 163 162 172 178 173 165 157 151 147 150 154 149 149 153 159 181 215 215 212 211 210 195 172 169 193 187 167 150 148 156 165 173 177 174 173 170 170 165 161 161 162 159 155 152 150 154 152 148 144 140 140 140 140 140 142 141 140 141 141 141 139
189 190 189 185 189 189 189 186 186 189 188 181 178 173 164 166 169 164 163 160 160 162 159 158 159 157 156 157 164 169 177 185 189 188 186 183 177 172 167 161 160 163 170 164 156 152 149 146 147 149 149 149 152 159 185 218 215 213 211 209 204 192 181 195 186 174 159 147 157 176 177 177 177 176 173 170 168 166 165 163 159 154 151 148 148 150 145 141 141 141 141 141 141 141 141 141 140 140 139 140
178 194 196 183 190 189 189 197 197 193 188 184 180 173 166 160 159 158 155 154 154 153 155 156 158 158 157 158 164 168 176 177 184 188 182 180 172 164 161 156 155 156 158 158 153 150 148 148 146 147 149 151 154 160 179 213 214 212 210 208 205 201 202 196 186 180 170 149 150 177 177 177 176 175 173 170 168 166 166 162 157 149 146 143 143 142 141 141 141 141 141 142 142 142 142 141 140 140 140 142
174 178 176 178 187 183 188 198 193 185 180 177 172 166 159 161 166 160 154 153 153 154 155 157 158 158 157 156 159 161 164 166 175 185 177 169 167 159 154 151 150 148 148 148 149 149 148 147 147 150 152 156 160 167 196 217 218 214 210 208 204 197 194 187 179 175 172 159 147 164 173 174 178 175 171 163 160 162 164 163 159 152 146 143 141 142 141 141 142 142 142 142 141 142 142 142 142 142 142 144
182 171 172 175 178 181 185 189 185 180 175 168 163 158 157 157 158 155 155 154 154 156 158 159 160 159 157 155 154 153 156 157 165 176 170 160 157 153 150 149 148 147 145 146 147 148 148 149 152 154 159 166 175 185 207 223 220 214 210 206 203 199 189 181 174 171 170 167 154 147 161 164 164 160 151 147 146 147 157 161 157 157 153 144 142 141 141 142 142 142 142 142 142 141 142 141 139 140 143 144
179 172 173 172 175 190 187 183 180 175 170 164 161 159 159 156 155 153 153 153 154 156 158 160 162 163 161 162 156 151 152 153 156 164 163 156 152 149 148 148 148 147 146 147 147 147 152 156 162 160 166 178 191 205 219 223 218 212 208 205 202 199 195 181 177 181 185 182 169 153 146 147 147 152 149 147 147 145 146 155 155 154 154 151 143 142 142 143 142 142 142 142 142 142 143 141 139 140 144 144
178 178 177 172 169 181 178 173 172 168 164 161 161 160 161 161 165 163 159 157 155 160 159 156 161 164 157 158 155 152 153 156 156 154 154 152 150 150 150 149 148 147 146 147 147 150 158 166 168 173 178 185 196 210 221 219 214 210 207 203 200 196 194 188 190 191 190 184 178 173 169 166 171 167 159 152 149 145 144 151 152 150 149 151 151 144 143 142 142 142 142 142 141 142 144 151 140 140 143 143
191 193 192 185 174 168 166 163 162 161 161 158 155 154 156 159 159 159 161 161 158 157 161 155 156 153 152 152 153 152 151 151 152 152 156 157 151 150 149 149 147 147 149 149 149 151 155 162 175 188 199 211 222 224 223 220 215 211 207 202 198 195 193 195 197 196 193 188 183 180 177 175 174 170 164 159 153 145 145 150 151 149 148 149 152 150 145 142 142 142 142 142 142 142 143 144 141 141 143 143
205 199 191 183 176 170 166 163 161 159 157 155 155 154 154 154 154 154 154 154 157 156 154 158 160 156 155 156 156 156 153 151 149 149 151 153 151 150 150 149 149 151 153 153 153 153 155 161 173 200 228 231 228 226 224 222 215 211 207 202 197 198 197 196 194 192 192 188 185 183 181 178 174 170 164 163 157 146 145 149 150 149 148 149 152 152 151 149 145 147 145 144 143 143 143 142 142 142 143 142
202 192 182 175 171 168 166 163 159 158 157 155 155 154 154 155 154 154 154 157 163 160 159 161 164 166 169 168 165 160 155 150 148 149 148 148 149 150 153 154 156 157 157 157 155 155 159 167 175 194 224 231 228 225 222 220 216 211 207 206 204 203 198 194 191 187 186 186 183 182 181 178 175 170 164 163 163 149 146 146 147 148 148 148 148 148 151 153 152 151 148 146 147 147 147 145 143 143 143 142
194 184 172 166 166 168 164 162 160 158 157 156 155 155 155 154 155 162 170 175 168 168 167 170 177 179 178 172 165 158 153 149 149 149 150 150 151 153 155 159 164 165 163 160 157 156 160 177 187 198 225 231 228 223 219 217 217 217 216 210 204 200 197 192 188 185 183 181 182 181 181 177 174 169 169 164 161 152 146 146 146 147 148 147 148 148 148 151 153 151 148 148 148 147 147 146 145 145 145 144
186 175 166 163 165 163 160 159 160 161 158 157 156 157 160 167 176 182 179 178 178 179 178 179 179 177 173 169 162 153 152 151 150 150 152 156 159 161 161 167 174 175 170 166 160 162 163 182 193 208 232 233 229 223 220 218 217 214 211 207 204 199 196 192 187 184 178 174 176 179 174 172 171 169 169 163 157 152 149 146 148 149 148 147 148 148 150 151 152 150 150 148 147 147 147 146 146 146 145 144
175 168 163 162 173 171 160 159 158 158 158 158 158 160 175 178 181 181 182 179 176 176 174 173 171 170 169 165 160 154 152 153 152 152 155 162 167 169 167 169 177 182 185 176 164 179 175 175 187 209 229 234 230 226 221 216 212 209 207 205 204 199 195 192 186 182 176 171 168 171 170 165 165 163 163 160 154 151 149 147 146 146 147 147 148 148 150 151 152 152 154 151 147 147 147 146 146 146 146 145
166 163 161 160 160 160 161 160 157 158 158 158 158 157 165 169 173 173 170 167 168 169 167 165 166 164 165 165 162 156 155 155 154 155 157 163 172 174 174 172 174 185 191 183 171 179 181 184 192 209 228 235 232 227 222 216 210 206 204 201 200 194 191 189 183 181 179 174 169 168 167 170 160 157 154 154 152 150 148 147 145 145 147 147 147 148 149 150 149 152 155 154 147 147 147 146 146 146 146 145
163 164 162 161 160 159 159 157 158 158 158 159 160 160 161 159 158 158 158 159 160 162 163 163 163 162 162 163 163 157 156 157 155 157 162 162 174 177 181 179 176 188 195 183 176 176 188 196 202 212 232 238 232 227 222 216 209 204 201 198 197 194 190 185 181 178 175 171 167 173 178 175 164 155 151 149 150 148 147 147 146 144 145 148 146 147 148 149 147 148 154 155 148 147 147 146 146 146 145 145
163 163 162 162 160 158 157 158 158 158 161 164 168 167 162 160 158 159 158 159 160 159 160 162 164 164 166 165 162 160 161 159 158 158 162 169 173 179 186 189 187 195 198 189 192 183 194 205 216 229 237 236 230 224 217 212 207 201 198 194 194 192 191 189 188 184 179 175 170 173 181 184 176 159 150 148 147 147 147 146 145 145 144 145 146 146 145 146 146 147 152 155 149 147 147 146 146 146 145 144
167 169 167 162 161 158 158 160 158 159 168 178 176 170 163 161 161 160 159 160 159 159 159 163 165 167 169 169 169 169 167 167 166 167 168 171 178 189 196 205 202 206 208 208 204 202 215 227 237 236 233 229 223 217 211 208 205 201 197 195 194 194 195 197 190 186 182 180 173 178 184 183 180 171 153 147 147 147 147 146 145 144 145 145 144 146 145 145 145 146 149 154 155 152 150 149 147 145 144 143
171 169 167 165 166 166 167 172 171 165 162 175 174 168 167 168 168 165 163 163 163 163 160 165 174 177 178 178 178 181 178 178 177 177 180 180 181 193 207 217 215 220 222 224 221 229 239 238 234 228 224 219 215 213 208 207 206 203 200 197 196 197 199 198 187 180 176 177 180 185 186 184 180 174 163 149 146 146 146 145 145 144 144 144 144 144 144 145 145 145 149 152 153 156 155 152 149 146 144 143
174 172 171 173 178 186 193 195 190 177 159 169 173 173 174 173 175 177 172 170 169 166 161 167 171 176 179 179 179 184 185 187 186 186 185 181 175 177 198 216 217 218 226 234 240 239 236 232 226 218 217 214 211 209 207 204 204 200 196 195 190 192 189 186 180 177 179 182 184 186 183 181 176 172 167 155 146 145 145 146 145 143 144 143 143 144 145 144 144 145 148 150 150 152 155 157 153 148 146 144
172 173 177 187 198 204 202 197 188 172 159 164 168 175 172 167 170 181 182 182 178 167 160 161 165 170 175 178 181 187 187 189 190 191 190 185 182 178 184 197 205 220 236 237 238 233 227 222 218 214 212 211 211 212 212 205 199 195 193 190 186 181 179 179 182 185 186 188 186 185 185 181 175 167 160 155 149 145 145 146 145 144 144 143 143 144 143 144 143 144 147 147 148 149 151 154 156 155 151 148
175 181 194 202 206 205 200 194 187 173 162 160 162 166 164 163 166 173 178 182 180 167 163 165 164 164 168 171 175 184 184 188 187 191 193 195 191 189 191 201 225 243 241 234 230 226 221 217 214 215 218 218 217 213 212 207 202 198 193 191 185 180 177 184 191 191 191 189 186 184 182 178 171 163 157 152 148 145 145 145 145 145 145 143 142 142 142 143 144 143 146 146 146 146 148 151 153 157 157 155
183 192 201 204 203 200 196 190 181 171 164 161 160 163 169 168 169 173 182 184 179 170 164 171 171 171 177 176 178 180 184 193 198 203 213 217 204 203 201 210 230 243 239 235 230 224 219 220 223 223 221 218 215 212 209 206 201 197 193 187 182 178 177 184 192 193 192 188 184 180 177 173 166 160 155 150 147 144 144 144 145 145 145 142 142 142 141 141 142 143 144 145 145 146 147 147 149 152 155 157
194 198 200 202 202 198 193 186 175 163 160 160 161 169 178 179 176 179 185 183 175 168 166 172 173 172 180 180 180 181 185 189 194 208 223 220 207 211 214 220 236 241 238 231 227 228 230 230 227 223 219 216 213 210 207 205 200 195 190 186 182 178 175 181 186 193 189 185 180 176 171 167 163 158 152 148 145 143 143 143 144 144 144 142 142 141 140 140 140 142 144 144 145 145 145 146 147 148 150 154
201 203 202 200 197 192 185 178 164 161 159 163 165 177 185 185 186 187 183 177 167 171 169 172 175 171 172 173 176 180 181 183 186 192 207 209 200 204 210 224 235 240 235 232 235 237 234 231 229 223 219 215 213 210 206 202 197 193 189 185 180 176 174 177 179 186 188 184 180 176 171 166 160 157 152 148 145 143 143 143 142 143 144 142 142 142 141 140 140 141 142 144 145 145 144 145 145 145 146 148
200 201 200 196 191 181 173 168 162 162 164 172 178 179 187 190 188 184 177 170 168 169 169 169 170 171 171 172 175 181 183 188 192 190 188 190 192 200 212 229 235 233 233 233 236 236 234 233 229 222 219 215 211 207 204 200 196 192 187 183 178 175 174 172 175 181 189 185 180 174 170 166 164 159 154 149 146 143 142 142 142 142 142 143 143 142 142 140 139 140 142 143 144 144 144 144 144 144 145 146
198 197 195 191 186 179 172 167 162 163 171 179 184 189 193 190 186 181 174 170 170 168 167 169 171 173 173 173 176 182 186 195 197 199 200 201 199 198 207 218 221 231 240 238 235 234 232 230 226 221 218 216 210 205 201 199 195 193 189 186 181 177 174 171 173 179 186 183 179 177 173 171 166 160 154 150 146 143 142 142 142 141 141 142 143 143 142 140 140 140 140 142 142 142 143 144 144 144 144 145
196 194 192 187 182 173 169 166 163 165 171 193 195 189 190 187 183 178 174 172 171 169 169 170 174 175 176 178 185 188 188 191 199 203 207 208 205 200 203 210 225 241 242 238 237 236 233 226 221 218 217 215 210 203 199 196 192 188 184 183 181 174 170 169 174 182 188 185 182 177 175 171 165 160 155 149 145 142 142 142 142 141 141 140 142 144 143 141 141 140 140 140 140 142 141 141 143 144 144 145
194 190 192 184 176 169 165 162 163 169 172 199 207 190 184 182 184 184 181 176 173 174 174 175 178 180 179 180 185 190 189 192 197 204 208 210 208 209 212 219 235 247 244 240 238 235 233 230 224 218 214 212 208 200 197 194 190 185 180 175 170 167 172 173 180 189 188 184 181 178 175 172 166 162 158 151 145 142 141 141 141 141 142 141 141 142 143 141 140 141 141 140 139 140 141 142 141 144 143 144
198 194 187 181 174 167 162 164 168 169 175 194 201 196 184 189 193 187 180 174 176 182 182 184 184 185 186 189 188 189 191 196 200 203 205 204 209 214 216 224 233 240 242 239 237 235 233 229 226 220 216 215 209 200 195 193 189 183 177 171 167 166 174 185 189 187 184 182 180 176 173 170 167 164 161 154 147 143 142 141 141 141 141 141 141 141 142 142 141 141 141 141 140 140 140 141 142 142 142 143
201 195 188 183 174 165 162 165 170 171 175 181 183 183 190 199 190 180 177 180 180 186 191 192 192 191 186 195 195 191 192 197 200 198 195 200 210 215 221 224 227 229 235 236 234 233 231 228 225 221 216 211 208 200 194 189 186 184 177 168 166 169 180 188 183 180 177 178 178 174 169 165 162 158 153 150 147 145 142 141 141 141 140 140 140 141 141 141 142 142 142 141 141 141 140 140 141 141 141 142
192 189 184 178 171 165 163 164 171 179 182 182 180 189 200 194 185 182 187 189 190 190 198 203 201 197 190 193 198 197 197 200 197 192 193 205 218 228 236 229 224 224 225 230 232 231 229 226 224 221 217 212 205 199 191 188 182 177 172 167 167 175 186 185 181 178 174 176 173 169 164 160 157 152 148 147 145 143 141 140 141 141 141 140 140 141 141 141 142 142 142 141 141 141 141 140 141 141 141 141
168 171 175 172 169 164 163 165 172 181 183 184 191 197 197 191 187 189 197 195 199 200 203 206 205 200 193 191 196 198 196 197 193 187 192 205 220 230 238 237 227 221 220 220 224 227 225 223 222 220 218 213 208 202 191 186 181 177 172 165 180 201 196 193 183 175 172 173 169 166 160 157 152 148 146 146 144 142 141 141 140 141 141 141 141 141 141 140 141 142 142 141 141 141 141 141 141 141 141 141
180 178 175 167 164 163 164 172 187 183 187 193 200 199 194 191 194 197 202 203 198 202 205 206 203 200 196 196 195 193 194 193 188 185 190 205 214 217 225 234 233 225 218 215 216 220 223 221 219 217 215 210 205 203 191 183 178 172 167 164 184 208 203 198 182 170 164 160 157 157 156 154 151 149 147 146 145 142 141 140 140 141 141 141 142 141 142 140 140 141 141 142 141 141 141 141 141 141 141 141
186 190 191 178 165 164 173 192 203 193 195 202 197 196 195 198 204 210 204 209 209 209 209 211 209 205 204 202 198 197 194 187 185 182 186 195 201 206 210 215 221 229 223 215 213 215 221 218 214 211 202 196 192 191 185 179 173 169 165 162 177 202 193 189 178 162 162 166 165 162 160 156 152 147 144 143 143 141 139 140 140 141 149 143 142 142 142 141 141 140 141 140 141 141 141 141 141 141 140 140
187 200 193 176 166 172 193 212 203 181 200 199 190 192 200 210 220 217 210 218 220 218 215 215 212 213 212 208 206 201 193 186 179 177 181 186 190 193 201 204 208 216 227 223 218 216 213 212 208 208 205 210 204 199 195 188 182 175 169 165 169 183 178 168 164 167 174 169 165 161 157 153 148 145 143 142 141 139 139 140 140 142 153 151 146 144 142 142 141 139 140 139 139 140 141 140 141 140 140 140
194 200 182 170 169 184 203 213 202 176 183 186 188 191 199 209 228 224 215 224 228 226 223 223 220 219 215 212 210 201 191 184 178 174 181 183 183 185 191 197 201 207 222 227 226 224 222 220 218 215 212 208 204 203 197 188 185 183 178 173 176 168 166 170 178 177 172 167 163 159 155 150 145 143 142 141 140 139 140 140 140 139 144 159 162 160 156 142 142 140 140 139 139 139 140 140 140 140 140 139
202 191 175 171 174 184 190 195 196 187 189 189 188 200 208 214 225 224 221 227 231 225 223 224 221 218 213 206 204 197 188 182 176 174 176 176 179 182 184 189 195 203 219 226 227 225 224 225 225 225 223 216 209 202 195 191 190 187 185 183 188 182 177 182 181 174 170 164 161 157 152 147 144 142 141 140 139 140 141 141 139 138 140 151 164 164 159 142 141 140 140 140 140 140 140 139 140 140 139 139
199 185 174 171 176 179 173 186 203 202 201 198 192 204 213 226 232 228 228 231 228 218 219 222 218 219 215 208 203 198 193 187 185 179 172 172 175 177 178 184 192 201 214 226 225 224 223 224 226 229 227 221 217 209 202 193 188 185 185 184 186 185 183 183 176 170 165 161 159 155 150 145 142 141 140 139 140 140 141 140 139 139 141 142 156 163 157 142 142 140 140 140 139 139 139 139 139 138 138 139
189 177 174 173 175 177 172 195 209 209 208 209 203 217 224 233 238 236 235 231 224 214 205 210 205 203 208 210 205 198 193 188 184 180 173 169 171 173 179 186 192 203 214 223 223 222 220 219 221 224 223 223 220 213 207 197 186 183 184 184 185 182 180 177 173 167 163 160 156 152 148 144 142 140 139 139 139 140 140 140 140 141 141 141 144 147 143 140 140 140 140 139 138 137 139 139 138 137 137 138
182 175 174 174 177 183 193 208 210 214 221 228 218 222 239 238 242 241 239 233 223 215 207 193 191 191 197 199 199 193 189 183 178 178 175 167 172 176 179 184 192 205 218 225 221 219 218 215 215 216 217 217 217 214 208 201 189 183 180 183 185 180 179 172 169 166 161 157 152 148 144 143 142 141 141 140 139 139 139 139 140 140 140 139 139 140 140 140 140 140 140 140 138 137 137 138 138 138 138 138
177 174 172 174 177 182 189 198 205 215 229 230 230 234 245 246 242 238 238 231 224 216 202 190 181 180 180 182 184 180 180 176 174 174 171 166 173 183 187 192 195 207 219 225 222 219 216 213 212 211 214 214 214 210 205 201 195 186 178 181 182 180 178 171 166 161 157 153 148 145 142 142 142 142 141 141 140 139 138 139 139 140 140 139 139 140 140 140 140 140 140 140 139 137 137 137 138 139 140 139
175 173 173 173 175 183 187 191 200 211 223 223 227 241 245 242 238 233 229 221 212 212 206 197 190 184 177 174 172 169 168 170 168 168 168 165 167 184 196 199 203 212 220 223 223 220 216 214 213 210 217 218 215 210 202 198 193 186 177 179 180 178 176 172 167 160 154 149 145 143 142 142 142 142 140 141 140 139 139 140 140 140 140 139 139 140 140 140 140 140 140 139 139 138 137 138 139 139 139 140
179 173 175 176 175 177 181 185 193 201 203 212 216 235 243 239 236 230 217 206 202 196 198 195 187 181 175 172 171 168 166 167 164 164 165 165 164 174 190 198 203 209 220 222 221 218 215 212 211 206 210 211 208 205 200 193 187 182 176 173 172 172 171 168 164 157 152 147 143 142 142 142 142 143 141 140 141 139 139 140 139 139 140 140 141 140 140 141 141 141 141 140 139 140 139 140 148 142 140 140
181 177 182 180 178 178 178 181 186 190 198 206 215 231 241 237 233 230 224 205 192 186 184 184 180 175 175 180 186 183 178 167 164 164 164 163 164 168 177 186 191 197 207 216 214 215 212 209 207 200 201 200 198 197 194 188 184 179 172 167 167 165 163 157 151 148 145 143 143 143 143 143 142 141 140 140 139 145 144 139 140 139 140 141 141 138 139 139 140 140 141 140 139 139 139 145 147 152 143 141
185 179 187 186 182 183 184 184 190 203 202 210 230 237 237 231 227 220 215 203 191 189 186 182 182 181 182 180 187 196 191 173 172 166 164 162 160 162 167 172 176 183 191 204 207 206 206 204 202 201 197 192 193 191 189 186 182 178 172 169 162 156 149 148 145 143 144 149 151 151 145 143 142 140 140 140 139 142 143 141 140 140 140 140 138 138 138 139 139 140 141 141 141 141 139 144 149 150 145 140
184 182 190 188 188 193 197 190 204 213 212 222 240 240 236 229 220 214 205 201 203 198 193 191 193 188 184 183 184 192 191 175 177 173 167 161 158 160 161 163 168 174 179 185 195 198 194 194 195 195 195 191 185 187 181 177 174 172 166 160 152 151 145 145 144 144 151 161 157 151 146 144 142 141 140 150 150 140 139 148 140 139 140 139 138 138 138 139 139 141 142 141 139 139 139 141 145 146 144 140
189 195 197 193 196 207 207 193 214 223 231 236 253 246 237 227 220 213 210 206 203 197 191 187 188 185 182 182 182 182 179 180 183 181 178 174 175 165 157 158 164 169 172 174 177 187 187 182 184 188 187 184 175 177 173 165 161 158 153 149 147 147 145 145 144 144 145 148 146 146 145 143 141 140 140 143 148 141 140 143 140 140 139 140 139 139 139 139 139 141 142 140 140 140 140 140 139 140 142 141
195 200 199 198 206 225 218 199 221 225 236 241 250 248 237 229 225 219 209 200 196 191 185 183 183 182 183 178 176 176 176 179 186 187 186 192 193 168 156 155 161 166 169 168 166 170 179 181 175 178 179 176 171 164 163 158 152 150 148 147 148 147 145 145 144 145 145 145 144 145 145 143 141 140 140 140 140 139 140 140 140 140 138 139 139 139 139 140 139 140 141 141 141 141 141 140 141 140 139 139
195 196 201 207 217 226 223 204 211 215 219 226 243 245 241 234 228 221 217 206 199 195 188 190 191 192 189 184 179 175 172 171 179 187 182 185 176 158 154 154 157 159 164 163 161 162 164 172 171 165 168 167 161 161 155 152 150 149 150 153 156 152 147 146 146 150 149 146 145 145 143 143 144 143 142 141 142 140 140 140 140 140 138 139 140 140 140 140 139 140 141 142 141 140 141 141 140 140 140 140
202 201 206 217 223 225 216 208 215 214 220 229 242 239 244 237 226 216 208 200 196 196 193 194 196 196 191 186 183 178 175 170 173 183 182 176 168 159 155 154 154 155 157 157 157 157 155 156 162 161 159 154 156 156 155 154 153 153 159 163 165 161 154 149 148 152 151 148 146 144 144 147 148 147 145 143 143 142 141 140 140 139 139 140 140 140 139 140 139 140 141 141 141 141 141 140 141 141 141 141
211 209 209 215 228 233 218 228 232 228 231 241 242 236 238 235 224 212 202 194 193 198 196 193 193 190 186 184 182 178 174 168 168 176 181 173 166 161 157 156 156 156 155 155 154 154 154 155 156 159 158 156 162 165 163 159 158 160 168 169 166 162 155 151 150 152 149 148 146 147 150 151 151 150 147 144 142 141 141 140 140 140 141 141 141 140 140 140 140 141 141 142 141 141 141 141 141 141 141 141
214 215 219 229 243 240 226 230 234 233 234 239 239 233 234 235 223 208 200 193 189 192 191 186 180 179 181 180 180 176 173 168 167 169 175 172 165 160 159 161 162 165 161 158 156 154 155 160 166 183 174 165 169 172 171 166 166 168 172 169 165 160 156 153 152 152 149 147 147 150 153 154 153 152 147 143 141 141 141 140 140 141 142 142 142 141 140 140 140 141 141 142 141 142 142 142 142 141 141 139
207 212 222 240 244 240 233 229 230 232 233 234 231 226 231 228 222 207 195 188 184 182 187 184 180 177 174 173 177 179 177 176 171 165 166 165 162 163 170 173 173 175 169 165 165 161 159 165 180 199 184 179 183 180 179 176 177 176 174 171 166 161 160 155 152 148 146 144 143 144 145 150 154 152 148 144 141 141 141 140 140 140 141 142 142 142 141 141 141 141 141 142 142 142 142 142 141 141 141 140
203 206 217 231 240 236 234 232 229 228 227 226 220 219 213 212 212 207 197 187 186 181 188 184 178 178 174 168 169 172 177 175 171 166 163 162 165 175 187 196 192 187 180 176 171 166 165 172 192 190 187 188 187 184 178 175 175 172 170 168 165 163 160 157 154 148 148 147 145 143 142 142 146 149 147 143 141 141 140 140 139 140 142 142 142 142 142 141 141 141 141 141 142 142 142 141 141 141 141 140
204 208 216 229 231 232 231 227 224 224 224 221 213 206 204 203 202 203 193 185 183 184 182 188 180 175 173 168 166 169 172 170 168 166 162 164 173 189 201 203 199 193 184 183 176 171 173 183 186 182 189 186 183 183 175 169 168 168 167 166 164 162 161 157 161 157 149 147 145 143 142 141 142 143 143 142 141 142 142 141 140 140 140 141 142 142 142 141 141 142 141 142 142 142 141 142 142 142 142 141
201 206 218 223 220 225 228 226 222 219 219 219 215 208 198 196 193 189 184 181 180 180 178 176 177 180 169 166 165 169 167 165 164 164 163 169 181 196 207 202 195 191 187 183 180 176 182 192 184 183 185 182 178 176 168 162 162 163 165 164 163 161 158 163 167 167 159 150 146 144 143 142 142 143 142 141 141 142 142 142 140 140 139 140 142 142 142 142 141 142 142 142 142 141 141 141 142 141 141 141
206 206 207 210 213 216 223 230 228 219 211 208 204 201 197 191 190 186 185 180 175 177 177 175 173 178 169 167 166 165 163 162 163 165 168 175 188 201 204 201 194 191 186 182 180 180 185 193 190 183 179 175 172 171 172 164 160 161 163 164 160 161 164 170 172 172 170 164 156 150 147 144 142 142 142 141 142 141 141 141 140 139 140 140 141 142 142 142 142 142 142 141 142 141 141 141 141 142 141 142
211 214 215 213 213 220 227 232 233 230 223 216 210 207 205 204 203 198 195 189 181 176 177 175 172 171 177 178 169 164 164 163 164 170 176 178 190 202 201 198 194 191 187 183 178 176 179 185 187 182 175 169 166 165 166 167 162 161 161 160 162 169 170 170 172 172 170 167 161 156 155 150 147 143 142 141 141 142 142 141 140 140 140 140 140 141 141 141 141 142 141 141 141 141 141 141 141 142 141 141
212 224 226 223 219 219 224 229 232 233 230 224 221 214 207 206 204 200 192 187 187 185 178 176 178 186 188 180 171 168 168 166 167 172 177 183 192 200 199 197 195 193 187 182 178 173 172 174 181 181 176 169 164 163 163 165 168 165 166 164 167 170 171 171 172 173 171 167 161 163 162 159 152 146 144 142 141 141 140 140 140 139 140 139 140 140 140 140 141 141 141 141 141 141 141 141 141 141 142 141
218 221 228 227 224 224 226 227 229 228 228 226 220 210 202 195 196 194 188 181 178 180 184 193 192 194 190 184 186 174 169 174 176 173 178 187 193 196 197 197 196 191 185 181 177 175 171 170 171 173 174 170 166 165 169 175 173 174 173 170 169 169 170 170 170 169 167 163 165 165 164 161 154 149 147 145 142 140 140 139 139 139 139 139 140 140 140 140 140 141 141 141 141 141 140 140 141 141 141 142
217 218 224 226 227 229 228 226 225 224 221 223 222 214 202 194 189 190 187 183 185 189 191 196 195 191 186 187 179 173 175 186 183 180 184 189 192 192 196 195 193 190 185 182 181 178 174 171 172 170 169 170 170 173 179 183 182 183 186 178 173 170 170 170 168 167 165 167 169 167 164 161 154 149 146 144 141 140 140 141 140 139 139 140 140 140 140 140 140 141 142 141 142 141 141 140 141 141 141 142
223 222 223 221 218 219 220 223 222 221 216 216 217 212 199 192 188 184 184 187 193 197 199 197 191 185 181 179 177 179 186 193 188 190 194 193 190 188 191 193 189 188 186 185 183 181 176 172 176 177 173 175 181 184 190 191 190 195 197 191 181 174 172 172 171 172 172 171 170 167 163 156 151 146 143 140 140 143 145 145 141 141 140 140 140 140 140 140 140 140 141 141 142 141 140 141 141 141 142 141
228 225 225 225 221 214 210 209 214 218 217 211 206 200 194 191 189 185 188 190 192 197 199 195 189 187 186 187 189 191 196 196 192 193 194 191 190 189 187 187 188 186 185 186 184 181 178 176 177 178 181 188 193 199 201 198 196 201 205 202 192 180 176 176 176 175 174 172 170 168 162 144 146 143 141 140 145 152 152 154 145 142 142 141 140 139 139 140 140 141 141 141 141 141 141 141 141 141 142 141
228 227 224 223 216 209 203 203 203 210 216 216 212 209 206 206 198 190 192 197 196 198 200 198 197 195 197 200 203 201 198 196 195 194 193 193 194 193 191 190 193 196 190 186 184 180 178 181 184 186 191 196 204 209 205 201 203 206 209 206 197 186 182 177 176 176 177 175 173 169 160 151 144 141 141 145 151 157 156 160 151 140 141 140 140 139 140 140 141 141 141 141 141 141 141 141 141 141 141 141
226 226 221 216 208 202 198 195 195 205 212 214 215 214 213 210 202 195 197 201 202 202 203 205 204 203 209 209 208 203 202 200 198 195 195 197 201 207 209 206 198 198 200 191 186 183 183 185 189 192 198 207 210 207 206 205 208 209 209 205 200 196 193 185 173 172 174 174 171 166 156 147 141 140 140 141 151 158 160 160 152 140 141 141 140 140 140 141 141 141 141 141 141 141 141 141 141 141 141 141
222 224 222 214 209 206 201 195 192 195 203 208 211 211 208 201 195 197 200 205 205 205 208 209 207 212 212 211 207 205 208 202 199 197 199 202 209 218 221 217 206 201 201 200 194 190 188 189 191 195 197 198 199 204 206 206 208 208 205 201 201 201 197 192 183 172 167 165 162 155 150 144 142 141 141 141 148 157 157 158 147 141 141 141 141 141 141 141 142 141 142 141 141 141 142 142 142 141 141 141
218 220 215 207 203 200 195 190 187 185 191 200 200 199 192 187 190 195 202 208 209 205 208 209 208 214 213 212 207 208 207 204 202 200 202 206 216 227 222 214 207 203 205 209 205 199 195 194 197 200 199 197 193 193 199 198 205 204 201 202 204 201 197 191 185 182 176 169 159 155 152 146 145 142 143 147 150 153 155 153 143 140 140 141 140 140 140 141 141 141 143 142 141 141 142 142 141 141 141 141
218 213 206 199 194 192 191 187 184 182 182 185 184 182 180 181 186 196 204 209 206 202 199 203 206 211 213 209 207 206 201 200 198 197 202 204 211 215 210 201 194 201 206 205 216 213 205 201 202 204 201 198 194 192 187 177 198 200 200 204 205 204 202 194 184 177 173 169 169 165 163 158 150 147 150 149 156 164 160 154 141 140 140 139 140 140 140 140 141 141 142 142 141 141 141 141 141 141 141 141
213 209 201 194 190 187 185 186 184 181 178 177 176 178 177 178 185 197 200 200 200 199 195 196 196 202 208 210 208 204 199 195 193 189 195 198 200 198 193 189 183 200 198 193 209 221 216 209 207 206 204 199 193 190 178 186 193 190 200 202 205 205 203 196 184 178 171 168 170 162 161 159 153 151 147 156 168 173 163 154 142 140 139 139 139 140 140 140 141 141 141 142 141 142 141 141 141 141 141 141
211 205 199 193 189 185 183 184 183 181 179 179 180 178 180 176 178 185 189 191 193 192 191 190 190 197 203 208 209 206 202 197 192 186 193 195 192 185 180 181 178 191 183 185 196 209 218 218 213 208 203 197 191 190 179 187 192 169 184 196 201 199 194 188 180 176 172 165 168 165 163 156 151 147 150 152 160 175 165 147 140 139 139 138 139 140 140 140 140 141 141 141 141 141 141 141 141 141 141 141
215 208 203 199 194 188 187 185 182 181 180 179 178 178 179 175 174 180 186 188 189 188 188 184 185 190 196 201 206 206 199 194 185 181 189 192 194 188 178 173 172 174 175 181 187 198 206 216 215 210 201 190 187 183 185 183 182 185 172 189 193 189 184 181 174 175 168 163 166 165 158 152 149 146 147 145 144 155 153 141 140 140 140 139 140 140 140 140 140 140 141 140 141 141 141 141 141 142 141 141
216 212 209 203 197 194 188 185 185 186 183 181 181 178 178 174 177 179 183 183 182 183 182 181 184 187 188 190 193 200 199 187 178 175 184 189 187 185 180 172 170 170 174 177 181 188 197 205 214 210 200 187 180 176 183 177 174 186 168 178 181 176 171 169 166 169 169 165 167 163 155 151 148 144 141 140 145 145 143 139 140 140 140 140 140 140 140 140 140 140 140 140 140 140 141 142 141 142 142 141
214 212 207 205 199 196 196 190 191 190 187 184 181 178 173 171 174 177 178 179 180 179 176 180 184 184 182 180 183 187 194 189 180 173 179 183 179 178 177 171 168 169 172 174 178 185 193 200 211 212 205 195 184 174 172 171 171 170 155 167 166 165 162 159 162 168 167 162 163 161 154 149 145 141 141 140 140 139 140 140 140 140 140 140 140 140 140 140 140 140 141 141 140 140 141 141 141 141 141 141
209 208 203 204 201 200 199 199 200 200 200 193 187 186 182 176 172 170 171 175 176 174 173 178 181 180 177 175 177 179 184 187 183 175 171 175 174 170 169 166 170 173 176 174 178 184 192 201 213 212 207 197 185 175 171 169 164 165 169 171 166 161 157 157 164 168 166 162 160 158 152 148 146 145 142 141 141 141 141 140 140 140 139 139 139 139 139 139 140 140 140 141 140 140 141 141 141 141 141 141
205 203 200 199 200 202 203 205 205 205 207 208 199 192 192 190 184 177 172 168 168 169 172 182 179 176 174 172 174 176 178 180 177 173 167 171 168 166 164 165 168 171 177 176 178 184 193 206 213 209 205 194 178 171 170 168 162 158 159 163 161 160 156 158 162 164 161 158 153 153 153 152 150 148 145 143 144 143 143 141 140 139 139 139 139 139 139 139 140 140 141 141 141 141 141 141 141 141 141 141
206 204 202 198 197 201 203 204 203 203 204 209 206 197 195 196 194 186 177 171 169 167 170 177 173 172 170 171 173 174 178 176 170 166 163 163 162 162 163 165 166 169 174 180 180 183 192 203 206 202 195 189 182 174 168 164 162 162 162 157 154 155 153 150 151 151 148 146 146 147 150 151 148 145 144 143 142 142 141 140 140 139 140 140 139 139 140 140 139 140 140 140 140 141 141 141 141 141 141 141
210 205 202 199 196 197 202 202 199 194 189 195 194 192 193 193 191 188 181 178 176 170 166 169 169 168 169 170 170 169 172 171 166 161 161 160 162 163 166 171 173 175 181 186 189 190 193 196 197 193 189 185 183 179 172 167 165 163 160 159 156 154 150 148 147 146 145 145 145 145 144 145 146 144 144 144 142 142 141 140 140 140 140 140 139 139 140 139 139 140 140 140 140 141 141 141 141 141 141 141
211 206 202 198 194 192 198 200 195 190 182 179 179 180 184 187 188 187 184 182 179 175 167 164 165 166 171 169 168 167 164 162 161 160 159 160 167 167 170 175 176 178 189 199 204 201 197 195 195 190 186 180 176 174 170 169 168 170 169 166 164 159 153 149 147 147 146 147 146 146 145 144 143 143 143 143 142 142 141 140 140 140 140 140 140 140 140 140 139 140 140 141 141 140 141 141 141 141 141 141
200 194 198 201 197 193 192 198 195 186 179 175 177 182 186 187 187 187 185 183 178 172 165 162 163 168 169 165 165 167 165 162 159 158 158 162 165 167 170 173 173 180 196 209 203 196 194 196 193 189 184 180 179 177 176 177 177 176 171 166 162 158 152 149 148 148 153 151 147 146 146 145 145 144 142 141 141 141 141 140 140 140 141 141 141 141 140 141 139 140 141 141 141 140 141 141 141 141 141 141
192 188 191 198 197 194 191 189 189 184 183 181 178 187 191 192 191 186 184 182 174 166 162 161 162 164 165 161 160 159 159 159 158 157 157 161 163 162 168 172 177 181 190 204 201 196 196 196 194 191 188 182 180 180 178 178 178 175 170 164 159 155 149 148 153 156 156 153 149 148 147 145 144 143 143 141 141 141 141 140 140 140 141 141 141 140 140 141 140 141 142 142 141 141 141 141 141 141 141 141
196 191 187 192 190 190 189 190 196 196 194 187 179 187 196 197 193 187 177 176 168 162 161 161 160 161 161 159 159 158 158 158 157 157 156 156 157 158 166 176 174 173 176 194 196 195 195 194 193 190 190 190 187 185 183 181 177 172 163 154 151 151 152 157 162 158 156 154 152 152 151 149 146 143 143 142 143 142 141 140 141 141 141 141 141 141 141 140 139 139 141 142 141 141 141 141 141 141 141 141
192 193 193 194 192 189 188 193 193 195 195 192 185 179 197 195 187 176 166 164 163 163 163 162 160 160 161 159 159 158 159 158 158 157 158 159 156 155 161 164 161 162 164 176 187 193 193 192 190 186 179 190 187 181 180 179 170 154 157 163 165 161 163 164 161 156 155 154 154 153 150 147 144 143 142 142 142 142 141 141 141 141 141 141 141 141 141 140 141 141 140 141 140 141 141 141 141 141 141 141
197 193 194 195 195 197 193 192 193 191 191 191 187 174 176 175 169 165 164 167 169 170 165 162 161 161 162 160 159 159 159 161 161 160 161 161 157 155 155 155 154 154 156 162 176 184 172 166 177 166 161 181 167 157 157 157 156 167 167 166 164 168 170 165 159 155 152 153 153 151 146 143 142 142 142 142 142 142 141 141 141 141 141 141 141 141 140 141 142 141 140 140 140 140 140 140 140 140 140 141
189 192 194 193 190 187 188 191 191 190 191 188 183 176 172 170 172 171 167 171 175 170 165 164 163 163 162 163 161 162 162 164 167 165 164 161 158 157 155 154 154 155 154 154 156 159 173 174 159 170 165 158 170 174 166 162 165 164 161 160 161 170 170 164 157 152 149 152 152 148 144 142 142 142 142 142 142 141 141 141 141 141 141 141 140 140 140 141 141 140 139 140 141 141 141 140 140 140 139 140
190 191 195 185 179 180 182 185 188 185 188 192 190 190 186 182 181 176 170 166 170 172 176 173 168 165 164 166 165 167 171 173 171 170 168 164 161 158 158 156 155 157 156 161 172 186 190 188 179 163 170 182 181 177 173 168 165 163 159 154 155 164 168 160 153 147 146 149 147 145 144 143 142 142 142 142 141 141 141 141 141 140 141 141 142 141 141 141 141 141 139 139 140 141 141 141 141 140 140 140
194 188 191 184 177 177 177 179 181 182 185 186 191 194 191 185 178 171 167 166 173 180 186 181 175 169 169 173 170 173 174 176 176 174 169 166 163 158 156 155 157 159 171 186 196 199 197 192 188 186 184 182 186 188 181 172 165 161 156 150 148 153 158 154 148 145 146 149 149 147 146 143 141 141 141 141 141 141 140 140 141 141 141 141 141 140 140 141 141 141 140 139 139 140 141 141 141 141 140 140
190 186 180 179 179 182 178 174 175 176 176 178 181 184 184 177 171 167 167 171 177 182 188 186 181 174 174 174 176 177 173 172 172 170 167 162 160 157 157 160 174 189 200 197 198 202 203 200 194 189 188 191 192 190 182 172 165 160 154 149 147 147 149 148 145 150 154 153 150 147 143 142 142 142 141 141 141 141 141 140 141 140 141 141 140 140 141 140 140 141 141 140 140 140 141 141 141 141 140 140
189 188 185 185 190 193 188 180 174 172 174 175 176 175 172 169 168 166 170 177 181 183 186 188 186 177 178 177 179 174 168 165 165 162 162 160 158 158 161 177 205 205 201 197 195 198 199 199 197 194 191 189 186 184 179 174 168 161 156 151 147 145 144 144 147 155 156 152 149 146 142 141 142 142 141 141 141 140 140 141 140 140 141 141 141 140 141 140 140 140 140 141 141 140 141 141 140 140 141 140
193 193 194 191 196 190 185 184 181 174 172 177 178 174 169 167 168 172 170 173 179 186 189 191 189 182 182 181 179 173 169 167 165 162 159 159 161 165 179 203 208 203 198 194 191 189 189 190 189 188 187 181 176 174 171 171 170 166 163 154 148 144 143 147 153 157 156 151 147 144 142 142 141 141 141 141 141 141 141 140 141 141 141 141 141 140 141 141 140 141 140 140 140 140 141 141 140 140 141 141
195 193 195 195 191 185 180 177 177 174 172 174 174 172 169 170 173 176 176 176 180 188 192 193 190 189 189 185 180 177 174 172 169 166 161 160 166 186 208 206 204 199 194 189 186 184 181 179 178 176 174 173 167 163 162 160 161 159 156 153 149 147 144 154 160 159 156 152 147 143 142 141 141 141 141 141 141 141 141 141 141 141 140 141 141 141 141 141 141 141 141 141 141 140 141 141 140 140 140 140
193 190 188 191 189 184 181 178 178 177 172 170 169 170 171 174 179 183 188 186 190 187 195 197 198 198 194 189 185 180 176 172 169 165 161 162 175 201 206 204 199 193 190 186 181 176 174 172 169 165 167 164 161 155 152 151 150 148 147 147 146 144 150 158 164 163 157 151 146 142 141 142 142 141 141 141 141 141 141 141 141 141 140 141 142 141 141 140 140 141 141 140 140 140 141 141 141 140 140 140
191 188 188 188 188 185 183 180 180 178 173 169 171 176 178 181 188 192 192 191 197 197 202 206 209 208 199 191 185 177 171 166 164 161 163 167 176 197 200 197 194 190 187 182 178 178 178 176 172 166 162 159 156 152 150 148 147 146 145 144 144 144 150 159 160 157 152 147 143 142 142 142 142 141 141 141 141 141 141 141 141 141 141 142 142 141 141 141 140 140 140 141 140 140 141 142 141 141 141 141
193 188 186 186 186 187 186 181 179 176 171 170 173 180 183 187 196 200 198 197 203 207 208 208 207 203 194 181 174 169 165 163 163 165 167 173 183 197 199 194 190 187 183 182 183 183 181 177 173 169 167 162 160 154 150 148 147 146 145 145 144 144 146 148 148 147 145 143 142 142 142 142 142 142 142 141 141 141 141 141 141 141 141 141 141 141 141 141 141 141 141 141 141 141 141 141 141 141 141 141
188 186 185 185 188 189 186 180 174 173 174 174 179 184 187 191 193 199 199 197 194 195 199 198 193 185 179 174 169 167 165 164 167 169 171 176 193 202 198 195 190 187 186 184 184 184 182 180 176 171 169 164 156 153 154 152 150 148 146 146 147 150 149 149 146 144 142 143 142 142 142 142 142 142 142 142 142 142 142 141 141 141 142 141 141 141 141 141 141 140 139 140 140 140 140 140 140 140 140 140
184 181 182 180 181 182 180 176 174 177 178 183 184 184 187 193 195 195 196 190 187 183 182 182 179 173 170 170 167 166 165 165 168 171 173 178 197 204 200 197 194 189 185 182 183 183 181 178 175 170 165 157 154 160 165 160 155 153 149 153 156 153 144 146 145 143 143 142 142 142 142 142 141 142 141 141 142 142 142 141 141 141 141 141 141 141 141 141 141 140 140 140 140 140 140 140 140 140 140 140
181 179 181 180 179 176 173 173 174 175 175 180 183 187 188 189 189 193 193 186 181 178 174 174 175 171 169 168 172 169 166 166 167 169 172 177 193 201 198 195 194 190 185 179 177 180 179 177 173 167 159 157 167 168 167 165 159 153 152 159 158 149 145 144 143 143 143 142 142 142 142 142 142 141 141 141 142 142 142 141 142 141 142 141 142 141 141 141 141 141 140 140 140 140 140 140 141 140 139 140
180 178 177 178 176 174 174 174 173 173 175 176 178 182 183 183 184 191 195 191 183 177 175 178 180 176 172 172 175 172 169 168 170 172 173 176 186 196 194 190 188 185 181 174 171 169 168 167 166 163 162 170 173 170 169 165 160 158 161 163 158 149 142 143 143 143 142 142 142 141 141 142 142 141 142 141 142 142 142 142 142 142 142 142 142 141 141 141 141 141 140 140 140 140 140 140 141 140 139 140
