# 100 100
142 142 142 142 142 142 142 141 140 139 136 134 134 134 135 139 139 140 140 141 140 141 141 141 143 142 141 141 142 142 141 141 140 140 141 142 141 141 140 137 134 134 134 134 135 135 134 136 135 134 136 136 137 138 141 140 140 141 142 144 144 143 142 142 141 138 136 136 136 134 134 134 134 134 134 134 134 134 134 134 134 134 134 134 134 134 134 134 134 134 135 140 142 142 142 143 142 142 142 141
142 142 142 141 142 142 142 142 140 136 134 134 134 134 135 139 141 140 140 140 140 141 141 142 143 143 142 142 142 142 142 141 140 140 140 140 141 140 140 136 135 134 134 134 134 134 134 134 134 134 135 134 134 135 138 140 139 141 142 143 141 141 141 142 141 140 138 136 136 135 134 134 134 134 134 134 134 134 134 134 134 134 134 134 135 135 134 134 134 134 135 140 141 140 142 142 143 142 142 140
142 141 140 139 140 141 143 141 140 135 134 134 134 135 140 140 141 141 141 141 140 141 142 142 143 143 143 143 142 143 142 141 141 140 139 139 140 140 138 136 134 134 134 134 134 134 134 134 134 134 134 134 134 134 136 138 139 141 141 141 141 140 139 139 140 141 140 137 137 136 134 134 134 134 134 134 134 134 134 134 134 134 135 135 136 137 134 134 134 134 135 139 140 139 141 143 143 142 141 140
140 139 139 140 139 138 140 141 140 134 136 134 134 136 139 140 140 140 140 141 142 142 142 142 143 143 143 143 142 143 142 141 140 139 139 140 141 141 137 135 134 134 134 134 134 134 134 134 134 134 134 134 134 134 135 137 139 141 141 141 140 140 140 138 137 138 139 137 137 136 134 134 134 134 134 134 134 134 134 134 134 135 136 137 135 137 134 134 134 134 134 136 137 139 140 142 143 142 142 139
140 141 141 141 140 137 137 135 136 134 135 134 134 136 137 137 139 138 139 142 142 142 142 143 143 143 143 143 142 141 140 139 139 139 139 140 141 140 136 134 134 134 134 134 134 134 134 134 134 134 134 134 134 134 135 136 139 141 141 141 141 141 140 138 136 138 137 137 136 134 134 134 134 134 134 134 134 134 134 134 134 136 137 138 135 134 134 134 134 134 134 134 135 138 140 141 142 143 143 140
142 142 142 140 140 139 140 140 138 135 134 134 134 135 136 134 138 139 139 141 142 143 143 143 143 142 143 142 142 141 140 140 140 140 140 139 140 139 135 134 134 134 134 134 134 134 134 134 134 134 134 134 134 134 134 135 138 140 140 140 141 141 140 137 135 135 136 135 134 134 134 134 134 134 134 134 134 134 134 134 135 137 139 140 136 134 134 134 134 134 134 134 134 134 140 141 142 143 143 142
142 142 141 140 141 141 141 140 137 134 134 134 134 134 134 134 135 139 139 139 142 142 143 143 143 143 143 142 141 141 140 140 138 138 139 138 139 138 136 135 134 134 134 134 134 134 134 134 134 134 134 134 134 134 134 136 138 140 140 140 140 139 138 138 138 136 134 135 136 135 134 134 134 134 134 134 134 134 134 134 138 141 141 140 136 134 134 134 134 134 134 134 134 135 138 139 140 141 142 142
143 143 142 141 142 141 140 136 134 134 134 134 134 134 134 135 138 136 135 134 136 140 143 143 143 143 143 142 141 140 140 139 139 139 138 138 138 138 137 135 134 134 134 134 134 134 134 134 134 134 134 134 134 134 134 136 138 140 140 140 139 138 138 139 138 137 135 136 137 136 135 134 134 134 134 134 134 134 134 135 139 141 141 141 138 134 134 134 134 134 134 134 134 134 134 136 137 138 138 137
143 143 143 143 143 142 137 134 134 134 134 134 134 134 134 134 134 134 134 135 135 140 142 142 143 144 143 142 142 142 141 140 138 139 139 138 137 136 137 134 134 134 134 134 134 134 134 134 134 134 134 134 134 134 134 135 137 139 139 140 140 140 139 138 137 137 135 137 137 136 135 134 134 134 134 134 134 134 135 139 141 141 141 141 139 134 134 134 134 134 134 134 134 134 134 134 134 134 134 134
143 143 143 143 142 137 134 134 134 134 134 134 134 134 135 135 134 135 134 135 138 139 141 143 144 144 143 142 142 142 141 140 139 139 138 138 137 137 136 134 134 134 134 134 134 134 134 134 134 134 134 134 134 134 134 134 136 138 139 139 140 140 140 140 139 139 139 139 137 136 135 134 134 134 134 134 135 135 139 141 142 141 141 140 138 135 134 134 134 134 134 134 136 135 134 135 134 134 134 135
143 142 141 140 137 134 134 134 134 134 134 134 134 134 134 134 135 140 141 138 135 139 140 143 144 144 143 142 142 141 141 140 140 139 138 137 136 137 135 134 134 134 134 134 134 134 134 134 134 134 134 134 134 134 134 134 134 137 140 139 141 140 140 140 140 140 140 138 137 136 134 134 134 134 134 135 137 140 141 141 142 142 142 141 138 135 134 134 134 134 134 134 135 136 139 140 137 134 135 139
143 142 139 136 135 134 134 134 134 134 134 134 134 134 134 134 134 141 145 142 138 139 139 142 143 143 143 142 142 141 140 140 139 138 138 136 136 137 135 134 134 134 134 134 134 134 134 134 134 134 134 134 134 134 134 134 134 137 140 140 140 140 140 140 140 140 139 138 137 136 134 134 135 137 138 138 138 139 140 140 141 141 141 140 139 135 134 134 134 134 134 135 139 141 142 141 139 134 136 141
144 143 139 136 135 134 134 134 134 134 134 134 134 134 134 134 134 138 146 141 138 139 139 141 142 143 142 142 141 141 140 140 139 138 138 136 136 137 135 134 134 134 134 134 134 134 134 134 134 135 134 134 134 134 134 134 134 136 139 140 140 140 141 140 139 139 138 138 138 136 134 134 134 135 136 136 137 139 139 139 140 140 141 141 140 136 134 134 134 134 135 139 142 142 142 141 139 134 138 141
143 143 139 136 134 134 134 134 134 134 134 134 134 134 134 134 134 134 139 135 140 140 141 140 142 142 142 141 141 140 139 140 141 138 137 136 137 138 135 134 134 134 134 134 134 134 134 134 134 135 135 134 134 134 134 134 134 135 137 138 139 139 140 141 141 139 139 138 137 136 134 134 136 137 137 137 138 138 138 139 140 141 141 141 138 135 134 134 134 134 137 139 140 141 141 141 138 134 136 140
143 141 136 135 134 134 134 134 134 134 134 134 134 134 134 134 134 134 135 137 140 140 141 141 142 142 142 141 141 141 140 140 140 138 137 137 138 139 135 134 134 134 134 134 134 134 134 134 135 136 136 134 134 134 134 134 134 134 137 138 139 140 140 141 141 140 140 138 137 137 134 134 136 137 138 138 138 138 138 138 139 140 141 140 138 135 134 134 134 134 136 139 140 140 139 139 138 136 134 136
142 139 135 134 134 134 134 134 134 134 134 134 134 134 134 134 134 136 140 139 140 139 140 140 141 141 142 141 140 140 139 139 139 137 138 139 139 139 134 134 134 134 134 134 134 134 134 134 136 137 137 135 134 134 134 135 136 135 138 139 140 141 141 140 140 140 140 139 138 138 135 134 135 137 138 139 140 139 138 138 138 140 140 139 138 135 134 134 134 134 136 139 140 139 140 141 140 137 135 134
137 136 134 134 134 134 134 134 134 134 134 134 134 134 134 134 134 138 140 139 141 138 136 138 139 140 141 140 139 139 139 139 138 139 139 139 138 138 134 135 135 136 135 134 135 134 135 137 137 137 137 136 134 134 134 136 137 138 139 139 140 141 141 140 140 139 139 140 138 137 135 134 135 138 138 139 139 138 138 137 138 139 138 138 136 134 134 134 134 134 137 139 139 140 140 141 141 138 137 134
135 134 134 134 134 134 134 134 134 134 134 134 134 134 134 134 134 135 136 137 137 134 135 138 139 139 140 140 140 139 139 139 139 139 139 138 138 137 135 137 137 137 137 137 136 134 136 137 137 136 135 135 134 134 134 135 137 138 138 139 141 141 140 140 141 140 139 139 138 137 134 134 135 137 139 138 138 137 137 137 137 137 137 136 135 134 134 134 134 135 138 139 140 140 141 140 140 139 138 136
136 134 134 135 136 134 134 134 134 134 134 134 134 134 134 134 134 134 134 134 134 137 135 138 138 139 139 140 139 139 139 139 139 138 138 137 138 137 134 135 137 137 137 137 136 134 136 137 135 134 135 135 134 134 134 134 135 135 138 139 142 141 139 139 140 141 140 138 138 136 134 134 135 138 138 137 136 136 136 136 135 135 135 135 134 134 134 134 134 137 139 139 140 140 140 140 140 140 140 138
136 134 134 135 137 135 134 134 134 134 134 134 134 134 134 134 134 134 135 137 137 139 135 136 138 139 139 139 139 139 139 139 138 138 138 138 138 135 136 136 135 136 137 137 136 134 135 136 134 135 136 137 134 134 134 134 134 134 137 138 140 140 139 138 138 139 139 138 136 134 134 134 134 136 136 134 134 135 135 136 135 135 135 136 134 134 134 134 135 137 138 139 141 140 140 140 140 140 140 138
135 134 134 135 136 135 134 134 134 134 134 134 134 134 134 134 135 136 138 138 139 140 140 135 137 138 138 138 139 138 139 138 139 138 137 137 135 136 134 137 136 135 137 137 136 134 134 134 135 136 137 136 134 134 134 134 134 134 136 137 138 138 138 137 136 137 136 136 134 134 134 134 134 134 135 135 135 135 135 135 135 135 136 136 134 134 134 134 135 138 139 140 141 140 140 140 139 138 138 136
134 134 134 134 134 134 134 134 134 135 135 135 135 134 134 135 136 138 138 143 150 156 143 139 135 138 139 138 138 139 138 138 137 139 139 138 139 139 138 137 137 135 136 137 137 136 135 135 136 137 137 135 134 134 134 134 134 134 134 135 135 135 137 140 134 135 134 134 134 134 135 136 135 134 136 135 134 136 136 135 135 136 139 136 134 134 134 134 134 136 137 139 140 140 140 139 139 137 136 134
134 134 134 134 134 134 134 135 138 139 139 140 139 135 135 137 138 139 147 156 164 161 143 143 136 137 137 137 139 137 137 137 138 138 139 137 138 138 138 139 138 137 136 137 137 137 137 137 137 136 135 134 134 134 134 135 135 134 136 138 134 134 134 134 134 134 134 134 134 135 136 137 135 134 135 136 136 136 136 136 135 138 137 134 134 134 134 134 134 134 137 139 140 141 140 140 140 139 137 134
136 136 137 137 136 137 139 140 140 141 140 140 138 134 135 138 140 145 148 152 156 151 142 141 142 141 142 139 138 138 138 138 138 138 138 138 138 139 137 137 138 138 136 137 137 137 137 136 135 135 134 134 134 134 136 136 137 136 137 138 135 134 134 134 134 134 135 135 134 134 135 135 134 134 134 135 136 136 136 136 137 138 136 134 135 135 134 134 134 135 138 139 141 142 142 141 141 139 135 134
137 139 141 140 139 140 141 141 141 140 139 137 137 134 135 139 142 143 143 145 143 140 137 137 137 139 139 138 138 138 138 138 138 138 138 138 137 138 137 137 137 137 138 137 137 137 136 134 134 134 134 134 134 134 137 138 137 137 139 138 135 134 134 134 134 135 137 136 135 134 134 134 134 134 134 134 137 137 137 138 139 138 137 136 137 137 137 137 136 137 140 142 142 142 142 143 142 141 136 136
139 141 143 142 142 142 142 141 140 139 138 137 135 134 134 137 139 138 138 142 139 135 138 138 138 139 139 139 139 138 138 138 138 138 138 138 138 137 137 138 137 137 137 139 138 137 135 134 135 135 134 134 135 140 141 139 138 139 140 139 137 136 135 136 137 138 141 138 135 134 134 134 134 134 134 134 137 139 140 140 140 138 138 138 138 139 139 138 137 140 141 142 143 144 144 144 142 140 137 139
142 143 144 143 143 142 141 140 140 138 138 137 138 134 134 134 138 138 139 140 142 137 138 138 139 139 139 139 140 139 139 140 139 140 140 140 139 138 137 138 138 138 137 138 139 138 137 135 136 137 137 136 137 140 139 140 139 140 141 140 140 140 139 141 141 140 142 139 139 136 137 137 138 137 135 134 134 138 140 141 142 140 141 140 139 140 141 140 138 141 142 143 144 144 144 144 143 143 141 140
144 145 144 143 143 142 141 140 139 138 138 138 136 135 135 135 137 140 140 139 141 143 140 140 141 141 142 142 143 143 142 142 142 142 142 142 141 140 140 140 139 138 138 138 138 138 140 141 143 144 144 145 138 139 140 139 140 141 142 141 142 143 142 144 143 141 143 141 141 140 141 141 141 140 137 137 136 141 142 142 142 141 143 142 141 141 142 141 140 142 143 144 144 144 144 144 144 144 145 143
145 145 145 145 143 142 141 141 140 139 139 139 139 140 139 140 141 143 142 143 144 147 147 148 148 149 149 149 150 150 151 150 150 150 150 150 149 149 148 147 146 144 143 141 140 140 139 141 142 145 145 141 140 138 140 140 141 142 143 143 143 145 145 145 144 142 144 143 143 142 143 143 141 139 142 141 137 142 143 143 143 142 143 144 142 142 143 142 142 142 143 144 144 144 144 144 144 145 145 144
146 147 148 150 148 147 146 147 145 145 147 147 147 148 149 149 152 151 151 153 155 157 158 158 159 159 160 161 162 162 164 164 163 163 163 163 163 162 161 160 159 157 156 153 150 146 144 142 148 141 141 138 140 140 140 141 142 143 145 145 143 144 146 146 145 145 145 144 144 145 145 144 143 140 142 140 139 143 143 144 144 144 144 145 144 143 144 143 143 143 142 144 144 145 145 145 144 144 145 144
152 155 156 157 157 157 158 158 156 157 157 157 157 158 160 162 160 163 162 165 167 169 170 170 171 171 172 174 174 176 177 179 179 179 180 179 180 178 177 177 177 175 173 170 166 162 157 153 150 143 142 138 139 141 141 141 142 143 143 145 145 145 146 147 146 147 147 145 146 145 146 146 144 141 142 139 142 143 144 145 145 145 145 146 144 144 144 144 144 143 143 145 144 145 145 145 145 145 145 144
167 167 169 167 169 172 173 172 171 171 170 169 169 171 173 174 172 176 174 178 179 182 183 184 186 187 189 194 202 204 210 209 206 206 209 210 209 206 204 204 201 199 195 191 189 184 177 167 158 151 144 142 141 142 143 142 143 143 144 145 147 146 147 147 147 147 147 148 146 146 146 145 144 143 143 141 144 144 145 146 146 146 146 146 145 146 146 146 144 143 143 144 145 145 145 146 146 146 145 145
176 181 183 179 182 190 193 192 194 197 188 187 186 185 188 189 186 186 186 192 207 212 218 223 224 226 227 232 237 233 231 228 222 216 218 219 222 221 222 223 219 218 210 198 196 187 181 170 164 156 146 146 144 144 142 144 144 145 144 145 146 147 148 148 148 148 147 148 148 147 146 145 143 142 143 143 143 145 145 146 146 146 147 148 146 147 147 146 145 144 144 144 145 145 145 146 145 145 146 146
178 184 187 194 196 204 210 215 220 224 225 225 225 226 231 234 232 231 239 238 246 247 240 232 231 228 224 223 224 220 215 210 204 200 203 199 202 203 204 206 209 205 195 186 176 170 166 162 157 152 150 149 148 147 145 144 146 146 146 146 147 149 149 149 149 149 148 148 147 147 146 145 143 144 144 144 142 145 146 147 147 147 148 148 147 148 148 147 146 145 145 145 145 146 146 146 147 147 148 149
186 193 202 211 209 214 227 234 241 247 251 253 255 256 256 257 253 245 237 233 233 228 220 212 209 209 204 204 200 198 198 198 191 193 198 195 189 193 192 196 200 198 198 193 176 172 170 164 161 156 153 152 152 150 148 143 146 147 147 147 147 149 150 150 150 150 149 149 148 147 146 145 145 144 145 145 143 144 147 147 148 148 148 148 148 149 149 148 147 146 146 147 147 146 149 150 152 153 156 158
198 206 217 219 221 225 232 237 241 246 251 252 249 245 242 232 230 220 214 214 215 211 201 196 189 188 187 188 185 184 190 189 185 187 190 190 185 189 190 188 193 195 191 189 186 186 177 168 159 156 153 152 153 152 151 146 146 149 148 148 148 148 150 151 151 150 150 149 148 147 146 145 146 145 145 147 146 144 146 148 149 149 149 150 149 149 149 148 148 148 149 151 151 152 156 160 162 164 164 164
203 212 218 219 219 224 229 230 227 235 236 232 221 220 218 209 211 205 198 200 197 195 187 180 176 174 174 178 175 177 181 179 180 184 185 184 183 183 188 184 188 189 188 188 191 190 178 173 167 160 155 151 150 149 148 145 145 148 150 151 150 149 151 152 153 152 150 150 149 148 148 147 147 145 146 147 147 146 146 149 150 150 150 150 151 151 151 150 151 152 154 155 157 161 165 167 166 165 162 159
205 212 215 211 207 214 218 217 208 216 216 207 199 200 200 196 193 190 187 192 186 181 179 171 168 168 167 171 171 172 176 175 176 175 178 178 177 180 179 180 183 184 187 190 188 183 175 170 166 161 155 152 151 147 146 146 148 150 150 151 152 151 150 153 154 153 152 152 152 152 151 150 149 148 147 148 148 147 147 148 150 151 152 152 152 153 154 156 157 159 162 160 162 167 168 167 166 164 162 160
202 207 208 204 196 202 201 203 195 196 196 189 184 184 184 184 180 178 178 180 179 174 174 167 167 170 171 172 170 170 170 171 172 172 172 172 173 175 176 181 185 189 190 191 184 178 178 169 162 155 153 151 149 147 145 146 148 150 152 152 153 154 152 153 156 158 158 159 160 159 158 157 156 155 153 153 152 149 148 149 150 152 153 153 153 155 160 163 165 167 168 165 167 168 169 168 166 165 162 163
197 198 195 191 184 188 184 187 185 179 174 173 173 173 172 175 172 169 170 169 173 168 167 165 173 181 180 182 178 178 177 179 177 177 179 177 176 174 174 177 182 184 186 188 188 180 175 168 163 154 150 149 148 146 147 148 149 151 151 153 154 155 156 153 156 165 167 167 167 167 165 165 164 164 163 162 157 151 150 150 151 151 153 154 154 159 166 171 171 170 166 167 169 169 169 168 166 165 165 164
188 186 182 176 175 173 173 176 178 174 167 163 165 164 163 163 162 161 162 163 167 163 164 168 173 182 186 188 188 185 182 189 182 177 185 184 183 181 177 174 175 178 181 184 186 179 173 166 158 154 149 148 147 148 149 150 150 153 154 155 157 158 161 157 155 161 171 173 173 173 172 171 171 171 169 164 157 155 153 151 154 156 155 152 154 163 167 170 170 168 167 169 172 170 169 168 168 168 167 165
175 170 169 168 173 170 166 169 171 168 158 156 157 156 156 157 157 156 158 159 160 160 166 172 176 177 178 184 191 190 192 196 186 179 185 187 188 185 184 179 175 176 180 185 180 177 171 164 160 154 149 148 149 149 152 151 152 152 154 158 161 162 167 166 159 157 167 175 177 186 178 176 175 173 164 160 162 164 158 153 155 161 164 158 153 157 166 168 169 171 171 171 172 171 170 170 171 172 170 167
162 159 163 168 168 164 161 165 167 162 153 155 158 161 163 168 168 166 163 163 163 161 161 164 170 174 172 176 180 178 185 192 188 182 183 188 192 191 193 186 180 175 178 184 183 176 172 164 158 154 150 150 150 152 154 156 155 155 152 159 166 166 171 173 166 157 162 173 184 197 186 178 176 171 167 168 168 170 162 155 154 162 168 167 158 155 159 167 171 172 173 173 173 172 171 173 175 175 173 169
156 159 160 162 162 158 160 162 162 155 152 157 163 167 167 172 175 172 169 167 168 168 167 162 162 164 169 171 173 175 178 186 189 185 186 187 193 195 195 191 184 177 176 183 186 182 175 164 157 153 152 154 154 156 160 162 160 158 154 161 170 171 173 178 172 160 159 169 184 189 182 178 175 169 172 173 174 175 166 158 155 155 162 168 166 160 157 157 161 167 174 175 175 174 174 176 178 178 177 176
155 155 154 156 157 154 158 159 153 154 156 155 155 162 170 175 177 175 173 174 172 175 172 167 166 162 166 166 171 177 179 182 187 187 187 188 190 189 189 186 186 182 176 177 182 184 177 167 159 155 157 159 158 161 165 168 161 154 154 161 172 174 177 179 175 164 159 161 168 175 181 176 172 168 171 173 172 173 170 164 158 153 156 164 169 169 165 164 162 160 170 177 178 178 179 181 183 183 187 189
151 152 149 150 150 151 152 152 152 158 163 164 160 157 167 171 175 180 182 181 177 179 177 171 167 166 164 163 167 170 171 172 178 183 186 181 182 184 185 183 184 181 176 173 174 176 170 164 160 160 163 165 160 166 172 169 157 156 157 158 170 177 179 180 175 164 161 160 161 163 173 179 175 172 172 168 161 161 161 160 156 155 156 162 169 173 174 175 175 163 163 175 182 187 191 193 193 187 193 200
147 148 151 150 151 150 150 152 158 161 165 168 163 155 160 164 171 178 185 184 183 183 174 170 172 173 169 164 164 168 172 172 174 179 179 176 174 180 179 179 184 184 179 173 168 167 166 165 165 167 170 167 163 172 173 167 158 160 161 162 164 167 172 169 167 164 163 162 162 163 169 179 178 174 171 165 161 163 161 160 159 161 160 162 170 177 182 186 186 174 163 166 181 196 206 209 204 195 193 203
154 152 155 158 157 156 156 159 164 168 167 170 165 161 157 157 164 168 177 180 186 185 178 174 173 174 171 169 165 167 170 170 170 172 172 172 171 172 173 173 178 188 183 173 176 176 174 173 173 175 176 169 166 175 171 162 158 161 163 165 168 167 167 166 167 169 168 165 162 163 166 176 179 170 164 163 165 168 165 166 166 164 162 164 171 178 186 194 197 184 168 163 176 197 217 226 218 207 204 202
163 157 153 163 164 159 160 164 167 172 171 173 169 166 163 157 162 165 170 177 188 189 182 177 174 172 172 171 166 165 167 167 167 168 168 170 169 170 171 172 175 182 185 176 180 181 178 179 181 177 183 178 164 172 168 164 162 162 164 167 171 168 169 171 172 179 177 169 162 164 165 169 172 167 165 167 170 174 173 172 172 168 169 170 171 180 189 195 195 176 170 164 170 186 215 235 236 225 218 213
164 158 153 157 164 165 164 170 173 172 177 179 175 170 164 160 161 164 167 172 180 185 179 174 172 173 172 170 166 168 166 166 167 168 169 171 171 171 172 173 177 182 184 179 179 183 182 182 182 181 183 183 166 172 172 166 165 166 168 169 171 172 175 177 176 184 184 172 163 165 168 168 167 166 167 169 172 176 179 176 175 173 177 178 176 180 190 195 188 182 182 168 168 180 199 231 246 248 238 223
159 156 156 156 163 168 166 174 179 176 175 179 177 172 165 159 159 161 162 165 173 174 168 167 169 172 171 170 167 169 170 168 168 168 170 170 171 173 175 176 177 184 186 183 180 181 183 182 182 179 176 175 169 177 175 169 170 170 171 174 176 176 181 182 181 185 186 174 164 166 169 172 170 172 173 173 174 175 179 181 180 179 184 186 184 186 191 194 190 190 195 177 167 174 194 226 247 257 256 237
165 158 163 159 162 171 173 173 182 185 179 180 179 174 166 159 161 161 160 162 165 165 163 165 168 172 172 172 168 169 173 173 173 171 172 172 172 173 175 177 179 187 192 189 184 182 182 183 184 185 184 177 171 178 176 174 174 175 178 180 180 180 180 179 175 181 180 171 168 172 173 176 177 178 180 179 180 181 181 184 187 187 188 191 191 193 194 198 196 193 203 192 173 169 185 207 232 249 256 253
163 162 163 164 163 173 181 183 188 192 184 181 172 166 161 159 164 163 162 162 162 164 165 168 170 173 174 174 172 168 173 178 179 178 176 174 173 173 174 175 177 182 192 194 190 185 184 186 186 187 187 185 174 177 182 180 181 180 184 186 183 179 176 174 171 173 175 167 173 181 181 183 184 185 186 186 187 186 187 185 191 194 196 197 198 200 201 203 201 196 205 202 182 169 173 182 193 208 221 233
169 169 163 168 163 168 179 182 187 192 179 171 168 160 159 162 166 165 164 165 167 171 171 173 174 177 179 179 175 171 170 171 176 178 177 175 173 174 175 175 176 179 183 188 191 190 187 190 190 189 189 187 183 177 188 186 187 187 190 191 183 178 175 174 174 171 169 168 173 186 189 191 191 193 194 194 195 195 194 190 194 200 203 203 205 206 207 208 204 203 209 202 177 172 174 173 176 180 186 193
178 175 167 169 166 167 171 173 178 186 180 168 161 160 163 165 170 168 168 171 172 175 179 181 181 182 186 186 180 175 173 172 172 173 177 179 178 177 178 177 178 181 185 189 193 194 191 192 195 193 193 192 188 179 184 192 194 194 196 192 185 179 176 179 180 182 181 172 169 184 192 198 199 199 202 203 202 202 201 195 203 202 209 210 211 212 213 212 206 209 210 186 173 175 182 184 180 178 176 182
180 173 168 171 171 172 175 176 179 177 168 162 161 164 167 169 171 170 174 176 177 178 181 186 188 190 192 191 185 177 176 173 173 175 176 179 179 180 181 180 180 181 186 188 195 197 195 195 198 197 192 190 188 182 181 192 201 201 197 187 181 179 179 183 186 189 189 179 171 180 195 202 204 205 207 209 210 212 209 202 208 209 211 216 217 217 217 216 210 214 206 177 180 180 181 181 186 192 186 178
177 175 173 171 174 176 173 168 168 168 163 162 164 166 172 173 173 173 176 179 182 187 187 190 190 189 188 185 179 176 176 176 175 175 176 178 180 182 182 185 183 182 184 186 190 191 191 195 198 194 186 184 185 185 188 191 201 203 192 186 181 182 185 186 192 195 195 189 178 172 194 208 210 212 214 217 220 221 217 214 210 217 214 221 223 224 224 221 215 218 204 178 181 189 196 191 183 199 203 186
188 184 178 176 179 180 170 167 166 165 164 163 165 168 172 174 176 175 174 176 183 191 188 186 185 182 180 178 178 178 179 179 177 177 180 182 182 184 187 188 188 185 184 186 187 188 190 190 193 190 186 190 190 192 195 193 197 196 191 186 182 187 189 188 196 200 198 198 187 172 180 202 215 219 221 227 229 228 226 223 216 224 222 225 227 226 225 222 223 223 206 180 181 193 205 204 187 201 217 199
198 192 184 179 186 180 169 170 170 167 165 165 165 167 170 175 180 175 172 174 178 185 181 183 184 181 179 179 179 180 181 181 179 177 179 183 187 187 187 189 192 192 189 187 188 194 196 195 192 190 190 191 195 198 197 197 196 194 189 185 189 193 194 191 199 203 202 204 194 175 175 183 204 220 225 227 232 232 231 230 222 228 230 230 233 232 228 228 229 221 200 180 186 202 211 214 190 201 228 219
198 190 185 182 189 175 172 173 171 168 166 166 167 168 168 171 174 172 172 173 174 176 177 179 180 180 181 182 181 183 184 183 179 179 179 180 188 192 189 191 195 198 197 192 189 198 203 202 198 195 194 191 197 201 200 199 198 195 188 191 196 198 198 195 200 206 206 209 204 180 176 189 192 199 210 217 227 232 234 234 228 233 236 236 239 240 235 234 219 190 183 187 197 214 221 223 196 196 226 237
204 196 194 190 194 176 176 176 175 171 167 167 167 169 173 172 170 172 175 178 177 179 178 179 180 181 182 183 185 187 186 184 181 182 183 184 187 194 198 195 196 202 204 198 190 198 206 208 205 199 194 194 199 204 203 200 195 191 191 196 200 202 201 199 204 206 207 209 207 180 179 196 208 206 206 216 226 234 235 237 235 239 239 239 245 245 241 229 194 186 193 202 214 228 234 232 210 194 208 235
211 209 205 194 183 178 181 181 173 170 168 168 168 170 178 181 176 173 178 185 186 187 185 182 182 184 184 184 188 189 187 184 184 186 187 189 190 192 197 201 204 207 206 195 191 203 209 211 211 206 197 200 204 207 202 196 193 198 196 200 204 205 201 203 207 208 210 212 206 177 180 188 201 216 220 224 227 231 238 240 241 243 243 242 246 247 236 206 187 198 208 211 227 241 243 240 229 203 200 221
226 211 206 193 184 184 183 175 172 171 170 169 169 174 178 179 176 173 178 183 188 194 193 188 188 191 189 187 191 190 188 187 188 189 193 195 196 196 200 203 206 211 205 195 197 201 207 211 214 211 204 205 206 205 197 198 199 202 200 202 205 205 205 207 209 211 212 215 202 178 186 191 194 197 217 232 237 239 238 242 243 246 247 246 247 243 218 193 193 210 225 229 236 249 248 246 220 203 210 210
215 203 192 189 187 183 178 174 174 176 173 171 170 173 174 174 175 174 178 185 188 195 200 197 199 197 187 191 194 192 192 192 194 193 197 200 202 202 204 208 208 208 201 200 205 200 201 207 212 213 210 211 208 202 202 203 203 205 205 207 208 209 209 211 214 214 214 210 189 179 195 200 207 204 199 214 234 238 242 243 247 249 251 250 249 235 210 191 202 220 239 247 249 253 250 238 208 210 225 226
206 204 191 187 184 178 175 174 177 179 174 175 172 171 172 174 176 177 175 182 185 190 198 201 204 198 189 192 196 196 198 198 200 198 199 205 207 208 209 211 212 207 199 209 213 206 204 205 207 210 216 217 208 202 209 208 208 209 210 211 213 214 215 217 220 218 207 189 182 180 198 213 217 216 210 207 216 232 243 247 249 252 253 254 248 243 222 192 202 212 233 252 258 256 244 215 215 219 229 237
202 200 191 189 181 178 178 178 178 181 175 180 175 174 176 179 181 182 178 183 189 190 192 197 203 201 195 193 200 202 203 203 205 204 201 206 211 213 215 215 215 205 207 216 214 209 211 210 210 212 215 217 209 204 214 215 214 215 217 217 221 222 222 224 223 199 186 191 196 185 187 218 226 228 225 219 214 227 244 250 252 254 256 256 253 246 220 193 203 212 222 249 260 254 225 214 229 235 233 243
206 202 192 187 181 181 182 180 179 183 177 180 180 179 181 184 186 188 184 179 192 196 198 204 211 207 200 193 203 207 208 209 210 210 209 208 211 217 220 220 219 207 212 220 216 216 217 214 215 219 222 222 212 206 216 221 222 222 223 222 227 229 229 229 209 188 200 209 207 191 183 208 235 237 238 234 223 233 239 250 255 257 259 259 247 213 195 199 210 223 228 248 259 237 219 225 233 246 240 251
205 208 203 191 187 184 181 179 181 185 182 183 185 182 186 189 194 197 193 181 183 197 204 213 222 214 204 195 197 208 214 215 216 217 217 218 215 217 221 225 224 211 211 224 222 222 221 219 223 226 230 230 212 215 221 228 230 230 229 227 234 235 234 219 192 195 207 223 218 196 184 196 233 243 245 245 235 233 246 251 256 259 262 257 228 202 202 214 218 234 241 252 244 223 235 242 239 253 247 259
198 204 206 202 193 187 182 182 183 186 187 190 189 187 189 196 201 207 204 194 184 185 198 208 217 214 208 201 202 198 208 221 224 224 225 226 225 224 224 230 230 221 208 222 229 229 226 226 230 233 238 235 211 223 227 234 238 238 234 235 239 241 229 195 199 208 222 236 225 200 186 192 220 246 251 252 251 243 243 252 261 264 265 259 226 204 200 223 237 248 257 260 233 233 252 256 249 263 257 265
201 200 205 208 202 193 185 185 187 187 191 194 193 194 192 198 205 213 212 208 191 185 204 214 218 219 216 205 212 210 202 207 225 233 235 236 235 234 231 233 237 229 212 211 222 234 233 233 237 240 244 232 211 228 237 237 246 246 242 244 247 242 204 197 205 217 238 246 225 200 187 189 198 224 245 257 261 260 259 257 263 269 268 246 219 213 201 213 248 266 270 267 238 228 251 264 260 274 273 274
204 204 204 207 209 198 188 187 190 191 194 198 197 200 201 200 204 212 216 213 187 192 211 223 226 228 225 213 213 221 217 206 206 228 242 246 246 243 239 237 241 227 223 223 213 229 241 241 245 248 244 217 215 232 246 245 253 254 250 253 254 221 196 204 214 227 246 249 223 198 188 197 202 197 204 232 255 268 270 270 269 273 266 236 234 221 205 203 233 269 279 269 245 238 236 264 266 281 284 279
203 206 206 207 210 200 191 191 192 196 196 200 202 203 208 208 205 212 215 207 185 199 218 231 234 234 229 224 217 222 229 222 210 208 228 245 250 249 244 242 246 233 235 234 218 225 248 251 253 247 221 219 221 229 250 255 257 262 259 262 249 204 203 204 216 235 258 258 226 197 190 196 205 204 198 202 213 242 267 278 280 280 270 251 247 224 205 204 219 259 282 271 263 248 235 260 271 281 288 266
191 201 207 208 209 200 197 197 198 201 203 202 207 208 213 214 212 213 218 207 187 203 225 237 239 235 233 233 227 227 232 236 227 213 209 220 240 250 248 248 250 241 243 246 225 221 247 259 261 235 218 225 229 227 244 265 262 268 268 267 231 201 204 208 212 229 259 260 224 194 193 196 205 207 202 206 208 211 236 268 286 289 280 267 255 220 204 206 216 248 279 280 270 245 238 260 277 284 285 243
179 193 206 208 206 203 203 204 205 206 209 207 211 214 217 220 219 217 223 210 191 192 214 235 241 240 240 238 233 237 233 241 241 229 216 211 216 239 252 255 256 248 247 256 238 221 224 247 262 231 225 230 233 234 236 265 270 270 275 263 220 204 202 213 223 233 259 262 226 194 199 199 207 212 208 213 215 210 215 236 268 291 294 285 257 212 207 210 215 242 279 290 276 244 242 267 288 292 280 232
173 180 197 199 194 199 204 209 212 213 214 215 212 219 222 225 225 223 230 220 199 189 193 202 216 234 244 245 243 243 244 241 250 244 232 226 215 215 232 252 260 253 252 260 254 235 223 229 256 236 223 238 239 239 237 263 280 279 280 258 219 207 202 210 228 245 266 269 223 196 205 207 213 220 215 220 222 218 213 216 235 273 301 291 236 209 208 214 218 234 274 295 282 247 240 262 293 302 273 231
182 175 180 184 201 207 208 211 214 218 220 223 220 219 227 231 232 230 235 232 205 193 196 195 196 206 230 248 251 251 252 246 252 256 252 243 225 217 215 228 257 261 265 266 267 247 233 227 254 245 225 233 246 247 245 248 271 288 288 265 223 214 206 206 221 247 271 265 210 197 207 215 222 228 224 224 230 226 219 220 220 242 281 276 218 213 215 212 219 228 253 287 285 254 242 253 284 299 271 236
192 184 176 179 200 212 215 218 219 220 225 228 228 220 227 234 236 236 238 229 197 201 210 208 200 196 206 224 246 257 259 257 253 260 264 253 229 229 224 218 245 266 273 276 277 264 240 227 247 251 233 226 241 254 262 263 263 287 297 275 235 222 212 206 215 234 265 260 210 199 206 214 224 235 237 235 236 233 229 229 225 227 249 248 216 217 223 217 215 221 229 249 268 260 246 250 262 280 264 240
202 199 181 178 194 212 221 225 227 226 230 234 232 225 228 236 240 241 238 203 201 213 224 222 212 200 199 209 223 253 266 268 266 264 268 261 240 241 235 220 232 263 276 282 285 280 244 227 239 250 239 226 233 249 271 283 281 287 305 289 255 228 214 209 214 223 248 255 215 201 204 208 219 237 249 251 247 242 242 241 235 228 242 245 222 216 224 225 219 219 222 226 237 256 258 252 258 272 265 249
209 207 185 178 190 209 224 231 234 233 234 239 237 235 237 241 246 247 232 200 204 215 230 235 225 206 198 205 214 229 253 268 273 275 276 276 259 253 245 222 228 244 263 280 289 284 243 228 235 247 243 229 229 238 261 294 303 299 314 306 269 225 211 212 219 224 239 251 221 202 207 211 216 230 252 263 263 258 255 252 245 234 242 247 226 217 220 228 230 230 228 229 231 248 264 264 263 275 274 260
217 211 189 178 188 209 227 236 240 239 239 244 243 243 246 249 252 253 229 203 207 212 227 243 236 210 200 202 209 211 214 223 240 264 279 286 281 271 251 223 227 240 257 278 291 287 247 231 234 241 244 233 230 237 248 280 312 318 322 310 264 222 213 215 220 230 243 252 226 207 210 212 217 225 237 260 274 273 265 254 243 239 251 252 232 222 223 224 236 241 239 238 236 240 261 272 272 280 283 269
223 209 189 179 187 206 229 240 244 244 247 250 249 250 254 256 258 252 221 202 206 210 219 237 239 211 208 204 205 208 214 217 216 224 251 279 288 278 250 225 227 229 239 255 277 280 251 234 235 239 245 239 232 238 249 264 297 323 321 281 248 219 217 219 221 227 241 251 225 208 216 218 217 221 228 240 267 279 269 248 241 248 260 257 237 226 231 227 234 247 250 248 246 242 251 271 281 287 290 275
225 206 185 180 184 198 221 235 242 245 249 250 251 254 259 262 262 251 215 205 204 207 213 223 229 211 214 212 206 214 221 225 225 221 223 242 266 268 244 227 232 233 232 236 246 259 250 236 238 243 250 246 237 236 245 256 272 298 300 247 220 224 227 223 228 230 236 246 223 219 215 220 227 229 230 234 247 274 275 259 250 255 264 260 245 236 233 232 233 250 259 260 258 254 249 265 281 292 294 281
231 206 183 182 184 186 195 202 211 227 227 228 238 253 259 262 261 240 209 209 210 209 212 220 225 216 214 217 211 210 217 223 226 226 222 227 242 255 248 231 231 236 239 239 241 250 251 241 240 249 255 251 240 237 241 249 260 275 274 239 224 236 237 231 232 240 241 246 225 224 232 223 224 237 243 245 249 263 276 271 262 265 265 255 245 241 242 233 238 248 261 269 270 267 259 259 276 291 292 278
236 204 184 183 193 189 187 191 197 204 206 208 216 229 235 243 253 243 216 209 215 216 215 220 228 223 213 218 217 214 213 218 224 228 228 226 237 252 252 239 231 234 240 244 248 252 255 249 242 248 257 256 245 242 244 246 254 267 266 244 227 241 248 243 238 242 252 253 237 219 239 242 234 227 231 237 244 252 267 276 273 272 268 258 254 254 249 235 242 253 259 270 280 279 273 266 282 295 292 273
237 201 186 181 193 198 195 193 192 195 198 201 206 211 215 222 232 236 222 210 215 220 223 226 232 229 217 219 223 222 217 219 225 232 233 230 233 246 252 244 235 235 238 243 249 256 260 254 245 248 256 259 252 248 249 254 256 264 260 242 234 244 256 256 251 246 256 262 251 221 229 252 252 246 243 240 246 240 252 275 283 278 268 264 270 267 245 250 254 249 260 273 285 290 286 276 292 303 299 285
225 197 189 184 187 200 204 204 199 198 201 200 204 211 217 224 231 235 228 214 212 219 225 230 234 232 224 219 226 227 225 223 227 234 238 237 236 243 250 244 240 242 242 244 249 256 262 256 252 252 259 266 262 257 253 262 266 269 264 243 242 254 260 266 263 258 263 265 233 229 241 247 266 265 261 257 266 253 245 273 288 287 278 276 282 271 243 259 271 269 261 265 285 297 298 286 301 312 308 297
216 203 197 188 184 198 209 210 207 200 204 206 206 206 211 219 229 235 230 218 215 216 218 224 231 236 233 226 226 232 234 231 230 240 245 246 242 248 254 248 248 251 249 250 253 259 266 262 261 260 262 272 270 266 259 268 276 276 261 239 245 257 267 275 276 274 274 259 224 234 259 261 267 281 278 272 277 251 258 270 290 296 286 290 288 261 247 271 287 287 281 273 274 291 308 302 310 321 315 306
236 215 204 192 184 195 209 212 209 204 208 214 216 214 211 216 226 235 231 223 219 222 220 223 230 239 240 236 229 234 241 241 235 242 252 255 248 256 262 255 252 260 259 259 259 269 274 269 273 271 267 278 279 270 266 274 282 279 249 246 265 258 265 278 286 288 285 257 230 231 253 277 276 289 293 287 282 249 262 284 296 304 297 299 292 261 246 281 297 302 299 289 294 286 306 319 322 330 322 298
240 222 213 195 185 193 204 210 214 212 210 218 224 222 218 220 229 239 238 229 224 228 227 225 229 238 246 247 240 234 245 250 244 245 255 264 257 261 271 265 259 267 271 270 265 277 283 277 283 281 275 286 285 275 280 278 288 276 246 270 282 277 274 277 290 296 291 269 232 247 234 272 292 297 304 300 274 257 270 268 294 313 311 308 299 269 246 263 280 301 311 306 311 305 302 328 337 333 299 290
207 209 214 194 186 191 199 207 214 218 215 219 229 230 226 228 233 243 244 238 230 232 235 233 232 240 251 256 251 239 247 257 256 251 263 271 267 263 279 277 272 271 283 281 274 280 291 287 293 291 283 294 289 283 291 288 295 285 248 270 293 293 290 291 298 292 273 256 233 260 240 253 292 309 313 300 258 277 296 294 283 313 324 321 307 265 249 260 265 274 312 325 328 322 313 333 348 332 303 326
212 201 199 192 186 196 203 206 212 221 225 223 231 238 235 238 242 251 254 248 237 235 243 243 242 240 255 263 260 244 249 263 267 261 271 281 278 267 285 291 286 279 292 291 288 295 297 298 303 299 290 301 300 294 303 302 303 286 255 251 282 303 307 308 305 266 242 245 250 262 240 238 263 308 319 288 257 287 311 317 304 303 332 331 303 260 250 271 286 269 290 328 341 337 328 342 356 343 316 340
218 206 196 190 186 197 209 215 218 224 233 235 235 245 247 247 252 261 264 257 251 241 248 253 253 246 259 270 267 250 254 259 274 278 275 292 291 276 286 301 302 294 299 305 299 310 309 309 315 310 299 311 312 304 314 313 284 266 263 253 262 290 319 323 313 261 258 291 286 248 243 271 264 291 323 287 257 266 297 326 327 311 332 332 288 261 253 259 287 281 273 300 331 311 280 297 346 355 329 347
218 208 201 200 188 194 208 217 225 230 238 246 247 252 259 259 263 270 273 270 265 249 254 263 263 254 267 278 273 256 268 271 274 291 285 300 301 287 283 307 317 311 311 316 310 321 323 320 327 323 311 321 324 317 324 308 278 293 269 262 287 271 314 334 320 265 255 301 303 258 243 272 295 297 326 290 261 274 276 307 340 337 334 315 282 261 254 255 281 291 278 272 280 246 233 255 302 312 320 326
213 208 212 210 196 188 201 213 222 233 243 253 259 263 269 271 272 276 279 281 277 259 258 271 273 262 276 287 280 260 271 285 282 299 300 308 314 299 295 311 327 328 327 328 329 331 338 336 338 337 328 327 336 330 328 294 301 273 259 293 312 284 292 331 313 259 262 291 317 281 245 250 272 316 333 299 263 275 292 289 334 344 320 274 259 258 265 264 275 278 277 251 233 229 228 242 251 250 260 251
222 219 218 206 199 192 194 221 230 234 244 254 264 271 273 270 271 270 275 285 284 271 267 275 283 277 275 294 289 274 277 293 296 306 316 318 326 322 317 324 333 329 333 340 343 344 347 349 351 350 346 342 347 344 317 310 326 277 262 313 333 322 290 304 310 261 288 315 326 288 252 269 258 287 332 308 266 274 293 305 322 315 282 263 265 268 273 275 267 232 242 236 214 218 222 218 223 226 222 219
219 217 210 212 214 199 191 218 227 225 234 243 257 273 274 257 245 248 265 277 279 273 276 284 293 294 283 299 300 289 294 301 312 317 327 333 338 338 338 338 329 302 321 342 350 345 339 356 357 354 355 358 360 355 332 342 334 282 265 283 328 344 332 299 295 266 297 333 317 271 254 278 274 268 314 312 269 272 282 294 305 283 268 268 274 279 273 263 239 216 210 208 209 215 220 215 215 217 214 211
216 215 220 224 214 197 192 205 215 227 243 258 266 272 271 254 227 236 240 237 242 253 261 275 296 306 303 303 312 302 310 316 320 320 322 322 329 341 351 350 324 287 291 318 334 309 317 346 339 313 337 364 369 369 365 359 310 278 282 272 291 337 354 335 300 273 287 325 305 265 269 274 287 270 296 313 288 275 274 278 292 285 276 279 286 288 268 232 218 212 208 207 206 211 214 212 212 212 211 210
227 227 232 229 221 197 192 207 226 237 251 267 269 254 251 240 222 225 228 233 240 257 273 276 285 311 319 317 322 317 324 325 310 293 298 311 328 349 358 348 321 283 278 283 293 281 298 298 292 296 337 357 363 370 373 360 297 303 300 291 280 310 360 353 314 291 274 297 298 283 288 280 294 277 281 281 275 286 275 261 270 270 252 259 262 263 290 262 227 212 209 208 204 205 205 209 209 210 212 214
238 239 239 233 216 195 192 200 214 233 252 260 255 232 221 221 219 221 229 238 246 252 264 282 288 313 327 325 329 332 334 328 291 296 321 338 354 364 344 295 283 279 275 283 287 278 286 279 289 297 307 304 308 332 368 358 309 343 315 312 294 299 360 367 339 308 275 272 257 244 260 251 275 261 244 231 230 250 242 225 220 219 212 215 214 233 262 238 225 219 211 207 208 210 208 203 204 204 212 218
242 238 231 220 200 192 194 197 201 212 228 215 216 217 215 214 218 223 229 241 251 265 279 289 300 319 324 301 313 332 334 324 286 277 308 349 365 366 321 279 268 269 274 284 287 273 276 274 286 296 284 293 301 317 358 368 355 370 348 340 319 298 357 373 358 318 279 251 231 215 217 219 224 224 221 218 217 216 215 213 211 208 205 204 206 214 226 224 246 244 221 212 211 214 217 209 194 202 217 221
