# 100 100
244 244 245 249 256 272 269 256 254 257 265 266 271 281 281 276 282 295 302 303 300 293 289 290 288 295 299 294 296 303 308 312 314 312 304 290 280 291 293 303 305 302 300 291 279 274 267 254 261 301 307 300 279 258 267 291 278 267 260 258 250 244 241 238 232 242 260 244 248 258 252 247 242 242 242 246 249 249 251 257 262 264 253 230 247 262 265 258 263 272 278 277 272 265 247 228 218 214 211 209
239 243 249 261 270 276 269 256 250 256 259 266 278 282 272 275 285 293 299 301 301 301 298 293 287 287 294 292 294 300 301 305 311 315 312 303 290 280 277 285 300 301 294 287 287 277 259 256 288 307 311 300 276 257 277 301 290 279 271 263 253 246 243 240 238 232 240 240 254 262 251 244 240 239 240 243 247 248 247 253 258 259 247 230 245 249 249 248 256 270 277 276 259 262 257 235 220 214 212 211
233 236 244 255 271 273 261 251 250 256 266 279 282 276 268 282 292 293 294 293 294 301 304 305 298 288 286 287 293 295 295 299 306 311 311 309 305 301 295 280 277 298 298 289 275 271 256 265 289 311 313 301 280 260 291 308 301 288 272 261 254 250 245 243 240 237 232 231 236 244 246 241 237 236 239 243 248 248 246 254 259 257 242 249 247 246 254 251 258 270 276 274 253 237 239 232 220 216 214 213
231 234 240 249 263 261 250 247 257 268 277 272 269 262 267 280 293 293 287 285 293 297 302 307 307 299 289 283 286 290 291 302 307 309 306 301 302 304 302 294 276 282 293 284 264 257 268 291 296 308 318 311 288 264 283 313 310 297 276 267 261 253 252 246 242 240 237 233 231 228 239 240 234 235 238 243 248 245 248 252 252 248 244 255 265 266 266 262 261 272 276 276 262 237 227 222 219 217 215 212
231 235 243 252 256 248 244 251 260 268 263 257 258 267 281 288 292 294 287 281 287 290 299 305 307 306 301 293 283 283 292 303 306 305 304 300 292 293 297 294 283 267 264 259 259 277 292 310 317 313 324 316 293 269 280 317 318 310 287 270 260 259 253 249 246 243 240 237 237 233 230 237 236 240 239 242 246 244 244 244 245 251 255 260 269 273 274 271 264 268 272 275 269 252 240 225 219 217 214 214
233 236 246 253 255 245 245 252 255 252 253 262 272 279 285 287 288 286 284 278 276 285 296 298 302 302 302 299 292 281 293 303 302 299 296 299 295 283 283 274 271 267 263 278 279 276 298 318 327 325 329 321 297 273 277 316 321 318 298 276 265 265 258 250 248 245 240 241 238 237 234 229 231 238 238 239 240 238 242 248 254 259 262 261 268 273 276 276 276 276 277 274 275 269 252 232 225 220 217 216
236 234 241 246 249 243 243 246 247 253 260 270 274 277 276 280 280 273 271 273 272 280 289 287 294 297 297 297 289 280 295 302 298 288 286 290 284 272 264 268 270 263 271 286 297 287 284 306 327 332 329 319 304 278 270 298 321 323 315 292 284 278 264 254 249 245 244 243 241 239 235 236 230 228 232 235 235 243 248 252 256 261 265 266 269 274 277 276 272 278 281 279 280 278 267 246 230 221 217 219
241 235 235 237 239 239 241 245 252 257 262 265 262 263 267 272 270 264 265 267 273 279 279 282 289 292 295 296 288 281 297 298 295 287 274 272 269 277 281 276 285 279 293 288 294 302 294 293 315 330 320 298 287 273 277 300 323 327 321 314 304 283 260 252 250 253 257 249 244 239 239 239 236 232 228 227 229 238 246 251 256 260 260 263 269 273 275 269 253 267 274 280 284 282 273 259 236 222 218 221
253 247 241 236 240 243 247 249 250 251 254 257 256 260 265 267 264 263 272 276 274 274 281 287 286 291 297 295 287 280 296 295 288 280 272 283 292 298 293 280 298 293 290 301 300 300 308 303 307 327 320 295 294 281 295 312 320 328 327 315 290 267 258 264 264 260 265 253 245 246 245 248 244 238 235 232 226 226 237 248 254 257 253 261 267 269 266 261 242 248 254 268 281 277 253 241 229 223 225 225
269 260 247 237 244 244 244 245 246 250 250 251 252 256 256 257 258 266 275 285 287 287 286 295 296 298 302 300 291 278 293 294 283 272 284 294 302 304 297 284 302 307 303 299 311 311 308 315 318 329 324 308 311 289 294 318 327 329 322 296 277 270 266 287 284 268 257 250 250 252 251 258 252 244 239 237 232 232 226 242 250 253 246 258 261 261 251 248 236 233 237 255 277 274 247 231 228 229 229 232
273 264 251 241 238 240 244 250 257 261 263 262 259 259 262 265 263 266 272 277 286 295 298 299 303 303 305 302 292 282 278 277 273 276 291 300 303 306 301 285 300 310 313 310 309 317 319 318 326 331 329 322 317 295 293 320 329 330 319 294 280 272 292 312 296 275 259 259 263 260 257 262 261 253 246 238 239 235 226 226 235 239 242 250 249 252 246 234 229 235 236 247 260 264 243 231 233 233 237 241
279 275 268 254 240 245 250 252 259 268 275 276 275 274 274 276 274 269 275 278 282 290 302 304 306 307 306 303 299 292 278 286 285 284 287 296 304 308 305 288 295 306 312 316 319 319 324 330 333 331 318 314 308 293 298 313 330 332 314 297 285 300 325 322 296 273 263 284 287 276 274 272 266 258 247 242 246 241 235 223 223 225 229 234 239 240 236 231 228 234 233 231 239 240 231 231 239 240 251 258
283 281 276 265 248 243 257 259 257 259 268 275 282 288 290 290 284 276 287 291 295 293 303 306 306 305 305 299 294 284 283 299 301 292 296 296 300 307 309 296 303 306 311 318 324 328 327 332 337 331 316 308 305 294 310 325 335 336 330 313 308 337 339 330 305 279 273 305 303 289 285 279 267 257 245 254 253 252 247 236 225 222 220 222 225 229 230 229 229 227 226 226 226 225 226 229 238 250 256 259
272 275 274 267 252 244 258 270 269 265 267 270 274 284 295 299 293 284 293 304 306 302 305 305 303 302 301 299 293 285 298 303 307 303 297 305 303 307 311 303 301 312 314 320 327 332 334 335 336 325 319 321 317 304 311 329 341 345 342 325 336 344 341 324 297 278 296 316 300 278 269 261 254 250 248 255 261 257 249 235 238 236 226 220 219 218 221 224 227 228 225 222 222 222 226 234 243 257 264 261
278 266 261 255 246 245 258 273 282 279 282 286 284 283 289 298 301 297 295 307 309 308 306 305 303 300 297 291 288 289 304 307 308 307 302 306 309 309 311 311 301 307 313 319 327 334 337 339 336 328 328 326 320 308 312 327 339 347 350 340 348 345 325 307 290 305 322 310 281 270 262 260 257 263 268 265 257 254 247 238 237 245 243 235 229 225 222 217 217 220 219 218 218 219 220 229 234 245 259 260
284 272 263 260 247 250 267 280 293 295 295 296 297 296 297 298 303 306 304 307 310 308 306 306 305 301 295 299 297 289 299 306 310 310 309 309 310 312 313 315 313 306 306 311 323 332 337 339 337 334 330 324 318 312 312 321 330 342 350 351 353 349 329 322 323 324 308 284 276 278 274 271 265 276 283 267 252 246 242 238 237 241 244 244 237 231 228 226 221 221 219 218 217 214 214 216 222 230 243 253
273 257 254 251 246 250 263 278 290 290 287 292 298 300 302 303 305 306 305 307 310 308 306 305 304 302 298 305 304 298 294 299 308 311 312 313 312 314 315 318 320 319 314 312 321 327 331 335 336 336 333 326 320 315 314 321 328 333 331 340 353 354 344 342 332 317 302 298 299 299 294 289 283 280 278 262 250 245 242 242 241 240 242 245 242 235 231 228 226 228 227 227 225 221 217 214 213 220 228 245
259 256 262 259 253 251 249 258 273 272 275 277 281 289 296 298 300 300 298 300 304 304 303 304 305 303 302 307 308 307 305 297 302 308 312 313 314 315 317 319 322 323 322 316 318 321 327 332 335 335 330 326 317 309 309 316 317 318 314 327 348 357 356 352 347 338 330 327 325 321 315 308 298 274 257 252 250 253 258 256 249 243 241 243 245 241 234 228 230 230 228 228 227 226 224 218 213 215 218 231
273 268 264 273 271 270 261 253 254 260 259 259 261 270 282 286 288 289 286 291 296 294 291 296 302 306 305 307 309 309 310 306 301 302 307 310 313 315 318 319 321 323 324 323 321 322 325 329 333 332 322 321 315 306 298 303 300 306 315 330 345 356 359 358 354 348 341 333 326 319 313 309 294 269 259 258 266 275 282 277 256 246 242 243 246 242 233 234 232 230 229 227 227 226 224 223 215 212 211 216
285 276 265 268 284 291 283 271 260 255 264 274 271 265 266 273 276 274 272 278 281 279 280 283 288 300 306 308 309 310 311 311 310 309 305 305 307 310 313 315 317 321 323 324 324 326 327 327 329 329 323 313 315 308 289 292 301 316 320 323 336 351 356 358 356 350 341 334 326 316 300 289 281 271 277 280 289 292 282 269 257 249 245 243 243 238 243 241 237 234 231 229 228 226 226 224 222 217 212 212
295 280 284 276 270 293 301 292 279 267 264 285 292 285 273 273 271 270 278 285 284 281 294 297 287 291 303 306 307 311 313 313 314 315 314 313 310 309 309 311 314 318 319 320 320 321 325 325 321 322 321 314 303 302 289 291 304 317 318 315 323 341 345 350 354 351 343 333 330 326 319 309 300 299 302 302 298 290 272 260 254 248 245 242 240 239 248 249 245 239 236 233 230 228 226 225 221 219 214 210
301 291 301 292 277 287 306 307 298 277 265 283 303 302 289 293 294 278 288 294 300 291 293 303 299 287 295 301 306 309 311 312 314 316 317 317 317 315 311 309 311 314 314 314 310 311 318 322 317 308 312 316 312 299 287 280 296 309 304 302 312 335 334 339 341 345 343 335 325 324 325 321 317 315 312 293 287 276 263 257 252 250 251 248 244 244 252 256 250 246 242 239 234 229 228 227 222 224 223 218
307 300 308 299 278 282 302 312 307 289 280 273 303 309 299 303 304 283 298 299 305 299 299 305 306 298 289 297 301 302 306 309 313 314 316 317 318 317 314 311 312 312 312 309 299 301 308 315 317 308 298 308 313 310 298 279 295 302 293 295 312 332 330 322 321 328 334 334 329 322 315 321 319 313 309 291 271 263 257 255 256 263 261 256 249 248 267 267 258 257 252 248 239 233 230 227 224 227 226 224
314 307 314 301 287 286 285 306 312 300 296 275 301 311 305 307 304 287 305 307 308 306 305 308 309 304 294 289 293 296 299 306 311 310 312 313 315 315 312 305 307 308 307 305 293 291 301 307 308 308 297 291 302 307 296 277 283 285 287 301 312 320 327 322 312 309 321 326 327 325 317 307 311 305 296 286 273 262 263 262 266 285 275 272 270 267 277 278 275 268 258 256 244 235 230 226 231 234 230 227
321 316 318 300 303 308 294 302 316 309 307 283 288 312 310 310 301 288 305 312 311 311 309 312 312 309 303 296 296 304 301 301 305 307 310 310 312 312 306 296 292 296 294 297 288 285 297 297 296 304 297 284 284 296 287 275 269 279 292 296 298 297 311 313 310 304 300 316 320 319 318 310 297 291 280 273 272 278 282 284 281 293 291 283 276 268 261 269 269 262 255 253 236 235 235 232 234 238 235 228
328 328 317 304 319 317 298 305 322 317 316 304 285 312 314 313 299 302 300 314 316 316 313 316 316 314 308 302 295 304 309 307 303 306 307 307 309 310 308 300 285 279 279 289 285 280 292 289 288 296 291 283 276 284 287 275 266 279 286 283 287 285 294 293 290 298 293 294 310 315 312 307 299 289 288 301 309 309 306 305 298 290 279 268 261 258 253 251 250 248 248 245 238 249 254 247 240 243 237 228
331 332 317 317 324 313 297 310 326 324 322 307 289 316 319 314 306 314 303 315 320 321 318 319 319 315 308 302 298 299 309 311 308 305 305 306 308 309 303 294 287 274 271 282 279 277 291 287 282 291 289 280 272 273 281 277 265 268 275 274 279 277 286 286 280 289 295 285 289 309 313 314 313 311 312 315 321 320 316 307 292 280 273 273 277 275 260 250 248 245 243 241 246 253 260 261 247 242 235 229
327 334 323 326 323 305 303 320 331 331 326 302 298 321 323 315 314 319 307 316 324 325 323 322 320 313 306 299 299 302 309 312 313 309 308 309 311 309 302 288 279 275 267 274 270 282 289 282 280 289 288 284 276 269 271 277 267 261 268 267 270 277 284 283 275 282 287 282 276 288 295 301 312 315 316 319 321 318 313 307 294 286 295 291 284 274 258 268 262 257 254 255 258 263 260 258 248 239 237 246
324 335 332 331 318 303 303 318 332 334 328 309 296 317 325 320 316 322 315 313 324 329 328 325 321 311 303 302 306 306 309 313 314 314 312 308 308 307 304 296 282 270 263 264 266 281 281 274 282 285 280 283 278 270 265 276 273 260 258 261 269 280 283 277 269 277 276 275 270 275 281 294 305 304 299 301 313 315 309 303 300 302 297 286 274 267 265 284 278 277 274 275 273 269 258 249 244 246 245 251
328 337 337 330 314 310 309 314 329 333 319 309 297 309 325 325 318 325 321 313 319 329 331 328 321 313 307 302 306 308 311 312 315 316 313 306 296 299 298 290 279 274 265 258 268 279 273 273 282 279 273 274 273 265 263 275 275 267 256 257 272 280 282 280 270 267 264 265 269 277 287 296 297 294 286 282 287 299 304 306 305 300 287 277 281 279 289 294 292 289 282 274 267 258 253 248 247 248 249 250
326 334 339 330 324 319 318 326 328 333 324 319 308 310 330 330 323 328 324 321 323 328 330 325 315 309 306 303 304 307 309 311 315 316 311 301 289 283 285 285 272 267 262 258 274 278 270 270 278 277 269 265 264 258 268 278 275 269 262 252 266 274 277 276 270 259 266 276 281 286 290 290 289 289 284 277 278 286 288 295 297 290 282 288 294 300 302 298 292 286 278 278 270 265 262 257 264 259 262 268
312 320 331 336 330 319 320 331 335 336 333 325 311 312 333 333 327 333 331 326 329 331 328 321 313 307 305 309 308 307 307 311 315 316 314 304 291 278 272 275 273 263 256 257 275 276 266 265 273 272 271 266 258 256 270 276 275 270 263 250 262 269 268 270 263 255 272 278 282 284 286 282 280 287 286 279 271 277 277 285 291 289 285 285 292 299 303 303 298 292 285 289 291 288 280 275 284 278 281 279
303 306 314 327 332 328 330 334 340 341 336 325 315 313 334 335 331 337 338 334 332 332 329 321 313 309 307 311 313 312 310 311 312 315 315 312 304 288 274 265 268 265 255 254 270 271 267 262 269 267 273 269 260 254 266 269 271 263 258 248 259 269 266 260 257 255 271 274 275 277 280 276 275 279 282 278 268 269 279 286 290 293 286 284 287 292 294 296 295 291 288 286 293 296 293 294 295 289 282 274
298 299 305 314 328 334 338 341 342 340 337 331 319 316 335 337 333 338 340 337 333 332 329 322 315 310 310 312 315 315 314 310 307 309 312 313 309 298 283 268 261 265 258 250 257 258 265 259 262 265 270 266 256 252 263 261 267 261 251 246 258 263 266 258 249 260 269 268 269 273 276 271 268 271 279 277 266 267 281 283 283 289 285 284 284 281 282 282 286 282 279 279 285 285 286 289 294 286 282 281
296 303 306 312 320 333 341 343 341 335 328 324 316 324 337 339 335 337 338 338 333 325 324 322 315 311 311 314 316 318 317 313 302 299 305 307 307 304 289 271 261 257 258 251 246 251 262 263 254 260 265 265 258 250 257 256 261 263 253 244 254 256 262 254 248 262 264 261 270 272 270 268 262 271 276 274 262 265 277 276 274 279 279 279 279 275 269 271 278 275 268 268 273 271 263 264 275 277 276 281
305 306 307 309 314 325 338 343 342 336 332 327 323 331 337 337 336 336 336 335 331 322 313 317 315 310 309 313 318 321 320 318 311 296 288 289 290 296 293 282 271 260 252 251 247 244 259 267 257 251 255 258 259 252 248 250 252 262 256 244 243 251 259 247 251 260 257 258 267 267 264 262 259 266 272 269 260 261 272 267 268 273 272 273 273 272 268 262 270 271 268 259 262 262 259 253 259 263 262 264
303 303 301 303 309 318 332 341 341 339 336 332 328 333 335 330 327 324 331 328 321 317 308 305 313 311 304 302 315 321 321 321 316 307 290 276 272 273 279 286 283 271 261 250 245 241 252 263 264 255 247 248 254 256 249 244 246 256 262 253 239 243 253 244 251 255 251 259 263 260 256 253 258 266 269 267 258 254 264 260 266 267 266 267 266 264 265 258 263 261 262 259 253 254 253 248 251 256 257 253
295 297 302 305 309 316 327 335 334 336 335 333 331 331 332 322 313 310 319 326 319 314 311 302 299 302 298 293 309 317 318 320 316 310 298 284 271 264 263 273 285 283 273 259 249 241 241 255 260 262 254 244 246 253 255 247 241 248 261 258 246 236 244 242 242 247 256 261 259 253 249 256 262 265 264 264 257 250 256 254 259 263 268 265 259 256 259 254 256 255 255 255 250 248 246 243 245 250 252 248
293 297 301 306 312 317 318 319 311 322 331 328 321 315 323 316 300 298 304 318 321 318 315 312 302 289 280 290 306 311 302 307 305 298 287 284 277 266 259 261 273 284 280 268 259 248 238 242 252 258 259 253 241 247 256 255 244 243 259 260 253 239 239 239 245 256 259 259 254 248 249 256 261 261 260 258 253 246 250 254 260 265 269 262 257 254 251 250 249 249 250 251 246 245 243 238 240 246 245 243
298 302 303 307 311 312 299 293 292 302 320 317 306 292 304 310 292 287 286 298 313 311 302 303 305 303 285 273 290 303 285 283 285 280 274 275 275 270 261 255 263 275 279 277 267 254 244 236 239 248 253 251 240 243 255 254 242 243 259 260 254 241 233 235 247 254 253 251 245 246 254 259 258 258 258 252 248 244 252 256 259 263 272 275 263 264 254 246 243 242 243 248 244 240 243 236 238 242 238 237
302 302 299 302 305 305 292 281 279 284 300 301 293 284 285 299 293 280 275 284 298 301 290 282 291 300 287 271 273 290 279 269 270 267 272 266 266 268 265 255 260 271 277 275 271 263 254 244 235 235 244 245 236 243 253 247 236 245 258 256 252 241 230 232 243 245 244 242 243 250 255 258 255 251 253 251 243 243 250 253 255 260 279 289 273 266 256 255 254 246 239 244 243 237 237 233 236 239 236 233
297 291 285 286 291 298 296 285 274 273 280 289 283 278 274 283 289 284 272 273 279 281 280 273 271 278 280 268 261 269 274 267 262 261 269 266 258 258 261 252 257 266 276 275 270 271 264 253 244 235 232 234 232 243 249 239 234 250 256 252 249 240 227 229 233 235 237 240 244 248 255 257 253 246 245 244 240 249 254 255 260 264 274 279 269 258 259 256 252 248 239 235 236 237 231 229 234 237 236 230
285 278 274 275 279 285 291 288 278 267 273 283 281 272 268 274 281 281 276 265 267 270 269 266 264 261 271 268 258 256 265 267 258 254 263 265 260 251 253 248 257 260 268 275 267 267 270 263 253 243 232 228 233 243 244 232 238 253 253 248 242 236 226 230 238 241 245 249 254 253 256 257 253 246 240 237 244 250 248 252 256 259 265 266 260 256 253 251 248 247 243 236 232 230 228 225 230 231 230 227
283 273 269 270 273 279 279 283 281 270 265 276 281 273 263 268 272 273 274 267 260 263 262 260 262 255 264 267 260 253 261 263 261 253 257 263 261 254 245 245 257 257 258 267 269 261 266 267 258 248 240 229 228 239 240 229 238 251 249 245 237 227 227 237 248 253 255 256 258 258 258 258 255 253 245 236 245 242 247 252 255 258 264 263 255 252 253 251 247 244 240 240 241 237 234 228 223 225 225 224
282 275 267 263 269 275 270 273 275 273 262 265 275 273 262 261 264 267 269 267 260 255 255 255 256 251 255 261 258 250 257 256 260 255 249 260 258 254 245 242 255 255 251 257 264 260 262 263 261 256 247 237 227 229 234 227 240 249 245 237 228 226 235 242 251 255 256 257 258 258 258 257 257 256 251 237 236 246 251 254 258 260 258 258 257 249 249 252 251 247 244 244 241 239 237 233 225 221 221 225
276 271 266 259 267 272 266 264 266 268 264 259 268 272 263 255 259 264 263 260 258 257 253 249 249 246 248 256 256 247 251 249 255 255 245 253 254 254 246 239 249 255 250 248 255 258 258 262 257 258 253 243 231 223 224 228 243 245 239 229 223 230 241 250 254 253 252 255 256 256 255 252 254 256 251 239 235 250 259 260 259 255 252 258 259 251 243 247 250 246 239 239 239 237 234 231 228 224 219 227
269 268 260 256 264 269 266 260 257 259 260 256 259 269 267 256 257 263 261 257 251 253 255 255 251 246 242 251 256 249 243 243 249 252 243 243 254 257 249 238 242 249 251 245 246 254 253 257 255 251 252 246 235 225 220 230 242 241 232 222 227 238 244 253 253 249 251 253 254 255 253 247 250 254 245 235 235 254 261 262 260 255 249 253 256 249 240 242 246 243 235 230 234 233 227 226 227 226 220 221
259 263 260 253 257 261 261 261 255 252 257 254 248 254 264 262 250 256 262 261 255 247 250 254 256 252 244 243 252 252 245 238 240 246 241 243 253 255 251 239 235 243 247 248 240 249 250 252 255 250 248 248 241 231 221 223 235 235 224 222 236 247 250 252 249 244 250 250 250 254 252 245 246 248 237 230 243 254 258 262 262 257 247 248 254 250 241 234 237 236 231 225 225 227 223 221 223 228 220 225
250 255 258 256 251 255 253 256 255 249 250 254 249 245 252 257 255 246 254 259 256 247 243 250 252 248 241 238 250 253 247 241 235 239 237 238 247 249 249 244 233 236 241 246 239 243 251 248 248 248 244 249 248 240 228 218 223 227 219 227 243 246 243 240 239 241 245 246 249 252 251 242 239 240 229 238 248 247 255 258 260 254 245 240 245 249 245 233 228 228 224 220 219 221 220 220 223 227 219 219
246 251 254 257 249 248 248 248 250 249 245 248 249 244 244 249 251 247 244 253 252 245 239 245 249 242 234 242 250 251 246 241 234 233 234 236 244 245 245 245 236 228 234 242 239 236 249 252 246 241 239 246 251 247 237 225 217 219 218 233 240 233 232 235 243 245 245 249 251 253 249 240 234 234 227 242 243 244 250 248 251 247 245 239 235 239 237 234 225 225 222 216 216 223 223 221 225 224 217 221
244 248 250 253 248 246 248 243 244 247 246 241 245 247 241 242 247 246 239 244 248 245 238 242 247 237 235 247 248 246 246 244 239 230 229 237 245 248 242 242 239 231 226 234 238 232 244 252 254 249 240 237 243 249 244 233 221 216 218 232 227 228 236 245 253 258 258 259 256 253 248 239 232 228 226 238 239 238 243 239 241 240 239 237 229 231 228 226 224 225 226 219 217 220 221 219 219 221 215 221
243 244 246 248 245 245 248 244 241 243 245 243 239 245 240 238 244 244 239 238 241 240 235 240 246 234 234 248 245 241 241 243 240 230 225 235 244 250 245 237 238 237 229 224 231 228 239 249 255 255 248 239 234 241 245 240 229 217 216 221 226 233 238 245 252 261 265 264 257 248 244 241 234 226 223 233 236 232 236 232 235 235 235 235 229 225 223 222 220 221 221 217 216 218 219 219 217 216 215 221
245 239 242 244 241 246 248 244 239 238 240 239 236 241 236 235 245 245 238 233 235 234 232 238 244 233 229 245 246 239 237 239 239 233 224 233 242 248 245 238 233 237 235 224 221 232 244 250 251 254 254 246 236 231 236 238 233 219 214 219 233 241 246 251 254 259 259 255 251 249 240 236 233 229 223 227 231 227 231 229 229 232 231 232 228 226 225 225 224 219 216 214 216 216 215 215 218 216 215 222
246 237 238 240 238 246 248 245 242 237 233 234 232 238 232 234 243 249 241 231 230 229 232 237 240 231 226 238 248 243 236 234 236 232 223 233 240 244 243 240 234 230 233 225 222 238 246 247 246 250 254 251 244 234 227 226 224 218 214 217 229 239 244 248 248 248 243 239 239 245 242 235 229 225 222 223 227 224 226 226 231 232 229 227 226 227 229 225 221 217 214 214 213 213 212 217 221 217 214 218
239 237 234 236 238 244 244 244 245 241 237 232 229 233 231 232 238 245 244 234 227 225 228 234 236 228 224 234 244 245 240 233 231 229 221 233 237 242 239 239 238 229 224 220 221 237 244 240 242 248 251 251 249 242 235 230 226 221 217 214 221 232 235 239 236 237 233 230 235 236 239 234 229 225 222 223 223 223 225 228 232 233 229 226 224 227 228 226 224 219 217 218 217 211 212 219 222 215 213 220
243 241 235 232 243 247 243 243 244 242 243 240 231 228 228 227 233 240 244 238 231 225 223 231 232 227 222 232 240 241 241 235 228 226 219 225 235 236 234 235 237 233 225 216 222 235 236 240 244 244 245 243 246 246 245 243 239 233 223 215 215 221 227 229 226 228 227 225 231 229 230 226 224 227 226 221 220 224 226 225 228 228 225 224 226 227 224 221 221 222 219 218 216 211 212 221 219 213 212 217
243 245 242 233 239 245 243 240 241 239 244 243 237 229 224 224 231 240 242 239 234 229 222 224 232 230 222 229 237 237 238 238 232 223 218 219 230 230 231 235 236 232 225 215 221 234 231 244 244 237 236 237 241 237 244 246 239 232 223 217 214 215 218 220 219 219 219 220 222 224 225 223 221 228 225 221 219 221 223 223 222 222 226 228 233 232 227 219 217 216 216 212 211 209 218 222 216 211 211 213
245 241 242 236 232 240 239 236 237 237 240 239 236 237 228 222 230 238 239 237 232 230 224 219 224 227 221 225 233 237 233 237 236 229 221 215 221 223 229 231 231 230 224 213 218 230 225 235 241 237 230 237 234 233 237 237 242 237 226 219 215 214 214 215 216 216 217 218 217 219 219 219 220 220 217 220 220 217 220 220 219 226 237 235 230 233 229 221 214 212 210 209 210 209 220 220 213 210 216 215
243 240 237 236 230 232 234 234 232 232 235 235 231 235 234 225 223 233 233 234 230 233 228 223 216 217 216 222 234 231 227 231 234 232 226 218 214 217 224 226 224 226 221 211 215 225 220 229 231 232 227 229 227 224 223 231 245 242 233 225 219 215 213 214 214 215 214 214 215 218 219 218 215 212 212 217 219 215 218 216 220 234 243 238 226 226 225 221 217 211 209 209 207 215 217 215 211 208 211 214
246 242 238 235 231 228 228 228 227 227 228 228 227 227 229 227 219 225 226 229 227 228 231 231 223 214 213 224 235 231 225 232 235 230 227 222 215 213 216 218 216 218 216 210 211 219 215 222 221 223 223 220 221 221 235 244 250 243 235 228 221 216 212 212 212 211 212 217 218 217 215 212 209 209 209 212 217 215 216 216 220 232 238 233 225 220 222 217 216 212 211 209 207 213 212 211 207 208 209 211
256 248 242 240 239 234 232 229 226 225 223 223 225 221 221 221 218 217 217 219 220 218 222 224 225 218 211 221 231 227 223 231 233 229 228 225 218 212 211 211 211 211 212 208 209 219 212 213 215 219 219 216 219 231 234 241 249 242 236 228 222 218 214 211 211 210 211 214 213 210 208 206 206 207 207 209 214 217 214 214 217 227 227 227 220 216 218 219 212 213 212 210 207 207 206 206 206 212 215 217
257 250 245 246 240 238 242 240 236 235 233 228 228 226 222 219 218 216 216 217 215 214 213 213 214 216 211 211 221 222 219 228 228 226 222 222 221 215 209 209 211 210 208 209 208 211 209 209 216 218 214 216 224 225 231 242 248 243 236 229 223 218 215 212 210 210 209 209 209 207 206 205 205 206 209 213 220 221 214 212 213 219 220 219 217 213 213 214 211 208 206 207 205 204 204 206 212 217 218 216
259 252 249 245 242 247 250 247 243 241 236 232 237 236 234 231 230 229 225 223 220 219 218 216 215 214 210 208 210 211 216 225 221 222 221 217 219 216 210 209 209 206 206 206 206 207 207 211 214 213 214 220 221 226 235 243 243 241 236 231 225 218 214 211 211 209 208 208 208 206 206 205 205 207 210 216 221 219 213 210 213 219 219 215 212 210 210 210 210 209 211 212 208 203 204 208 212 212 212 214
265 261 254 251 247 257 256 250 245 241 237 235 240 240 241 238 236 237 237 233 233 231 230 229 225 220 214 211 209 207 211 217 215 218 220 216 214 212 210 210 208 207 207 206 205 204 208 217 213 208 214 215 216 223 232 242 242 240 236 232 226 220 214 213 210 209 207 207 207 206 205 205 205 206 209 216 221 217 212 209 214 216 217 213 212 212 214 212 212 218 220 214 208 203 203 208 209 208 209 211
272 269 264 257 250 259 259 256 249 245 242 244 242 245 248 246 244 244 243 242 242 241 239 236 234 231 228 223 217 211 210 210 210 215 219 216 214 213 218 222 218 218 214 212 205 203 204 211 208 205 208 211 216 225 233 241 240 237 234 232 227 221 217 214 210 210 208 206 206 205 205 204 204 205 207 212 216 214 210 208 210 214 218 214 212 216 218 217 217 217 217 212 207 201 204 207 206 205 206 207
270 271 270 264 256 256 256 255 252 250 248 249 248 248 249 249 249 247 246 245 245 242 236 234 231 232 232 229 223 217 210 207 210 216 218 219 218 218 225 228 225 223 221 217 208 204 201 205 205 204 212 221 227 233 238 238 237 235 232 228 225 220 216 213 210 209 209 207 205 204 204 203 203 204 206 209 212 211 207 207 208 210 213 217 215 215 215 220 223 220 212 210 208 202 201 203 204 206 206 206
267 268 270 269 262 257 253 249 247 246 247 250 250 250 249 245 244 242 239 242 244 241 236 230 225 225 224 226 224 221 214 208 206 214 217 218 217 224 225 221 218 218 218 214 209 204 201 201 201 203 210 216 224 231 235 235 234 234 233 231 228 223 216 211 209 208 208 207 205 204 203 203 203 209 210 208 206 207 207 207 210 215 215 217 216 216 214 221 221 217 211 211 210 204 200 200 202 209 208 204
263 265 268 269 265 259 254 253 250 247 240 242 245 248 248 245 241 237 232 233 239 241 238 232 227 221 216 216 214 213 212 209 206 208 212 212 217 224 221 217 212 211 212 208 203 203 203 203 204 208 210 219 227 230 232 232 231 233 232 230 228 225 219 212 208 207 208 207 206 204 203 203 204 208 206 205 204 206 207 209 213 217 213 212 213 212 211 217 217 216 211 210 209 205 201 200 201 207 207 204
265 266 268 271 269 264 260 258 254 248 242 237 238 242 245 245 244 240 235 229 232 236 234 233 228 219 214 211 210 211 210 208 206 205 207 212 218 221 219 214 212 209 205 202 200 200 201 199 203 214 216 218 229 227 226 227 228 229 229 229 225 224 220 213 207 206 207 207 206 204 202 202 203 205 205 206 209 210 211 214 213 214 210 211 212 211 206 210 212 213 210 208 207 203 200 199 202 204 203 203
270 269 269 271 273 268 263 261 257 253 249 244 238 236 237 238 238 235 233 225 226 231 226 226 221 218 216 218 228 227 221 214 208 204 204 206 209 213 219 218 215 209 203 200 199 200 200 198 210 216 221 231 232 230 226 226 230 229 228 225 224 221 219 215 209 205 210 211 210 205 202 201 201 203 210 213 219 219 215 218 217 214 210 207 207 207 205 205 208 208 208 206 205 201 200 199 202 202 202 203
272 271 268 269 270 263 256 255 255 256 255 250 244 237 230 227 227 227 226 223 219 221 221 224 221 219 219 229 234 232 229 221 213 207 203 203 203 204 209 213 214 210 202 198 199 200 199 198 208 213 218 230 232 229 225 224 227 226 226 225 223 222 218 214 210 207 209 212 212 207 204 201 206 209 213 219 225 230 222 225 222 218 211 207 207 207 202 202 205 206 206 205 204 199 198 201 201 202 206 205
273 272 268 261 263 261 255 247 245 249 253 253 250 245 238 232 224 220 218 218 216 216 220 222 217 214 222 228 229 228 226 224 219 212 208 203 201 202 202 204 207 206 198 197 200 199 199 198 200 208 214 220 227 229 225 220 223 221 220 223 221 219 218 217 213 208 204 207 207 201 201 209 213 216 217 221 223 229 231 229 223 216 211 208 208 206 201 200 203 204 205 204 201 199 199 199 199 201 204 207
268 267 265 255 255 255 254 252 241 239 243 247 247 245 239 234 231 227 222 216 215 215 217 217 214 212 221 224 222 223 221 220 220 217 213 209 203 201 201 200 200 201 196 197 200 199 198 197 198 204 212 214 223 228 225 219 219 218 214 216 218 215 216 217 216 212 205 202 204 200 204 212 216 219 221 223 229 229 226 225 221 213 210 207 208 205 200 198 199 200 202 201 198 198 197 198 200 204 207 210
267 256 253 253 249 249 249 253 247 236 232 236 237 236 231 226 228 226 222 219 215 214 214 215 214 211 215 220 216 216 214 214 215 214 211 208 202 199 200 200 199 198 196 195 199 198 198 195 197 202 207 214 225 228 225 219 216 215 219 215 211 211 210 213 215 214 210 204 200 199 204 210 214 218 218 219 220 225 229 227 222 214 207 204 205 203 201 198 200 199 200 197 197 199 197 199 200 205 211 217
262 259 249 245 244 247 241 247 246 241 232 226 228 227 224 220 218 218 218 218 219 223 223 221 218 215 211 215 213 210 209 209 210 208 207 204 201 200 198 198 198 197 196 195 195 195 196 195 196 199 205 214 225 226 225 220 216 215 220 221 215 208 207 207 209 212 213 208 200 199 201 204 208 211 211 212 213 221 227 221 223 216 208 206 207 202 198 197 196 196 196 198 202 201 200 201 203 206 210 213
254 254 253 243 236 244 237 237 238 235 231 225 219 220 219 218 216 214 218 224 223 221 219 217 215 214 210 208 208 207 206 206 207 204 202 200 202 202 199 197 197 197 197 195 195 194 195 195 195 198 207 216 221 226 229 223 218 217 219 221 217 210 207 207 204 206 211 206 198 200 202 203 206 207 208 207 208 213 219 219 227 221 217 210 207 203 200 197 196 196 197 201 202 201 201 203 208 216 211 208
249 245 249 249 240 232 232 229 230 225 220 218 215 219 219 216 213 216 220 219 217 216 214 213 211 210 210 207 206 206 206 204 202 201 201 201 200 200 200 198 200 202 199 198 202 196 194 194 194 200 206 212 221 225 230 227 219 216 218 220 214 209 204 205 204 201 204 204 198 199 202 203 204 205 205 208 212 211 215 216 223 226 219 213 210 206 201 197 196 197 202 208 209 209 207 207 218 215 210 206
258 249 240 246 244 236 226 223 222 222 216 214 213 222 217 211 216 218 216 215 213 212 211 209 208 208 208 207 205 205 205 204 202 204 204 203 202 201 201 205 213 217 214 209 205 198 194 194 197 207 211 212 217 218 228 228 218 212 214 218 217 211 205 203 201 200 202 203 197 198 201 202 202 202 205 214 213 212 215 213 216 218 217 213 209 205 201 197 195 196 201 206 208 210 208 207 211 207 207 205
260 252 239 237 240 237 229 221 217 217 217 213 210 218 216 212 216 215 214 214 212 211 209 209 208 207 207 207 206 204 204 204 205 211 212 211 210 210 210 211 212 214 217 212 205 199 194 194 196 204 207 207 215 223 229 228 219 213 209 211 216 216 215 213 208 202 200 203 197 197 199 199 200 203 208 214 210 212 214 211 212 211 211 212 208 206 202 197 195 196 199 203 206 206 205 207 207 204 204 205
248 249 240 230 230 229 228 223 218 215 213 212 211 210 215 207 208 208 211 213 212 212 211 209 209 210 214 213 211 208 212 214 212 216 216 215 214 214 213 210 209 209 212 212 205 200 194 194 195 201 202 205 211 221 227 226 218 213 208 206 207 209 215 218 214 204 198 199 196 200 203 201 203 206 212 215 210 209 211 208 207 208 210 217 215 207 201 201 196 195 199 201 202 202 202 204 206 202 199 201
237 233 235 229 226 224 226 225 223 220 217 215 210 207 211 205 204 212 215 215 214 212 210 209 209 211 216 218 218 214 214 215 213 211 209 210 211 213 212 208 206 205 206 208 204 201 195 194 195 197 201 208 213 220 225 224 215 209 206 204 203 204 208 215 215 205 198 196 196 205 210 206 207 211 213 211 206 205 207 206 205 206 208 215 218 207 203 200 197 196 199 198 201 204 205 204 204 200 197 198
234 234 236 237 232 224 226 223 219 215 211 210 207 205 206 201 203 214 219 219 219 218 214 211 211 212 212 211 212 212 210 209 209 207 205 204 206 209 211 210 209 208 205 208 203 200 195 193 194 197 202 205 209 217 225 223 216 211 209 205 203 203 204 208 212 202 197 195 201 209 212 211 208 207 205 207 204 203 205 204 203 204 207 211 215 209 204 197 195 195 197 198 202 204 204 206 203 198 195 195
231 232 238 237 232 224 218 215 213 210 209 206 205 202 199 198 198 205 212 212 212 211 210 208 206 207 206 204 205 205 205 204 204 204 202 201 203 208 211 211 213 213 207 203 202 199 195 193 195 198 200 205 210 215 223 222 216 209 208 206 204 202 202 207 209 201 196 195 201 209 213 213 209 203 201 202 203 201 204 203 202 204 205 207 207 204 201 198 195 194 194 197 198 198 198 199 198 195 195 198
228 235 237 233 228 224 222 221 220 217 216 211 206 207 206 206 202 201 206 208 207 205 205 203 201 203 203 201 202 201 200 199 201 200 198 202 204 208 210 209 210 211 207 201 199 197 194 193 194 199 202 204 208 212 221 219 212 207 204 203 202 201 200 206 206 200 197 194 196 205 212 212 209 201 198 198 201 201 203 202 201 203 201 201 202 207 206 201 198 197 195 193 194 194 194 195 195 196 199 200
227 231 233 233 226 223 222 221 217 214 212 212 212 219 217 214 210 202 202 205 205 204 204 204 200 200 201 199 202 201 199 197 199 200 198 203 209 212 212 208 208 205 202 200 200 199 196 192 194 197 204 209 215 216 224 223 214 208 203 201 199 198 199 204 202 199 198 194 194 203 208 210 207 199 197 198 201 200 200 200 203 205 204 200 198 201 202 200 199 199 197 195 192 194 202 203 200 203 204 203
223 225 226 228 225 222 222 219 218 214 210 211 212 217 215 213 209 206 200 200 201 203 203 203 201 199 199 198 202 202 198 196 197 197 196 198 204 213 213 209 204 202 200 200 200 199 194 192 194 198 202 207 216 224 225 222 218 209 206 204 201 198 201 200 200 200 201 195 193 195 198 205 206 199 196 197 198 200 204 206 209 211 208 202 198 196 198 197 195 194 193 193 194 199 209 210 207 211 209 203
220 223 222 221 221 221 226 220 216 215 212 209 210 215 216 211 207 204 201 198 200 201 203 204 202 197 196 198 200 200 198 197 195 195 196 205 209 213 212 208 203 199 198 198 199 197 192 192 195 201 206 211 218 224 223 218 215 207 204 204 201 198 198 199 201 202 203 198 193 193 194 203 205 201 197 197 201 202 208 215 218 219 215 210 202 196 195 194 192 193 192 195 199 204 218 221 217 212 207 204
220 219 219 220 218 218 223 223 220 215 213 210 207 213 216 211 205 201 199 197 199 199 200 202 201 196 194 196 196 196 196 198 197 195 196 206 208 208 206 202 200 199 197 198 194 192 191 192 194 197 203 213 220 219 218 214 210 206 202 200 198 196 195 198 202 204 203 200 196 193 193 196 201 199 197 196 202 209 216 221 223 224 222 214 204 200 198 193 192 192 194 198 207 215 218 228 227 214 219 210
227 217 216 217 218 215 217 221 220 216 211 211 207 207 214 210 206 205 200 197 198 198 198 200 200 197 195 195 193 194 194 197 197 195 194 199 203 204 201 198 198 198 197 193 191 191 192 194 195 198 205 213 221 214 210 212 209 205 202 199 197 195 195 196 199 203 203 199 196 192 192 193 196 195 196 198 205 217 222 223 224 222 211 205 200 197 194 192 193 195 198 201 208 222 227 230 220 220 225 216
229 225 218 213 214 213 213 215 217 214 210 208 207 206 210 208 208 205 201 197 196 197 196 198 200 197 197 197 195 193 193 196 194 193 191 191 193 199 197 195 195 197 195 191 191 195 196 198 199 200 208 218 221 212 205 207 206 205 204 201 198 197 196 199 197 202 202 199 196 191 191 192 193 196 202 204 213 220 221 220 220 214 201 200 196 192 191 193 198 204 205 207 209 219 228 229 223 229 230 221
220 220 218 215 212 211 211 211 211 209 206 205 203 203 204 204 207 205 201 197 196 196 195 196 197 195 194 193 193 194 192 193 191 191 192 199 193 192 193 192 193 193 190 190 193 197 198 200 202 203 209 220 215 206 202 201 200 201 202 201 198 199 200 201 196 201 201 197 195 190 191 194 199 204 209 215 215 219 216 211 211 202 195 191 191 192 198 201 205 214 219 220 216 224 231 229 227 229 231 229
217 217 216 213 213 212 210 208 207 207 205 204 204 204 202 201 204 206 203 199 196 195 194 194 194 193 193 192 191 191 191 190 193 196 198 201 197 192 190 190 190 189 189 190 194 196 196 199 205 210 211 222 217 208 201 198 196 196 199 200 198 197 200 201 196 200 200 195 192 190 192 197 204 213 218 215 207 208 208 203 205 196 191 197 195 196 210 218 220 224 227 228 225 228 232 231 231 230 231 233
218 226 225 219 217 215 212 210 209 207 207 207 206 204 202 201 203 205 202 198 196 196 197 198 195 198 201 197 194 192 191 192 197 196 195 199 197 193 188 188 188 189 189 190 191 192 195 199 206 211 214 221 218 210 204 199 195 194 196 197 196 196 197 200 197 198 197 191 189 191 197 202 210 217 218 211 204 201 200 197 199 196 190 197 201 199 201 209 220 221 225 229 229 229 231 231 231 233 233 234
220 224 226 220 217 216 212 210 209 209 207 206 206 204 203 205 201 199 200 197 198 200 205 207 202 203 202 199 197 196 195 195 195 193 192 193 194 190 188 188 188 189 190 190 191 193 196 200 204 205 210 219 216 208 203 200 196 194 193 193 193 193 195 199 199 194 194 189 192 195 202 205 215 218 212 205 200 197 194 192 191 191 189 195 211 216 207 212 209 212 218 226 228 229 231 231 232 234 234 234
221 220 222 219 216 214 212 210 209 208 208 207 206 204 202 204 204 201 199 199 201 203 206 205 205 204 200 198 197 196 196 195 193 191 190 191 192 188 190 194 192 192 193 193 193 193 196 198 201 207 217 221 216 208 202 200 197 194 192 191 190 191 194 199 199 195 192 188 191 194 199 206 216 212 204 199 196 192 190 189 192 191 194 196 203 216 219 224 218 222 224 221 224 228 231 230 231 233 234 234
222 221 219 216 214 212 210 209 208 207 207 207 207 205 204 203 206 205 203 200 201 203 206 205 202 202 201 197 195 195 194 193 191 190 190 190 190 188 188 190 192 192 194 194 195 195 198 200 204 211 219 219 215 210 205 203 198 194 192 191 190 191 196 199 198 194 191 188 191 198 203 211 211 206 202 195 191 189 189 195 202 201 208 208 210 213 221 225 224 222 224 226 228 231 231 230 230 231 233 234
228 228 222 216 214 214 212 209 209 210 206 205 205 204 203 204 208 206 204 201 202 204 205 204 200 198 199 198 195 193 192 192 193 194 193 192 191 189 187 187 187 188 190 196 200 200 204 203 202 208 213 215 212 208 206 201 196 192 191 191 190 190 192 198 196 192 188 188 192 201 209 204 204 201 198 192 189 191 196 202 213 217 217 216 220 222 221 227 228 227 227 231 230 231 231 229 228 228 227 230
233 227 221 216 215 213 211 213 219 217 212 209 206 205 207 207 210 207 204 201 200 201 203 203 200 197 196 195 194 193 195 197 197 199 198 198 198 195 191 194 188 186 187 191 198 202 202 203 202 205 206 206 210 207 203 201 196 195 194 191 190 189 192 196 194 189 188 193 193 199 205 204 198 196 193 189 189 196 206 214 218 226 227 223 225 225 227 228 228 227 229 230 230 229 231 229 229 230 227 219
225 221 217 215 214 213 212 213 217 220 219 216 210 207 206 205 206 206 202 200 199 200 201 204 204 201 198 197 196 197 198 199 199 198 199 199 197 193 190 193 190 187 186 188 192 196 194 202 200 203 202 200 203 203 203 200 197 196 194 192 190 189 191 195 193 187 192 198 196 195 200 205 198 191 189 187 190 200 208 222 226 226 227 227 227 227 227 229 227 226 226 226 230 229 229 226 223 226 222 218
224 220 218 215 214 213 213 215 214 216 220 219 214 207 204 202 201 202 200 199 200 202 203 204 206 205 203 201 200 199 199 197 195 194 195 197 194 190 189 189 190 188 187 186 187 190 193 200 198 200 200 197 199 199 202 199 196 193 192 191 191 191 190 191 190 188 189 193 191 191 195 200 195 187 188 190 194 203 217 221 224 227 228 228 227 227 227 228 226 222 219 224 228 229 228 228 220 213 212 224
