# 100 100
220 219 217 215 215 214 213 214 213 210 216 219 214 211 206 203 203 202 200 198 201 203 202 201 202 202 202 203 201 198 197 195 195 194 192 193 191 191 191 190 192 193 192 188 185 189 198 200 196 195 195 193 195 196 198 198 196 194 194 194 195 193 193 190 190 189 187 186 185 185 188 196 191 186 193 198 198 205 215 218 223 224 226 226 227 227 227 226 219 214 220 224 226 227 226 225 219 208 217 225
219 218 216 214 212 211 209 208 207 207 209 216 216 215 211 208 212 209 203 199 201 203 200 198 199 199 201 204 203 199 196 196 197 196 193 192 194 195 193 191 193 197 195 191 185 186 195 197 195 193 192 194 197 201 199 198 198 197 199 202 199 200 199 196 196 195 194 192 189 186 184 191 188 185 194 199 208 216 217 217 220 221 221 224 226 223 224 221 218 210 221 226 225 225 223 219 219 208 210 215
216 215 215 215 213 210 208 210 210 209 206 210 212 210 209 207 208 208 205 202 199 200 200 199 198 198 201 204 206 203 200 199 200 199 197 196 197 197 195 192 192 192 192 188 185 185 192 194 193 192 191 195 201 206 204 199 200 201 201 205 207 210 208 206 202 207 209 204 196 189 184 188 185 190 198 204 209 215 214 216 221 218 218 221 222 218 216 215 218 207 214 221 219 222 219 211 211 208 204 207
225 224 225 222 216 212 212 212 209 210 209 205 205 205 204 202 202 201 201 204 203 199 198 198 197 200 204 205 207 207 204 203 204 202 202 200 199 196 193 191 190 188 187 186 185 185 190 191 193 193 190 195 198 203 204 203 201 204 206 210 215 214 215 214 212 213 215 207 197 190 183 183 187 196 205 209 211 212 212 215 217 215 216 220 220 212 208 206 208 203 210 219 214 211 211 207 205 204 201 203
236 236 234 226 219 217 215 213 210 214 209 206 210 207 206 204 212 209 205 200 201 201 200 197 196 200 203 204 208 207 205 204 204 204 205 203 201 198 197 195 193 193 189 187 185 184 186 188 191 192 189 192 194 197 200 204 205 207 211 216 217 217 217 217 216 216 211 201 193 187 183 186 197 205 207 206 207 207 216 218 213 212 213 215 217 213 203 202 203 201 206 207 205 203 203 203 203 202 199 201
229 232 229 232 226 221 219 215 211 213 209 209 219 215 210 207 213 214 211 207 203 201 199 197 195 197 199 202 205 205 203 202 201 200 202 202 201 201 199 197 196 195 191 188 186 185 185 185 185 186 186 190 191 193 197 202 210 212 213 215 217 218 218 216 215 214 207 203 191 184 187 196 201 202 201 200 201 205 216 214 206 206 206 209 209 207 203 198 199 198 199 198 198 198 199 198 200 200 197 199
222 222 220 224 223 225 222 218 215 214 209 210 225 219 215 210 211 214 211 209 208 204 202 199 196 196 200 201 201 202 204 204 203 200 197 197 198 198 198 198 198 195 191 189 186 185 186 188 187 184 184 186 189 194 200 207 212 215 217 217 218 218 217 216 210 207 206 198 192 183 189 195 197 198 198 198 198 199 201 201 201 203 202 201 202 200 198 195 197 195 195 195 194 194 194 194 196 196 195 196
218 217 217 217 215 213 212 212 212 210 209 213 228 227 224 215 215 213 210 208 206 204 202 201 197 195 198 198 198 201 204 206 205 201 196 194 195 197 195 196 197 195 192 190 188 187 186 187 188 188 185 184 189 195 203 209 210 214 217 217 217 216 216 213 210 203 200 196 190 182 187 194 197 198 200 198 198 198 197 197 199 199 198 197 196 193 191 191 192 192 192 193 193 193 192 192 193 193 193 193
221 218 217 217 218 221 220 215 218 213 220 225 230 230 227 221 218 214 212 212 212 209 205 201 199 195 193 198 201 205 208 209 206 201 198 196 194 197 195 195 196 195 194 193 192 190 188 186 186 187 187 184 186 193 202 206 205 213 217 216 215 215 212 208 204 201 197 194 190 182 186 194 196 195 196 196 197 196 196 196 197 196 195 194 191 188 188 188 189 189 189 190 190 190 189 189 189 190 191 191
226 226 222 224 226 231 231 222 229 219 221 232 235 234 230 223 217 220 222 220 220 214 208 205 202 198 194 200 209 212 213 216 210 203 198 196 193 195 194 193 195 194 195 194 192 191 189 187 186 187 188 185 184 189 196 196 208 215 217 215 212 210 208 203 200 199 196 192 187 183 185 193 194 193 193 191 194 194 193 193 193 193 192 191 189 187 187 187 187 187 188 187 187 187 187 188 189 189 188 189
235 233 231 232 234 236 233 228 234 226 225 231 235 235 233 228 221 228 228 229 224 215 212 210 204 200 194 197 213 221 223 222 213 204 198 195 192 190 192 194 195 192 194 194 193 191 189 187 186 186 186 184 183 187 191 198 208 214 216 215 209 204 202 199 197 195 194 191 184 182 185 191 191 191 191 189 190 189 188 190 190 189 189 188 187 186 186 186 186 186 185 185 185 185 186 187 187 188 188 188
238 237 235 236 237 237 236 235 235 233 234 234 235 236 234 231 228 230 232 231 226 223 221 215 208 201 193 193 204 210 218 220 210 203 199 199 195 190 193 195 194 192 191 193 192 192 191 189 188 187 186 184 183 188 193 197 205 214 215 212 208 201 198 196 196 194 191 189 184 181 186 189 189 189 188 186 186 185 185 186 186 186 186 185 185 185 185 185 184 184 184 184 184 185 185 186 186 187 187 187
238 239 238 237 238 237 237 237 237 236 236 236 235 235 235 234 233 233 234 233 230 229 224 215 209 202 194 191 197 205 209 207 211 210 203 199 196 191 188 189 190 190 188 190 190 189 192 191 190 190 190 186 183 186 191 199 209 214 214 209 205 200 196 194 194 192 189 188 185 181 183 185 185 185 185 184 184 183 184 184 184 184 184 183 183 183 183 183 185 186 187 185 185 185 185 186 186 186 185 185
238 239 240 239 240 237 236 236 236 236 236 235 234 231 234 234 233 233 233 233 231 226 220 212 204 200 201 195 191 197 206 201 205 207 205 203 200 196 193 188 186 186 187 188 188 188 191 193 192 191 191 188 184 184 189 196 205 213 214 210 203 198 195 192 191 188 187 186 184 181 182 183 182 183 183 183 183 183 184 184 183 183 183 183 184 185 188 188 189 193 196 191 190 190 189 188 188 189 190 190
235 234 235 236 239 235 234 234 234 235 233 233 233 226 226 231 231 232 232 232 228 220 212 211 210 213 210 202 194 193 198 198 204 202 201 200 197 195 193 189 187 185 185 186 185 186 189 192 194 192 188 186 184 184 190 199 208 214 213 208 201 197 194 191 189 187 187 187 183 180 181 182 182 183 183 183 183 183 182 182 182 183 183 184 186 187 193 197 198 199 199 192 191 191 191 192 193 193 196 193
237 237 234 231 233 231 226 227 228 229 228 224 228 226 218 223 224 227 229 229 228 224 221 217 214 213 211 205 197 191 191 194 197 197 198 199 199 195 192 191 188 186 184 184 183 183 185 187 192 196 188 183 182 183 193 205 212 214 212 206 199 196 192 190 189 188 188 187 184 180 181 182 182 183 184 184 183 182 182 182 183 183 184 185 186 188 194 198 198 200 196 192 200 199 195 195 197 199 202 201
238 238 237 233 233 230 232 229 225 225 220 219 218 217 216 214 212 217 219 221 221 218 211 206 202 200 199 197 195 194 194 190 191 191 195 199 201 202 201 197 196 192 187 184 183 183 184 187 190 191 184 182 182 186 199 204 210 213 210 203 197 193 190 188 187 186 185 184 182 181 180 181 181 182 182 183 181 182 183 184 184 185 185 186 186 187 190 192 194 195 194 195 202 209 204 197 200 206 213 210
238 238 237 236 236 235 239 235 233 230 231 231 231 230 228 222 214 212 208 208 207 207 203 203 206 208 202 201 200 203 200 193 190 189 190 198 202 203 201 199 198 197 192 188 185 184 183 184 188 187 182 181 183 187 192 198 208 212 210 203 197 193 190 188 187 184 183 182 181 180 180 181 183 183 181 181 182 185 186 186 187 187 187 186 186 187 188 190 192 193 196 199 202 207 204 204 208 211 218 219
238 238 238 238 238 237 238 236 235 234 235 234 232 228 227 219 227 225 219 215 209 208 208 215 219 217 213 215 213 211 204 196 193 189 189 197 201 202 199 197 195 195 195 192 189 185 184 183 183 184 182 181 182 184 188 196 204 210 209 202 196 191 188 187 185 182 182 181 180 180 180 186 190 190 189 189 189 192 194 191 191 190 188 187 186 186 187 189 192 196 199 202 206 212 213 215 222 223 228 231
239 238 238 238 237 237 237 237 236 235 235 234 232 232 231 229 232 231 228 219 211 220 220 224 228 226 224 221 215 208 202 202 198 191 188 192 195 195 197 198 196 194 193 195 195 192 189 187 184 182 182 181 181 181 183 191 201 207 206 200 195 189 185 185 183 181 180 180 180 181 186 193 201 200 197 203 196 200 207 198 193 191 189 187 187 187 188 189 191 194 197 201 209 212 221 226 228 220 222 221
237 237 238 238 237 237 237 237 236 236 236 235 234 233 232 233 233 232 226 216 218 227 229 231 231 230 226 216 211 211 211 210 202 196 190 189 192 191 192 193 195 194 192 191 192 195 198 198 193 186 184 182 181 181 180 186 197 203 202 197 191 185 182 182 181 180 180 180 183 189 197 199 211 215 206 213 202 205 213 204 198 194 192 190 188 189 190 192 192 193 197 200 204 207 212 214 219 215 215 220
232 233 236 236 236 236 235 236 236 236 236 232 232 234 234 234 233 232 228 216 225 231 232 232 232 229 224 226 224 224 219 211 204 200 194 190 188 189 190 192 195 196 194 194 192 194 203 202 201 199 193 191 186 185 180 184 190 195 197 195 189 183 181 180 180 180 179 181 188 198 208 204 207 207 210 218 216 215 219 212 204 200 197 193 190 191 191 193 195 195 198 200 204 206 205 207 211 210 212 219
227 228 232 235 235 234 233 234 235 236 235 234 233 235 235 233 232 230 221 222 227 232 232 232 232 231 231 231 230 227 221 213 206 199 198 194 189 188 191 197 198 204 202 203 198 192 198 198 200 201 199 196 191 188 182 181 185 189 190 191 188 183 181 180 180 179 179 183 188 194 195 195 197 205 218 221 220 217 211 206 203 201 199 196 193 193 194 194 193 195 197 199 202 201 201 207 209 207 209 219
225 216 226 233 234 232 233 231 234 235 235 235 235 236 234 231 230 227 229 228 230 232 232 231 232 232 231 231 231 230 227 222 214 206 201 196 190 187 195 206 206 207 206 204 201 194 191 195 198 198 194 191 188 185 183 183 181 181 184 188 187 183 180 180 179 179 181 183 185 187 189 193 198 204 215 221 220 214 206 202 200 199 197 197 194 194 193 192 192 194 196 197 198 197 200 207 207 204 207 211
217 212 223 233 233 226 232 226 232 234 235 235 235 235 233 231 232 231 233 230 230 232 232 231 229 230 231 231 231 230 226 223 220 209 201 195 191 186 188 196 197 196 197 194 192 192 188 191 192 193 192 190 187 185 189 191 188 182 180 182 185 182 179 179 179 181 185 185 186 187 189 193 198 208 218 221 220 214 205 201 199 197 195 195 192 192 192 191 190 193 194 196 195 195 200 205 205 202 203 205
218 209 220 231 233 224 222 221 233 233 234 233 233 234 234 232 232 231 233 232 231 231 232 232 230 225 228 228 228 230 227 218 212 209 201 195 191 187 186 187 187 187 187 186 185 185 186 190 190 189 188 187 187 189 195 196 192 189 184 179 180 179 179 179 178 180 183 183 185 187 189 193 201 212 219 219 210 208 204 201 199 199 195 192 191 190 189 190 190 191 190 193 193 196 202 202 203 200 200 202
215 206 214 228 225 220 213 224 234 232 232 231 231 233 234 234 233 233 233 231 231 231 230 232 231 228 220 218 221 225 228 224 213 204 199 194 191 191 189 188 188 188 186 186 188 186 184 188 186 184 184 184 188 198 200 198 198 194 189 182 179 178 178 178 178 179 181 182 184 185 189 196 209 214 215 208 201 203 201 200 198 197 196 194 191 188 187 189 188 189 190 191 196 201 200 201 199 198 198 201
204 202 211 225 221 209 217 233 234 233 230 225 226 232 231 233 233 233 233 232 231 231 230 230 231 230 228 221 212 214 221 222 214 205 199 195 196 198 194 191 194 194 192 191 193 190 185 184 183 184 183 183 190 202 202 200 199 194 190 185 181 178 178 178 179 179 180 181 183 184 187 194 202 202 200 198 196 201 202 199 198 196 193 193 192 189 187 188 189 189 190 193 199 199 199 199 197 196 196 201
193 195 208 220 219 206 216 231 233 233 233 227 218 224 226 232 231 232 233 233 233 232 230 229 225 223 219 215 216 210 207 211 212 211 205 202 202 200 196 196 196 195 195 194 194 193 189 184 184 188 184 182 186 199 203 199 198 194 190 187 184 184 179 178 179 178 179 180 181 182 185 189 191 192 193 191 192 201 208 200 198 194 192 191 191 189 186 188 190 193 197 198 197 195 196 196 196 195 197 202
190 192 199 211 213 203 213 229 233 229 231 230 220 215 220 225 229 231 233 233 233 233 232 231 229 227 225 227 225 216 210 205 203 208 206 205 200 196 194 194 195 194 193 194 193 192 189 186 185 183 183 182 186 200 204 199 195 193 191 188 187 185 183 179 178 178 178 178 179 180 183 184 185 186 187 188 190 199 209 206 202 197 194 191 189 188 187 187 190 195 198 197 194 192 193 194 195 194 195 200
188 189 189 193 199 199 213 222 231 229 221 225 214 219 230 229 232 232 232 233 233 233 232 232 231 231 230 230 228 225 221 212 201 198 200 204 200 196 195 196 195 192 190 189 190 190 188 186 185 183 182 181 185 194 203 201 196 193 191 189 187 185 184 181 178 178 177 177 178 180 180 182 184 184 184 187 191 197 207 208 201 198 195 192 191 190 188 186 190 195 195 193 191 190 190 191 193 193 196 198
189 188 188 188 188 195 206 213 224 228 219 212 209 212 223 229 231 232 232 232 232 233 232 232 232 231 230 229 226 223 224 219 209 201 198 197 199 199 198 198 196 194 191 186 184 186 187 187 185 183 181 180 184 190 196 200 196 194 191 189 186 185 184 181 179 178 178 177 177 179 179 180 181 182 185 187 191 196 204 211 199 196 193 191 191 193 190 188 186 191 192 191 189 188 188 190 192 192 192 196
189 188 188 188 187 188 196 207 216 224 219 207 209 221 229 230 231 232 234 233 232 232 232 232 232 231 230 228 227 220 211 212 210 205 201 197 192 193 194 196 196 191 187 183 182 185 184 184 183 183 180 180 185 195 201 203 200 197 192 189 186 185 183 182 180 178 178 177 177 178 178 179 179 183 186 188 191 195 204 212 204 200 196 191 189 192 190 189 185 186 186 187 188 187 188 190 190 190 192 195
189 188 188 188 187 187 190 199 209 216 211 203 214 227 231 231 231 232 234 233 231 231 232 232 231 231 230 228 224 218 210 202 202 198 194 192 189 188 188 191 195 191 185 182 180 181 180 182 183 181 180 179 183 191 202 204 202 198 194 190 186 185 184 182 180 179 178 177 177 179 178 178 179 181 184 186 189 192 197 202 208 203 197 190 186 190 191 187 185 188 188 188 187 190 191 192 192 191 191 195
189 189 189 189 188 187 188 190 199 208 202 204 220 228 230 231 232 232 232 231 230 231 231 231 231 229 229 229 225 221 213 216 218 206 196 190 187 186 186 187 190 188 183 180 179 180 179 181 182 180 179 179 182 186 195 202 202 201 197 191 187 185 184 183 181 179 178 177 178 177 177 177 178 181 184 185 188 190 193 195 200 202 197 190 184 188 188 185 185 190 193 196 191 196 198 197 199 198 197 197
190 189 189 188 188 186 187 189 190 196 197 209 219 227 226 230 231 232 231 231 229 228 229 229 230 229 225 225 227 226 224 226 221 206 194 189 186 185 184 185 185 184 182 180 179 179 178 179 181 179 179 179 181 184 187 200 203 201 198 192 188 185 185 184 182 180 178 177 177 176 176 177 180 184 184 185 186 187 190 195 201 197 190 187 183 183 185 188 188 191 194 204 196 194 200 202 205 205 202 200
190 189 189 188 187 186 186 188 189 190 199 207 215 223 221 227 230 231 230 230 229 227 225 223 224 227 228 222 218 226 227 222 213 199 191 187 185 183 183 183 183 182 181 180 179 178 179 178 179 179 179 179 179 181 186 198 199 196 193 191 188 186 185 184 182 180 179 177 177 176 176 177 182 183 183 184 185 186 190 197 200 195 185 182 181 183 189 199 201 196 199 206 198 196 202 206 204 201 199 197
190 190 188 188 187 186 186 187 188 190 193 201 209 217 215 225 229 229 229 226 229 229 228 227 221 216 219 224 215 212 226 221 212 198 191 187 184 182 182 182 182 181 181 180 179 178 177 178 178 178 178 178 178 179 182 187 188 187 189 192 189 187 185 184 184 182 179 178 177 176 176 177 181 182 182 183 184 186 191 197 198 191 184 182 189 185 188 196 206 208 205 205 200 201 207 208 204 196 195 192
194 192 189 188 187 186 186 186 187 188 190 197 204 208 210 221 228 229 226 226 227 229 229 229 227 222 211 215 220 206 214 225 220 203 192 189 183 182 181 182 181 180 180 179 178 178 178 177 178 178 178 177 177 178 179 181 182 183 181 184 187 189 187 185 185 183 181 179 177 176 175 177 180 181 181 182 183 185 192 196 194 188 181 188 197 193 192 197 207 216 215 211 210 207 212 213 204 198 197 193
193 196 192 189 187 186 186 185 186 186 186 193 200 201 209 218 225 229 226 221 224 226 229 228 225 217 209 211 218 207 205 219 211 196 190 188 185 184 183 181 180 180 178 178 177 177 176 177 177 177 177 177 177 177 177 179 178 180 179 180 184 190 191 188 187 185 183 181 177 176 175 176 176 179 181 182 183 185 190 191 190 186 181 182 194 203 206 211 215 215 218 219 220 215 218 214 204 201 203 198
195 194 195 190 188 186 186 185 185 185 185 187 195 198 203 210 219 227 225 223 216 224 228 228 223 213 206 204 208 204 197 206 202 190 187 186 186 185 184 181 180 179 178 178 177 177 176 176 177 177 177 176 176 177 177 177 177 178 178 178 179 181 185 190 192 190 187 185 179 176 175 175 176 177 179 182 183 184 188 189 185 183 180 186 196 204 204 207 205 204 209 216 217 211 212 206 202 196 199 196
191 191 192 190 188 186 185 186 185 185 184 185 192 197 199 204 212 221 225 225 214 212 224 227 225 215 207 202 200 201 199 193 190 187 185 184 183 183 181 180 179 180 181 179 178 178 178 176 176 177 177 176 177 176 176 177 177 178 177 178 178 180 182 188 196 195 191 189 182 176 176 176 176 176 176 179 181 183 186 189 189 184 180 181 189 198 196 195 199 201 209 214 215 206 201 197 198 193 192 194
191 191 190 190 188 187 186 185 185 185 184 184 186 194 196 200 207 215 222 226 219 207 216 219 222 218 210 204 201 197 199 195 192 188 186 184 182 181 181 178 177 178 177 176 175 176 178 177 175 176 176 176 177 176 176 176 176 181 179 178 178 180 182 187 198 197 195 192 186 180 177 176 175 175 175 176 180 183 184 187 190 188 180 180 186 193 193 193 201 210 215 218 217 210 199 193 192 190 187 187
191 190 190 190 189 188 187 186 186 185 184 184 184 186 194 196 202 211 220 225 222 210 204 209 208 208 208 210 204 196 197 197 193 188 185 183 182 180 179 177 176 175 175 175 175 175 175 174 175 175 175 176 176 176 175 175 177 180 180 179 180 181 183 187 196 201 199 195 188 183 178 176 176 176 175 175 177 181 183 185 187 184 181 187 186 192 194 195 204 212 217 218 217 209 198 192 189 189 187 183
195 191 190 190 190 188 187 186 186 185 185 184 184 183 188 193 199 206 214 222 224 215 200 197 202 200 201 206 204 197 192 196 191 187 183 182 181 181 178 177 176 175 175 175 175 175 176 174 175 175 175 176 176 176 175 176 177 179 179 179 180 183 186 198 201 201 203 198 194 187 180 177 176 176 175 175 175 177 181 183 182 178 185 187 190 195 198 199 201 209 213 215 214 211 202 196 189 188 187 182
210 195 190 190 190 189 187 187 186 185 185 184 184 183 183 185 191 200 208 215 219 215 203 194 199 197 201 203 202 197 193 190 190 186 185 183 181 180 179 176 176 176 175 175 175 176 175 174 174 175 175 176 175 176 175 176 177 177 179 181 182 185 190 205 212 210 205 200 193 188 184 179 177 176 175 174 175 175 178 180 177 181 185 187 191 194 200 204 208 209 210 210 209 205 202 198 192 190 184 181
221 205 192 189 189 189 188 186 186 185 185 184 184 184 183 183 183 190 201 208 214 210 199 192 193 194 200 202 202 199 195 190 190 190 187 184 180 177 176 176 176 176 177 179 180 176 175 174 174 175 175 175 176 175 176 175 176 177 178 181 183 186 189 201 215 215 208 197 192 188 185 181 178 177 176 176 175 174 175 175 178 181 184 187 189 192 195 198 203 204 204 201 204 200 197 195 192 190 185 182
228 216 206 191 189 188 188 187 186 185 185 184 184 184 183 183 183 182 187 204 207 198 189 184 185 186 194 200 200 200 195 191 187 192 190 185 182 178 177 176 176 176 177 177 177 176 176 176 176 176 175 176 175 175 175 176 176 177 179 179 180 183 185 192 206 215 211 196 192 193 190 184 181 178 177 177 176 176 175 175 176 180 182 184 184 189 191 193 197 197 195 197 198 197 194 192 189 187 184 182
230 227 217 196 189 188 188 188 187 186 185 184 184 183 183 183 183 183 182 187 190 183 183 184 184 184 182 187 190 192 190 188 183 189 187 182 179 180 178 178 177 179 178 175 174 174 174 175 174 174 174 178 183 180 180 175 175 177 178 179 181 184 185 188 195 213 215 205 207 202 196 189 183 180 178 177 176 176 176 174 175 175 176 177 178 184 188 190 192 193 192 193 194 193 191 191 190 189 186 180
222 226 225 212 192 189 188 188 187 187 185 185 184 184 183 183 182 183 183 183 184 183 183 183 182 180 180 181 181 180 180 182 183 182 183 180 179 179 178 178 177 177 176 174 174 175 175 175 174 175 174 175 177 181 176 175 176 177 179 182 187 187 188 192 203 214 216 214 212 210 206 198 189 182 178 177 177 176 177 176 175 174 175 176 178 183 187 188 188 190 189 190 192 191 190 190 190 189 186 180
220 218 223 223 206 190 188 188 188 188 187 186 184 184 183 183 183 183 182 183 183 183 182 182 181 180 180 180 180 180 181 181 184 180 179 180 180 179 178 179 177 175 175 175 174 174 175 175 174 175 175 174 174 175 175 176 176 178 180 186 186 186 189 193 203 216 216 214 211 209 208 199 191 184 181 178 177 176 176 176 176 175 174 174 175 182 187 188 188 188 189 191 192 192 190 187 188 188 185 179
219 222 214 219 223 207 190 188 187 187 187 186 186 185 183 183 183 183 183 182 183 182 181 182 181 180 180 180 180 180 180 181 180 179 179 178 180 180 178 177 176 175 175 175 174 175 175 175 174 175 176 175 175 176 176 176 179 180 180 182 183 185 189 200 209 216 217 217 215 209 204 202 197 188 184 180 178 176 177 176 176 175 174 174 174 177 184 186 184 185 187 189 189 188 189 187 185 185 183 179
210 210 217 211 223 221 203 189 187 186 186 186 185 184 183 183 184 183 183 182 182 181 181 181 181 182 180 180 180 180 180 180 179 179 179 178 179 180 178 177 176 175 175 175 175 175 175 175 183 179 176 178 177 177 176 176 181 182 184 186 184 186 189 197 211 217 217 217 216 213 208 202 201 196 194 188 185 180 176 176 176 176 175 174 174 175 180 181 182 183 187 188 186 186 187 185 183 181 180 178
224 213 205 208 223 224 215 193 188 187 186 186 185 184 183 183 184 183 183 182 182 182 181 180 181 181 180 180 180 180 180 180 179 179 179 179 178 178 177 177 176 176 176 175 175 175 175 175 183 185 181 181 178 176 177 176 180 183 185 186 189 188 191 197 205 214 217 215 215 212 206 200 200 201 200 197 192 187 182 178 177 176 175 174 173 175 177 178 180 182 186 186 186 184 184 180 178 180 179 183
228 222 210 203 218 227 219 204 191 187 186 185 185 184 184 183 183 182 182 182 182 182 181 181 180 180 180 179 179 181 180 179 179 179 179 178 177 177 177 177 177 176 176 176 175 174 175 174 179 179 176 175 174 176 179 177 179 183 183 185 188 190 196 210 214 217 217 214 211 208 202 196 195 198 196 195 193 190 183 179 177 176 174 174 174 175 176 177 178 180 183 184 184 182 181 176 179 184 182 185
228 223 213 203 207 224 224 215 195 187 185 185 184 184 183 182 182 182 182 181 182 182 181 181 180 180 180 180 182 179 179 179 178 178 178 178 177 177 177 176 176 176 176 176 175 175 175 174 175 174 174 173 174 174 174 175 179 183 183 183 186 192 194 201 213 217 215 212 208 204 200 199 194 192 192 189 188 184 185 182 177 176 174 174 175 175 175 176 177 177 180 181 181 179 178 177 181 182 180 180
227 227 223 211 200 207 223 216 200 190 186 184 181 184 184 182 182 182 182 182 182 181 181 181 181 181 181 181 179 179 179 179 179 178 178 178 177 177 177 177 176 176 176 175 175 175 175 175 175 174 174 174 174 174 174 174 178 183 183 184 186 191 193 197 210 216 213 208 205 203 202 201 199 199 197 193 191 190 190 186 178 176 174 174 174 175 176 175 175 176 178 179 178 177 176 178 176 176 175 176
226 226 226 219 206 198 212 225 217 204 191 185 182 184 184 183 183 183 183 183 182 181 181 181 183 185 186 186 184 181 180 180 179 179 181 183 182 180 179 179 179 178 176 176 175 175 175 174 175 174 174 175 174 173 173 174 175 176 179 183 186 190 191 196 209 214 210 205 201 199 201 202 201 200 197 193 192 191 191 189 183 178 175 174 175 176 176 175 175 175 176 177 176 176 179 178 175 174 175 175
225 221 226 223 211 200 199 221 223 219 202 189 184 184 183 183 183 182 182 182 182 181 181 180 183 186 187 188 188 185 187 185 184 183 186 188 189 186 182 181 181 181 179 180 180 177 175 176 176 176 175 174 174 174 173 173 174 176 180 187 192 197 198 203 207 208 206 203 198 198 202 202 201 200 196 192 190 189 189 189 188 185 181 175 176 176 176 175 175 175 176 175 176 177 178 177 175 174 174 175
215 214 215 208 201 198 195 203 220 223 210 195 186 183 183 182 182 181 182 181 181 182 180 181 186 188 190 191 193 192 192 192 190 188 190 193 192 188 184 184 184 185 182 182 184 180 181 181 183 184 179 176 174 174 174 173 174 176 183 195 200 203 203 204 204 203 202 201 196 200 201 201 200 198 196 193 191 191 189 186 185 183 181 177 175 173 173 174 175 174 174 174 176 177 177 175 174 174 174 174
204 204 201 204 205 200 194 194 214 223 220 201 189 185 183 182 181 181 181 181 180 181 180 184 194 196 197 196 198 206 206 204 201 196 196 194 192 189 190 192 189 188 186 185 185 185 188 191 191 189 188 184 179 177 176 174 175 177 187 202 203 205 205 205 204 201 199 198 194 199 201 200 200 199 196 194 191 187 185 187 189 189 186 181 176 174 173 172 174 174 174 174 177 176 176 176 174 173 173 173
193 204 218 223 220 214 205 193 211 216 220 200 190 187 185 183 182 181 181 181 180 180 181 185 193 202 210 212 211 209 221 219 208 200 204 200 196 197 196 197 196 194 191 190 188 189 191 193 192 190 192 190 187 186 185 180 175 177 195 201 200 201 200 202 203 201 199 197 194 194 199 199 199 197 197 196 192 189 189 190 190 189 185 181 178 174 175 173 174 174 174 174 174 174 175 175 174 174 173 173
189 196 209 222 222 214 206 195 196 206 210 205 192 188 187 183 182 182 182 181 180 181 181 186 200 207 227 235 230 217 234 235 224 215 208 201 203 212 214 212 206 202 197 195 191 191 193 194 194 191 189 189 188 184 181 179 175 179 197 194 190 189 189 191 192 191 189 191 191 189 194 197 196 199 198 197 192 191 190 190 189 189 187 182 181 177 175 174 173 174 173 174 173 174 174 174 173 173 173 172
188 189 195 209 219 220 212 203 191 191 199 213 195 188 187 185 182 182 181 180 180 181 181 185 196 218 238 238 233 224 236 239 231 218 211 213 221 225 225 223 219 208 204 209 204 198 195 194 193 194 191 195 195 194 190 179 175 179 186 185 184 183 183 184 185 184 184 185 186 186 190 194 198 199 197 195 192 191 190 188 188 189 188 183 181 179 178 175 173 172 173 172 173 173 174 174 173 175 175 173
191 188 188 194 203 210 213 207 200 193 190 208 198 190 187 185 182 182 181 181 180 180 181 184 196 223 238 238 236 230 238 240 236 233 229 228 228 227 225 224 221 216 207 206 208 202 197 196 196 196 190 196 196 195 193 182 175 178 179 182 182 181 181 182 182 182 182 182 183 184 185 188 194 199 199 196 191 190 190 190 189 187 185 182 181 180 179 178 176 173 171 173 173 173 173 174 174 179 180 176
196 191 188 187 188 189 187 188 190 194 188 192 199 194 187 185 182 181 181 181 181 180 181 184 197 218 237 236 233 230 236 238 237 232 229 229 229 228 227 227 226 221 205 199 196 197 193 190 187 188 189 193 194 190 186 181 176 174 176 179 177 177 179 180 181 181 180 180 181 183 185 184 190 197 199 196 192 191 190 191 190 189 186 183 182 181 179 179 180 179 173 173 175 175 174 174 174 177 179 178
205 200 194 188 186 185 186 185 184 184 185 187 197 195 189 186 183 181 181 180 180 180 181 185 196 214 239 238 236 231 229 234 236 232 228 227 228 229 228 227 223 209 197 193 196 195 186 181 180 179 179 181 182 181 180 177 179 176 174 174 173 175 177 178 179 178 178 179 179 182 183 182 189 196 196 195 192 190 190 190 190 189 186 183 182 182 180 179 180 180 175 173 176 176 177 174 173 174 174 175
217 212 207 201 194 189 192 191 186 184 184 184 184 185 186 186 184 181 180 180 180 180 181 187 199 212 238 240 239 235 228 225 230 229 227 227 225 224 227 220 206 195 191 195 195 187 180 178 178 178 178 178 177 177 177 179 181 180 179 177 175 174 173 174 176 177 178 179 178 178 180 181 186 195 197 197 195 191 190 189 189 188 186 184 182 182 181 179 180 179 176 172 173 174 179 175 173 174 174 175
224 221 217 208 201 194 199 201 195 190 187 184 184 184 183 182 182 181 181 180 180 180 181 190 198 206 219 237 235 232 230 223 227 229 229 228 227 220 222 220 206 198 188 193 187 180 177 177 177 177 176 178 177 174 174 175 176 179 177 177 176 175 174 174 173 175 177 179 177 176 178 178 182 190 197 199 198 194 191 189 188 189 188 186 182 181 180 180 180 178 175 171 172 173 176 174 173 174 174 174
212 210 205 192 199 204 213 208 206 202 197 200 192 187 183 182 182 181 181 180 179 180 182 199 215 218 220 230 233 226 224 219 228 229 229 228 226 222 214 212 203 197 186 185 180 177 176 175 175 174 175 177 176 177 176 176 176 177 175 174 173 172 172 173 173 172 173 175 176 175 175 176 180 184 193 199 198 197 194 190 190 190 189 187 184 181 180 181 180 178 175 172 171 172 174 175 173 174 174 174
198 198 196 205 216 219 219 220 219 214 207 217 211 206 198 185 181 181 180 180 179 179 187 211 234 234 231 226 224 227 218 219 228 229 229 228 221 214 210 215 204 193 183 178 175 175 175 175 176 176 177 177 176 175 174 174 174 174 173 173 172 172 172 171 171 171 172 172 172 172 174 175 175 179 190 194 194 193 198 193 190 189 189 187 185 182 183 182 178 177 175 171 171 172 172 174 173 173 173 172
212 219 221 221 222 221 221 222 220 216 214 218 218 215 211 199 185 180 180 180 179 180 192 218 237 236 233 228 222 220 219 214 226 227 225 222 211 200 208 210 195 185 178 175 175 175 176 175 174 173 173 173 174 174 174 174 173 173 172 173 173 172 172 172 171 172 171 172 172 171 171 172 173 175 187 198 198 198 195 195 191 189 188 188 187 183 182 185 184 177 172 170 171 171 171 173 172 172 172 172
222 226 227 226 225 224 223 222 219 218 218 220 220 218 212 201 188 182 180 179 179 182 201 225 234 232 229 224 219 212 209 214 223 221 219 219 204 200 211 196 185 179 176 174 174 174 173 174 174 174 173 173 174 175 174 173 173 173 174 173 174 173 173 172 172 172 171 171 172 172 171 171 172 174 180 189 195 196 196 196 193 189 187 187 186 182 181 181 184 178 172 170 169 170 172 172 172 171 172 172
228 228 227 227 227 226 223 222 221 219 219 218 219 219 213 201 188 182 179 179 179 185 210 228 229 229 226 227 225 221 212 205 215 217 212 210 200 192 197 185 177 173 172 173 173 173 173 173 173 173 172 173 173 173 173 173 174 174 174 173 173 173 173 173 172 172 171 171 171 172 172 171 171 172 175 193 196 196 195 195 193 190 189 186 184 182 181 180 179 176 173 171 170 172 172 172 172 172 172 172
229 228 227 226 226 225 223 219 210 205 204 206 211 212 208 200 188 181 179 179 179 187 215 224 225 228 230 229 226 224 218 208 202 211 206 195 188 182 184 176 173 173 173 173 173 173 172 173 173 172 172 174 183 186 182 181 176 177 177 176 175 174 174 173 172 172 171 171 171 171 172 172 172 172 171 186 196 196 195 193 192 191 190 188 184 181 180 180 178 174 172 170 171 172 172 171 172 174 172 172
227 227 226 223 218 216 213 211 218 217 213 205 198 194 192 189 185 181 179 178 178 187 216 224 222 227 229 225 222 220 218 216 208 199 196 194 190 181 174 173 174 174 174 173 173 174 173 172 175 185 194 190 205 203 200 194 180 185 188 185 187 186 185 181 174 172 172 171 171 171 172 173 173 173 172 179 194 193 193 190 190 190 189 188 187 185 182 179 176 174 170 170 171 171 171 172 177 184 177 173
225 223 222 221 226 229 227 227 233 230 225 216 212 213 212 204 192 181 178 178 178 184 211 222 218 223 222 220 218 217 216 215 213 210 206 198 183 173 173 174 174 174 174 173 173 175 184 193 201 204 199 201 205 204 203 195 179 194 192 188 189 190 189 186 184 177 172 172 171 172 173 173 173 173 172 173 188 188 188 187 187 189 189 189 187 187 185 180 174 172 173 171 170 171 171 176 184 186 180 173
233 232 232 233 236 240 241 245 249 246 237 228 222 217 212 206 193 180 178 178 178 180 193 212 214 215 217 217 214 211 211 210 206 197 193 180 173 173 174 175 174 174 174 175 188 200 209 209 205 203 200 205 206 204 202 192 181 201 200 194 192 192 190 187 184 181 177 172 172 171 172 172 172 172 172 171 173 179 180 181 184 187 189 188 185 185 185 179 173 171 170 171 172 172 171 179 188 187 184 175
246 244 243 243 244 248 249 251 251 246 241 238 231 222 211 201 189 178 178 177 177 177 183 195 208 204 214 216 215 212 206 201 196 187 176 174 174 174 174 174 174 174 182 202 210 211 212 212 207 204 202 205 205 204 201 187 183 206 212 205 199 194 191 188 186 185 184 176 172 171 172 172 173 173 172 171 170 170 177 180 183 183 185 182 179 178 176 174 171 170 170 170 170 173 175 182 187 188 187 180
256 252 249 248 247 248 250 248 244 239 238 238 234 226 215 205 189 177 178 178 177 177 178 183 190 203 215 215 213 210 207 204 195 178 173 174 174 174 174 174 176 192 215 216 216 215 214 213 211 206 205 206 205 203 195 183 198 201 215 216 212 202 196 193 191 189 185 183 177 172 172 172 172 172 172 171 170 170 170 171 173 173 174 175 174 174 175 173 171 171 169 170 170 173 177 181 183 185 187 182
257 252 247 247 246 246 246 243 238 234 230 231 229 223 214 204 189 178 178 178 177 177 177 179 183 193 206 209 207 204 200 188 177 175 173 174 174 174 175 177 183 190 204 217 220 219 218 218 215 211 207 206 207 202 187 192 212 211 211 215 217 212 206 203 201 199 194 199 193 179 173 170 170 172 171 171 171 170 170 170 171 171 171 172 175 175 174 172 171 170 170 170 172 176 176 179 182 183 184 183
257 253 246 243 241 241 242 238 232 230 225 220 220 218 212 202 186 177 177 177 177 176 176 177 178 182 190 196 195 190 184 176 175 175 173 174 174 175 176 195 207 205 197 204 215 217 217 219 219 216 212 209 208 194 188 210 218 216 217 215 217 218 217 215 211 203 201 207 205 187 180 172 170 170 171 171 171 171 170 170 170 171 171 171 173 175 175 173 170 169 169 170 171 176 176 178 182 185 186 182
257 253 248 246 243 236 230 232 229 223 222 218 209 212 208 200 183 177 178 177 177 178 177 178 177 177 179 183 183 181 176 175 174 174 173 174 175 177 195 219 231 231 224 209 207 212 217 218 218 217 215 213 211 192 191 211 217 218 218 217 217 218 216 212 208 208 205 207 196 193 196 185 172 170 170 170 171 170 169 170 170 170 170 170 171 174 174 171 170 169 169 170 171 172 175 176 182 185 186 184
254 250 248 248 244 238 231 221 222 220 214 214 212 199 191 185 178 176 176 176 176 177 176 176 176 176 177 178 178 176 175 175 175 174 173 176 179 199 225 233 234 235 233 224 218 213 217 216 216 216 213 208 195 191 187 208 216 217 218 219 220 219 217 217 216 214 208 207 201 206 211 205 187 171 171 169 169 171 170 170 170 170 170 170 170 171 172 170 169 169 171 172 173 175 176 179 178 182 182 182
248 242 247 247 240 234 229 225 216 208 212 208 202 190 182 176 176 175 175 175 175 175 175 175 175 175 177 177 175 175 175 175 174 174 176 180 196 224 230 233 235 234 234 233 225 217 218 216 214 214 212 198 203 201 197 214 216 215 217 218 224 224 220 217 216 213 213 208 206 211 213 213 205 185 173 170 170 170 170 170 170 170 169 170 170 170 170 170 169 171 175 174 174 175 179 184 183 179 183 182
238 231 229 235 235 229 226 222 219 216 204 193 180 176 176 176 176 176 176 175 175 175 174 175 175 175 174 174 175 174 174 174 174 175 179 182 203 219 226 231 233 230 231 233 224 224 226 219 215 212 208 198 206 212 200 197 208 212 211 217 226 226 225 218 217 218 214 212 210 214 213 210 204 196 186 179 171 169 170 170 170 170 169 169 170 169 170 169 168 170 173 173 174 176 180 184 183 180 183 181
244 244 235 219 216 224 219 218 216 217 205 178 176 177 177 179 180 179 177 177 176 176 175 175 174 174 174 175 175 175 174 174 176 181 192 189 191 214 219 227 230 228 226 225 227 229 231 228 222 216 213 205 198 214 212 208 201 199 205 222 227 225 227 223 219 216 215 215 213 218 218 218 208 200 195 198 192 175 171 170 169 169 170 169 170 169 169 169 169 170 171 172 174 177 182 185 184 183 183 183
249 248 243 233 218 207 214 208 217 211 180 176 177 179 183 189 193 195 189 182 179 176 176 175 175 175 175 175 175 175 174 178 186 204 218 201 192 228 227 227 227 226 225 230 233 231 230 230 227 219 214 211 199 210 215 215 213 202 205 223 227 228 228 226 222 221 220 219 217 219 228 229 221 214 204 205 203 196 184 177 170 169 170 169 169 169 170 169 168 170 171 171 173 177 182 183 184 184 182 184
250 248 241 230 224 215 201 203 216 189 176 176 180 187 194 201 210 224 237 232 218 195 183 178 177 176 175 175 175 178 186 199 218 229 211 195 202 232 231 229 228 227 227 230 231 231 228 229 227 221 215 210 202 204 215 214 209 208 208 218 224 227 226 227 226 227 227 227 223 224 232 230 223 214 207 202 199 193 191 194 188 173 170 170 169 170 169 169 169 169 171 171 172 175 181 184 186 186 185 185
246 240 236 228 221 215 202 196 203 179 176 182 189 197 204 215 230 252 260 248 226 213 223 202 189 187 187 191 200 212 227 238 230 209 199 211 231 237 234 230 229 227 227 229 230 228 225 225 226 223 216 212 208 205 216 214 208 211 210 217 223 224 224 226 229 232 234 233 227 231 232 230 228 224 215 206 198 200 200 198 197 191 179 170 169 170 169 170 169 169 171 171 171 177 184 188 189 188 188 189
247 238 226 221 221 216 205 188 185 176 176 191 201 210 220 228 251 264 267 262 252 253 248 232 212 211 233 236 241 238 237 233 211 210 221 241 246 243 237 232 232 229 227 228 229 229 226 223 220 219 217 216 207 208 217 215 210 207 213 214 218 222 223 227 231 235 237 235 230 231 231 229 230 227 219 207 206 205 203 203 200 196 191 178 171 169 169 170 170 169 171 170 171 180 189 191 192 191 190 191
244 237 228 217 209 212 198 182 178 178 182 197 208 226 244 252 259 268 268 268 268 263 255 245 234 233 246 240 226 222 217 212 216 237 240 242 245 244 240 235 233 232 229 228 228 221 216 215 212 209 210 209 204 215 217 216 212 207 213 216 219 223 225 226 230 234 235 233 230 230 229 228 229 227 219 220 217 211 205 204 201 196 191 194 186 171 169 170 169 169 170 170 173 180 185 194 194 193 194 194
238 236 227 217 206 195 186 179 177 177 193 211 212 240 259 267 267 266 265 265 267 266 261 253 243 246 239 231 239 243 239 236 239 243 239 234 232 236 240 238 234 231 230 227 219 216 221 219 220 219 213 211 216 218 217 215 213 208 212 214 217 222 224 223 224 228 229 231 231 230 229 226 226 228 229 229 224 215 206 202 202 199 196 195 193 185 171 168 168 169 170 170 173 178 184 191 195 196 196 197
212 226 226 213 197 187 180 177 177 176 212 231 221 221 233 248 263 265 266 265 263 265 263 257 253 247 237 251 253 253 250 248 246 243 235 239 237 230 231 237 237 233 230 223 215 227 226 226 226 225 218 220 217 217 216 215 214 209 214 214 214 216 221 223 217 222 225 226 230 231 230 228 224 228 230 228 224 216 208 203 202 201 199 195 195 192 179 170 168 168 168 168 172 182 192 189 194 198 199 201
196 201 216 202 189 182 177 177 176 189 234 255 261 248 256 261 265 269 267 263 261 259 261 260 256 250 241 255 256 256 254 252 249 242 241 245 241 237 230 225 225 223 222 221 224 230 230 228 227 224 223 223 219 216 212 212 211 213 215 214 214 213 213 216 213 225 227 227 227 228 229 229 225 228 224 219 217 216 212 205 202 201 200 194 193 190 185 172 170 170 169 168 169 183 198 197 193 197 200 204
187 185 193 192 184 178 177 177 176 216 252 269 274 270 269 273 271 273 270 267 265 261 256 254 252 248 243 253 254 255 254 252 246 239 248 251 247 241 237 236 233 233 235 231 230 234 233 231 228 228 227 226 222 216 216 216 215 216 215 212 208 206 203 203 204 213 219 222 222 224 226 227 222 225 222 210 207 204 204 203 201 195 192 188 186 186 180 172 170 169 169 168 167 183 201 200 200 197 200 207
207 188 183 186 180 178 177 176 188 211 234 265 277 279 279 280 278 278 276 273 270 263 259 255 252 249 253 255 254 252 249 242 241 241 250 253 251 247 245 242 239 238 236 232 234 236 237 234 230 229 229 227 222 216 219 217 217 215 209 208 211 211 211 212 207 199 203 209 215 223 225 224 220 216 214 219 220 210 204 201 198 192 195 192 185 179 178 172 170 169 168 168 168 186 204 204 203 201 204 211
182 177 176 178 176 176 176 184 222 245 257 272 280 284 287 287 286 285 283 280 273 269 266 259 260 258 259 257 257 255 249 245 249 250 252 255 256 254 250 245 240 237 235 237 238 237 237 235 231 230 228 226 222 219 224 220 220 212 215 217 216 215 214 212 208 205 199 207 212 219 225 226 224 223 221 226 220 213 212 210 206 201 202 198 190 181 175 172 169 168 168 168 169 186 207 207 206 206 207 212
176 177 178 177 178 182 189 200 222 237 260 274 281 286 291 294 296 296 294 287 280 275 268 262 262 262 262 260 258 253 247 249 255 254 256 258 259 258 254 248 243 240 239 240 239 238 236 234 229 226 226 222 221 225 227 224 217 214 219 218 216 214 213 211 212 213 209 199 197 207 223 227 227 226 226 226 223 218 215 212 211 207 200 192 185 180 175 171 170 167 169 169 169 193 209 209 209 210 213 220
178 179 181 181 186 200 226 230 243 256 264 272 277 281 288 296 299 299 299 296 289 279 273 268 266 264 261 259 259 255 247 250 255 255 257 259 260 259 255 251 248 244 241 242 239 234 232 231 231 231 230 225 226 229 228 224 215 223 220 217 215 214 214 214 214 213 212 211 207 196 206 225 227 226 226 226 224 220 217 215 214 211 202 190 181 176 172 170 168 168 170 170 170 200 211 211 211 215 218 225
