# 100 100
236 242 251 254 256 260 263 260 254 242 234 232 227 224 228 235 245 261 272 271 274 275 272 272 271 268 262 259 255 249 250 250 249 249 247 254 252 248 253 246 242 240 238 238 237 237 238 238 238 237 237 238 241 249 256 239 232 229 233 232 228 225 223 224 224 225 224 223 224 224 223 223 223 224 226 226 226 228 231 232 231 231 229 228 229 229 230 231 236 242 242 243 244 245 246 249 251 256 269 283
245 259 264 266 263 264 267 266 258 249 241 238 229 225 227 232 242 260 269 274 276 275 273 270 270 266 262 256 253 247 245 245 245 244 243 246 247 245 254 250 242 237 235 234 233 234 235 239 239 233 234 235 236 244 252 238 232 229 230 233 232 228 223 223 223 225 224 223 223 222 222 223 224 225 225 225 226 228 230 229 228 228 227 228 229 229 229 231 236 241 241 242 245 247 247 250 251 253 261 272
255 268 270 267 265 259 259 261 258 251 242 236 230 226 226 230 238 246 249 256 272 275 271 266 266 265 262 258 255 252 244 241 245 250 247 241 238 240 243 251 248 240 234 233 232 232 234 240 236 232 232 232 234 240 244 237 232 228 228 228 229 227 224 223 224 225 226 223 222 222 222 223 225 224 225 226 227 228 227 226 227 228 228 230 231 232 231 231 236 241 240 240 244 249 248 250 252 257 261 262
259 271 269 269 270 264 251 249 249 247 244 241 236 228 226 231 235 241 248 252 259 274 273 266 261 260 261 259 257 253 246 241 240 244 248 247 239 236 237 243 239 240 240 232 232 230 233 236 234 231 230 229 232 232 232 231 230 227 227 225 225 224 223 223 225 226 227 224 223 222 222 224 224 225 227 227 227 226 225 228 230 231 232 233 234 235 235 234 237 240 239 239 242 249 250 249 251 258 267 270
270 275 270 261 260 257 249 247 242 241 238 235 235 228 228 231 235 243 258 272 270 274 275 270 262 255 255 253 252 248 243 243 242 238 240 242 237 235 234 234 234 239 237 231 230 231 232 233 233 230 229 227 229 229 229 228 227 226 226 224 223 223 222 222 223 224 224 224 223 222 223 224 224 225 226 225 225 224 227 227 227 230 231 233 234 236 238 238 239 240 239 238 240 248 252 250 251 256 267 280
278 273 264 255 249 252 257 253 249 252 245 233 231 229 228 234 246 257 261 273 274 275 275 270 264 258 252 250 248 245 244 247 246 241 237 236 236 234 233 232 231 231 231 231 230 237 235 232 233 231 229 227 228 227 228 230 231 228 228 226 223 222 222 221 222 223 222 222 222 222 222 223 224 224 224 224 224 224 226 226 226 227 231 233 235 236 237 238 239 239 238 237 238 245 252 251 251 254 262 280
275 264 255 251 248 252 263 261 259 259 252 240 233 230 229 235 249 266 272 272 272 270 270 269 267 263 259 257 254 247 248 254 255 251 242 244 243 241 236 235 232 230 229 230 228 230 231 230 230 229 228 226 226 225 227 232 235 231 229 229 225 225 223 221 222 221 221 221 222 221 222 222 223 222 223 223 223 224 224 224 225 228 231 233 233 234 236 237 237 237 236 236 239 244 252 253 253 254 259 273
274 262 255 251 250 257 274 270 263 257 256 249 237 232 230 236 243 260 273 271 269 266 263 264 263 263 263 259 254 248 252 258 260 255 252 252 248 241 236 234 232 231 230 229 228 228 227 227 228 227 225 224 224 224 226 230 233 231 229 231 229 229 225 221 221 221 220 221 222 221 222 223 224 223 222 222 223 224 224 224 226 228 229 231 232 234 235 235 235 235 235 238 246 254 258 257 256 257 260 272
281 271 259 254 254 263 276 274 266 259 249 242 234 233 232 235 242 255 272 273 269 267 266 264 260 258 259 260 255 250 256 259 262 261 253 245 242 236 237 238 235 239 236 231 232 232 230 226 226 225 224 223 223 223 224 226 229 228 225 227 227 226 222 221 220 220 221 223 224 225 226 224 223 223 224 223 223 223 223 224 225 226 229 231 232 233 233 233 233 236 240 244 261 274 277 265 262 266 268 279
285 278 268 267 270 269 265 267 264 253 247 240 233 241 243 242 246 255 273 274 271 270 271 270 266 262 258 253 251 255 260 261 262 259 254 246 240 235 243 248 246 251 244 236 236 232 229 226 226 225 224 223 222 223 226 227 226 225 224 223 222 221 220 220 220 222 226 229 230 230 228 226 224 223 225 224 224 224 224 224 225 226 229 230 231 232 232 232 236 248 268 258 270 275 287 273 272 284 284 285
285 284 281 279 273 266 255 250 254 249 240 237 233 237 250 256 259 265 274 274 271 272 272 270 266 262 258 255 257 261 261 257 260 258 251 246 241 237 251 260 260 249 244 239 242 235 229 228 226 225 226 224 222 222 226 230 228 227 228 227 224 220 220 221 222 227 237 242 244 239 232 229 227 225 224 224 224 224 224 224 226 227 229 229 230 231 231 232 249 278 273 268 266 264 266 272 281 292 292 292
279 285 286 282 272 259 251 248 246 244 238 236 234 235 238 245 254 257 262 269 273 274 272 268 263 261 261 259 262 261 258 253 253 254 253 248 242 238 250 259 261 258 252 244 244 241 235 232 230 228 225 224 223 222 224 230 228 226 229 229 224 220 219 219 223 228 240 242 251 253 238 235 232 229 226 225 225 224 224 225 227 227 227 228 229 231 230 233 246 261 259 261 263 266 266 272 284 291 293 292
257 268 283 285 280 268 255 250 245 242 240 238 237 243 236 237 243 250 259 267 272 273 273 271 267 266 266 263 266 262 259 253 252 249 246 244 241 239 245 254 260 259 253 253 253 251 245 238 235 232 229 223 222 221 221 223 226 225 227 225 222 219 217 213 219 225 230 234 248 254 252 249 242 235 230 227 226 225 224 225 226 226 227 228 230 229 229 231 234 239 245 251 250 260 267 261 268 273 290 288
249 258 270 279 278 266 257 252 244 241 239 237 236 246 239 239 244 251 258 269 272 274 273 270 271 273 272 270 271 265 265 261 261 261 254 252 248 241 240 248 258 259 256 258 262 264 255 250 245 236 231 232 228 226 223 221 221 223 224 220 219 221 216 212 212 216 227 232 235 240 252 262 257 236 232 229 228 227 225 225 225 225 227 228 228 228 228 229 230 230 232 232 232 238 244 250 254 264 281 283
252 256 258 262 273 274 265 259 248 242 238 237 237 242 239 245 252 259 259 270 274 273 273 272 274 275 275 273 271 267 270 265 268 268 264 260 252 247 243 242 257 259 261 263 264 266 264 263 253 240 239 249 244 238 229 225 220 220 219 219 219 220 213 212 212 211 215 229 231 235 239 250 252 238 235 234 232 228 227 226 226 225 226 226 227 226 227 228 228 228 228 229 229 229 230 231 237 248 270 282
260 257 255 256 263 275 274 257 247 243 240 239 240 241 241 240 246 251 261 268 271 271 273 274 275 276 276 274 271 271 273 270 271 269 265 264 259 254 246 243 255 258 263 265 265 265 267 264 255 247 251 252 247 243 232 225 221 219 221 222 217 214 212 212 212 212 222 228 230 232 234 238 239 239 237 233 231 228 228 228 227 227 226 227 228 227 226 227 228 228 228 228 228 228 228 230 232 236 257 277
261 259 255 255 261 273 276 262 251 247 244 243 243 243 242 240 241 245 253 255 258 265 269 271 275 275 276 274 273 274 276 275 274 269 265 262 262 257 247 245 248 252 260 264 263 263 267 267 265 263 258 249 242 238 235 229 223 219 225 225 220 217 219 217 218 220 226 227 229 231 231 232 233 234 235 233 232 229 228 230 229 228 228 229 230 229 227 228 228 228 229 228 228 228 228 229 230 233 247 269
261 258 255 254 259 272 273 265 266 262 254 248 251 249 248 245 244 243 245 247 251 255 261 266 271 272 274 274 273 275 278 278 276 271 264 258 256 254 246 252 256 251 256 259 259 261 267 269 270 267 265 260 251 238 233 226 220 219 223 223 224 227 231 229 224 223 225 226 227 225 227 230 231 233 235 234 231 229 229 230 232 232 230 230 231 231 228 229 231 230 229 229 229 230 230 229 230 231 236 249
262 256 254 254 263 272 270 267 272 275 264 254 264 261 257 259 251 248 249 253 248 249 253 259 264 266 266 268 271 275 277 277 275 271 265 259 257 250 248 258 261 258 255 253 259 265 267 268 271 270 267 263 253 237 223 224 222 217 219 220 220 223 225 226 225 221 218 217 218 222 229 230 231 234 235 233 231 230 231 232 236 235 233 233 233 232 230 230 231 233 232 231 230 231 231 231 232 231 231 235
261 255 252 255 265 263 266 265 269 274 275 264 264 270 261 274 265 262 259 264 259 255 252 252 255 261 268 268 268 273 275 276 273 271 266 264 262 255 249 259 263 264 263 258 261 269 271 271 271 270 266 261 252 242 225 224 220 216 218 220 220 221 222 223 223 219 219 221 226 228 233 241 240 238 237 235 233 233 233 235 239 239 236 236 236 234 232 231 231 233 232 231 232 234 233 232 232 232 232 234
256 253 251 259 256 255 260 262 271 277 280 276 273 273 270 277 277 274 272 270 270 265 260 254 258 266 269 270 268 271 273 274 271 267 263 262 258 253 252 255 262 265 264 260 261 269 274 273 273 265 261 254 253 245 230 223 219 218 217 217 221 220 221 221 224 222 226 229 229 232 240 250 248 246 247 243 237 240 237 236 239 242 240 239 239 237 236 235 235 237 235 232 233 235 235 235 233 233 234 234
255 252 251 257 253 254 258 262 268 271 278 283 284 280 281 281 282 283 277 270 266 264 262 256 255 264 269 269 269 269 271 271 270 267 266 263 260 261 257 251 261 264 262 262 264 269 274 274 268 259 248 242 240 237 226 221 219 218 218 218 220 220 221 226 229 230 230 231 233 236 243 243 240 242 243 242 240 247 246 244 246 254 248 245 245 242 242 243 240 240 236 234 234 234 236 237 237 235 234 232
253 250 249 253 251 254 259 268 269 268 273 282 286 284 283 283 282 279 275 267 263 259 257 253 255 259 267 269 269 269 268 269 270 268 267 263 257 255 253 255 261 265 264 264 266 269 272 272 268 257 248 239 234 232 229 223 220 218 218 218 218 219 220 220 221 229 231 231 233 236 236 233 234 233 237 239 241 246 249 254 258 261 261 256 253 250 252 249 248 245 240 236 236 234 235 237 237 237 236 234
253 248 249 249 250 255 260 266 267 273 277 284 286 284 284 282 282 281 278 273 267 264 262 255 254 259 268 272 271 271 268 267 267 266 263 258 261 263 257 261 262 265 266 265 264 268 269 267 268 265 260 248 236 229 227 226 222 219 218 219 219 220 219 221 221 225 227 231 233 232 230 230 231 232 235 236 239 242 246 249 254 258 267 267 264 261 263 256 262 257 246 240 239 237 235 236 237 237 238 237
254 247 246 252 256 262 262 260 265 276 281 284 284 283 282 281 281 280 277 272 270 268 265 259 256 259 266 272 275 272 269 265 265 264 261 260 266 266 260 260 264 266 268 266 266 267 266 264 264 265 258 252 241 234 230 227 225 221 218 223 225 223 220 220 222 223 224 228 231 228 228 230 236 244 243 240 238 240 243 244 247 252 261 268 267 263 263 268 271 268 259 245 244 240 238 238 238 238 238 239
249 244 250 255 258 263 265 262 264 276 284 284 282 281 280 279 279 280 278 272 267 264 263 261 258 266 275 274 275 273 269 266 263 264 261 263 267 267 264 263 264 266 268 269 269 268 264 256 262 266 256 249 244 241 234 228 228 221 217 222 226 228 228 222 220 222 223 225 226 227 230 231 238 249 251 246 247 243 242 245 248 252 256 264 263 258 258 265 265 260 253 248 245 242 241 240 241 241 241 241
246 244 249 249 251 252 252 254 257 270 282 284 281 279 278 277 279 278 278 276 270 264 263 261 259 267 280 281 278 274 271 268 264 262 261 266 269 268 265 263 264 265 266 268 268 268 260 251 254 265 261 253 247 238 234 231 231 222 217 223 226 228 231 227 222 221 222 223 224 226 228 230 234 237 239 240 244 249 249 250 254 256 261 264 259 253 254 261 259 253 249 248 249 248 246 246 246 244 245 244
245 242 243 244 244 247 248 250 266 276 283 283 282 279 276 276 277 277 275 275 274 271 269 266 261 266 281 284 280 275 273 270 269 266 265 267 269 268 265 263 263 263 265 265 263 264 259 247 248 262 266 259 249 242 243 233 226 221 217 222 224 228 229 230 227 222 222 223 224 227 230 230 231 231 234 235 236 239 245 253 259 261 261 261 258 250 250 256 257 251 246 248 253 253 253 250 251 250 250 251
243 240 240 242 243 244 246 249 257 264 278 281 281 279 276 274 275 274 273 272 272 272 270 266 262 273 283 283 282 277 273 273 273 268 269 269 268 267 262 258 256 262 264 263 257 254 251 245 245 258 265 257 250 255 248 233 226 224 218 219 223 224 225 228 230 226 222 223 224 227 230 234 236 235 233 232 232 235 237 245 248 252 250 250 256 251 246 249 253 251 246 246 250 255 258 259 260 260 255 257
240 239 240 244 245 244 244 247 252 257 268 279 280 279 278 276 273 273 272 271 268 267 266 263 268 279 285 283 281 277 276 277 273 271 273 273 268 261 259 253 249 257 260 255 251 241 244 243 243 252 265 264 263 259 249 240 235 233 228 217 220 224 225 226 231 228 223 222 223 224 225 226 228 229 229 230 230 232 235 238 241 242 242 242 248 253 245 244 251 250 245 248 253 254 256 259 265 266 263 262
237 238 239 242 242 241 241 245 250 253 262 271 277 277 280 280 276 276 273 270 271 268 265 269 275 283 285 283 281 278 278 279 276 275 275 275 272 262 254 247 244 252 256 246 244 236 234 238 249 255 264 262 260 254 253 243 231 231 231 218 218 225 228 227 228 229 225 223 223 224 228 228 225 226 226 227 230 233 234 237 238 240 239 238 244 250 249 242 244 246 243 250 264 266 264 262 264 269 271 269
236 236 237 239 239 240 242 246 248 249 254 257 264 271 281 283 279 279 278 274 274 272 267 270 278 284 284 284 284 282 281 281 280 277 278 279 275 265 254 246 240 244 250 242 235 231 236 244 253 261 260 247 244 238 231 221 217 218 220 217 217 227 230 229 229 230 229 226 225 226 227 229 226 231 231 227 230 231 233 236 236 238 238 235 239 244 245 243 240 240 244 251 261 272 273 271 268 271 270 269
235 237 238 238 239 240 244 245 245 247 249 252 258 274 283 286 284 281 282 279 277 274 271 272 278 282 279 281 282 285 285 283 281 279 279 279 277 268 257 248 240 238 244 240 233 230 242 251 253 259 260 247 238 229 226 216 217 220 222 218 224 225 231 228 228 232 235 233 229 228 229 228 228 227 232 230 228 230 236 237 233 233 233 233 235 238 239 238 239 241 244 251 261 270 273 273 270 267 265 265
240 241 241 242 240 240 242 243 244 246 249 253 257 266 275 282 284 285 286 284 281 276 275 279 282 280 273 275 277 284 285 283 278 275 273 277 277 268 256 247 240 235 235 237 233 227 233 242 246 252 260 248 239 230 224 218 216 219 234 233 228 230 227 226 227 235 242 238 233 233 232 229 228 228 230 229 228 229 233 231 231 232 236 240 234 234 235 237 242 243 247 250 255 262 265 268 266 263 263 261
250 247 248 247 243 242 243 248 249 247 252 255 258 261 267 274 282 287 287 287 284 280 282 280 277 276 269 269 276 279 278 280 276 268 261 265 272 270 263 255 250 242 233 228 229 225 230 238 239 248 252 244 243 232 220 218 216 216 235 239 231 234 232 228 230 237 253 242 236 235 233 232 229 233 231 231 230 229 229 230 233 238 247 249 238 235 235 236 239 242 246 248 249 252 256 261 261 258 258 263
261 258 256 254 248 244 245 247 248 250 253 256 262 262 268 273 279 282 286 285 284 282 283 277 269 267 265 264 269 271 271 276 271 267 258 255 259 263 265 259 254 248 239 232 224 223 230 231 235 244 239 239 231 221 214 214 215 217 243 244 235 236 237 233 237 242 254 245 240 237 235 233 230 236 236 238 236 232 231 234 240 246 260 255 243 239 237 236 237 239 241 243 246 248 254 256 257 255 262 270
263 264 261 259 254 248 248 248 252 255 254 260 271 269 266 270 275 280 284 280 278 282 284 278 274 267 258 258 265 265 265 266 264 262 259 249 252 254 256 255 252 250 241 234 225 221 223 225 237 233 230 227 220 213 213 217 227 236 242 245 239 238 243 239 237 243 258 252 244 239 235 233 230 231 235 237 238 233 233 237 248 261 269 263 248 243 241 239 239 239 240 242 244 245 248 252 253 252 260 267
255 255 256 259 261 258 254 253 253 259 264 269 274 274 271 273 275 281 282 278 271 275 280 274 273 270 263 256 257 257 258 256 254 257 255 252 243 240 243 248 253 255 247 238 234 224 220 225 231 220 217 216 215 212 214 217 235 239 242 249 243 242 243 241 237 234 254 257 246 239 237 234 234 232 232 234 237 235 235 240 256 269 273 270 255 249 247 245 243 242 240 240 242 244 246 248 249 251 256 259
250 257 264 264 261 264 263 262 260 261 262 265 272 278 277 275 279 281 279 272 270 263 269 265 266 270 269 260 252 247 248 250 247 248 246 246 243 236 238 240 246 254 250 244 233 224 220 224 219 211 210 211 212 213 224 233 224 228 241 247 242 245 250 254 246 243 250 251 248 243 240 239 237 234 233 234 236 237 237 242 255 264 272 272 268 263 260 254 250 248 243 242 245 247 247 247 250 257 264 265
253 259 267 272 268 264 266 270 270 274 273 270 270 275 280 280 280 282 279 273 266 258 256 255 255 261 260 264 254 246 241 240 240 238 237 237 239 235 231 233 239 237 230 229 228 222 216 218 211 211 212 213 214 219 232 244 241 226 231 233 234 245 251 259 265 261 260 237 250 252 249 243 239 237 235 234 235 236 239 244 250 262 266 266 269 271 270 262 255 251 245 243 251 255 254 252 252 258 268 274
252 258 264 271 273 270 274 273 274 275 278 281 283 281 281 285 283 279 276 271 265 267 264 256 247 248 254 259 257 251 244 238 235 234 232 231 235 234 231 227 233 230 222 222 223 222 216 213 211 210 213 215 219 225 232 244 241 230 241 242 239 242 253 257 268 274 270 254 255 257 248 239 241 240 237 236 238 237 239 241 244 251 253 259 263 268 272 264 256 252 248 244 251 261 260 254 254 262 271 278
257 257 262 271 278 273 274 279 281 279 278 279 282 284 284 286 284 280 280 277 272 266 262 254 248 243 249 252 254 252 249 241 235 232 230 228 229 227 228 226 228 232 225 218 217 219 215 211 210 211 215 220 222 232 240 248 240 245 250 247 247 239 244 253 249 252 268 266 256 254 248 243 242 240 238 241 249 245 243 250 244 246 249 259 269 269 273 270 263 258 250 246 254 264 262 257 256 264 272 277
262 260 263 268 279 281 277 280 283 285 285 286 281 282 285 287 285 280 279 274 266 260 251 248 245 241 245 250 250 244 245 247 243 238 234 231 226 224 222 222 222 228 228 222 214 209 209 209 210 219 228 232 228 234 247 255 249 242 257 252 252 243 244 237 235 244 267 266 257 254 250 245 245 242 241 249 264 254 245 258 249 252 252 250 260 268 273 272 265 257 251 248 256 264 265 260 258 263 269 273
266 265 266 272 281 284 282 284 284 289 290 290 286 283 285 287 285 276 269 270 266 257 255 247 241 238 241 246 246 239 238 246 246 241 238 235 232 229 227 223 220 223 225 223 213 209 211 216 224 235 242 243 233 235 250 261 258 242 251 258 259 252 244 249 248 271 275 263 255 250 248 246 251 247 245 256 264 253 246 248 249 260 262 255 254 262 270 273 263 256 251 252 255 260 267 265 265 265 273 276
266 267 269 275 284 285 285 286 287 290 293 294 291 287 286 285 278 274 266 262 266 262 254 248 241 236 235 237 239 234 234 242 244 239 236 231 231 228 226 225 221 217 221 216 210 209 213 224 238 246 255 249 238 235 245 255 261 250 247 260 265 251 247 252 265 279 277 262 246 244 250 250 256 250 251 263 262 248 251 258 251 256 268 265 259 262 265 272 265 259 252 254 262 261 270 272 272 265 269 278
260 263 267 275 279 283 285 287 289 293 291 289 290 284 284 283 273 266 261 256 258 259 254 247 242 237 233 232 232 231 232 238 242 239 234 229 226 224 221 221 220 216 218 216 210 209 212 223 239 256 257 249 237 239 246 254 267 260 246 255 264 264 253 252 263 277 275 263 247 252 251 251 261 255 262 269 265 252 264 269 259 256 271 273 267 271 266 272 268 260 254 257 267 266 271 279 279 270 269 275
256 260 266 269 275 282 286 287 289 291 289 276 276 274 273 278 273 267 263 257 252 252 254 251 246 242 237 233 229 228 229 233 238 238 234 229 227 225 222 219 216 214 216 214 209 208 210 218 231 252 263 251 243 254 261 261 271 267 257 247 254 266 259 260 267 277 275 261 249 249 251 255 265 260 269 279 271 257 260 277 269 260 272 279 274 272 271 276 272 262 255 258 270 272 278 286 285 277 271 273
256 260 263 266 273 279 284 285 284 286 286 279 268 265 265 277 276 271 266 259 252 248 251 251 249 245 242 238 231 226 225 226 229 228 230 232 233 232 227 224 220 213 213 213 209 207 210 215 223 238 256 262 248 258 271 270 270 274 269 257 253 263 267 265 273 278 271 258 257 252 255 259 268 267 277 284 279 263 260 278 280 266 272 280 280 275 279 279 272 265 260 257 266 276 283 288 287 279 275 274
258 258 261 265 269 273 278 279 277 279 283 279 270 260 258 269 275 269 262 258 252 247 246 247 246 247 244 241 237 229 224 223 222 221 221 226 232 233 228 230 222 213 212 211 210 207 210 215 221 230 251 268 259 254 272 275 272 272 265 256 256 261 270 273 275 273 268 262 255 254 263 266 270 274 276 283 282 268 259 272 281 271 274 279 281 278 283 280 275 271 265 258 262 272 284 289 288 282 279 270
264 260 260 263 267 271 274 276 273 275 279 279 270 262 255 262 270 268 260 253 250 246 243 244 242 242 240 237 236 235 227 222 220 218 217 221 224 226 229 226 217 212 213 210 208 207 211 215 224 236 254 274 268 257 263 273 276 275 268 259 262 262 270 276 278 274 268 263 259 258 267 272 273 278 278 284 279 268 260 267 280 276 275 282 282 281 284 281 277 270 263 259 261 270 279 287 289 286 279 267
268 264 263 264 265 268 271 272 269 272 275 269 267 259 253 256 262 261 258 254 250 247 242 240 238 237 234 232 231 232 234 227 222 219 216 215 216 221 226 223 213 210 208 206 207 210 213 216 226 243 256 272 272 277 270 267 271 277 270 263 270 267 274 282 284 273 268 263 265 260 263 272 279 285 283 284 279 268 267 264 277 283 278 284 286 285 284 280 276 271 267 263 261 265 271 279 287 287 278 265
271 270 267 267 264 266 268 269 266 272 274 267 261 255 248 257 257 255 253 257 257 253 248 244 240 238 239 236 234 230 235 236 229 223 218 215 213 217 219 224 214 210 206 209 213 217 220 220 226 239 253 270 288 289 278 271 272 277 273 266 274 270 282 291 284 274 269 269 271 265 262 269 277 287 289 284 277 276 272 267 273 287 286 287 290 288 286 281 274 270 267 263 263 269 271 276 283 285 277 261
273 274 272 268 263 262 264 264 265 270 271 268 260 250 246 251 254 250 249 252 258 258 254 251 247 246 243 238 234 228 231 236 234 230 224 218 213 215 213 214 212 207 207 211 212 215 220 225 237 251 264 282 295 296 284 275 271 276 275 271 273 275 286 293 283 276 271 275 276 271 264 270 282 292 292 289 287 282 276 273 271 280 289 291 294 291 285 277 273 273 271 268 264 268 273 278 281 281 270 260
273 274 270 263 258 256 259 259 265 265 264 261 258 254 248 243 250 247 245 246 254 255 255 251 246 244 244 241 232 227 226 228 229 231 230 223 216 215 209 208 207 206 206 209 211 214 222 228 243 263 275 283 286 293 284 277 274 278 281 279 273 278 284 291 284 281 277 275 274 270 266 272 283 292 293 291 289 283 277 276 278 275 283 291 295 294 287 279 276 277 276 273 267 269 273 276 280 280 272 269
272 269 265 259 255 256 258 257 261 260 259 258 252 250 248 241 248 245 241 245 250 247 251 249 243 239 238 241 236 229 225 224 222 224 228 229 226 220 213 210 209 207 205 212 213 217 220 226 242 257 268 266 284 292 287 281 280 278 284 281 277 282 286 288 283 281 280 278 274 271 269 272 279 285 289 291 289 286 283 281 281 277 282 290 295 296 291 282 282 280 278 273 268 268 271 274 278 278 272 267
272 266 260 256 253 253 254 254 260 259 254 253 252 246 241 240 247 243 238 241 246 243 246 246 241 237 234 238 240 235 231 227 222 220 220 227 230 223 217 213 211 208 205 209 217 221 223 226 238 249 248 258 278 293 293 286 285 281 284 286 282 283 283 282 277 277 276 278 277 276 273 272 276 280 283 285 288 289 289 286 284 279 281 287 292 296 294 287 286 283 279 275 271 270 271 272 272 269 263 256
273 266 260 256 256 255 251 250 253 259 256 250 247 245 239 236 240 241 237 236 241 240 242 244 237 233 231 232 237 238 236 231 226 225 220 222 225 226 219 216 213 209 206 207 215 218 219 223 227 234 246 265 278 286 289 286 291 287 285 289 285 280 277 277 275 275 272 274 274 278 277 274 275 276 274 276 280 288 290 289 285 284 283 282 284 292 289 290 287 283 279 276 273 273 272 269 260 258 258 249
274 268 262 258 265 260 254 250 249 254 258 256 251 247 244 237 234 235 236 232 236 235 237 242 239 232 228 226 231 234 236 231 227 224 220 217 223 225 222 219 216 210 205 207 213 214 216 220 225 241 260 270 280 280 274 274 287 290 288 288 285 279 274 270 270 270 271 268 268 273 273 275 274 272 269 271 274 278 285 289 288 289 287 281 276 283 284 289 284 280 279 277 275 270 262 256 252 249 252 245
275 271 265 265 271 263 260 255 248 248 255 260 257 252 247 243 238 234 231 231 231 232 233 236 237 236 230 226 225 228 232 228 223 221 219 216 218 224 224 222 217 209 204 206 209 211 216 219 227 247 262 266 262 268 261 269 280 285 291 287 282 279 275 274 272 267 266 265 263 265 264 268 269 265 265 267 270 274 283 288 288 287 288 285 276 269 280 282 273 268 274 280 268 257 254 246 245 243 246 239
277 275 270 269 269 262 256 253 249 246 254 257 258 256 254 250 244 241 234 229 227 228 228 229 230 232 231 228 224 225 222 215 204 218 217 215 217 222 223 219 213 206 204 208 210 213 218 223 228 238 246 249 247 255 255 266 281 288 291 289 284 281 280 280 279 274 272 267 264 259 260 263 264 261 262 264 268 275 279 280 277 280 281 284 278 266 264 269 262 257 265 274 259 247 247 245 238 238 239 235
281 275 271 268 266 264 258 252 247 244 248 253 253 252 253 254 250 246 239 234 229 226 224 224 225 224 226 228 233 233 218 202 193 217 215 213 216 220 219 216 209 203 206 208 210 214 219 223 227 230 233 235 238 248 264 271 279 288 291 288 286 286 284 281 275 272 272 271 265 259 255 258 257 258 266 268 268 270 272 272 271 270 276 282 280 269 259 256 254 251 255 258 253 245 241 243 238 233 234 233
283 275 269 264 261 263 263 256 249 244 243 249 249 248 249 254 254 248 241 237 233 232 227 223 222 221 223 230 242 243 225 220 220 220 216 213 213 219 219 214 206 204 207 208 208 212 218 220 222 225 229 239 249 256 268 281 287 289 289 287 283 283 282 278 272 266 264 269 263 253 261 259 259 260 272 278 270 264 265 264 265 265 272 276 281 278 265 255 250 247 247 249 246 245 243 237 236 231 230 233
284 275 267 264 260 258 261 257 253 248 242 243 245 244 245 251 255 253 249 243 239 238 231 226 224 222 220 220 226 235 232 232 233 217 214 213 212 218 219 217 208 203 206 207 207 211 215 217 222 228 233 246 260 269 277 284 281 288 289 286 282 279 278 273 266 262 257 258 260 251 264 265 269 268 266 264 263 258 259 261 259 264 267 274 279 280 270 267 255 248 244 245 243 247 249 237 233 232 228 230
283 277 270 264 263 258 255 257 255 250 243 241 240 240 242 247 251 254 254 250 246 241 235 232 230 226 224 221 217 217 218 222 224 211 212 212 212 216 217 217 211 203 205 206 208 210 212 215 221 228 233 244 259 270 276 273 277 286 290 289 285 280 274 271 271 272 267 258 253 248 253 258 271 274 263 254 254 251 254 257 258 265 270 273 276 281 277 268 260 257 247 240 241 244 244 239 235 230 227 225
274 279 273 264 260 259 253 251 248 246 247 243 238 237 238 240 245 249 252 254 252 248 243 239 238 232 227 224 219 217 214 212 212 211 210 212 209 213 214 213 210 203 203 205 207 209 211 215 222 229 235 243 249 259 261 257 265 284 293 292 290 284 284 280 280 279 275 268 262 249 262 260 265 260 257 250 250 249 249 252 254 261 265 271 268 273 273 272 266 258 246 241 237 237 238 244 241 236 233 231
264 275 274 267 261 256 256 257 254 253 253 249 244 240 236 235 239 243 247 251 252 251 250 247 245 238 232 227 223 224 221 221 216 216 213 209 207 209 209 207 206 203 202 204 208 211 213 216 221 226 232 233 234 242 247 251 262 283 295 296 294 290 288 285 281 276 267 262 247 254 260 254 254 255 255 250 247 247 249 249 251 254 258 271 265 264 262 266 270 253 246 241 238 234 234 238 240 238 236 231
255 270 278 271 266 263 260 263 262 258 258 254 250 243 238 235 234 238 241 246 248 247 247 248 247 241 234 227 227 230 227 226 219 215 214 210 207 205 205 205 207 205 203 203 206 210 214 218 219 220 224 227 232 245 263 266 274 280 296 294 293 289 284 279 274 270 275 271 247 247 249 249 248 251 252 248 245 245 246 247 249 253 260 271 267 261 255 262 262 255 247 243 240 238 231 233 233 234 237 235
251 260 274 273 269 266 263 263 263 262 259 257 253 247 243 239 233 233 236 242 244 243 242 245 245 240 235 231 230 234 232 228 222 218 215 211 209 207 211 213 215 212 203 202 207 212 214 214 214 217 221 232 251 255 271 280 291 288 296 288 281 276 273 267 265 262 272 268 252 241 245 244 243 244 246 243 241 250 251 249 251 254 260 274 271 262 253 256 255 248 248 244 241 236 230 228 227 227 233 232
250 256 270 271 267 264 261 260 261 261 256 253 253 251 247 244 239 232 231 237 242 241 239 241 243 242 239 236 235 235 234 232 226 220 217 212 209 209 211 215 217 212 203 201 206 209 208 210 212 215 220 234 263 278 280 295 299 298 294 287 283 286 277 282 276 260 260 269 259 244 241 242 241 241 241 240 250 253 255 253 253 255 256 264 269 265 257 249 247 245 241 238 235 234 235 231 231 226 229 227
252 260 275 269 264 260 256 256 257 259 255 251 248 249 250 247 242 234 229 230 235 240 239 237 238 240 237 237 236 236 236 233 228 221 218 213 210 209 211 215 217 211 204 202 203 205 206 208 211 215 221 232 256 287 296 304 302 299 295 294 288 288 289 285 272 265 262 256 263 250 238 238 237 240 236 245 261 258 256 254 253 252 251 251 257 267 267 256 248 247 246 244 245 242 238 235 233 228 223 222
246 258 270 266 259 257 254 252 253 255 254 250 247 244 247 248 244 239 232 228 228 235 238 236 233 236 233 232 233 231 233 234 230 222 219 213 210 209 211 217 218 212 202 202 203 204 207 208 211 215 222 229 247 277 299 305 304 303 301 295 293 295 293 284 281 279 277 262 248 247 244 237 234 233 233 240 259 260 252 248 250 251 249 246 249 258 272 260 259 261 253 251 255 247 239 241 238 235 233 232
242 251 262 265 251 247 251 249 248 252 253 249 246 242 241 241 243 242 237 231 226 228 234 235 232 230 231 229 228 226 229 233 231 222 219 216 213 209 211 214 216 211 204 202 204 204 206 208 212 216 222 228 240 260 280 300 304 305 303 298 295 297 297 293 290 285 272 261 253 244 241 238 238 234 231 236 253 252 248 242 242 243 243 245 248 256 273 269 270 267 261 261 259 252 249 246 244 241 237 231
239 244 256 266 254 241 243 247 244 248 249 249 248 245 240 237 237 240 239 234 228 225 226 230 233 229 228 229 226 223 227 229 226 221 216 213 212 209 208 212 214 209 203 201 202 204 205 208 212 216 222 229 234 242 261 280 296 298 300 299 290 294 296 294 289 280 272 265 265 254 240 235 236 236 231 233 233 234 239 239 237 248 251 248 250 256 271 269 267 267 263 261 255 255 256 253 248 240 232 227
235 242 249 259 251 239 239 245 243 244 244 244 246 244 242 240 235 236 239 237 232 226 223 225 229 231 228 224 222 220 222 226 223 218 214 211 208 207 206 207 208 206 204 203 200 202 205 207 211 215 221 225 230 234 240 255 266 271 272 287 289 280 291 285 287 276 272 270 266 252 245 233 233 234 230 229 228 229 233 232 248 255 255 253 250 254 266 269 262 259 256 257 255 250 251 254 250 242 234 229
233 239 242 248 246 235 238 245 244 242 240 239 240 241 240 240 237 231 232 235 235 230 226 222 224 229 232 229 224 219 217 221 222 218 213 210 208 206 205 206 206 207 206 203 200 201 204 206 209 213 217 221 226 230 229 235 240 243 249 262 280 268 273 277 279 272 268 270 267 253 247 235 232 230 232 233 229 228 230 232 245 256 255 253 250 253 262 268 265 257 252 249 250 249 244 249 247 241 236 230
232 235 235 237 236 232 240 246 248 246 243 237 236 236 236 236 236 233 228 228 232 232 228 224 221 225 231 232 228 223 216 216 219 219 212 209 208 207 206 206 205 207 204 202 200 200 202 204 207 209 213 217 221 223 224 227 227 231 235 244 255 258 254 265 259 256 260 267 267 255 246 240 235 233 233 232 227 226 231 235 243 249 247 245 253 259 263 264 264 262 257 249 245 243 240 240 240 237 234 230
231 230 229 231 232 230 234 245 252 252 247 243 239 235 232 230 229 230 229 225 227 229 230 227 221 221 227 232 229 223 217 214 213 216 212 211 210 210 212 212 209 207 206 203 201 200 202 203 205 207 211 214 217 218 221 225 223 227 233 235 238 247 247 253 253 250 258 266 264 257 252 245 241 238 233 229 225 229 231 233 236 236 238 251 259 260 259 259 261 262 262 259 251 247 242 238 236 234 234 231
230 227 226 229 228 228 233 243 254 254 254 249 246 243 239 236 231 226 225 224 223 223 226 226 222 219 222 228 230 227 218 214 212 213 213 215 209 211 214 215 213 210 204 203 201 202 203 203 205 206 209 210 213 214 218 221 219 224 229 230 230 238 241 237 243 243 255 261 257 252 253 256 255 246 236 229 224 224 228 231 231 239 243 247 247 252 256 256 257 258 261 262 259 258 251 249 244 241 238 238
227 225 224 225 226 231 237 247 255 252 250 251 250 249 247 243 240 233 227 227 223 220 220 221 222 220 220 226 227 224 219 216 214 213 210 210 208 208 209 211 214 206 202 201 200 200 200 203 204 205 206 208 209 211 215 215 216 221 225 228 225 230 234 231 236 237 247 253 254 250 250 250 250 243 243 237 228 224 224 228 228 230 232 234 241 248 252 256 253 253 257 259 260 259 257 253 250 248 245 244
222 222 222 225 229 239 245 254 253 249 243 244 247 246 246 245 243 237 234 232 227 223 219 217 218 223 223 223 228 230 228 221 217 213 215 214 210 206 203 205 205 204 200 200 200 201 202 203 203 205 205 206 207 208 210 212 215 217 219 221 224 228 227 227 232 230 235 245 258 260 244 236 236 238 238 243 236 228 222 224 225 225 226 232 239 244 251 256 255 250 251 251 254 257 255 250 247 246 244 241
219 220 222 228 231 237 244 254 248 241 238 235 242 239 241 237 239 237 236 234 232 228 225 220 218 219 224 229 229 234 232 226 220 217 219 217 213 212 211 209 203 200 199 199 200 205 209 207 204 204 205 207 210 210 209 211 213 214 217 219 218 221 222 224 226 226 234 245 250 255 255 238 229 232 243 240 238 235 224 221 221 221 218 220 226 239 245 253 256 253 249 246 249 254 251 246 242 240 236 236
219 222 225 230 239 239 247 253 246 241 232 229 233 234 236 232 232 236 234 230 231 230 228 222 216 217 224 228 234 236 234 228 222 221 219 217 215 213 215 214 206 200 199 199 202 208 215 216 210 205 206 207 209 209 209 210 211 213 215 216 217 219 220 221 222 225 227 234 236 234 243 237 226 229 236 236 237 231 228 220 219 219 218 217 220 225 232 241 255 253 248 245 247 250 251 243 238 238 232 228
224 227 232 240 243 248 251 252 249 240 231 226 224 230 236 231 227 233 234 229 225 228 224 220 215 218 222 228 234 237 235 229 225 221 217 215 213 211 214 212 205 201 199 202 207 209 214 218 215 209 208 210 211 212 212 212 212 213 215 218 219 219 220 220 219 221 218 220 223 223 225 223 220 228 235 230 230 225 225 225 221 220 218 216 217 220 223 234 245 247 242 241 245 247 248 243 235 236 233 226
234 241 244 247 249 251 251 250 245 241 232 226 222 227 234 230 224 229 230 228 223 224 220 215 215 218 221 227 233 239 236 229 224 220 216 214 216 211 208 206 200 198 199 204 209 211 213 216 217 215 217 217 217 217 218 216 216 218 221 225 226 225 224 223 218 216 215 216 220 219 218 217 220 221 222 221 219 218 221 229 225 221 218 216 217 218 220 224 229 232 238 238 239 242 241 236 235 230 231 227
235 246 249 249 248 249 249 247 242 238 234 228 223 223 230 226 221 223 224 226 222 220 219 214 213 220 225 229 235 238 236 228 222 215 212 211 215 212 206 201 199 198 199 202 206 208 209 211 213 216 218 223 225 224 223 221 222 224 225 224 223 224 224 224 219 215 213 214 217 217 215 215 217 218 217 216 216 216 218 224 222 218 216 216 218 221 223 223 225 230 237 238 235 236 235 233 230 228 225 222
241 246 247 246 245 246 246 243 241 238 234 230 224 220 227 222 218 218 217 219 220 215 215 212 216 219 225 230 235 239 237 231 224 214 209 209 210 211 205 202 197 198 201 202 204 205 210 211 212 215 219 222 225 227 226 225 225 225 225 223 219 218 222 222 222 219 214 212 213 213 214 214 215 215 215 213 213 214 214 216 215 215 218 220 221 222 223 225 227 229 235 241 236 233 231 229 228 230 225 232
240 244 244 242 241 243 241 239 235 235 231 229 223 218 222 220 216 213 213 213 214 213 211 214 219 222 226 231 235 237 239 232 226 216 210 207 205 205 203 200 199 198 199 200 203 207 212 216 215 214 216 218 219 219 220 222 218 218 222 221 218 214 216 221 224 222 215 212 211 211 212 214 215 218 213 212 213 215 216 218 217 219 219 219 219 221 223 227 232 232 234 241 244 238 235 232 234 235 230 236
240 243 241 239 240 240 238 235 231 232 229 224 222 216 215 213 212 210 210 210 210 214 214 216 217 222 227 228 231 235 238 231 226 219 210 207 205 204 204 201 199 198 198 200 206 215 218 218 215 211 209 209 210 209 209 209 211 213 215 217 217 214 212 215 218 222 216 212 210 210 212 212 215 219 214 212 213 215 214 218 217 217 219 221 222 225 227 232 240 242 240 238 246 246 241 240 245 240 234 242
237 241 240 237 237 237 235 236 233 227 228 223 218 215 214 211 210 208 210 212 214 215 220 221 218 219 223 225 230 235 238 234 223 217 212 208 209 207 207 205 199 196 198 201 206 215 216 212 207 204 202 203 204 204 205 207 210 209 210 211 214 214 211 211 214 216 214 211 210 209 210 210 211 214 213 212 213 213 217 215 215 217 219 221 224 228 231 235 243 248 247 241 242 249 252 253 252 243 237 247
234 239 240 238 235 233 233 235 234 226 225 221 219 224 222 215 210 209 218 220 218 219 224 226 224 220 221 225 228 233 238 236 230 226 220 210 204 204 203 201 198 196 198 202 205 207 207 205 203 201 200 201 201 202 203 206 207 207 208 211 211 212 210 211 215 215 213 211 210 209 209 209 210 210 211 213 215 216 216 215 215 216 220 220 221 225 228 232 238 247 252 247 244 247 253 259 259 252 244 256
232 236 238 237 236 233 230 234 235 232 231 227 228 227 219 211 208 209 218 219 218 222 224 228 230 227 224 223 228 231 237 238 233 228 222 213 203 200 199 197 196 198 202 204 203 201 202 202 201 200 200 200 201 203 205 206 206 207 208 210 209 208 207 208 213 216 215 213 213 211 211 211 211 213 214 214 216 216 216 217 219 221 222 220 223 223 219 217 225 234 251 252 253 258 257 261 261 258 255 262
228 231 232 234 233 232 230 231 234 230 229 229 227 221 214 206 206 212 217 221 224 223 226 231 235 233 230 229 232 232 236 239 234 223 215 209 204 201 199 197 198 203 205 205 203 200 199 198 198 198 199 199 201 203 205 206 206 207 207 206 206 204 204 206 209 215 214 212 214 217 212 208 211 216 215 215 216 219 221 223 225 228 227 226 227 225 207 206 213 226 243 254 256 261 265 262 254 244 244 249
224 227 229 229 227 227 228 228 234 229 222 220 223 218 210 206 210 213 216 223 223 224 229 235 238 238 237 234 237 236 238 240 236 225 213 206 201 199 196 198 201 202 203 203 203 202 200 199 198 198 198 200 202 202 203 204 205 207 206 203 203 203 204 205 207 210 211 210 210 213 210 208 214 218 219 219 223 223 223 229 232 233 234 228 226 218 198 199 208 218 220 229 249 254 261 257 257 233 223 225
222 223 226 224 223 224 225 226 233 230 223 216 215 215 210 209 212 216 215 216 221 223 229 234 239 244 242 238 239 241 241 241 237 231 222 209 201 197 196 199 199 199 201 202 202 201 201 200 199 197 199 199 201 201 201 203 203 205 204 203 202 202 203 204 207 211 209 207 207 208 207 212 217 223 224 223 226 229 226 229 234 239 234 225 211 206 196 195 195 197 200 206 219 226 232 235 246 244 221 224
219 220 221 223 224 222 222 226 232 226 220 213 210 210 208 206 212 218 218 221 228 227 229 236 242 245 245 243 243 243 240 235 231 231 223 213 203 197 196 199 199 200 201 202 201 199 200 200 199 197 198 198 199 199 202 203 204 204 200 201 201 202 203 207 207 207 205 205 206 206 208 213 221 225 228 227 227 233 233 231 232 234 235 222 205 197 194 192 190 190 192 197 200 202 208 211 217 215 206 210
226 227 226 228 229 223 219 223 229 223 216 211 208 207 206 206 212 215 220 227 234 232 238 237 243 246 245 245 244 243 238 231 224 222 217 213 202 198 196 198 198 199 201 201 200 199 198 198 197 196 199 200 202 201 200 200 201 201 201 201 201 202 202 204 205 204 207 210 208 207 211 217 219 228 232 231 228 234 239 237 234 228 217 214 200 194 192 190 188 188 189 190 194 196 199 201 201 198 198 202
229 230 230 231 230 225 218 217 222 222 217 212 209 206 205 210 216 220 219 226 236 236 242 243 244 245 245 245 245 241 241 236 226 215 212 206 200 198 197 195 196 197 200 201 200 201 199 197 196 198 201 202 203 203 203 202 204 204 203 203 202 202 202 203 203 207 210 213 213 210 213 219 223 224 233 236 233 233 239 240 229 213 204 201 195 181 181 182 183 186 185 187 191 192 193 194 195 194 194 197
227 227 229 231 230 226 220 215 214 215 214 210 208 206 206 210 215 224 226 227 237 240 243 244 243 241 242 243 243 238 236 231 227 219 209 204 200 197 196 195 196 196 199 201 200 199 199 196 198 200 201 202 203 203 203 204 204 205 205 204 203 203 204 204 205 209 211 214 216 214 215 223 228 229 231 241 242 238 239 234 216 206 204 204 195 183 180 180 180 181 180 182 187 188 190 190 190 191 193 193
223 223 226 229 228 229 227 221 214 211 210 209 207 207 204 209 215 226 232 234 237 243 244 243 239 235 235 235 238 238 231 222 215 215 211 203 200 197 195 193 193 194 198 201 201 199 197 196 199 201 201 201 201 201 201 202 203 202 202 203 204 204 205 205 206 209 211 215 219 220 220 224 232 235 238 244 250 248 242 225 208 204 210 209 197 187 180 180 180 180 180 181 185 186 185 187 187 187 189 190
219 221 225 226 229 230 231 229 220 214 208 206 207 204 207 212 218 226 231 236 241 245 245 241 236 230 228 228 232 235 233 227 218 210 208 202 199 198 195 193 193 195 199 202 199 199 196 197 199 199 199 199 199 200 202 201 200 201 203 202 203 203 206 206 207 209 211 216 219 221 224 228 231 232 237 245 252 252 243 223 209 205 213 213 200 193 188 184 181 180 180 181 182 184 183 183 184 185 186 187
