# 100 100
157 158 157 157 157 157 157 157 157 157 157 157 157 157 157 157 157 157 157 156 156 156 156 156 156 156 156 156 156 155 156 156 156 156 156 156 157 157 157 157 157 157 157 157 157 157 157 157 157 157 156 156 156 157 158 158 158 158 158 158 157 157 158 158 158 157 157 157 157 158 158 158 159 160 160 159 158 158 157 158 158 158 158 159 159 159 159 159 159 158 158 158 159 159 159 160 160 160 160 159
158 158 157 157 157 157 157 157 157 157 157 157 157 158 158 158 158 157 157 157 157 156 156 156 156 156 156 156 156 156 156 156 156 156 156 156 156 157 157 157 157 157 157 157 157 158 158 157 157 157 156 156 156 157 158 158 158 157 158 158 158 158 158 158 158 158 158 157 158 158 158 158 159 160 161 161 159 158 158 157 157 157 158 159 159 159 159 159 159 159 158 158 159 159 159 160 161 160 160 160
157 157 157 157 157 157 157 157 157 157 157 157 157 158 158 158 159 158 157 157 156 156 156 156 156 156 156 156 156 156 156 156 156 156 156 156 157 157 157 157 157 157 157 157 157 158 158 158 157 157 156 156 156 158 157 157 158 158 158 158 158 158 158 158 158 158 158 158 158 158 159 159 159 159 160 161 160 159 159 158 158 158 158 159 159 159 159 159 159 159 159 159 159 159 160 160 161 161 160 160
158 157 157 157 157 157 157 157 157 157 157 157 158 158 159 159 159 158 158 157 157 156 156 156 156 156 156 156 156 156 156 156 156 156 156 156 157 157 157 157 157 157 157 157 157 158 158 157 157 157 156 156 157 157 157 157 157 158 158 158 158 158 158 158 158 158 158 158 158 158 159 159 159 162 161 161 161 160 159 158 159 160 158 159 159 159 159 159 159 159 159 159 159 159 160 161 161 161 161 160
158 158 158 157 157 157 157 157 157 157 157 157 158 159 160 159 160 159 159 158 158 157 157 157 157 156 156 156 156 156 156 156 156 156 157 157 157 157 157 157 157 158 157 157 157 157 158 158 157 157 157 157 157 157 157 157 157 158 158 158 158 158 158 158 158 158 158 158 158 158 159 161 160 162 162 161 162 162 160 159 160 161 158 159 159 160 160 160 159 159 159 159 159 159 160 162 162 162 162 161
158 158 158 157 157 157 157 157 157 157 157 158 160 161 161 160 160 160 160 159 159 158 157 157 157 157 157 156 156 156 156 156 157 157 157 157 157 157 157 157 157 157 158 157 157 158 158 158 157 157 157 157 157 157 157 157 157 157 158 158 158 158 158 158 158 158 158 159 159 159 159 161 162 160 161 162 162 161 161 161 160 161 159 159 160 160 160 160 159 159 159 160 160 159 160 160 161 161 162 161
158 158 158 158 157 157 158 158 158 158 158 158 161 164 162 162 161 161 160 159 159 158 158 157 157 157 157 157 156 156 156 157 157 157 157 157 157 157 157 158 158 158 158 158 158 158 158 158 158 158 157 157 157 157 158 157 158 157 157 158 158 158 158 158 158 158 159 159 159 159 159 160 163 162 161 162 161 160 161 162 160 159 159 160 160 161 161 160 160 160 160 160 160 160 160 160 160 161 162 162
158 158 158 158 158 158 158 158 158 158 158 158 159 167 165 163 163 162 161 160 160 159 158 158 158 157 157 157 156 156 156 157 157 157 157 157 157 158 158 158 158 158 158 158 158 158 158 159 158 158 157 157 157 157 158 158 158 157 157 157 158 158 158 158 158 159 159 159 159 159 160 160 163 163 163 162 161 161 162 164 162 160 160 161 161 161 161 160 160 160 160 160 160 160 160 160 161 162 163 163
159 159 159 159 159 158 158 158 158 158 158 158 160 167 169 165 163 162 162 161 161 160 160 159 158 158 157 157 157 157 157 157 157 157 158 158 158 158 158 158 158 158 158 158 158 158 158 159 159 158 158 158 158 158 157 158 158 158 158 158 158 158 158 158 159 160 160 160 160 160 160 160 161 162 162 162 161 162 163 163 162 160 160 161 161 161 160 160 160 160 160 160 160 159 160 160 161 162 163 163
160 160 160 159 159 159 158 158 158 158 158 158 159 162 167 166 164 163 163 162 163 170 168 159 158 158 158 158 157 157 157 157 157 158 158 158 158 159 160 160 160 159 159 159 159 160 160 159 160 159 159 158 158 158 158 158 158 158 158 159 159 160 160 160 161 163 162 162 161 161 161 162 161 162 163 163 163 164 165 165 164 162 161 162 163 163 161 160 161 161 160 160 159 159 159 159 161 162 163 163
161 160 160 160 159 159 159 159 159 159 159 159 159 159 161 166 165 165 164 164 172 179 173 162 160 159 159 159 160 158 158 158 158 159 159 159 159 160 162 163 163 162 160 160 160 162 162 162 161 161 160 159 159 159 159 160 160 160 160 161 162 163 163 164 165 166 167 167 167 167 167 166 166 168 167 166 165 165 167 177 168 162 161 162 163 164 162 161 161 161 161 160 159 159 159 158 162 163 163 163
161 161 161 161 160 160 160 160 160 160 159 159 159 159 159 165 167 165 165 167 181 182 171 165 163 162 162 163 163 162 162 167 165 161 161 161 160 161 165 166 166 164 163 162 162 164 165 165 166 164 163 161 160 160 161 162 163 164 165 166 170 176 179 182 183 176 181 185 185 183 180 172 178 176 172 168 167 168 169 179 169 163 162 163 164 165 163 161 162 162 162 161 161 160 159 159 162 163 163 164
162 161 161 161 161 161 162 162 161 161 161 161 161 160 162 168 168 166 167 171 185 182 175 178 178 172 168 170 172 179 182 187 183 167 164 164 163 165 170 171 169 167 166 165 165 167 168 169 170 169 170 166 163 163 165 168 170 176 183 191 192 200 201 204 202 183 199 200 198 194 184 177 186 182 176 171 169 169 173 182 174 165 164 164 165 165 164 163 162 162 162 162 161 161 160 160 162 164 164 164
163 162 162 162 162 163 163 163 163 163 163 164 164 168 176 174 171 168 169 177 189 188 183 185 188 184 182 183 179 188 193 195 184 175 172 172 176 182 181 176 175 172 172 174 182 178 174 179 177 179 194 188 174 172 175 185 192 201 212 216 210 214 216 224 215 191 212 212 208 201 181 191 192 186 178 176 173 172 180 189 175 165 165 166 165 165 164 164 163 164 163 161 161 161 159 160 163 164 164 164
164 163 162 163 165 165 165 165 165 165 166 168 170 182 188 182 173 170 173 186 195 194 192 192 195 193 194 195 189 194 198 192 190 191 185 190 200 195 185 183 183 181 180 187 195 184 178 188 189 182 197 200 188 190 206 219 223 217 229 229 223 226 232 234 200 211 223 221 215 193 192 199 195 186 186 183 184 176 173 187 187 169 168 167 168 165 165 164 165 165 164 163 162 161 159 162 163 164 165 164
169 165 163 164 167 170 171 169 168 172 174 175 180 188 195 185 176 171 173 186 196 200 201 202 205 204 206 204 202 211 211 205 202 201 197 203 212 204 198 202 202 200 199 202 201 190 184 189 199 193 207 221 223 224 236 240 240 231 240 238 233 240 242 220 208 227 228 219 196 198 210 205 199 192 192 191 188 183 176 179 191 176 170 170 168 168 166 165 166 166 165 165 163 162 163 164 164 165 165 165
167 165 165 166 169 172 176 171 171 187 188 189 194 204 210 206 196 181 173 195 201 206 209 211 217 222 228 227 221 229 228 221 222 226 220 225 235 213 219 227 229 222 218 223 223 209 195 201 226 219 233 244 247 245 250 251 251 243 247 243 245 252 229 219 226 228 222 205 214 221 218 212 204 201 200 199 195 188 183 185 182 184 178 181 174 171 168 167 167 167 166 166 165 165 164 165 165 165 165 165
167 166 166 168 172 179 176 173 176 190 202 203 207 209 217 219 219 208 176 204 223 222 221 227 237 241 245 244 239 240 242 239 243 248 239 244 250 227 226 248 253 236 243 250 248 234 219 229 252 240 239 260 262 259 262 263 259 253 253 251 252 243 230 235 233 229 221 209 224 229 224 217 211 210 206 203 198 187 192 193 194 193 186 183 179 175 172 168 168 168 167 167 166 165 165 165 166 165 165 165
169 170 171 174 178 181 186 181 189 198 205 210 214 215 220 225 227 223 179 203 235 234 232 239 248 254 255 252 250 249 251 253 260 262 258 255 263 250 223 258 275 255 260 277 272 257 236 251 265 264 242 272 276 270 274 276 265 260 259 258 249 248 247 244 239 233 221 220 228 234 230 222 220 220 215 208 203 198 194 195 194 194 191 191 188 183 176 172 169 168 168 168 167 166 166 166 166 166 165 165
176 180 183 184 188 191 198 196 189 206 208 213 218 221 222 225 231 231 193 181 205 236 240 244 247 255 262 261 260 260 262 265 273 275 274 267 275 264 231 265 283 278 263 290 291 275 252 272 272 276 254 280 288 278 284 283 269 267 266 264 259 266 257 253 245 235 224 230 230 237 232 230 229 228 221 216 213 206 196 193 198 196 196 193 194 195 184 176 172 170 169 169 168 167 167 167 166 166 166 165
187 189 192 194 199 198 205 207 199 195 213 216 222 227 229 229 232 236 227 193 183 202 212 207 208 228 257 266 268 270 274 278 282 285 284 278 282 274 236 271 293 296 284 283 300 287 266 284 280 284 268 279 288 284 286 281 274 273 272 267 268 268 265 259 248 233 236 238 236 237 234 234 236 232 225 220 206 198 199 199 204 200 197 195 198 197 195 185 175 173 171 170 170 168 168 167 167 166 166 166
194 193 200 204 206 203 209 215 216 207 199 212 223 228 233 235 237 239 240 227 194 190 192 197 193 198 223 252 273 281 289 295 297 298 296 290 290 287 247 264 300 310 304 291 309 296 279 292 288 289 283 278 291 289 286 282 281 279 278 272 273 270 266 260 247 244 246 245 243 240 237 237 239 233 224 209 210 215 213 208 213 206 196 198 201 199 198 196 182 176 173 172 170 169 168 167 167 166 166 166
196 198 199 205 208 209 209 215 222 223 220 206 213 231 236 240 242 244 244 244 216 231 235 246 234 203 195 208 246 285 295 304 308 310 308 304 302 303 277 253 305 316 315 299 313 302 288 302 297 296 293 283 296 294 289 288 287 285 281 279 278 273 267 259 258 252 254 252 251 248 245 243 241 235 221 222 222 222 216 212 215 200 199 205 205 203 199 196 187 181 176 174 172 169 168 168 168 167 166 166
198 200 201 204 207 211 214 214 222 228 231 228 210 213 237 242 245 247 248 252 240 253 266 272 268 249 225 199 216 253 253 265 288 307 313 313 311 314 296 257 304 319 318 307 316 302 297 306 302 305 303 289 300 297 295 294 293 291 285 285 282 277 271 270 267 262 262 260 259 256 254 251 248 231 226 235 231 228 221 220 209 201 210 212 210 210 203 197 197 194 184 177 174 170 169 169 168 167 167 168
186 203 205 207 209 213 216 217 221 229 235 237 234 218 218 237 244 247 250 253 256 259 271 278 281 279 264 218 198 208 215 219 233 266 309 316 317 318 303 265 304 321 321 313 318 305 304 308 309 315 310 294 302 302 303 302 300 295 292 290 287 282 279 277 275 272 270 268 266 264 262 259 241 240 248 245 239 234 229 225 215 208 222 219 215 213 205 204 201 198 194 185 181 173 171 172 170 169 170 171
172 198 207 210 213 215 216 219 221 227 235 241 242 238 225 220 238 245 248 253 257 262 269 275 280 285 282 236 201 235 256 254 243 237 286 305 317 321 314 272 305 324 323 322 322 310 311 313 316 323 317 301 306 308 309 308 305 299 299 297 293 289 287 284 282 280 279 276 274 272 270 263 239 260 257 253 246 242 238 230 220 219 231 227 220 214 210 209 207 205 194 193 193 188 173 177 176 176 176 178
180 173 190 212 216 217 218 220 225 227 234 241 244 243 237 228 222 227 235 243 248 256 265 271 279 285 286 242 203 234 268 281 280 248 241 250 281 314 322 300 286 325 327 328 328 318 317 320 323 328 322 307 310 313 315 314 307 307 306 303 300 296 294 292 290 289 287 284 282 279 274 252 252 267 264 257 255 251 245 237 215 234 239 232 228 223 217 213 216 210 197 201 198 195 184 181 183 183 182 184
197 178 176 205 211 189 191 217 226 231 235 240 244 245 245 241 236 235 234 253 257 254 260 270 278 285 285 241 205 216 234 264 283 287 280 274 255 287 314 318 293 312 328 333 333 326 321 326 327 331 324 309 316 318 321 319 310 311 312 310 306 301 301 299 298 296 294 291 289 285 263 263 268 273 268 264 263 258 249 245 215 244 244 235 236 231 223 220 219 205 209 211 207 202 177 195 197 194 194 195
195 196 182 175 175 183 184 183 210 228 235 240 244 247 248 246 245 244 234 244 257 261 263 269 278 286 282 229 215 252 238 235 253 293 302 290 267 269 300 324 319 300 318 335 338 331 325 332 331 334 328 317 321 324 325 323 314 315 318 317 312 307 308 306 305 304 301 298 295 286 263 277 276 278 274 271 266 259 251 254 230 233 242 241 242 236 233 228 221 203 222 219 216 202 179 200 204 205 206 207
194 203 216 200 198 217 212 188 178 191 212 226 227 207 224 247 249 243 239 255 256 265 270 270 278 287 278 221 213 243 255 264 248 261 298 299 274 286 285 321 332 324 307 330 341 338 329 335 338 340 336 326 325 331 331 328 318 322 325 323 319 315 315 312 312 311 307 301 291 271 280 285 283 283 279 275 268 261 259 242 224 247 247 248 247 244 242 235 212 216 225 221 209 182 205 211 204 212 212 214
206 194 219 210 205 222 221 212 212 195 184 181 182 189 187 230 248 243 249 257 261 266 273 276 281 290 284 227 210 231 237 262 284 268 266 293 287 299 300 301 330 335 320 316 341 344 336 339 344 345 341 332 329 338 338 333 326 332 333 330 326 323 322 319 316 308 301 294 286 275 295 293 289 285 283 280 273 269 260 233 257 256 254 254 251 249 242 222 218 224 215 229 198 208 221 219 211 217 220 223
219 199 221 218 218 216 222 215 225 230 231 220 216 236 198 212 250 248 259 260 269 269 278 283 289 296 293 239 214 260 266 253 294 306 295 278 296 298 321 312 313 339 337 323 331 348 346 344 350 349 343 331 339 345 345 338 332 340 341 338 334 331 328 321 315 313 312 309 303 289 301 300 295 289 285 280 278 274 246 253 265 261 261 258 254 248 227 234 240 233 227 238 189 226 232 227 221 223 228 231
224 197 225 225 223 217 224 220 226 233 240 242 242 245 216 197 251 251 263 271 271 276 285 292 295 302 296 236 215 261 286 271 266 297 314 303 294 308 315 333 319 327 345 342 326 345 354 353 353 350 338 338 348 351 350 345 335 345 347 345 341 338 333 324 322 320 318 315 310 302 308 305 300 294 289 285 281 259 243 269 266 264 264 262 254 232 247 246 247 243 245 238 192 235 237 236 233 231 239 241
216 201 224 230 228 222 227 226 228 237 247 250 250 249 223 192 243 256 262 275 274 280 287 299 301 303 289 228 224 261 295 306 291 287 314 316 301 326 316 331 340 324 342 351 343 336 355 358 355 349 350 346 353 355 353 346 337 346 350 350 347 344 339 329 327 325 324 321 316 312 313 309 304 297 282 264 256 244 274 274 271 268 266 258 239 254 255 253 253 250 250 241 189 243 247 245 244 241 245 253
218 211 226 234 234 228 231 232 234 240 252 257 258 256 238 197 202 254 262 273 278 283 289 301 308 307 283 225 235 277 303 316 304 293 319 325 312 333 336 323 345 344 335 354 356 346 350 361 359 356 357 354 355 357 350 343 342 336 345 352 351 348 344 335 332 330 328 325 320 318 316 311 299 275 261 261 259 255 283 280 276 273 267 259 248 262 261 259 259 257 258 251 190 240 256 256 256 257 255 263
215 218 236 239 239 234 235 238 239 245 255 263 264 263 260 230 190 247 266 274 285 288 300 301 313 314 281 223 242 289 306 319 320 299 311 332 329 326 345 334 337 354 348 350 362 358 349 361 361 359 359 356 354 351 343 338 332 298 292 320 347 352 348 343 338 334 331 328 323 321 319 312 297 302 268 293 289 257 285 285 281 277 270 268 265 267 267 265 265 264 264 228 193 255 267 267 267 269 270 272
244 224 243 246 245 240 242 242 243 251 257 265 269 269 267 230 190 251 273 280 294 295 306 310 316 318 287 224 236 278 294 308 324 327 317 321 337 330 336 349 336 355 360 354 362 362 354 362 358 349 344 343 327 306 288 280 277 274 257 265 298 349 351 347 343 338 334 331 328 325 322 316 312 289 291 303 289 286 292 290 287 282 277 276 273 270 272 271 270 269 259 191 231 270 275 277 278 280 280 282
245 232 236 251 249 245 249 249 250 254 264 269 274 274 267 232 191 254 282 287 300 303 308 316 319 318 283 225 241 259 271 282 298 320 336 336 335 340 340 341 346 357 365 363 361 363 359 361 349 315 292 285 278 274 273 276 271 264 267 252 262 320 353 351 348 344 339 335 332 328 324 320 308 286 311 309 296 301 300 296 292 285 285 282 279 275 276 274 271 250 206 180 208 236 267 283 287 289 289 291
240 250 230 255 251 251 255 256 258 262 272 277 280 279 271 214 191 257 289 297 302 309 309 317 319 313 256 225 265 289 299 309 317 319 327 344 350 348 351 351 347 358 368 369 367 365 364 361 337 296 310 286 300 308 295 299 295 294 283 262 246 280 327 352 353 349 343 339 335 331 327 318 309 312 316 311 308 308 305 301 294 292 290 288 283 277 275 256 224 193 176 176 188 198 224 262 291 296 297 299
239 256 234 251 256 255 260 263 266 275 280 284 286 285 276 216 191 256 292 304 305 310 314 317 318 305 245 228 258 273 292 306 319 334 338 341 353 357 358 360 354 357 367 371 372 369 369 364 336 307 341 306 319 349 334 343 341 335 293 272 240 248 273 320 353 352 347 342 338 334 329 325 324 322 321 316 314 312 310 305 300 298 295 291 284 273 238 207 190 176 175 176 178 182 199 226 272 298 301 303
253 261 253 236 255 259 263 269 275 284 289 290 291 288 263 198 200 234 277 302 308 313 316 318 317 304 251 235 265 280 303 315 320 330 342 347 354 361 364 365 363 361 368 374 375 373 372 367 347 309 343 338 304 347 356 355 354 329 288 263 256 239 241 272 328 353 349 345 341 337 333 332 329 327 324 321 319 316 313 308 305 302 298 292 283 238 197 183 177 177 176 177 183 180 185 208 240 287 303 306
266 265 261 252 248 258 265 273 282 291 294 293 293 259 199 197 250 262 280 295 303 313 317 318 314 295 251 233 251 272 279 301 322 334 342 350 356 363 368 371 370 366 372 377 378 377 372 360 334 329 341 361 327 324 360 364 359 320 287 281 283 260 237 243 292 348 353 348 343 340 337 336 334 331 329 326 323 320 316 313 309 305 300 290 247 204 180 178 178 180 185 178 181 181 181 188 217 255 290 307
273 268 260 260 251 261 266 275 288 296 295 287 276 208 199 209 261 283 291 302 308 312 317 316 309 275 234 262 292 306 309 305 308 326 340 351 359 365 370 373 375 373 373 379 381 379 373 359 344 354 345 366 344 334 342 366 364 344 311 301 293 269 235 243 293 352 354 351 346 344 341 339 337 335 332 330 327 324 320 317 313 307 299 255 202 180 182 183 189 204 220 195 177 176 178 179 203 225 253 291
278 274 265 262 256 261 270 279 291 297 292 280 249 193 220 206 265 287 296 306 313 315 315 310 297 243 249 281 299 311 319 323 328 329 332 346 358 364 370 374 377 377 377 381 382 379 368 353 366 366 348 368 353 355 352 359 369 364 360 348 302 268 235 234 279 344 355 352 349 346 344 342 340 338 335 333 330 327 322 319 314 305 273 211 182 184 189 195 221 244 242 223 182 175 176 179 187 207 226 244
283 278 269 267 261 266 273 284 292 294 288 277 227 194 250 209 239 292 301 311 316 318 315 301 280 238 278 284 296 306 315 323 331 337 339 343 352 361 367 372 376 378 379 382 383 381 377 370 375 373 357 371 363 364 367 359 370 370 365 348 290 258 236 225 252 301 350 352 349 346 340 342 341 340 337 334 331 328 323 320 313 277 222 188 180 190 202 213 241 290 290 249 193 176 175 177 180 192 205 210
286 279 274 274 270 270 280 288 293 291 282 257 200 211 270 218 227 292 304 313 317 319 315 302 263 250 248 264 293 301 307 312 320 326 331 337 347 356 363 370 374 377 378 381 383 383 381 379 380 378 368 374 375 375 376 369 372 374 367 349 290 259 242 228 227 257 306 345 341 326 280 295 332 335 337 335 331 324 313 313 308 248 210 184 182 199 232 246 270 294 295 280 217 185 176 175 178 188 199 202
286 282 281 281 278 274 287 292 294 290 282 243 196 241 270 210 247 301 306 311 315 317 313 296 261 293 288 263 254 264 270 287 299 315 333 345 353 360 364 368 372 373 373 377 379 380 380 380 382 381 376 379 381 381 380 377 377 375 370 362 324 292 270 240 220 228 261 287 283 282 257 255 282 285 292 318 331 321 265 250 258 224 199 184 188 218 270 289 293 295 296 294 265 216 182 175 176 185 196 197
289 290 288 289 285 276 288 295 295 291 274 205 216 274 263 209 259 306 308 309 310 313 313 301 267 297 311 303 285 264 255 272 296 316 331 341 349 355 359 363 366 365 368 372 373 373 370 377 381 382 381 382 383 380 378 378 378 372 364 363 361 344 292 256 230 216 231 253 249 257 252 231 246 260 250 281 319 319 292 236 217 210 195 183 202 253 288 294 294 295 295 295 292 269 200 178 176 176 180 183
294 294 292 294 287 286 290 297 297 292 246 199 257 291 263 210 253 306 308 307 304 307 310 304 289 274 304 315 309 297 276 268 259 286 308 330 338 339 344 353 353 356 365 362 359 362 361 375 378 380 381 382 381 373 368 373 374 366 338 319 327 320 280 257 232 216 212 222 227 228 221 209 215 230 227 251 257 249 240 231 216 197 190 183 214 283 293 295 294 293 292 292 291 285 233 197 181 178 177 177
299 297 294 294 287 293 292 299 299 284 212 213 284 299 284 218 225 280 302 304 299 300 300 300 306 299 277 291 302 312 305 299 284 261 287 318 311 320 323 332 346 355 357 347 332 345 365 370 369 373 378 379 377 367 355 358 359 363 349 297 273 261 249 236 230 233 224 211 208 208 200 200 198 196 197 205 205 201 197 199 197 189 185 183 209 276 292 293 291 289 290 290 290 289 280 228 194 195 183 180
305 303 298 291 289 295 297 301 301 249 200 238 302 308 301 254 219 219 236 268 274 292 287 294 311 310 286 310 312 309 319 311 311 289 264 290 290 305 325 334 340 341 338 317 349 360 360 356 360 368 370 374 372 362 340 327 337 357 358 345 312 288 274 270 273 272 253 237 222 216 220 219 202 190 192 194 189 186 186 185 185 186 199 198 192 242 283 286 281 283 286 284 287 289 288 246 216 234 220 210
314 311 299 295 294 304 306 307 294 220 202 266 310 314 307 286 279 259 256 241 233 245 253 275 309 315 308 303 321 315 316 317 318 309 271 264 311 324 317 288 287 293 296 328 349 353 347 334 354 361 360 369 367 359 355 317 305 347 350 355 354 349 339 334 333 327 312 294 280 268 250 229 194 196 207 206 197 200 214 217 217 240 262 218 192 212 250 277 262 266 258 274 283 288 291 275 250 285 254 225
322 312 301 298 297 310 315 315 275 207 211 264 316 321 315 304 300 296 296 294 264 269 291 279 300 317 315 303 325 326 322 320 323 319 301 272 269 275 276 302 324 312 295 303 317 337 323 338 345 348 358 366 360 346 328 307 279 299 303 324 347 351 345 336 331 328 324 318 314 305 255 206 194 211 215 211 220 250 279 284 280 289 278 221 192 199 210 246 231 248 266 275 285 290 293 291 288 256 224 205
322 314 313 310 309 317 323 301 238 201 225 274 319 329 324 313 309 305 307 306 271 270 301 291 298 315 322 309 323 331 331 326 330 326 319 283 305 314 314 336 347 339 315 340 318 311 326 355 361 358 362 369 363 354 347 324 294 273 264 260 284 336 338 323 296 308 307 309 290 278 226 193 202 229 244 262 284 300 295 252 226 222 209 199 208 212 228 216 221 240 279 285 290 295 296 291 256 220 205 199
330 326 327 324 321 324 296 253 215 203 236 295 328 335 333 324 321 314 313 307 260 288 304 307 301 310 321 318 326 330 335 332 336 336 329 288 321 336 333 350 351 343 318 345 347 349 332 352 363 369 368 371 365 357 356 354 345 318 289 265 249 291 331 314 266 244 239 257 239 222 196 196 233 278 294 300 298 291 255 212 210 212 224 256 255 241 270 244 274 247 264 293 293 297 298 273 229 211 208 208
341 339 338 326 306 293 250 219 204 218 254 314 335 339 340 336 329 322 315 303 261 300 308 315 308 317 323 323 327 334 337 340 340 345 337 301 315 346 343 353 351 341 336 341 351 354 351 355 364 373 374 371 363 340 324 340 352 351 338 285 259 243 300 327 309 257 217 201 199 203 198 212 272 296 296 292 261 227 213 218 271 282 296 290 286 260 287 266 291 272 283 295 298 300 300 278 232 222 239 232
330 333 310 279 265 245 212 205 220 245 269 330 342 344 344 343 336 329 321 295 262 299 315 323 318 317 332 330 329 340 342 346 342 349 343 316 331 349 350 353 351 346 350 353 357 360 363 363 367 371 373 369 350 315 297 290 317 349 351 320 272 240 248 286 301 264 219 212 216 217 198 239 295 295 283 256 225 218 252 250 291 318 315 304 297 284 302 287 300 295 294 296 303 305 303 269 237 235 252 237
293 291 286 283 278 246 209 224 260 262 270 330 348 348 346 344 339 333 322 273 289 308 319 329 328 325 333 340 337 341 349 351 344 349 347 333 342 349 350 354 355 356 359 362 363 359 347 349 367 374 375 373 370 363 341 291 280 301 324 309 273 252 227 230 237 237 215 217 244 217 200 246 296 297 294 278 224 240 298 291 299 325 322 317 306 301 312 300 307 306 300 303 307 310 303 255 239 244 259 242
303 300 298 294 286 237 219 265 277 274 283 338 350 347 340 330 331 326 307 274 315 310 327 332 338 338 333 348 345 347 355 353 352 355 354 348 345 355 356 360 363 364 363 354 331 297 276 280 308 362 379 379 377 376 357 301 281 270 274 268 255 239 237 239 225 215 209 229 237 200 224 266 293 299 297 244 220 234 295 306 306 326 330 325 313 308 318 308 312 311 307 310 310 314 297 255 252 251 258 248
309 305 301 296 287 239 222 276 284 282 318 345 343 335 327 324 316 301 284 277 317 315 333 339 345 347 339 350 354 357 357 359 361 361 358 355 347 359 364 362 341 321 307 295 283 264 262 256 264 305 358 382 382 380 374 333 296 281 264 256 254 260 264 258 252 225 218 249 227 208 265 302 301 300 290 231 260 228 251 302 311 325 333 330 318 310 319 315 313 315 314 316 316 319 316 297 269 257 256 257
315 311 304 299 297 251 222 260 289 290 337 341 341 344 337 330 326 320 301 299 286 326 330 342 351 353 347 351 364 364 364 367 367 364 359 356 355 367 356 309 293 286 275 270 267 269 274 265 254 267 302 341 365 365 352 329 295 288 285 280 277 273 265 252 234 214 227 270 228 210 283 306 302 289 275 235 291 269 232 264 313 322 331 332 326 316 318 320 318 320 320 320 323 325 324 323 284 260 257 255
308 309 299 282 277 247 221 235 282 291 325 346 347 350 340 336 335 318 298 323 276 328 342 349 356 358 356 361 368 373 371 372 372 367 360 358 367 362 308 301 303 303 279 289 284 286 294 275 262 249 263 280 295 296 289 280 270 264 269 266 254 246 238 221 215 227 251 286 236 205 287 307 301 267 235 244 300 301 260 243 300 317 325 329 329 323 320 323 322 323 324 325 326 328 316 281 262 249 247 242
297 269 259 262 248 251 255 225 257 293 307 351 356 353 347 343 337 329 303 329 276 329 352 360 362 366 365 372 375 381 379 377 377 371 364 367 371 319 305 308 310 307 281 303 306 305 311 290 273 258 245 247 256 256 254 252 245 236 233 231 225 221 219 221 227 254 295 297 232 212 291 308 280 247 257 248 302 302 263 236 248 284 311 324 327 326 324 324 325 324 325 327 327 311 271 253 249 237 233 233
313 304 290 306 291 307 290 234 243 298 299 316 340 358 357 352 346 327 317 328 283 324 360 367 371 374 374 380 383 388 387 384 382 375 369 375 342 309 313 314 316 307 283 307 318 318 321 304 281 263 253 250 243 238 238 236 235 237 237 230 225 234 238 231 236 278 330 284 212 235 302 307 264 275 284 248 299 300 250 254 285 263 270 315 322 323 324 325 326 325 299 294 299 274 250 242 239 230 226 226
319 322 308 319 307 314 296 244 233 263 269 254 289 333 366 360 346 345 348 341 296 310 362 374 380 384 385 389 393 394 393 388 384 377 377 357 313 314 318 320 314 289 289 306 324 327 325 303 282 270 266 263 253 254 256 257 256 258 256 245 231 249 254 231 250 300 325 256 207 263 316 299 284 302 261 255 304 303 268 248 302 309 289 279 307 317 322 325 324 302 262 256 259 255 241 238 236 228 224 223
335 332 320 328 321 321 292 260 255 249 244 240 259 314 367 369 358 363 361 352 301 289 312 363 386 392 395 398 400 400 396 391 385 380 363 320 317 320 323 323 301 296 300 314 320 332 326 306 298 288 286 272 262 271 275 278 275 275 266 248 239 264 256 238 269 324 310 245 212 290 320 297 310 293 250 254 303 304 258 248 266 308 315 302 298 311 322 324 324 279 252 244 241 236 233 236 233 226 222 222
346 341 331 337 333 330 309 295 287 278 274 260 248 298 342 380 371 375 370 340 302 295 305 337 340 381 403 406 406 404 398 392 384 379 331 323 331 333 331 321 301 318 312 332 335 336 332 320 314 306 296 281 281 289 298 302 295 283 263 243 257 277 255 248 288 343 304 232 226 304 323 310 319 303 259 259 300 300 274 280 252 273 312 318 319 320 319 301 293 278 260 245 234 228 226 231 231 223 222 222
354 351 342 347 345 340 330 319 323 307 299 280 259 253 304 361 378 384 381 373 352 308 299 306 319 374 410 412 411 406 397 369 346 333 323 334 346 346 335 312 315 331 321 332 342 344 342 336 331 319 309 303 301 307 317 312 294 277 258 253 280 286 258 255 303 353 294 221 241 312 330 324 324 303 285 275 315 297 302 279 262 268 273 307 322 323 304 265 257 258 250 243 235 227 220 220 220 214 206 204
363 360 354 358 356 348 351 340 348 351 334 298 283 263 271 336 371 394 394 394 361 321 317 318 319 353 414 417 415 409 394 361 343 329 338 350 370 350 327 314 324 337 338 341 345 350 351 350 346 334 328 324 324 327 314 295 276 261 259 279 298 283 257 263 311 343 276 216 251 320 337 332 325 316 286 294 321 308 314 279 282 295 297 304 322 326 309 266 251 242 236 233 229 224 216 206 202 202 196 189
372 370 365 369 367 362 364 361 354 360 347 331 305 278 266 329 351 396 404 404 394 383 352 355 344 361 418 422 419 411 391 364 377 334 347 356 369 346 326 335 327 342 347 350 352 356 358 358 355 351 345 339 337 324 295 274 273 279 288 302 290 268 258 283 330 334 282 222 237 319 343 339 334 327 302 322 326 324 313 313 310 318 305 326 326 326 302 266 251 243 234 225 222 214 208 210 206 209 212 207
381 378 375 378 377 375 376 372 364 368 362 349 318 288 265 326 351 363 384 405 408 408 406 402 384 401 420 423 421 413 384 404 386 342 352 359 356 342 335 343 339 343 354 358 359 362 365 366 363 358 352 340 320 298 284 292 295 310 316 309 285 265 275 302 353 341 297 241 222 298 348 345 342 326 332 335 334 332 325 329 329 331 323 330 330 302 272 254 240 235 233 226 224 212 215 219 224 231 233 233
387 385 384 383 384 384 385 381 373 375 373 368 332 298 267 317 356 355 352 360 380 404 398 363 349 366 389 401 416 414 404 414 399 350 358 364 355 344 342 348 350 346 360 365 365 368 371 371 367 358 341 318 298 293 304 312 325 332 326 312 285 269 283 310 362 341 292 237 226 293 352 351 345 339 342 342 341 338 335 336 336 334 333 331 315 268 254 242 235 228 226 222 216 213 218 224 236 242 244 248
390 390 390 389 390 390 391 386 379 382 380 376 354 309 271 288 340 354 347 346 354 358 358 346 345 355 361 361 392 416 415 419 404 356 365 365 355 351 349 351 357 355 362 370 371 373 375 374 364 344 328 312 312 308 329 338 341 335 322 301 281 281 304 315 363 341 292 225 257 323 357 354 350 348 347 345 344 342 340 340 337 323 298 275 256 235 225 226 228 219 214 213 214 222 224 237 239 251 253 261
388 393 394 394 395 395 394 385 384 389 387 383 376 334 286 266 289 306 299 329 351 349 345 337 341 346 354 357 378 419 421 425 409 369 374 366 360 358 359 353 362 364 368 374 377 380 380 374 361 349 334 336 330 325 347 348 343 332 309 293 280 291 313 330 372 347 289 225 279 328 331 322 316 315 316 322 329 321 311 302 288 264 239 232 225 219 215 216 218 214 216 221 225 225 237 250 256 251 265 267
377 389 396 398 400 400 392 384 392 394 391 389 381 359 319 293 273 271 273 289 315 315 339 330 348 354 352 355 366 392 396 393 398 382 379 368 367 366 369 365 364 371 375 379 382 384 380 373 371 351 352 349 339 343 352 349 343 334 315 296 286 300 315 327 329 303 278 224 263 264 251 243 255 259 257 266 272 263 259 253 248 226 221 218 218 217 216 216 215 224 227 228 235 236 249 260 270 272 263 275
362 377 392 399 402 401 392 388 395 395 393 390 383 371 361 334 307 304 301 283 276 275 291 316 354 362 361 355 356 359 361 364 377 388 383 375 373 373 377 376 367 376 380 384 388 387 383 379 367 368 368 358 359 355 353 345 335 325 306 297 307 317 318 317 305 281 245 218 218 221 221 218 220 221 226 233 236 231 234 227 219 223 230 222 218 224 220 224 230 236 240 239 250 249 254 268 279 288 273 270
350 369 382 394 400 398 387 386 396 397 392 389 384 378 373 367 358 363 355 320 319 285 293 342 356 363 367 360 360 361 364 371 377 388 386 381 378 379 382 384 376 377 387 391 394 392 386 375 373 377 372 370 366 361 349 334 321 310 306 324 328 322 317 309 286 270 235 243 241 240 237 228 223 221 216 226 223 219 218 217 218 222 230 230 227 224 226 231 242 247 252 249 257 261 259 272 283 294 291 263
345 354 373 384 391 386 381 381 393 397 392 385 382 377 372 367 368 366 363 359 339 278 323 353 359 367 368 361 364 365 371 378 382 385 388 386 384 384 386 389 385 379 390 396 398 398 391 383 381 384 379 375 369 363 358 351 333 316 322 335 330 324 313 295 277 261 242 234 247 249 241 242 240 238 228 217 216 216 219 225 228 226 234 238 240 230 225 243 252 255 259 261 267 271 269 280 291 297 294 272
345 345 370 374 376 377 375 373 380 393 391 385 374 372 373 372 371 368 364 360 344 280 314 358 366 372 368 362 367 370 376 383 387 389 389 388 387 388 388 390 389 384 388 395 402 404 400 397 394 391 386 380 372 365 359 352 338 323 335 336 330 324 316 290 272 258 242 241 258 260 250 255 256 251 245 236 220 220 234 244 239 232 243 246 250 244 245 256 263 267 270 272 276 281 282 286 295 301 297 280
342 337 366 365 366 370 373 366 362 375 386 379 367 372 376 375 373 369 366 350 319 281 308 363 372 376 370 365 371 376 382 388 391 391 388 386 387 389 389 390 389 388 388 394 404 409 409 405 401 397 390 381 372 363 353 345 340 338 341 336 322 304 297 279 267 255 241 252 271 271 265 267 265 259 250 238 219 227 245 254 245 236 251 255 255 255 262 268 271 276 280 280 281 287 292 298 300 303 300 287
337 329 357 353 356 365 369 364 354 353 364 359 359 372 380 379 374 370 356 295 286 301 348 372 379 379 374 372 378 385 386 391 393 392 386 384 385 387 388 389 390 389 390 397 407 413 413 410 404 396 388 379 366 358 351 351 350 345 335 325 308 290 277 271 260 248 243 263 280 281 279 278 273 263 247 229 225 241 252 260 253 243 257 260 260 264 270 276 281 286 289 287 289 295 301 306 308 308 299 289
333 324 345 340 351 361 363 358 350 342 345 345 349 364 380 379 374 370 325 287 345 368 374 377 382 379 372 372 380 391 391 393 394 391 384 381 382 387 389 391 391 391 393 398 404 411 415 409 396 381 365 354 346 339 332 339 350 346 331 311 299 290 286 276 259 244 261 275 295 294 294 287 275 261 229 224 238 255 267 270 264 254 256 261 268 272 277 284 292 296 299 297 298 304 310 315 316 311 295 290
328 317 333 331 340 356 362 352 343 335 348 354 357 357 375 379 375 371 325 295 363 373 375 376 376 370 360 365 376 390 395 394 395 389 383 380 378 387 391 394 395 396 396 399 402 410 415 405 386 370 359 351 342 334 326 312 322 340 337 326 309 294 279 264 246 259 273 289 307 302 296 281 269 250 226 239 246 262 281 283 274 263 265 269 271 280 287 294 300 306 311 310 310 314 320 325 321 304 297 291
313 312 327 324 328 345 357 348 335 336 353 364 366 364 365 377 376 373 318 300 367 369 370 371 367 362 354 365 377 388 395 396 396 388 380 378 372 388 393 396 400 402 403 404 408 416 420 417 403 389 379 369 364 354 342 324 305 297 316 319 299 281 266 252 261 274 284 302 308 300 287 273 256 239 229 246 256 267 287 289 283 272 271 278 279 287 295 302 307 315 321 324 325 325 327 327 312 302 295 286
311 306 317 317 313 328 344 341 328 334 349 364 370 368 364 371 376 375 330 297 354 362 362 361 355 347 356 370 380 387 392 397 396 388 380 367 364 376 386 395 400 406 407 412 415 420 420 412 399 385 376 371 369 358 348 336 314 296 280 285 275 263 257 268 277 287 301 313 311 298 283 268 261 244 230 246 263 275 294 297 293 286 278 285 291 286 299 308 315 323 331 335 337 334 328 313 302 297 288 279
315 309 304 303 303 318 333 330 322 333 347 363 374 373 368 367 373 376 354 309 314 352 358 358 340 331 360 373 380 379 387 392 393 386 367 358 368 379 385 388 395 404 409 410 412 415 410 398 383 367 357 349 350 348 337 322 305 291 277 269 274 277 280 284 291 300 313 318 315 301 289 280 270 235 250 246 264 275 293 299 294 296 293 292 300 299 300 308 312 323 330 334 334 327 310 289 281 280 273 258
330 327 317 311 300 311 325 321 321 334 346 360 375 378 373 370 370 378 376 345 309 303 334 326 304 311 349 372 372 364 371 381 387 379 358 357 371 384 393 397 401 406 410 406 402 404 400 386 370 354 344 336 329 321 310 299 286 281 283 288 295 295 295 298 304 312 322 323 319 307 298 290 278 237 259 248 254 266 283 299 301 301 302 302 307 312 307 324 323 324 327 327 316 300 284 268 255 251 241 234
341 337 330 320 305 299 314 314 325 335 348 362 375 382 377 374 372 379 379 377 349 313 299 297 300 298 320 353 358 353 358 368 380 374 358 352 368 384 397 404 408 413 414 405 390 388 382 370 360 345 331 325 315 306 297 297 300 300 303 306 313 310 311 311 316 319 322 318 312 309 305 295 284 249 254 260 256 262 280 296 308 312 312 316 318 320 315 331 331 328 320 308 289 279 272 260 250 239 232 230
351 347 338 325 314 293 305 322 329 337 349 362 372 381 382 380 377 378 383 383 377 361 327 325 331 311 303 339 348 341 348 361 373 368 357 348 366 383 399 410 414 418 416 405 390 375 366 355 347 337 330 321 314 312 316 319 320 319 318 326 334 327 320 315 313 308 304 303 302 300 298 295 291 278 245 260 259 266 281 299 318 327 328 331 329 327 315 324 325 319 299 280 273 270 271 265 253 246 245 238
362 355 345 332 316 290 321 328 333 340 348 357 367 376 385 385 382 379 385 385 377 367 358 349 337 321 300 324 336 328 339 356 360 361 349 346 364 381 395 409 417 421 421 411 396 379 363 354 351 349 339 329 333 332 336 340 339 333 330 335 337 327 319 310 300 295 291 286 283 281 283 282 283 277 249 261 261 271 284 300 318 333 342 340 332 326 315 312 306 296 287 286 287 278 269 267 270 267 254 239
371 363 354 339 324 286 303 329 337 340 347 354 362 371 383 392 385 381 379 377 369 359 352 346 334 320 299 315 322 320 335 346 347 347 339 348 364 382 395 405 414 421 423 417 404 389 376 365 363 358 342 340 347 351 353 353 346 338 331 326 320 314 310 306 307 309 306 300 292 283 269 268 265 252 258 265 269 278 289 300 313 327 338 342 334 328 316 307 301 303 297 298 303 295 287 294 286 264 247 235
374 367 357 346 337 299 285 317 341 343 347 355 362 369 379 390 386 378 375 374 364 351 340 335 325 302 299 306 309 315 329 337 335 332 336 349 362 375 388 396 405 411 420 422 412 399 388 376 372 360 349 356 362 367 362 354 345 339 335 327 322 321 318 320 321 316 308 299 289 283 286 280 268 250 271 271 277 285 295 305 314 323 333 339 335 331 314 309 312 313 312 316 322 311 302 295 272 251 241 246
365 359 353 347 338 303 279 303 334 343 345 354 362 370 379 388 383 372 365 368 361 347 334 323 309 304 321 321 320 320 321 325 328 334 340 345 355 366 377 388 396 402 412 421 424 409 397 387 378 368 363 372 379 375 366 356 349 346 340 335 332 330 329 331 322 314 306 302 303 296 273 255 263 272 267 276 286 292 302 312 320 327 334 337 335 331 318 324 329 335 338 329 327 312 297 283 263 253 253 257
357 349 339 332 323 301 275 291 315 331 343 354 363 371 380 385 376 365 353 353 354 344 331 317 293 320 331 334 331 333 331 330 341 345 351 354 356 362 373 383 391 399 408 418 429 420 409 399 389 380 379 387 387 379 369 361 357 352 347 343 342 339 337 333 324 316 310 310 309 289 261 285 284 285 274 281 295 301 310 318 327 333 337 337 336 336 325 333 340 347 344 328 317 307 295 280 265 259 269 271
340 332 316 307 305 287 277 309 327 342 351 358 367 374 382 380 369 357 344 337 339 333 326 310 294 325 336 344 347 346 341 339 345 355 362 364 368 373 378 389 397 405 413 422 429 425 419 410 403 393 392 395 390 383 374 369 365 359 353 350 349 347 343 335 328 324 319 312 292 272 272 297 294 291 279 283 297 308 316 324 333 339 340 339 338 336 333 339 346 347 337 321 312 304 294 283 264 275 283 281
301 294 287 283 280 274 282 316 342 354 357 364 373 379 383 377 362 349 337 327 328 324 312 294 298 329 341 352 365 365 354 350 348 358 371 377 381 383 383 392 400 411 423 429 429 421 416 413 411 403 400 395 390 384 377 375 370 363 357 352 350 349 342 333 324 310 306 276 264 269 298 307 301 297 285 284 300 313 322 331 341 346 345 345 345 348 344 343 345 337 325 318 312 296 288 278 280 285 288 285
302 313 314 314 308 287 277 310 342 358 363 371 380 384 383 375 361 348 335 325 316 311 298 285 313 334 347 360 374 375 366 358 353 364 379 390 397 394 392 394 403 416 429 432 424 416 410 407 407 403 398 391 383 379 372 370 368 360 354 348 345 343 338 327 301 268 269 271 299 311 319 317 309 301 293 288 296 312 324 332 342 349 350 352 356 361 353 350 347 334 320 309 303 295 282 280 291 293 293 287
333 346 344 334 312 288 275 305 333 356 362 373 383 381 374 369 361 348 337 328 316 304 288 285 316 336 350 366 380 383 375 366 360 370 385 399 409 405 401 401 407 419 425 426 419 409 404 398 397 395 391 386 379 372 365 361 360 355 348 342 337 337 331 309 281 280 310 316 320 322 328 325 316 309 300 298 298 302 314 325 338 348 354 358 363 364 356 354 351 338 320 305 302 301 288 284 292 299 294 276
353 363 357 340 315 282 273 298 321 347 358 369 377 367 356 350 339 334 326 320 313 299 284 285 314 336 351 367 383 392 386 375 370 371 385 400 412 414 412 410 414 421 419 415 412 401 395 387 386 388 383 379 374 369 362 353 353 348 343 336 326 325 309 304 287 273 287 300 322 331 338 335 323 314 310 313 312 312 311 319 333 348 360 365 367 364 358 355 351 334 318 311 310 300 292 287 295 300 291 227
369 375 365 342 318 284 263 281 309 332 351 359 360 348 336 331 328 327 322 319 311 292 278 289 315 335 350 365 383 394 394 387 383 378 381 395 410 419 420 420 422 421 413 404 401 391 384 379 378 382 375 371 368 361 357 349 341 337 334 330 322 311 308 297 274 284 295 302 303 327 342 340 329 319 322 326 327 329 324 320 334 349 364 371 371 363 357 349 340 324 321 316 304 294 290 295 297 299 270 198
