# 100 100
210 210 208 208 213 213 216 224 240 251 241 222 212 206 214 212 202 194 193 201 199 196 196 196 199 213 222 218 202 195 196 196 196 197 206 212 209 222 209 210 224 221 215 211 213 211 226 224 208 212 225 234 229 232 228 234 224 207 205 205 209 210 210 213 217 222 225 229 230 224 218 210 205 209 205 204 222 217 207 219 236 236 225 220 225 238 246 258 262 259 260 261 241 264 272 277 284 268 237 228
211 209 208 212 215 216 218 225 234 251 243 231 216 210 218 217 203 195 198 216 215 203 196 196 197 212 222 218 215 197 196 195 197 198 201 208 208 207 205 215 223 209 204 204 219 211 221 219 206 208 226 225 218 223 217 225 219 205 203 201 204 205 208 211 214 217 217 216 216 217 210 205 199 201 200 202 212 210 203 208 221 226 223 218 222 233 238 253 260 253 248 249 246 266 263 271 277 269 248 227
210 210 213 217 222 222 228 231 234 246 231 225 218 212 212 207 199 194 213 218 211 204 199 199 199 207 220 209 209 197 195 196 199 201 202 205 206 202 203 219 221 204 200 206 224 215 208 217 203 205 212 211 209 205 208 212 214 204 203 203 200 204 207 211 213 213 210 209 207 208 202 203 198 196 197 197 196 198 198 204 213 215 216 214 221 225 235 246 253 255 248 235 254 253 261 268 276 276 252 225
212 215 217 224 231 234 241 248 245 236 224 214 211 207 205 204 199 194 204 212 207 202 202 203 202 205 217 210 201 198 195 197 200 201 203 204 205 202 202 211 220 202 200 208 224 218 203 204 200 201 201 203 205 202 207 210 207 201 200 201 198 204 208 212 214 210 206 204 200 198 197 195 195 194 193 194 194 195 198 202 206 209 211 210 217 228 233 243 249 249 245 236 248 252 263 269 274 261 230 222
213 216 221 230 243 248 253 255 252 246 233 226 217 213 209 205 200 194 197 200 200 202 213 207 203 203 216 207 202 199 195 197 199 201 202 203 203 199 207 221 225 208 199 212 221 214 202 202 199 200 196 197 201 200 202 202 199 199 196 197 201 203 207 212 216 212 208 202 202 198 196 194 194 194 193 192 194 196 197 201 204 205 207 208 219 224 229 238 245 242 235 231 245 252 261 267 268 244 219 238
218 219 225 236 250 255 251 248 245 242 245 243 240 236 227 215 203 196 193 198 197 200 214 217 207 204 217 203 197 197 194 196 198 200 201 201 202 198 206 210 215 217 210 200 206 215 207 198 198 200 196 201 205 198 196 196 197 198 196 193 197 203 208 214 218 218 209 205 205 201 196 194 192 192 191 190 192 194 197 201 203 200 203 209 215 222 228 233 238 234 225 241 251 257 262 266 260 218 224 239
223 225 231 247 253 252 246 235 238 229 236 242 238 241 244 231 212 200 194 195 196 198 202 212 205 213 214 199 193 193 193 196 198 199 200 200 200 198 200 203 201 204 213 204 197 206 203 197 196 198 194 197 197 194 194 194 196 198 198 194 191 201 209 212 216 218 219 212 208 203 200 195 191 191 190 189 192 195 198 200 199 201 206 209 216 223 227 231 234 229 226 243 250 258 262 264 251 214 217 220
226 233 238 247 252 249 239 231 226 221 222 225 225 221 226 230 220 209 201 192 192 192 194 202 201 206 204 205 197 192 195 196 197 198 199 200 197 197 196 198 199 199 206 214 198 204 199 196 194 194 193 193 192 192 193 194 194 196 196 194 190 193 198 199 201 207 211 214 209 205 202 197 193 190 188 191 195 197 197 197 196 203 207 212 218 226 228 231 233 221 234 244 251 257 260 261 242 214 213 234
230 242 251 249 247 248 246 243 231 221 215 218 219 213 213 212 214 217 218 202 192 194 191 198 198 197 198 202 204 194 194 195 196 197 200 208 201 199 196 201 198 197 203 216 201 195 196 194 192 193 192 192 191 192 193 193 194 195 194 192 189 194 190 187 188 200 201 204 206 197 194 195 194 189 187 191 196 197 194 194 197 205 210 212 216 224 225 229 226 215 230 237 245 253 257 259 256 221 207 210
242 250 253 250 243 238 243 240 230 219 216 211 210 210 208 203 209 210 210 206 202 199 193 190 191 189 190 193 194 195 193 195 195 196 197 202 200 197 198 203 197 195 203 211 204 196 191 191 191 193 192 191 192 192 193 193 195 195 194 190 186 190 185 183 184 188 193 197 205 200 194 192 190 188 186 190 196 198 191 195 205 207 207 211 215 220 218 211 215 225 233 240 246 249 254 257 243 229 216 202
248 255 253 249 244 233 226 223 218 215 212 209 206 206 205 206 207 202 200 198 197 198 198 198 195 197 196 192 188 190 192 194 195 198 198 200 201 197 198 200 196 193 200 203 194 192 190 190 190 191 192 191 191 192 194 194 197 199 195 189 186 184 183 182 182 182 187 191 204 201 193 191 191 192 188 186 188 193 190 203 206 200 195 199 203 205 204 223 234 236 240 246 248 253 256 257 251 249 220 201
255 255 253 251 248 244 233 224 220 215 211 213 214 213 221 228 216 211 206 207 209 209 211 212 205 200 198 197 195 191 190 191 194 197 201 205 207 196 193 194 193 194 206 207 193 190 190 189 189 189 189 190 190 192 194 196 200 201 193 190 188 187 186 185 183 181 184 187 196 193 190 190 195 196 192 190 188 187 184 197 192 194 211 215 212 221 223 224 236 240 244 253 257 259 261 260 256 237 216 203
257 255 252 250 248 248 243 229 223 225 217 228 225 227 230 244 227 217 217 216 218 213 220 221 211 203 201 198 196 198 196 193 190 193 200 205 209 200 192 193 190 192 203 202 192 190 190 189 189 189 189 188 189 192 196 199 199 198 192 189 188 188 186 185 184 181 183 183 184 186 187 189 192 195 196 194 194 197 189 183 204 210 217 221 219 223 229 229 235 240 245 253 260 263 264 256 245 243 234 208
258 254 251 248 246 246 247 237 232 228 222 233 239 245 243 247 243 241 238 224 224 221 221 218 216 208 206 202 202 202 200 199 196 188 199 205 208 201 192 192 189 190 194 193 191 189 190 189 187 187 187 188 189 192 199 200 194 191 191 193 189 188 189 187 184 181 180 181 181 183 185 189 192 196 198 199 199 202 203 189 197 209 221 226 224 225 229 233 236 239 244 251 260 263 263 254 235 226 237 212
258 254 251 248 247 245 244 246 245 242 233 234 245 247 247 247 247 246 246 242 243 232 222 220 215 213 208 204 204 204 203 206 201 191 191 204 205 199 194 189 189 192 197 192 190 188 189 189 188 186 187 188 188 191 197 197 190 188 190 192 188 187 190 190 188 186 181 181 181 183 186 189 191 196 200 202 204 206 209 207 186 203 222 225 225 226 228 231 233 235 241 250 259 256 259 257 239 222 211 204
256 254 251 248 247 247 242 241 247 247 245 243 246 247 247 247 240 236 244 245 245 240 227 216 218 216 208 205 204 205 205 206 205 193 187 205 202 198 195 194 187 184 185 190 191 189 188 189 188 185 186 187 188 196 200 193 189 187 188 188 187 186 187 187 186 184 181 183 185 183 188 190 194 199 202 205 207 210 211 211 189 199 213 219 224 226 227 223 227 235 241 244 246 248 244 251 246 240 230 203
249 252 252 249 247 244 244 238 242 246 245 245 246 246 245 241 243 231 226 228 234 242 231 231 226 217 210 207 207 208 209 208 204 198 188 197 192 187 190 190 186 183 185 184 190 189 188 189 190 186 184 187 188 198 203 191 187 186 186 186 186 186 185 185 184 184 182 178 178 177 179 186 196 201 204 207 211 214 213 210 191 182 208 224 226 227 220 217 230 234 236 233 234 242 236 245 246 239 222 194
238 249 251 252 250 245 240 237 235 240 242 242 244 246 244 239 230 230 224 216 220 234 241 243 238 230 217 213 210 214 217 216 213 201 193 187 185 189 186 186 186 184 190 182 186 189 188 188 194 187 183 183 188 196 190 188 186 186 185 184 185 185 185 184 184 183 181 177 178 179 178 177 186 198 203 208 213 216 214 210 214 191 190 213 224 221 200 220 231 229 212 227 236 236 227 242 243 233 206 190
229 238 240 247 252 252 247 245 240 233 232 235 242 242 246 248 244 231 225 218 212 218 223 242 238 231 228 226 218 222 220 217 207 199 195 193 186 197 196 186 184 186 199 186 183 187 187 185 184 182 182 180 183 187 187 187 186 185 183 182 181 181 182 182 182 181 179 179 184 187 186 180 175 188 203 208 212 215 216 217 217 202 185 184 192 192 190 193 212 209 215 225 225 229 219 236 233 224 208 191
223 227 230 238 246 250 251 252 249 243 237 230 229 233 241 242 247 249 240 219 210 208 211 221 238 239 229 219 220 226 224 216 203 199 196 188 193 204 205 205 196 203 203 204 183 184 184 182 182 182 182 181 180 186 186 185 183 182 182 180 178 178 179 178 178 178 178 185 191 193 193 188 178 178 193 206 213 217 218 219 217 217 206 177 179 179 177 174 177 181 209 217 205 206 212 233 235 219 215 200
212 215 218 220 230 240 244 248 251 251 250 244 235 226 228 235 239 244 245 239 223 215 207 207 227 230 238 226 221 209 214 211 200 195 187 192 207 217 212 215 215 209 206 214 197 183 183 184 185 186 185 182 181 183 185 184 183 182 180 178 182 184 184 185 187 186 190 196 200 199 197 192 188 175 183 209 214 217 219 220 219 204 187 175 173 173 173 172 173 174 177 193 187 213 228 238 247 239 226 207
212 210 209 209 215 227 232 236 240 245 252 253 249 241 229 224 227 237 239 245 241 224 218 208 205 218 237 235 224 210 197 194 191 189 190 209 217 218 216 216 214 209 213 216 212 195 189 193 200 190 186 184 182 180 180 180 180 179 179 180 183 185 203 205 207 203 206 214 214 207 205 197 201 181 175 184 214 214 209 207 205 180 174 173 172 173 173 172 172 172 172 172 180 205 220 235 258 239 222 217
222 218 216 212 209 209 215 221 227 226 235 246 252 252 242 236 228 222 227 240 237 240 243 220 207 206 218 228 229 202 195 190 188 188 199 214 216 216 217 220 220 213 214 219 221 219 202 213 212 199 195 197 191 183 179 179 179 180 181 184 184 189 205 209 207 209 218 220 216 216 209 200 203 206 189 175 186 185 176 174 175 175 174 174 193 190 181 178 173 171 171 172 176 190 204 224 252 231 211 201
222 225 222 220 216 211 207 209 216 216 224 229 243 251 250 249 240 227 221 221 228 225 234 220 210 208 205 208 212 199 196 190 190 194 211 214 215 213 217 223 224 218 217 223 227 222 215 218 214 204 199 199 195 191 186 183 181 181 183 186 185 189 191 195 200 206 215 216 216 218 210 205 206 209 211 189 175 180 194 204 197 198 199 188 214 215 187 181 178 174 171 171 172 175 210 228 232 226 219 215
226 232 225 223 220 216 210 206 207 211 217 221 228 238 247 250 247 239 230 223 218 217 222 222 219 228 223 207 200 197 195 191 191 194 210 215 210 217 220 229 234 228 224 223 227 225 226 223 213 206 196 192 192 191 190 187 184 184 190 195 192 186 188 190 191 198 207 211 212 218 215 213 213 214 214 194 207 221 225 224 217 228 227 206 222 226 199 180 178 175 173 171 171 172 180 215 217 216 212 212
230 239 234 227 223 220 216 208 205 205 209 215 221 229 235 242 247 247 242 239 235 226 215 213 216 223 233 224 209 199 193 190 193 194 194 192 214 224 224 232 240 238 236 229 228 227 226 216 208 201 199 207 200 192 191 189 187 185 192 198 202 199 197 202 198 193 200 202 210 217 219 219 219 218 210 212 210 227 230 231 230 231 225 226 221 201 190 181 178 177 175 173 171 171 171 181 198 195 196 203
238 250 242 232 230 227 221 215 210 205 204 203 213 220 224 229 234 241 243 244 243 241 235 229 220 212 215 225 218 214 202 190 191 191 192 191 209 222 228 238 249 254 248 239 237 233 229 214 212 215 204 212 209 195 192 191 187 184 189 195 207 215 218 220 210 195 194 198 207 213 216 219 220 220 219 222 219 231 235 235 233 232 230 223 208 198 187 181 178 177 175 175 174 172 170 170 174 177 181 197
252 258 248 243 240 232 229 224 216 211 207 205 204 212 218 220 223 225 231 237 242 244 243 242 232 225 213 210 221 215 216 199 197 198 195 193 212 219 227 239 249 269 254 245 248 235 227 219 223 219 207 204 207 197 194 191 189 185 193 202 205 219 231 226 213 201 196 199 204 212 213 217 221 222 223 225 227 233 237 238 236 235 232 211 196 190 184 179 177 177 176 175 173 172 171 170 170 173 174 176
256 267 261 259 252 242 241 234 225 219 213 207 204 203 206 214 217 219 221 227 234 239 242 242 242 232 227 219 213 216 219 218 214 205 194 203 216 232 244 249 262 276 259 254 252 240 237 230 234 229 219 210 201 196 191 191 192 193 203 211 210 221 234 230 218 202 198 203 209 215 218 222 225 226 228 230 232 235 237 240 239 234 208 195 189 184 181 178 177 177 176 175 173 173 171 170 168 171 171 173
263 268 263 260 260 256 251 240 234 227 225 214 206 204 204 203 212 215 217 222 227 229 231 234 239 240 230 221 205 205 206 211 199 193 203 226 235 240 263 278 274 273 265 262 252 251 250 242 241 236 225 218 205 195 191 195 200 204 212 219 224 229 235 233 220 207 203 210 212 214 219 224 228 230 233 235 237 239 224 227 228 215 195 187 183 181 179 177 176 176 175 174 174 174 172 170 168 169 170 173
272 266 262 257 250 253 255 253 247 242 236 224 215 211 210 204 201 204 211 215 220 223 226 228 232 236 232 224 219 212 200 196 195 204 219 232 241 253 267 270 262 261 258 266 257 260 255 241 234 226 223 217 204 196 193 201 204 208 216 232 237 235 228 223 215 204 212 217 218 218 226 229 230 234 237 238 242 242 213 199 201 199 190 184 181 179 178 177 177 176 176 176 175 175 174 172 170 170 170 171
273 265 255 251 245 241 240 241 243 234 225 223 215 219 216 209 204 201 200 208 213 216 220 224 229 232 234 231 221 214 197 197 215 224 221 230 239 251 260 250 250 247 251 255 260 266 257 248 243 241 241 224 209 201 194 200 208 218 226 238 244 240 228 217 209 206 218 221 221 223 230 233 233 238 242 241 244 238 212 199 193 191 186 183 181 180 180 178 178 177 176 176 175 174 174 173 170 169 169 169
268 261 259 258 258 254 251 247 240 232 231 224 216 224 224 215 208 202 200 200 204 209 213 218 223 226 230 227 215 206 196 210 232 234 236 240 247 251 243 242 237 240 239 246 251 260 266 259 253 251 243 225 213 205 197 210 211 217 227 242 251 249 237 224 216 214 213 223 226 228 232 233 237 243 246 244 231 211 203 194 190 189 187 184 182 180 180 179 178 178 177 175 175 175 174 174 172 169 169 171
281 279 275 269 264 256 248 242 242 243 238 231 222 236 237 222 213 209 206 203 201 202 211 213 217 220 225 221 206 197 199 222 232 238 240 242 246 241 231 230 233 237 234 236 239 245 257 260 257 249 240 230 220 210 202 226 236 237 235 246 255 253 244 228 216 214 224 225 228 230 233 236 241 246 248 234 218 213 201 194 189 187 186 184 183 181 181 181 182 184 181 177 175 175 174 174 171 169 169 172
283 283 280 275 271 263 251 246 236 234 229 223 228 242 243 226 217 214 210 206 203 200 201 207 209 210 216 214 200 196 202 220 232 235 234 236 238 231 224 225 232 232 232 231 235 239 247 253 249 229 222 216 210 207 199 229 232 241 239 245 254 248 237 227 217 221 230 227 229 233 236 239 238 244 249 229 210 205 199 194 191 188 187 185 184 183 183 186 191 191 188 183 179 176 174 173 171 169 170 172
263 264 267 269 268 261 259 253 240 253 244 237 235 249 240 228 228 224 218 211 207 202 199 198 199 198 199 197 195 196 210 216 224 232 226 227 228 227 220 223 224 224 227 229 233 235 235 240 245 241 242 230 215 211 205 210 217 223 235 252 257 256 242 226 222 221 228 227 229 235 239 241 237 238 246 233 213 203 196 194 193 191 189 187 188 192 194 198 196 193 190 188 185 179 176 173 171 168 169 173
252 253 254 257 256 261 265 253 241 258 255 246 243 247 248 242 243 243 240 231 221 214 207 203 201 199 199 199 201 204 211 213 219 223 220 221 227 229 218 219 223 226 228 229 229 231 233 237 240 248 250 235 233 225 214 204 215 233 247 256 262 260 248 232 224 220 228 227 229 234 242 245 242 235 231 232 220 208 206 198 196 194 192 193 200 203 202 198 194 190 187 185 182 180 177 175 172 170 168 173
246 247 246 247 247 251 257 248 250 267 261 256 250 246 253 256 253 248 243 241 238 231 222 214 210 210 204 207 209 210 211 211 218 221 217 217 220 218 207 218 218 222 231 234 233 237 238 241 245 248 246 242 230 220 212 205 220 229 238 241 256 260 251 234 226 221 228 229 231 238 242 240 236 236 227 222 219 213 207 202 200 198 199 205 207 203 199 196 196 194 191 187 186 186 184 177 172 171 168 170
242 240 239 240 243 248 250 247 257 270 267 263 255 247 258 261 258 250 248 242 236 231 230 223 215 211 207 208 210 211 212 213 216 219 216 212 212 214 215 218 217 218 221 224 225 239 245 245 249 246 234 223 219 212 208 205 208 214 219 223 231 242 242 238 232 224 227 229 234 245 241 235 234 228 225 222 219 215 208 218 223 209 207 212 214 213 207 214 213 212 205 199 201 194 187 180 173 170 168 171
240 235 238 244 256 257 258 252 251 260 263 259 252 253 252 260 257 251 258 249 248 240 226 220 217 213 210 209 209 211 217 221 216 214 212 210 216 223 229 231 229 227 225 226 227 228 231 234 230 220 218 216 215 217 221 219 219 224 224 233 234 238 241 237 230 228 233 237 237 239 242 240 238 231 226 225 221 221 218 219 220 215 214 227 226 220 216 229 233 230 225 227 225 215 208 199 180 168 168 169
235 233 237 246 269 266 259 257 257 257 263 261 256 266 266 268 264 258 258 255 251 239 228 228 222 215 212 210 210 211 220 221 215 211 209 209 211 217 223 230 236 237 234 241 244 247 247 247 247 241 241 242 243 245 247 242 240 245 244 248 255 260 263 259 250 245 247 247 251 252 259 256 250 245 244 244 240 237 235 232 228 220 217 223 225 216 215 220 224 220 215 212 215 222 217 208 192 169 169 173
230 232 236 245 257 265 264 265 264 263 274 272 265 278 285 285 275 268 260 254 247 236 238 236 228 219 214 211 211 210 216 217 211 210 208 207 207 208 213 216 220 224 225 229 235 243 252 258 262 265 269 270 274 276 278 280 279 277 276 276 277 277 276 276 273 270 268 268 271 276 281 276 272 273 272 269 265 266 262 256 250 240 236 234 236 233 232 232 231 225 220 211 203 200 196 190 185 170 169 174
229 233 235 240 246 256 268 274 272 270 283 286 280 284 296 294 286 274 257 253 247 244 247 239 232 225 217 212 211 211 213 215 211 209 208 207 206 205 206 209 210 214 216 220 224 231 234 240 243 246 249 254 255 257 260 262 260 259 259 258 255 250 249 251 251 252 254 256 260 263 266 271 274 275 277 277 278 281 281 282 279 271 267 263 265 262 263 266 259 248 239 230 221 213 201 190 183 170 168 176
228 229 233 241 246 260 277 287 283 279 290 300 293 290 305 300 287 271 263 268 259 258 252 247 238 231 222 216 213 211 212 213 211 209 208 208 208 208 208 207 208 209 212 215 221 225 229 233 234 236 240 245 245 247 249 250 245 235 236 235 237 233 233 235 235 233 232 234 241 243 244 244 245 247 252 253 255 256 257 260 264 268 268 270 273 275 272 272 271 270 263 255 249 242 232 221 200 174 167 184
230 233 235 241 252 260 273 295 297 292 302 310 307 304 311 305 288 279 281 279 274 267 260 250 242 234 226 219 213 211 211 210 210 209 209 208 210 211 208 207 207 207 209 212 216 219 224 226 228 230 235 238 238 240 241 242 235 228 227 227 227 225 224 226 228 225 223 228 235 234 235 233 233 234 242 241 244 238 241 244 245 248 246 247 245 248 246 245 246 251 262 263 252 247 244 227 193 173 168 199
227 235 244 251 259 267 284 304 310 308 311 316 319 318 318 312 300 297 294 291 285 276 267 256 245 237 230 221 214 211 211 209 209 210 210 212 217 215 209 207 207 207 208 210 213 217 220 221 225 227 233 235 233 234 235 237 236 230 222 221 220 219 219 219 218 217 216 218 226 226 227 225 225 227 233 233 237 236 234 235 236 240 235 236 231 230 231 230 231 229 227 232 224 210 211 215 188 170 173 204
232 239 238 243 260 279 291 306 317 319 321 321 320 320 319 319 313 310 306 302 294 284 272 261 252 245 234 225 216 212 212 211 211 212 214 218 220 215 209 207 207 207 207 210 214 218 217 219 222 224 228 231 229 229 232 234 233 234 228 219 215 212 212 214 214 211 210 214 218 219 220 218 219 219 225 229 231 228 227 228 230 233 226 231 225 222 221 221 225 219 215 213 210 203 191 190 178 167 180 204
231 230 233 243 257 275 288 300 314 319 322 318 316 317 319 320 317 304 302 304 302 294 279 268 262 251 237 229 219 215 215 214 216 217 219 223 221 215 209 206 206 207 208 212 215 215 214 215 218 222 226 227 225 227 231 231 229 227 230 224 216 209 207 207 208 206 205 208 213 212 213 211 213 217 219 225 225 223 220 222 223 227 220 224 220 216 215 214 218 210 206 198 193 192 189 178 171 170 180 193
224 228 236 244 254 267 270 289 305 314 316 300 301 297 312 317 317 313 297 287 286 299 295 281 267 252 242 231 221 222 223 222 226 229 230 229 223 216 210 207 206 207 209 214 213 210 212 213 215 219 223 223 224 227 227 227 224 224 224 212 210 212 209 204 201 201 200 202 211 207 205 208 214 215 213 216 219 218 215 216 219 222 217 213 220 214 208 208 209 204 201 199 189 183 179 174 168 170 177 184
228 230 238 246 246 254 262 276 288 308 317 293 282 282 297 302 313 318 301 287 280 276 288 275 262 245 237 228 227 234 234 230 235 234 232 224 219 214 210 207 206 207 208 210 211 209 211 212 215 219 222 221 223 224 223 223 220 225 213 201 200 201 207 206 203 199 196 202 208 204 201 209 212 210 208 208 213 212 209 210 213 214 209 209 214 213 208 202 202 198 196 200 198 196 182 172 167 169 175 179
225 228 233 239 245 253 255 264 277 299 313 292 272 269 275 280 298 318 314 294 283 271 268 274 255 245 239 231 228 240 244 235 231 228 223 217 214 213 211 207 206 206 210 212 212 210 210 211 216 220 219 218 219 220 220 219 218 217 204 196 197 195 197 200 200 198 195 198 201 200 199 208 207 206 204 206 213 209 206 205 211 210 203 202 205 205 201 197 195 194 194 203 208 201 184 170 166 170 174 179
227 230 236 242 246 247 255 265 270 290 304 307 277 265 260 268 284 297 299 275 269 269 263 262 257 245 237 232 234 248 243 234 227 222 219 217 219 220 214 207 206 206 208 211 213 212 210 210 212 217 217 217 215 216 215 215 208 202 199 196 195 194 193 192 195 196 194 194 196 196 199 205 201 201 200 202 204 205 206 203 210 208 200 200 199 197 196 195 196 193 189 189 190 185 177 168 167 171 174 178
226 232 237 238 240 249 253 255 264 275 278 284 270 258 256 264 273 276 272 258 252 255 257 256 253 253 249 246 246 246 239 233 227 223 220 229 231 223 215 207 205 205 206 207 210 213 212 211 211 215 215 214 214 214 216 218 213 200 195 192 191 192 190 189 189 193 193 190 192 192 198 198 196 199 196 197 198 200 201 202 209 207 199 196 197 194 195 198 206 202 188 183 184 181 175 167 167 169 171 174
227 229 232 233 240 247 243 250 261 269 269 269 272 256 251 257 261 267 262 258 246 246 249 256 253 247 248 247 244 243 239 231 225 221 224 231 234 222 212 207 205 205 206 206 207 210 211 213 216 215 213 212 212 213 219 216 205 198 195 191 189 189 188 187 188 191 191 189 189 189 192 192 194 197 194 195 196 198 196 202 207 205 201 195 192 193 196 205 212 198 187 180 178 175 172 166 166 167 168 169
225 226 227 229 236 238 239 247 257 261 261 261 269 259 245 248 255 263 259 262 254 241 242 249 250 244 242 239 236 234 231 228 226 224 225 226 225 217 210 207 206 205 205 205 206 207 209 212 214 213 213 214 214 214 217 208 202 197 193 189 187 186 185 184 186 187 188 186 186 187 188 189 191 193 191 192 193 193 195 203 202 197 196 193 190 191 199 208 213 199 187 183 179 175 169 166 165 165 167 169
220 221 223 225 228 234 241 247 251 253 253 256 260 260 244 243 246 252 253 257 255 238 239 241 241 237 238 236 237 233 231 230 234 234 229 221 218 217 213 209 207 206 205 205 205 206 208 211 211 211 215 217 218 218 215 209 202 196 192 191 190 189 186 184 183 183 184 184 184 184 186 189 189 190 189 189 189 189 191 197 195 190 189 189 187 189 197 195 198 195 187 183 180 177 172 166 166 166 167 163
215 217 220 223 227 238 240 241 246 249 247 251 252 248 243 239 242 243 247 250 250 239 235 237 241 235 230 234 238 242 240 241 243 242 241 234 229 228 215 212 208 207 206 205 205 205 210 219 223 219 224 226 226 223 218 210 202 199 194 191 190 189 188 187 185 182 181 181 182 183 188 197 194 192 187 186 186 191 193 193 189 187 185 186 185 184 187 191 196 194 192 187 183 183 180 171 167 167 167 166
216 220 220 223 227 236 235 238 242 243 242 247 249 240 239 238 238 237 241 242 243 238 231 231 236 235 228 232 232 234 235 235 235 233 231 231 240 234 226 222 211 207 204 204 206 206 211 217 223 229 238 244 240 226 216 209 203 200 195 193 191 188 186 185 185 185 182 180 181 183 190 197 199 195 186 183 188 196 196 187 183 182 182 183 183 182 186 196 202 200 198 194 189 187 182 175 170 168 168 168
217 221 224 227 231 233 232 235 237 238 238 243 244 237 233 235 238 234 234 236 237 234 231 227 231 230 226 225 226 227 227 226 226 225 224 224 228 238 233 221 212 206 204 204 205 206 210 217 221 228 237 245 248 233 223 216 206 200 197 194 191 189 187 184 183 183 182 179 181 182 187 196 198 189 183 183 193 191 190 183 180 179 180 180 181 181 185 197 205 204 197 195 195 188 181 174 170 168 168 168
215 219 227 232 235 229 229 232 232 233 235 239 241 234 229 232 241 233 230 231 236 233 230 226 225 223 221 220 220 220 222 220 219 219 218 218 220 223 223 217 212 206 204 204 205 206 210 214 219 224 231 242 251 248 232 215 207 202 199 195 193 192 189 186 183 181 180 179 179 181 184 192 196 186 180 186 195 187 183 181 178 178 179 179 178 179 181 190 198 200 196 193 192 189 182 175 170 168 168 167
220 221 224 226 229 224 227 229 229 230 232 234 232 231 226 229 235 229 227 230 235 233 228 224 222 221 216 216 216 215 216 216 215 214 213 213 214 217 218 214 208 209 205 204 205 207 211 216 220 226 236 240 249 239 224 216 210 212 209 206 202 200 195 190 186 183 180 178 178 179 180 184 191 186 179 184 190 183 179 178 178 180 178 177 176 177 179 186 192 190 193 190 188 187 183 177 172 169 167 167
217 217 220 219 221 221 224 225 226 226 229 232 230 228 224 225 225 225 225 228 230 230 228 223 218 220 218 214 211 211 212 214 213 213 212 210 211 213 214 210 208 209 205 204 204 206 211 219 224 228 238 247 253 246 233 222 219 217 212 208 204 202 203 199 191 185 180 178 178 178 178 178 182 185 178 182 183 180 175 176 175 175 177 178 178 175 177 182 186 185 187 188 187 185 185 182 178 172 167 167
213 215 217 215 216 217 218 221 223 224 227 232 228 225 221 222 222 222 224 227 221 224 225 221 218 216 215 212 209 209 209 211 211 212 211 210 209 211 212 209 208 206 206 205 204 205 209 220 221 222 235 243 251 253 243 230 226 219 213 208 203 199 198 200 197 189 181 178 177 176 176 175 176 178 176 177 177 177 174 173 174 174 176 177 177 174 176 180 181 181 182 182 184 181 184 184 181 176 168 166
211 212 212 212 213 215 218 221 220 221 225 230 227 222 219 220 221 221 222 220 217 218 215 216 216 213 212 209 207 206 208 212 213 211 211 210 210 213 209 207 206 204 205 205 204 204 207 213 216 221 235 244 248 248 252 247 238 227 218 214 208 200 195 195 198 195 192 188 186 185 183 177 175 174 174 173 174 173 171 171 172 173 175 176 173 173 176 179 178 180 179 177 178 177 179 179 177 172 168 166
208 208 214 214 216 219 218 220 219 219 221 223 222 219 217 217 218 222 220 213 213 212 210 211 213 209 208 207 205 205 207 211 215 213 211 211 213 218 215 209 206 204 205 203 203 204 206 211 219 227 237 242 236 240 248 252 247 233 223 218 211 199 193 191 192 192 193 195 191 191 192 188 179 174 173 173 172 170 169 171 172 173 174 174 173 172 173 174 174 176 177 177 177 175 174 173 172 169 168 167
209 213 216 215 217 218 219 217 218 218 217 218 219 219 216 216 219 222 212 209 209 208 208 207 207 206 205 204 204 205 206 209 210 213 213 213 214 215 213 209 206 204 203 203 203 204 206 209 214 224 224 228 236 248 253 253 252 246 228 210 203 195 191 188 188 187 189 191 187 187 189 187 185 179 174 174 173 170 170 172 173 175 176 177 176 178 174 172 171 172 174 176 178 177 173 171 169 170 170 169
207 212 215 215 218 217 216 215 216 216 215 216 216 215 214 220 224 215 209 206 206 205 205 205 205 204 203 203 204 206 206 208 210 215 214 215 216 214 212 208 206 204 203 202 203 204 207 210 212 215 218 228 236 243 252 253 251 241 230 222 207 199 192 188 186 184 184 186 184 182 182 182 182 183 181 180 178 170 169 173 176 179 182 187 186 188 178 171 170 170 170 171 174 175 176 178 177 177 176 175
205 209 214 214 216 215 213 213 214 215 213 214 214 213 212 216 218 213 210 205 205 204 204 203 203 202 203 202 204 205 206 208 214 217 217 216 216 215 212 208 204 203 203 203 204 205 209 212 213 218 230 229 233 241 249 253 250 245 230 216 206 199 194 190 186 184 182 182 181 180 179 179 179 181 179 177 176 172 171 177 185 185 185 186 186 192 194 178 173 169 168 168 169 171 173 176 177 179 182 184
206 208 215 214 212 211 210 210 213 213 212 213 212 212 211 215 220 221 213 208 206 203 203 203 202 202 202 202 202 204 206 215 220 217 215 215 215 214 212 210 205 204 203 203 204 204 208 216 223 229 240 242 240 246 250 252 250 238 231 219 209 200 194 191 188 185 182 180 178 178 177 176 176 177 175 174 173 170 173 178 180 183 185 184 182 189 195 188 176 171 169 167 167 167 169 171 172 174 178 181
205 208 215 217 213 210 209 208 210 210 210 211 211 210 210 212 221 218 212 210 208 206 205 203 202 201 201 201 201 202 204 207 213 211 213 214 214 214 213 209 206 203 202 203 204 205 211 217 228 231 235 243 242 242 244 250 251 246 230 220 210 203 196 194 188 184 180 178 176 176 175 175 175 174 172 171 171 169 170 170 172 181 180 178 182 186 186 190 183 175 171 168 167 166 166 167 167 169 172 173
207 208 214 219 215 212 208 207 208 208 209 209 209 209 209 212 220 215 210 211 209 208 209 208 202 200 201 200 201 201 201 204 206 208 213 213 214 213 212 210 206 204 202 203 204 208 213 215 219 222 237 235 234 240 246 248 249 250 244 229 217 207 197 191 187 181 177 176 175 175 174 173 173 172 171 171 173 170 168 167 169 179 177 173 179 182 178 184 186 177 172 170 169 167 166 166 166 166 168 169
213 219 219 220 217 214 209 207 206 207 208 208 208 207 208 216 219 214 209 210 210 208 208 206 202 201 201 200 200 200 201 203 204 207 209 212 214 214 213 211 205 203 202 203 204 206 214 214 215 218 220 223 236 238 236 240 248 251 246 231 217 207 201 197 190 184 180 178 176 175 173 173 172 171 171 172 174 175 173 169 168 173 171 170 172 175 173 175 180 179 182 172 169 166 165 165 164 164 166 167
219 222 223 222 219 217 213 210 206 206 207 207 206 207 215 218 217 215 209 206 209 206 203 202 201 201 200 200 199 200 202 204 203 205 207 212 214 214 212 207 203 202 202 202 203 207 213 214 214 216 218 221 225 230 240 247 250 251 244 238 221 212 208 204 192 187 183 179 177 175 174 173 172 172 171 173 174 175 173 170 169 168 168 167 168 168 168 170 171 179 182 173 169 166 164 164 163 164 167 169
220 216 216 219 219 215 211 208 206 205 206 205 205 207 216 217 217 211 208 205 204 203 201 200 199 199 199 199 199 199 200 202 202 204 206 212 213 213 212 205 202 201 202 203 204 207 211 216 222 229 233 226 228 233 235 244 250 250 237 223 216 208 202 196 199 195 186 182 181 178 175 173 172 172 172 173 175 175 173 171 170 170 167 167 167 166 166 166 168 178 179 171 168 166 164 164 165 168 173 176
210 211 210 211 216 216 210 206 205 205 205 204 205 208 213 215 213 210 206 204 202 201 200 199 199 199 199 198 200 200 200 201 202 203 204 211 212 211 208 203 201 200 201 203 204 207 211 217 225 237 239 233 231 239 242 247 249 245 239 231 216 204 198 195 193 190 187 191 194 189 179 175 173 173 173 173 174 176 175 172 172 175 174 174 173 170 168 165 165 168 173 175 172 170 168 166 166 173 178 178
207 206 206 207 210 212 210 206 205 205 205 205 206 208 208 211 210 209 205 202 201 200 200 200 200 201 199 198 202 206 202 200 202 203 203 207 210 211 211 203 201 200 201 203 205 207 211 218 228 237 237 241 238 241 247 249 248 243 223 221 215 210 201 194 190 188 187 188 190 191 184 177 175 176 175 173 175 175 172 172 175 179 180 181 182 180 173 166 165 167 171 172 176 178 174 169 166 173 177 177
203 203 203 204 207 211 207 206 205 205 205 206 206 205 206 208 206 206 204 202 203 203 202 201 200 200 199 198 201 203 205 201 201 201 202 204 211 213 209 202 200 201 201 204 205 207 211 215 219 222 226 235 242 243 246 237 239 236 215 208 207 207 205 195 191 189 186 184 190 186 183 181 179 178 176 174 174 175 177 178 176 178 181 183 186 182 174 170 167 165 164 165 167 170 169 165 164 167 174 176
201 200 200 201 205 209 206 205 204 204 204 203 204 203 206 206 204 204 202 202 205 205 205 204 201 199 199 198 199 200 202 202 200 201 202 206 213 215 208 201 200 201 203 204 205 207 210 213 216 219 224 234 243 247 244 235 226 234 220 211 205 200 199 195 190 190 188 185 184 186 180 179 178 176 175 175 177 179 181 182 180 178 179 183 186 187 184 180 174 168 165 165 164 164 165 164 164 164 171 175
201 199 199 199 200 202 205 204 203 202 201 200 201 202 205 204 202 202 201 201 202 202 204 204 202 201 199 199 198 200 200 202 203 201 204 207 215 213 204 201 200 200 202 203 204 206 211 216 221 230 230 240 243 245 241 224 218 215 217 211 203 197 193 190 188 186 186 183 182 181 179 177 177 177 177 176 178 180 182 183 183 183 183 186 187 185 181 176 170 166 166 167 165 164 163 163 163 163 167 173
200 199 198 198 200 203 203 203 203 202 200 199 199 200 202 202 201 200 199 200 200 200 201 202 202 201 201 200 199 199 200 202 203 203 205 210 216 210 203 202 200 200 200 202 203 206 212 219 231 240 240 242 240 241 229 222 220 212 211 205 199 195 190 188 187 184 182 182 182 181 179 179 178 177 177 178 180 182 182 185 185 187 188 189 186 178 178 172 167 166 166 167 167 166 164 163 163 163 164 168
199 200 198 200 202 202 203 203 201 200 199 198 198 199 199 199 200 199 199 199 200 201 201 202 203 203 201 199 197 198 198 199 200 203 207 210 216 208 202 200 199 200 200 201 203 207 213 223 233 240 239 238 233 233 220 213 218 213 205 200 197 195 191 187 186 184 182 181 181 181 179 184 181 178 177 179 182 182 183 185 187 188 190 190 186 176 172 169 168 169 169 170 168 166 165 165 166 164 162 165
196 196 199 200 201 201 200 199 199 199 199 199 199 198 198 198 199 199 199 200 201 202 202 204 206 203 200 198 197 197 198 198 200 204 209 214 213 207 203 200 200 200 201 201 202 208 216 228 234 234 229 228 226 225 224 215 210 208 203 200 200 198 195 191 189 186 183 182 181 180 179 183 184 180 178 179 181 182 183 185 186 188 190 188 184 176 170 168 173 178 174 171 169 167 167 168 167 165 162 162
200 199 197 197 197 197 197 197 197 198 198 198 198 199 198 199 199 199 200 203 200 203 203 202 204 202 199 197 197 197 198 198 199 203 207 216 217 204 201 199 199 200 201 203 204 207 212 220 220 218 219 219 218 215 214 214 210 207 206 209 204 200 198 196 191 189 186 183 180 180 180 182 187 183 180 179 180 182 183 183 185 188 188 181 176 173 169 171 182 192 184 175 177 175 172 172 169 165 162 161
202 204 201 197 197 199 199 198 198 198 198 198 198 198 198 198 198 198 199 202 205 206 203 200 199 198 198 197 196 197 197 197 198 200 204 209 208 201 199 199 199 199 201 203 205 209 211 213 214 215 215 217 218 223 223 217 216 214 216 215 208 203 198 197 196 193 189 187 184 183 181 181 186 186 184 182 182 183 184 183 181 184 186 180 176 173 169 173 185 193 195 190 188 186 183 181 174 165 162 160
203 206 204 199 198 200 203 202 202 200 200 199 198 199 199 199 200 200 201 202 203 202 201 200 200 198 197 197 196 196 197 197 198 199 203 208 206 201 198 198 198 199 202 203 205 207 212 215 218 221 223 223 226 234 235 226 220 227 234 224 211 204 201 200 199 198 196 192 188 185 185 184 184 187 187 188 186 186 184 184 182 178 181 181 177 172 170 174 187 192 194 196 196 196 197 198 186 170 164 161
204 206 205 201 201 202 206 207 206 202 201 202 202 202 202 204 206 205 203 202 201 200 199 200 203 203 199 197 197 196 197 197 197 199 202 204 202 199 198 198 198 200 203 208 210 210 216 224 228 231 233 230 229 238 247 236 227 240 238 224 212 205 201 200 197 196 193 190 189 188 186 184 182 182 184 183 183 182 181 181 182 180 177 177 172 171 170 172 179 186 192 193 194 195 197 198 190 175 169 166
204 203 203 202 203 204 211 213 209 206 205 205 203 203 203 205 205 204 202 201 201 200 200 203 206 205 201 199 197 196 196 196 198 200 201 202 200 198 198 198 199 201 206 213 222 218 216 224 232 237 241 240 235 238 248 248 243 242 232 221 212 206 201 198 197 195 193 190 187 186 185 188 187 183 181 180 179 179 177 177 175 176 174 174 179 179 176 174 175 182 190 190 191 191 195 197 193 177 168 165
208 207 205 204 206 206 213 220 218 212 212 212 208 210 206 204 203 202 201 200 201 200 203 205 207 205 201 198 198 196 196 197 200 205 201 201 200 199 198 199 200 203 207 214 214 213 215 219 224 232 237 242 243 240 242 247 250 247 236 221 213 207 203 199 195 193 191 189 190 190 188 185 187 187 186 185 181 177 179 182 177 175 174 178 187 189 183 176 175 177 184 186 186 187 192 195 195 182 172 167
211 213 213 211 209 208 211 222 233 222 228 222 213 213 209 208 207 205 203 200 199 201 203 206 206 205 202 200 198 197 196 197 200 203 199 198 200 198 198 199 201 206 207 209 210 213 219 221 222 226 232 239 245 248 249 248 249 249 243 223 212 206 203 199 196 193 190 193 195 193 189 186 184 185 184 183 182 179 184 183 182 179 176 179 188 191 187 178 175 176 179 182 184 183 186 191 189 183 178 171
214 216 227 219 215 212 215 224 232 232 234 226 220 216 212 213 210 207 204 202 201 204 205 207 210 209 205 202 200 199 197 199 199 198 197 198 199 198 200 200 205 212 217 214 217 224 236 231 234 234 231 241 247 249 250 250 249 249 235 223 214 205 200 197 195 193 194 200 198 191 187 186 184 182 180 179 178 181 186 184 185 188 184 179 186 191 188 181 178 176 178 187 191 184 190 191 180 174 175 176
224 219 225 232 227 219 217 226 233 236 236 233 232 221 219 220 215 210 206 205 206 209 211 213 216 215 209 211 205 201 198 197 200 201 197 198 198 199 200 203 207 211 215 219 224 222 228 237 240 242 235 236 245 249 250 250 250 246 228 221 213 205 200 196 197 196 197 202 196 188 185 184 184 183 180 179 181 183 186 188 187 190 190 183 182 187 190 186 179 173 172 173 176 170 172 176 171 170 175 176
233 228 226 233 233 228 229 225 229 235 236 237 235 229 228 229 221 215 211 210 213 217 219 224 230 225 221 226 211 202 197 195 197 198 200 199 199 200 203 205 206 207 209 210 214 216 223 231 238 241 244 241 240 246 248 250 250 240 223 215 208 204 204 200 200 199 198 199 191 187 184 184 185 183 180 180 184 186 187 189 190 190 191 188 187 186 191 190 177 166 164 165 166 165 166 168 168 168 171 172
234 235 233 233 235 234 235 233 229 232 236 237 236 234 234 236 234 226 218 217 219 230 231 231 234 235 228 227 216 205 196 196 196 197 198 200 202 203 205 207 210 214 211 212 214 218 224 224 226 231 241 248 245 246 250 252 246 229 220 213 209 208 207 205 203 201 200 195 188 184 184 185 184 182 181 181 183 189 190 190 192 192 193 188 186 185 190 190 171 165 163 162 162 163 164 164 165 165 166 167
234 235 235 236 236 236 237 236 235 236 237 237 237 236 236 237 235 233 230 228 228 232 232 223 226 229 216 216 212 203 196 196 196 197 199 201 203 206 206 209 214 219 217 215 214 217 226 236 237 241 236 245 249 249 251 252 239 220 214 207 202 199 199 203 203 199 200 190 186 182 184 185 183 181 182 184 184 187 190 191 191 193 193 183 175 171 172 173 167 164 162 161 161 163 163 163 163 163 164 164
234 234 235 235 236 237 237 237 236 236 237 237 237 236 233 234 233 230 230 230 230 227 230 221 221 224 218 210 206 200 195 196 197 198 200 202 204 205 207 212 218 226 227 222 220 219 220 224 231 244 242 244 250 252 252 244 228 216 206 202 198 194 192 195 201 194 192 188 185 181 183 185 185 184 182 184 186 186 188 190 189 182 185 181 173 169 167 165 164 162 161 160 161 163 163 163 163 164 164 164
233 233 233 235 235 236 236 233 234 234 234 231 235 235 230 227 231 229 223 221 226 222 222 220 214 216 212 207 201 197 195 196 199 199 201 203 205 208 209 208 213 218 227 231 229 230 226 231 227 236 245 245 250 252 253 251 231 213 206 201 196 193 190 191 191 191 189 186 183 180 180 184 185 187 186 186 184 186 189 189 189 178 173 174 171 169 166 163 162 161 160 160 161 162 163 162 164 166 168 169
230 229 233 234 234 234 234 231 227 230 227 225 230 230 226 220 226 226 222 215 218 217 215 217 210 210 207 202 197 195 195 196 198 200 202 203 205 210 213 212 211 212 218 224 238 244 239 242 236 232 246 249 250 251 253 244 224 211 208 202 198 193 189 188 188 187 188 185 183 181 179 179 182 184 186 186 183 181 184 182 175 172 171 171 170 168 165 163 162 161 160 161 161 162 162 162 163 167 173 171
225 231 233 233 231 230 232 229 221 225 219 218 223 223 221 216 218 218 215 212 211 209 209 210 207 203 203 198 195 195 196 197 198 200 203 204 207 213 218 217 218 215 214 221 229 243 247 247 246 236 241 247 251 252 253 248 230 225 219 207 196 192 188 185 184 182 183 183 182 181 179 177 178 181 182 184 182 179 179 178 178 173 169 168 169 165 164 162 161 160 160 161 161 162 161 160 162 165 172 173
227 230 232 232 228 227 228 225 220 216 215 214 221 218 215 213 212 213 211 209 206 203 204 203 203 201 198 195 196 196 196 197 198 201 203 205 209 215 225 229 224 221 219 217 224 234 238 239 246 245 238 246 252 253 254 254 236 218 211 206 198 194 190 188 185 181 180 179 179 177 177 176 175 177 179 179 179 177 174 176 179 180 173 167 165 163 162 162 161 160 160 161 161 162 161 160 160 162 165 171
224 227 229 229 223 222 222 219 216 212 213 209 216 216 211 210 207 206 204 204 202 200 201 200 199 197 195 196 196 196 196 197 198 202 208 206 209 216 228 241 233 233 231 219 220 225 228 240 249 251 245 243 250 253 255 254 233 221 219 207 198 194 190 188 182 180 179 177 177 175 174 174 173 173 174 175 176 175 174 175 176 178 175 167 164 162 161 161 160 159 159 160 161 162 162 160 160 162 163 167
