# 100 100
269 254 237 237 268 273 274 275 273 273 272 272 272 269 263 257 259 258 257 251 242 236 238 246 248 253 252 248 246 246 244 240 225 219 222 239 238 227 222 214 201 198 209 218 231 235 238 237 235 234 235 234 232 232 231 225 216 210 207 203 199 200 207 206 204 201 200 200 196 194 204 218 225 223 218 225 234 228 227 228 218 208 216 232 233 231 232 230 229 230 233 233 242 255 262 266 265 260 252 244
271 259 238 232 255 274 275 275 274 272 270 272 271 270 267 263 260 257 251 244 240 242 247 254 251 254 256 253 247 242 236 227 222 235 238 242 243 233 224 212 201 200 209 219 231 237 238 238 235 232 233 232 231 231 230 226 216 210 207 204 198 204 210 211 209 208 203 201 197 193 201 216 217 217 221 231 231 221 222 219 211 207 223 231 228 222 222 222 226 229 234 235 244 257 266 267 260 254 248 243
266 246 246 243 248 272 275 277 276 276 273 268 265 264 267 267 262 257 252 242 248 251 248 257 258 258 257 254 250 244 231 228 236 243 247 247 245 234 223 211 202 202 213 224 229 234 238 237 235 232 230 230 230 229 229 224 216 210 207 204 199 208 213 214 211 210 208 204 197 194 198 207 210 223 234 232 225 218 214 210 205 214 223 223 217 224 224 227 231 239 243 240 247 258 267 268 261 252 248 244
253 256 262 240 250 260 273 277 277 277 274 268 265 260 259 262 261 252 244 247 254 251 251 258 261 260 256 255 251 239 226 244 244 243 247 249 247 234 225 209 201 205 218 228 237 238 237 236 234 231 227 228 226 223 226 225 217 211 208 206 200 206 212 213 213 213 212 208 196 194 200 202 209 223 234 229 217 213 206 203 207 212 213 215 226 230 228 232 241 252 257 251 248 256 266 269 266 262 258 250
259 269 250 246 269 268 272 277 275 272 268 259 259 257 255 252 248 246 255 256 258 254 251 256 260 260 256 250 246 235 233 250 249 247 246 248 245 232 223 205 201 209 222 236 242 244 245 240 235 232 227 225 223 223 219 216 213 212 209 205 200 204 212 212 212 210 210 208 195 194 200 204 210 220 228 225 217 206 204 211 214 218 224 227 232 234 233 235 242 255 262 261 259 259 262 264 267 266 259 249
278 268 245 269 279 277 276 276 274 264 263 269 271 268 266 258 259 254 265 265 262 258 256 257 256 258 258 254 245 230 239 253 251 250 250 247 241 227 218 203 202 215 228 241 247 246 249 247 242 236 233 229 229 232 228 221 215 210 208 206 204 204 213 213 210 210 207 201 196 195 197 202 203 205 207 211 213 205 208 216 224 228 232 231 231 233 233 237 240 242 252 250 248 241 244 250 263 266 262 250
281 268 248 277 282 279 273 270 267 269 272 278 278 274 268 264 265 255 264 270 268 264 262 261 256 250 250 248 236 237 248 253 253 249 248 245 238 226 212 202 205 219 232 244 249 249 249 250 248 244 238 233 230 231 230 224 218 214 212 209 203 206 215 214 211 207 204 205 207 196 196 196 197 201 201 198 203 206 206 219 228 232 229 226 232 231 227 232 229 232 235 235 233 230 233 240 249 257 261 257
268 257 255 279 280 275 276 275 272 274 276 281 281 276 269 270 270 262 259 266 271 269 268 266 260 255 248 238 235 249 254 253 251 246 239 233 225 215 210 202 208 221 232 243 251 253 255 253 247 247 244 238 233 229 227 224 221 216 211 207 203 208 215 216 212 210 206 210 211 208 201 201 201 197 199 198 198 201 203 214 219 224 222 223 227 225 222 226 222 224 226 227 227 229 231 232 237 242 251 250
258 264 271 284 282 277 280 282 279 277 281 284 284 278 274 277 274 270 269 264 266 272 272 269 267 260 251 238 245 249 253 256 254 249 243 239 232 215 204 203 212 222 229 234 247 255 258 258 252 245 247 242 236 231 229 229 223 216 210 206 204 212 215 216 213 209 208 210 211 211 209 208 206 202 197 197 197 198 200 204 208 213 217 217 216 217 216 218 217 219 220 221 222 225 226 230 232 239 253 250
273 272 283 285 284 281 281 286 283 279 286 287 286 283 282 283 281 278 275 270 267 269 273 272 272 267 257 241 249 257 254 255 256 252 247 239 228 213 204 204 220 229 237 244 245 252 260 262 257 246 240 241 237 234 231 230 225 217 212 207 206 211 216 218 215 212 211 210 210 209 209 208 204 206 202 197 200 205 202 199 201 203 207 210 209 211 212 212 213 215 215 217 218 219 222 224 231 241 256 256
281 280 283 287 287 284 282 286 285 280 286 289 290 289 289 289 287 283 277 271 268 270 271 270 271 268 260 243 254 264 260 257 257 254 244 233 220 210 205 208 220 232 243 248 254 255 258 263 260 249 241 235 231 232 230 226 224 217 213 208 211 212 215 220 219 217 214 214 213 212 210 208 205 208 206 198 200 206 208 207 200 202 205 207 207 209 208 209 210 211 212 214 215 216 218 219 226 234 246 255
290 289 285 287 286 284 283 285 286 283 284 289 292 292 293 292 291 287 282 276 271 272 271 266 264 262 247 244 261 267 266 263 256 249 243 234 223 209 204 210 221 233 240 252 257 259 258 262 262 255 247 241 234 227 225 219 216 214 212 212 210 217 216 219 221 220 218 218 216 214 213 213 208 209 206 198 200 208 209 208 201 198 200 205 206 205 206 207 207 207 209 211 212 213 214 217 221 227 234 245
296 294 289 291 290 287 287 289 289 289 289 288 289 291 292 292 291 289 284 278 273 273 269 264 255 250 244 256 264 269 267 263 262 256 246 234 221 209 205 211 221 224 227 238 253 259 260 262 263 261 248 238 232 226 224 227 224 224 221 218 211 211 216 217 218 221 221 219 216 213 215 212 211 211 205 200 202 208 209 209 205 198 198 203 210 205 205 205 205 206 207 208 208 209 210 212 216 221 227 234
297 296 293 294 293 291 290 292 293 294 292 292 292 291 291 290 289 286 282 279 276 273 269 263 260 257 248 265 266 269 267 267 267 260 248 233 218 208 205 214 227 237 240 234 236 252 260 260 255 253 241 234 232 233 232 231 228 226 220 215 214 213 210 211 213 219 220 217 215 214 213 214 217 213 203 203 208 207 207 210 212 203 200 203 206 205 205 204 204 205 206 206 206 207 207 208 211 215 221 227
296 296 296 296 294 293 293 293 295 296 295 294 293 293 292 290 289 288 286 283 278 273 269 266 266 254 252 266 268 268 271 270 268 259 241 228 215 207 206 220 230 235 247 248 241 242 251 254 251 248 243 244 242 239 235 232 229 224 221 225 222 219 218 218 216 217 222 220 216 214 214 215 215 210 200 203 210 206 206 210 209 205 203 202 207 208 205 203 204 206 208 208 207 206 205 206 208 212 217 223
295 295 294 293 292 292 293 293 294 295 296 295 294 292 291 291 286 285 286 285 280 274 271 269 259 253 260 265 268 269 270 270 266 256 238 225 212 206 210 226 239 246 245 252 251 248 252 257 257 252 246 252 249 244 240 231 225 219 223 229 224 221 220 220 219 214 216 219 217 215 215 215 214 210 202 204 210 205 206 209 207 206 207 201 205 203 201 201 202 205 208 208 207 205 206 208 208 210 215 220
296 296 295 293 290 288 289 291 290 292 294 296 295 294 291 287 283 278 275 276 278 275 271 261 253 265 268 269 267 267 268 268 261 252 240 224 209 207 216 234 248 256 256 253 255 251 258 263 263 258 254 257 250 243 237 232 230 232 226 225 227 224 222 220 220 216 216 220 217 216 215 214 211 208 203 203 207 205 205 209 208 205 207 204 201 202 201 200 200 202 205 206 204 206 207 208 209 211 212 216
298 298 297 295 290 291 290 286 285 287 292 295 295 294 293 290 288 285 278 266 261 260 259 258 267 271 269 267 262 256 263 266 262 247 232 218 206 210 221 232 247 259 261 259 258 254 263 269 272 269 267 267 262 252 243 236 236 234 231 230 229 225 224 220 217 216 219 220 220 220 216 213 209 205 202 203 206 209 209 210 207 205 207 207 204 206 205 203 200 201 202 203 204 206 206 208 210 211 212 213
298 297 296 295 292 295 293 288 283 283 288 292 294 291 291 290 283 272 268 268 273 268 269 271 273 272 268 263 258 244 244 258 257 249 232 214 208 216 230 242 249 255 262 263 261 257 263 271 273 272 270 270 266 256 244 239 241 236 233 229 226 223 219 218 218 220 221 221 221 220 218 212 208 205 202 203 207 210 212 211 209 206 206 207 205 205 206 206 204 206 203 201 204 206 207 208 210 211 209 212
298 296 295 297 294 297 294 290 287 282 280 285 290 285 281 276 271 275 280 280 283 275 276 274 268 264 259 254 253 255 246 234 248 240 228 212 210 223 239 251 261 266 268 267 263 259 262 269 269 268 265 259 254 248 248 246 242 237 236 232 224 221 223 222 221 221 222 222 221 217 213 208 206 205 203 208 210 212 214 212 211 208 208 209 208 208 208 208 204 208 208 204 202 203 206 206 208 209 202 212
298 297 295 297 294 298 296 290 286 283 283 280 278 276 276 281 284 287 286 285 286 282 279 272 270 269 264 263 268 266 256 239 226 226 221 212 211 221 230 243 259 269 274 271 267 263 260 264 264 263 266 267 266 263 256 250 242 239 238 234 226 226 231 229 226 222 221 220 219 216 215 208 206 206 204 214 215 214 215 215 215 213 212 214 213 212 210 207 205 210 211 206 204 202 207 208 208 207 208 212
298 297 296 295 295 296 295 290 292 291 290 290 288 287 288 290 290 289 287 288 289 287 281 275 276 270 270 271 273 269 259 249 237 223 214 209 219 235 239 236 244 266 275 275 272 266 258 256 258 257 258 254 257 262 261 255 243 235 232 227 224 229 237 234 232 227 223 224 223 221 220 209 209 213 204 215 222 221 220 217 220 221 219 218 216 212 209 207 208 210 212 212 209 203 204 208 210 209 209 210
297 297 298 297 297 298 297 294 296 295 292 289 290 291 290 291 292 291 290 288 288 285 282 281 278 274 274 272 272 267 255 241 231 217 210 212 226 244 254 255 245 253 268 277 277 273 265 256 251 249 250 249 244 246 247 241 238 232 229 230 229 229 237 239 239 235 231 230 227 225 221 211 210 219 210 205 207 219 223 219 223 225 219 215 211 209 209 209 211 213 213 216 214 205 203 207 208 208 208 210
291 295 298 297 298 299 299 298 296 295 292 285 281 285 286 288 290 290 291 290 288 287 288 285 282 276 270 267 266 256 246 232 217 211 211 218 221 240 256 264 262 254 258 273 276 276 270 262 254 251 246 241 241 239 236 234 235 236 241 239 237 232 233 238 240 240 237 236 234 231 224 213 211 219 224 218 207 213 223 222 225 227 219 213 210 211 212 211 214 215 216 217 214 208 204 204 207 208 209 211
285 296 296 292 288 292 293 295 297 294 288 285 274 269 269 280 279 286 290 290 288 287 286 286 283 274 263 258 253 245 229 217 211 213 220 233 232 229 255 264 267 267 262 265 273 274 269 262 255 250 246 248 247 245 245 244 243 248 250 246 242 236 236 236 237 240 241 240 240 238 230 217 212 216 221 220 210 206 214 222 227 228 220 214 212 216 217 215 215 217 219 220 216 211 204 204 208 208 209 212
275 289 289 281 273 280 284 291 294 295 294 292 285 280 266 252 254 277 280 286 289 285 278 274 273 262 261 246 238 227 216 213 214 220 228 242 248 237 238 260 268 269 270 267 268 272 273 269 262 253 251 251 248 247 253 252 245 251 254 253 247 241 240 240 239 241 242 240 236 233 225 217 213 211 211 210 209 206 207 216 226 226 219 215 214 218 220 216 216 219 221 221 217 210 204 204 204 205 207 211
262 269 275 262 264 278 287 290 285 287 294 293 292 290 280 267 244 244 253 269 285 286 282 273 257 249 240 237 223 215 214 217 225 233 241 242 256 255 245 240 258 266 268 269 270 273 275 274 268 259 254 248 244 244 256 254 253 255 256 254 248 248 243 243 242 242 240 236 229 226 230 225 226 222 217 212 208 206 208 215 226 222 218 217 219 219 220 217 217 221 221 221 217 213 206 205 204 204 207 212
272 254 260 251 268 270 269 276 271 261 284 292 290 289 284 277 261 238 233 243 268 280 279 265 254 246 232 222 215 214 218 227 235 242 252 255 255 264 260 244 248 252 258 265 271 274 276 274 269 261 253 253 251 249 249 252 254 257 259 255 252 251 250 249 246 243 238 231 230 235 238 236 235 233 228 220 213 209 209 216 224 221 222 224 224 221 220 217 219 221 221 221 215 212 210 206 204 205 209 211
279 263 246 243 251 243 239 242 244 243 259 279 274 279 266 268 266 254 231 230 243 254 249 242 229 225 222 216 214 220 225 233 241 252 261 267 260 265 264 251 263 258 264 265 267 272 275 273 267 260 264 264 258 256 252 248 254 257 258 258 255 255 253 253 251 246 236 235 238 239 238 239 238 237 231 223 217 212 209 216 223 225 228 229 225 221 221 219 221 221 220 221 218 213 209 205 202 207 208 209
267 262 249 237 236 239 240 236 232 231 240 252 257 260 246 243 240 233 224 223 228 228 226 222 218 216 216 215 219 233 236 231 244 257 269 275 270 269 266 257 267 264 267 269 269 274 276 275 270 266 269 269 266 260 254 252 251 253 257 258 256 253 252 252 245 238 240 247 243 239 236 234 235 229 224 218 210 209 212 223 225 225 230 231 226 223 221 221 222 220 220 221 219 215 211 209 209 205 207 205
244 242 241 245 256 261 260 252 243 233 228 237 240 236 229 227 225 224 223 223 219 218 217 216 218 219 218 216 225 241 247 241 244 258 271 279 279 275 268 263 271 270 269 271 271 273 276 276 272 269 269 269 266 264 262 258 255 254 254 256 254 251 248 246 241 243 249 251 246 241 237 228 221 218 216 213 210 214 223 229 230 229 229 231 228 225 222 222 221 219 217 217 215 211 209 209 207 205 207 207
264 263 268 273 275 271 265 256 241 230 227 227 228 225 224 224 225 223 223 223 225 224 224 224 222 228 223 217 227 245 256 258 251 262 271 277 282 278 269 267 274 274 272 270 271 269 270 270 267 267 268 267 265 267 266 264 261 258 255 255 254 254 252 246 247 250 253 250 244 235 231 222 217 216 216 214 211 215 226 232 234 231 230 229 227 224 224 222 220 218 216 217 218 216 213 210 208 206 206 207
283 283 284 281 273 261 252 241 230 228 228 228 227 230 233 230 234 234 233 229 235 235 235 233 227 236 224 217 227 239 258 266 265 264 270 275 278 281 275 272 275 273 271 269 268 267 262 264 262 262 263 259 263 261 263 265 266 263 261 259 258 255 253 250 252 251 249 246 239 228 220 215 213 214 212 212 221 222 222 229 235 234 233 231 230 227 226 223 220 217 219 222 221 218 214 210 207 208 207 208
291 286 278 264 250 239 233 230 230 231 239 243 240 247 247 241 246 247 244 235 244 245 246 241 233 241 225 218 231 241 254 267 271 269 268 270 275 279 280 278 276 270 267 268 266 264 262 259 257 255 250 246 251 247 243 247 258 265 265 264 264 261 256 254 253 252 244 236 228 220 214 213 214 215 217 218 226 233 229 222 229 235 234 231 230 230 228 224 221 219 221 222 220 217 214 211 209 209 209 208
282 271 257 241 233 233 234 237 241 241 246 263 258 262 258 255 259 258 247 245 253 255 254 243 240 243 225 218 234 253 260 270 272 272 270 270 272 275 277 277 275 269 263 264 264 259 258 253 254 251 255 253 245 247 248 240 237 247 261 266 269 267 261 256 255 251 244 234 223 217 215 221 229 229 230 228 227 236 236 229 223 229 228 227 229 232 228 226 223 221 223 221 219 216 214 211 211 210 209 209
260 248 239 234 239 243 246 253 256 246 254 275 276 273 271 270 267 257 252 262 262 264 259 241 251 244 225 220 234 257 268 272 274 273 273 273 271 270 270 269 270 269 263 259 259 255 255 256 259 260 263 262 258 261 258 248 239 233 243 253 267 269 259 253 254 247 239 228 221 217 216 225 237 244 242 236 233 236 237 231 229 225 225 225 228 232 231 231 227 224 224 221 219 217 214 212 211 209 209 209
242 236 236 238 244 254 260 268 269 252 254 277 286 282 279 275 266 259 267 271 269 268 257 249 255 243 225 222 233 253 271 276 275 274 271 270 268 266 264 263 263 260 258 258 255 259 265 265 263 266 266 266 264 263 261 253 244 235 230 236 255 265 254 243 246 241 231 224 218 214 221 226 237 249 250 244 241 238 236 235 232 230 230 227 228 232 234 233 228 225 223 221 218 217 215 212 210 210 210 210
237 242 247 249 244 255 270 284 282 265 255 257 275 289 285 276 275 266 274 277 274 269 255 258 256 243 222 223 235 241 251 267 276 274 272 269 269 268 267 266 266 263 263 267 263 265 269 266 269 268 266 266 265 264 262 257 251 244 235 228 239 254 255 243 233 229 225 220 216 218 229 230 238 250 253 252 247 243 239 238 235 232 229 228 231 234 236 235 228 223 220 219 216 215 213 211 210 210 210 212
251 259 263 260 250 267 272 291 294 284 272 264 262 285 291 284 279 273 279 280 276 266 256 265 256 240 222 224 231 237 242 254 275 275 273 272 274 273 271 268 268 267 270 271 269 267 272 273 272 270 266 262 262 263 263 261 259 252 243 232 226 239 250 241 231 221 218 216 219 221 227 229 238 252 257 257 254 250 243 238 234 230 230 231 234 234 236 236 230 224 219 218 216 213 212 211 212 212 212 212
271 277 277 266 257 281 284 290 302 297 286 271 267 287 296 290 282 281 283 282 273 261 267 265 254 237 222 230 244 249 253 250 262 271 277 277 277 277 273 270 271 270 272 272 273 271 272 273 272 270 266 264 261 257 255 256 258 256 249 239 228 227 239 230 221 217 219 226 229 223 234 241 237 246 255 259 259 257 248 239 235 231 233 233 236 236 235 234 230 225 221 219 216 214 212 211 213 214 213 212
288 290 281 266 262 284 296 297 305 299 288 287 278 287 299 294 288 284 281 275 267 271 270 260 247 232 223 238 261 267 264 265 264 270 281 282 279 279 275 275 275 273 272 272 273 273 272 270 271 269 265 263 262 261 256 249 247 247 241 235 227 222 227 221 217 222 228 233 238 229 234 248 243 246 251 258 261 258 252 244 237 233 236 236 236 235 235 235 232 225 221 218 216 215 212 213 214 214 213 213
296 292 286 284 277 276 297 302 307 305 299 295 286 292 298 292 285 281 279 277 276 276 270 258 241 226 229 250 271 275 273 273 273 273 282 285 283 281 277 277 275 273 272 270 268 271 269 264 263 262 256 251 249 250 252 252 249 243 240 237 231 226 221 218 219 232 239 239 241 237 229 245 251 248 252 255 259 259 256 249 241 236 236 237 237 232 230 228 226 221 220 219 216 214 213 215 215 214 213 213
298 298 299 299 295 285 290 299 305 307 303 299 296 301 300 294 288 288 286 283 278 273 264 252 238 225 232 250 268 276 277 277 277 276 282 285 282 278 276 275 273 270 271 268 265 265 263 259 257 257 256 260 257 249 244 241 241 243 244 243 236 230 225 219 221 242 252 251 246 244 234 234 245 249 251 254 257 258 258 252 249 241 239 238 238 235 235 230 221 216 214 214 214 214 214 216 214 213 213 212
300 304 305 305 303 298 297 297 301 306 306 303 300 302 300 296 290 287 283 280 275 267 260 251 238 225 229 238 249 260 268 272 275 277 281 280 276 273 272 269 269 269 268 267 263 263 264 267 267 262 264 267 262 257 254 248 242 235 232 231 230 228 222 219 225 245 260 260 254 249 241 232 235 237 240 243 248 254 256 254 253 249 247 242 240 237 236 229 221 215 216 218 217 217 216 215 212 212 212 212
296 303 305 305 305 305 304 303 301 300 304 302 298 293 295 291 285 278 274 269 270 264 258 249 235 226 233 245 247 252 257 262 270 278 281 278 272 269 269 267 266 268 268 268 268 268 268 271 269 265 265 269 267 266 262 255 247 246 241 232 226 222 220 224 230 243 258 262 258 246 240 244 245 241 240 241 241 244 249 252 252 253 252 247 239 235 235 229 220 215 221 226 222 219 217 216 215 215 213 212
277 297 304 305 302 301 301 301 301 293 296 302 300 293 285 278 272 267 261 255 251 247 241 235 229 228 240 258 260 264 269 274 279 280 280 276 269 267 267 263 265 270 271 271 271 271 270 272 271 267 268 268 270 270 266 261 255 255 249 240 231 223 220 229 236 245 257 261 257 247 254 255 257 252 247 248 245 240 242 246 245 250 253 252 241 231 233 226 220 215 223 231 229 223 220 219 218 216 215 215
280 296 303 303 302 297 289 293 297 291 283 295 298 296 294 290 287 283 276 270 263 256 240 229 228 234 250 270 271 274 279 283 283 280 275 270 266 264 267 265 261 266 270 271 271 271 272 273 273 272 271 271 271 271 270 267 262 257 250 240 230 222 220 231 243 252 259 260 254 251 256 261 261 258 253 252 250 242 239 238 238 243 248 250 244 234 228 226 220 216 224 233 233 227 222 219 217 216 214 216
289 302 303 302 298 298 294 279 279 283 276 275 282 289 294 292 286 277 271 267 262 243 230 232 237 240 252 274 280 282 284 285 281 279 277 271 265 261 261 262 258 259 265 269 269 268 270 272 273 273 272 270 270 271 270 267 262 254 243 235 227 221 221 228 237 249 258 260 259 257 259 263 262 259 254 250 249 249 244 238 233 236 241 244 244 236 228 222 218 221 230 233 235 230 224 220 217 215 216 215
296 303 302 301 293 285 289 279 261 258 259 259 260 271 289 291 287 279 267 251 242 233 232 242 248 248 257 275 282 281 281 279 274 279 279 273 269 266 261 258 255 252 251 261 261 262 270 271 273 272 270 266 267 268 264 262 257 249 239 231 223 221 227 238 245 244 250 261 263 261 261 262 262 258 254 252 248 246 248 246 240 233 232 240 244 237 227 221 218 228 239 237 236 233 225 222 216 218 217 216
304 304 299 292 287 271 269 262 259 263 255 248 249 259 270 275 281 274 262 248 235 231 237 252 260 261 271 281 282 276 271 269 267 275 276 275 273 270 267 262 259 258 251 248 253 264 269 270 271 270 269 266 259 262 261 252 250 242 233 226 221 224 238 250 257 255 257 260 265 264 262 263 263 261 258 255 250 245 241 242 245 241 231 233 240 237 228 220 220 231 241 241 237 231 228 224 218 216 218 217
303 297 291 283 270 266 269 273 282 280 267 250 243 243 245 248 255 260 249 239 233 239 242 251 269 277 282 284 280 274 270 274 270 266 269 272 273 271 267 262 256 252 248 243 246 258 264 266 266 267 266 263 257 251 256 251 242 236 230 224 221 227 241 255 263 261 262 262 264 265 262 262 263 263 261 255 250 247 244 239 236 235 235 227 230 229 223 218 222 236 244 245 242 235 230 225 221 216 214 217
292 280 275 276 282 287 286 285 285 276 259 247 251 254 248 241 239 242 239 234 237 250 251 254 273 285 286 281 275 275 277 278 273 265 259 262 264 263 261 254 248 247 249 248 242 245 258 258 264 266 263 263 259 251 244 242 240 234 229 224 221 230 251 260 266 265 265 266 265 264 261 259 261 262 261 259 256 252 247 244 241 233 228 225 221 219 218 219 227 238 246 248 245 237 231 232 226 220 215 215
285 281 295 295 290 278 267 262 260 254 252 260 272 275 269 256 240 235 235 239 254 263 265 266 280 288 284 277 278 282 281 278 272 265 259 255 254 253 251 252 257 258 257 252 244 239 247 250 259 265 263 259 262 259 251 242 235 232 228 223 222 235 253 261 266 266 266 266 266 265 262 257 258 261 261 260 259 256 253 248 242 234 228 223 220 220 224 224 228 235 241 246 247 241 234 235 229 223 220 217
283 297 300 291 271 263 267 260 257 267 271 283 286 285 275 254 238 242 248 263 274 280 279 280 287 290 285 279 283 285 282 276 269 267 263 257 265 265 263 262 262 260 255 249 245 242 238 241 252 262 264 258 252 257 257 249 240 233 229 223 223 233 243 255 261 264 266 266 265 265 262 259 255 258 258 258 258 257 257 252 244 238 233 226 221 220 226 228 229 232 237 242 248 247 242 238 233 228 223 220
299 303 292 274 269 284 281 263 277 287 290 294 291 284 266 246 240 257 271 284 284 288 287 291 291 288 284 280 285 285 282 275 273 265 262 265 271 271 268 266 261 257 254 254 253 248 242 236 244 258 264 261 252 244 249 246 238 233 229 223 228 238 241 249 260 265 265 263 260 261 260 257 255 251 254 256 254 259 259 255 250 247 238 231 226 220 226 230 230 230 231 237 245 249 247 240 235 230 225 220
305 298 279 272 288 293 275 271 292 297 297 295 288 271 253 240 247 269 285 293 293 295 294 294 290 285 282 284 286 286 282 278 273 264 272 273 273 273 272 272 267 263 261 259 256 252 245 238 238 250 259 258 250 241 236 237 232 227 224 226 234 244 252 255 263 265 265 263 259 255 256 254 250 247 252 253 251 258 260 259 257 253 246 240 232 225 221 228 230 229 228 231 237 245 249 244 235 229 225 224
303 286 273 291 298 290 272 281 294 300 298 291 278 261 245 241 249 265 281 293 299 299 298 295 292 287 286 287 287 282 279 276 268 269 277 276 276 275 276 275 272 267 262 256 251 246 243 239 237 237 248 250 243 239 232 228 226 226 227 228 235 248 259 262 263 264 264 263 261 256 251 248 245 244 245 249 247 255 258 260 259 258 256 248 237 230 222 222 224 225 226 231 237 244 250 249 242 235 229 227
290 277 291 301 297 286 279 295 297 301 297 287 267 252 242 243 254 263 283 297 302 302 298 293 291 289 290 289 286 281 272 271 274 276 278 277 274 274 274 273 271 265 256 246 243 242 239 236 237 233 235 239 237 233 228 229 232 233 233 234 233 239 250 262 263 262 262 260 258 255 250 247 251 252 245 242 239 242 250 258 259 259 259 255 245 234 227 224 222 224 227 231 239 248 252 252 244 237 232 232
279 293 303 298 286 285 288 300 301 301 293 278 258 246 243 253 270 275 293 303 304 303 299 296 295 293 291 288 281 275 278 282 282 280 279 277 273 267 266 263 261 256 248 253 255 251 248 244 240 236 232 231 231 230 228 233 239 239 240 245 243 241 239 249 262 261 260 258 254 251 249 253 254 256 251 249 246 239 239 250 257 259 256 257 251 239 231 227 224 224 229 234 241 247 252 253 247 240 236 232
287 306 300 294 293 299 300 300 303 299 288 267 250 243 255 269 279 291 299 306 304 302 300 299 297 293 290 286 279 282 287 286 285 283 278 272 266 260 256 255 252 253 261 266 264 259 255 249 243 237 237 236 235 232 229 238 249 250 248 256 255 252 245 246 262 262 259 255 252 251 254 258 258 257 254 256 252 244 235 236 248 255 255 250 251 243 234 228 224 226 230 233 238 243 246 249 251 246 239 233
299 307 299 305 304 306 305 304 303 297 284 261 246 248 269 286 291 300 304 306 303 299 296 296 292 288 286 284 286 289 289 286 284 282 278 271 262 263 267 264 258 266 272 271 268 263 258 251 243 241 243 240 236 232 230 237 255 260 257 263 263 260 251 247 260 261 259 257 257 256 258 259 259 256 258 257 255 250 240 233 236 246 250 247 239 239 231 226 225 229 232 237 241 241 242 248 254 250 243 237
306 305 305 310 309 308 305 304 300 287 268 255 246 249 265 291 301 304 304 305 303 300 297 295 291 294 293 292 291 290 288 284 279 275 269 265 267 273 273 269 263 269 271 270 267 261 257 252 246 249 245 240 238 235 230 233 250 263 263 265 265 261 254 249 253 256 260 261 261 260 259 259 258 257 260 258 255 253 246 236 230 233 235 235 235 229 226 225 231 236 238 241 246 248 248 247 251 251 246 240
310 305 310 312 310 307 301 293 290 273 254 249 247 257 263 282 301 304 303 302 302 302 301 298 294 297 297 294 291 287 283 279 274 269 274 278 278 278 276 272 267 271 269 264 260 255 257 258 256 249 248 247 243 237 234 231 243 261 265 265 264 261 260 262 260 257 262 263 264 263 260 258 255 256 257 256 252 248 241 232 230 228 228 229 227 227 228 228 234 239 242 243 245 248 250 246 243 248 249 243
310 308 313 312 307 304 301 282 268 256 250 251 253 272 284 275 294 303 303 302 301 303 303 301 297 297 297 295 290 287 285 280 274 279 279 283 283 279 275 272 273 274 268 263 267 265 266 263 260 252 257 254 246 240 236 232 238 255 262 264 265 266 266 265 262 261 264 264 264 262 259 257 254 251 249 251 246 240 233 230 234 236 237 237 232 232 232 231 232 234 235 237 238 243 246 245 238 237 243 242
313 310 312 310 299 282 280 271 258 251 262 271 263 285 299 289 292 296 301 302 300 301 303 302 299 298 296 294 292 287 284 279 283 285 283 284 285 283 280 278 278 276 270 269 274 273 269 264 259 258 262 257 249 242 237 234 237 250 257 264 266 267 266 265 264 265 265 264 261 259 253 250 250 251 244 238 239 233 231 236 242 245 244 242 235 239 238 236 239 238 236 234 236 238 239 240 240 236 231 228
314 314 310 300 286 270 261 258 252 255 281 289 276 298 304 299 301 300 300 301 299 296 301 302 300 297 293 290 289 287 287 284 287 288 286 285 285 284 283 281 279 275 271 275 277 275 270 264 263 265 265 259 250 243 237 233 237 245 259 264 266 266 266 266 266 266 263 261 256 251 249 244 240 240 235 234 233 233 241 247 249 252 249 244 240 246 246 246 248 248 243 237 240 240 239 242 246 245 236 227
316 317 313 307 296 280 259 252 257 275 297 298 296 303 306 304 304 303 302 301 301 298 294 300 301 298 295 293 294 294 293 289 288 288 287 285 280 281 282 280 278 275 275 277 277 275 271 268 269 267 263 258 251 244 238 233 239 246 255 262 265 265 265 267 266 264 259 253 249 243 240 235 234 235 238 240 243 245 246 254 254 256 254 249 248 252 253 253 253 251 245 240 244 242 241 246 251 248 237 228
321 319 315 305 285 270 256 255 267 291 305 308 309 308 307 307 305 304 303 302 299 298 291 293 300 298 296 294 295 296 294 290 287 285 282 278 272 267 271 273 275 279 279 278 276 274 272 274 273 268 262 256 249 243 238 234 242 252 255 261 264 264 262 264 264 262 257 250 242 237 239 240 242 242 246 247 250 255 253 256 259 260 259 257 255 255 255 255 252 249 245 240 243 243 237 241 246 244 234 226
322 317 308 292 273 261 255 256 262 280 306 311 312 311 308 306 306 305 304 302 299 297 294 288 298 298 295 292 292 295 294 291 289 287 285 282 274 264 254 253 257 267 277 278 277 276 275 275 272 268 262 256 249 243 236 236 246 258 261 262 265 264 260 258 257 255 253 247 238 239 246 251 253 252 253 254 255 259 259 258 261 262 260 258 255 253 249 246 240 236 234 231 231 235 231 230 234 232 227 224
314 306 289 274 265 257 257 263 265 273 302 313 312 310 307 304 303 303 302 300 295 292 291 283 289 295 294 289 286 289 291 290 285 282 279 274 269 258 256 256 251 249 257 268 274 275 272 273 267 263 257 249 242 237 238 244 251 260 265 265 266 265 264 262 258 252 246 241 239 249 254 259 260 259 258 258 259 259 259 259 259 257 255 249 243 243 239 231 225 225 221 220 218 221 225 224 221 216 217 216
286 279 268 262 259 260 274 281 274 274 288 311 314 312 310 306 301 298 296 294 292 289 286 282 278 280 288 290 288 282 282 284 281 272 265 259 257 260 265 264 260 253 248 250 263 269 268 268 262 255 248 241 237 239 243 245 257 263 266 267 267 266 265 265 262 256 248 241 244 256 261 262 262 258 255 254 255 253 251 249 246 247 240 239 232 229 225 221 217 217 218 214 213 213 215 217 212 213 215 213
272 266 260 260 263 277 302 297 291 299 288 305 315 314 311 307 304 304 304 302 299 296 293 290 284 274 272 277 284 281 274 270 269 263 259 268 274 275 275 274 270 263 255 246 247 262 260 261 257 250 243 238 242 250 249 249 254 264 267 267 266 265 264 265 261 253 243 242 250 259 261 262 258 251 247 242 244 241 237 230 227 233 229 222 219 218 217 218 219 217 214 216 220 218 218 220 222 218 225 227
267 262 260 266 276 293 313 311 302 312 304 301 315 315 313 310 308 305 304 303 301 298 294 286 280 282 280 272 267 266 264 263 263 267 274 281 283 283 282 280 276 271 263 254 246 248 253 251 248 243 239 243 254 261 255 259 258 261 267 267 265 264 260 260 258 249 242 249 257 259 259 254 251 245 234 228 231 228 223 219 218 218 217 218 221 221 223 229 230 223 227 225 228 229 232 233 229 224 226 233
266 262 266 277 300 311 321 316 315 316 312 313 316 316 314 311 308 303 300 298 298 297 293 285 288 290 285 275 268 276 275 276 279 282 284 284 283 282 281 278 274 270 264 256 248 245 246 242 240 242 243 252 265 268 262 267 264 264 268 268 268 268 266 260 252 244 245 254 258 258 254 248 240 236 227 219 218 218 218 224 225 221 226 230 233 232 228 234 233 228 231 229 230 231 235 235 233 226 233 239
263 265 273 291 316 323 324 321 321 320 319 320 319 317 312 310 308 304 300 297 295 292 290 286 290 286 275 270 281 287 286 285 285 284 282 281 277 272 271 264 260 254 249 246 244 248 249 247 248 253 253 254 270 273 269 271 270 269 269 268 271 271 267 258 249 244 252 259 260 255 247 241 234 223 220 226 228 226 232 236 232 225 236 241 241 238 235 240 238 230 234 233 232 231 233 234 233 225 236 244
266 277 290 309 325 326 324 324 323 322 322 322 321 319 314 313 310 306 303 300 298 295 290 284 278 273 276 282 291 293 289 286 281 277 278 273 271 260 254 249 249 249 248 245 249 255 260 257 258 265 265 259 270 274 272 273 273 271 270 267 269 266 257 249 247 252 260 259 259 251 241 232 224 222 226 231 239 241 245 245 236 229 243 250 248 241 242 246 242 233 237 236 236 234 232 231 228 223 231 237
276 302 318 321 327 326 322 319 318 319 321 321 321 319 315 313 310 306 303 299 293 288 279 278 283 284 289 292 295 294 292 289 285 275 269 267 258 251 255 261 264 262 256 248 255 261 269 268 271 274 272 267 275 275 275 274 272 271 269 264 264 257 247 249 258 261 259 256 253 244 233 224 224 233 234 232 250 253 251 244 236 232 248 255 250 246 251 250 242 235 243 242 241 239 235 233 227 225 229 230
286 314 327 327 327 326 321 315 314 311 312 315 315 314 311 308 304 301 300 296 289 280 283 291 295 294 295 298 298 297 296 293 287 278 267 258 252 258 269 273 272 266 253 256 267 266 274 276 278 278 277 274 278 278 276 272 269 267 268 263 256 249 249 259 266 266 261 250 243 235 226 226 238 245 242 235 245 258 253 249 244 236 247 257 253 254 256 251 241 243 249 248 248 244 239 238 232 229 235 237
300 322 329 327 325 324 321 321 321 317 308 305 305 303 300 298 296 291 288 285 284 288 294 298 299 298 299 299 299 298 297 293 283 270 257 255 262 271 276 276 269 257 253 267 275 272 273 278 281 282 281 279 279 278 275 269 266 264 259 255 250 250 258 265 268 267 261 251 243 232 224 236 252 254 246 248 246 256 257 256 250 244 243 258 259 259 259 254 244 249 255 255 253 246 243 243 235 230 240 246
323 330 329 327 326 326 327 324 321 316 311 305 300 295 293 293 291 292 295 298 298 299 300 300 299 298 297 298 297 291 289 286 274 259 260 271 274 278 277 268 257 257 265 271 280 279 278 280 283 285 282 280 276 275 272 268 262 255 252 254 255 257 266 269 268 264 255 247 238 228 226 245 259 256 255 259 256 258 262 259 254 247 244 256 261 262 260 253 252 252 258 258 255 251 249 248 239 232 240 253
331 332 331 331 329 329 328 324 322 316 310 306 301 298 305 302 300 305 305 305 303 301 297 293 290 291 289 291 288 282 277 272 262 260 274 282 282 281 268 259 260 269 277 276 281 284 284 285 286 285 280 276 273 269 268 262 255 257 263 265 260 263 270 269 266 259 249 237 228 227 232 247 261 261 263 262 258 259 263 261 255 251 251 251 259 262 262 260 259 255 257 258 258 257 255 249 242 238 238 251
327 335 335 333 330 328 323 317 315 308 305 306 305 310 309 306 308 309 308 305 302 300 298 296 290 281 276 274 269 265 263 260 262 274 285 287 285 275 261 271 268 270 282 285 286 286 287 287 286 284 278 272 270 265 258 258 265 269 269 266 261 268 270 266 259 249 241 228 230 240 245 250 263 266 265 264 263 262 263 264 260 258 256 254 256 260 262 263 261 260 261 261 262 261 258 254 249 244 241 251
331 340 339 335 328 324 322 321 315 311 317 316 315 314 311 311 311 310 310 307 305 303 299 293 286 280 271 271 275 271 262 265 274 287 293 292 285 272 264 279 276 272 283 288 289 289 286 286 285 279 273 267 261 259 263 270 272 270 267 266 268 270 267 262 255 244 233 226 240 251 259 261 265 267 265 264 265 266 264 264 264 261 259 259 260 262 262 263 263 261 262 263 263 262 259 255 251 246 247 251
338 344 339 332 333 330 326 322 314 320 324 322 320 318 316 314 312 311 308 306 304 301 295 285 276 276 281 285 283 272 265 280 282 292 298 294 284 272 267 283 282 277 282 288 289 287 283 280 277 274 267 261 265 271 274 275 273 273 272 271 270 268 264 257 247 237 227 234 253 263 269 270 268 266 262 261 264 265 265 263 263 263 262 262 262 262 263 262 261 261 262 262 263 262 260 257 256 255 255 255
342 347 338 339 337 332 327 322 317 324 327 324 322 321 318 315 309 304 299 295 292 286 282 282 287 292 293 290 282 266 271 289 290 295 299 295 286 272 272 286 286 281 286 287 289 289 286 282 275 266 263 268 274 279 278 276 275 275 271 267 264 259 252 246 242 232 228 241 258 267 268 268 268 264 259 256 260 262 263 263 261 260 261 261 262 262 262 260 257 257 258 257 260 262 262 261 261 259 258 258
348 348 342 344 340 338 331 323 320 326 326 324 322 319 314 305 297 296 295 293 289 293 296 298 299 297 294 285 270 267 276 292 297 297 297 293 282 268 282 291 289 285 288 290 290 290 286 278 268 267 272 279 279 282 281 278 276 272 264 259 254 248 242 236 231 228 232 247 263 267 264 260 257 258 255 249 250 251 257 262 261 257 256 257 259 262 262 261 258 253 251 251 254 258 259 260 261 260 260 256
352 348 345 349 345 336 329 325 326 326 320 315 311 307 303 303 308 310 307 300 299 304 305 303 299 292 281 270 267 280 288 289 298 299 293 285 278 271 278 293 293 290 291 292 290 285 280 271 267 278 282 283 283 285 284 281 275 270 269 269 259 251 240 232 231 237 244 256 268 268 269 264 253 251 248 247 246 242 243 257 261 258 252 249 255 258 261 262 260 257 253 245 245 249 252 257 259 260 258 256
354 350 350 350 348 338 330 332 329 320 318 316 316 311 315 316 315 311 306 306 306 304 302 299 292 279 270 276 279 280 294 293 300 300 298 292 287 281 272 290 298 295 293 292 287 278 273 268 279 287 289 288 288 288 285 280 278 276 272 265 253 241 232 237 240 251 264 268 271 269 269 260 257 263 261 258 255 250 242 241 255 258 256 248 243 252 259 260 260 259 256 251 244 237 245 249 257 259 256 252
358 356 353 350 345 336 337 334 325 325 328 325 323 317 322 321 317 313 313 312 308 303 294 288 281 272 279 291 293 286 294 299 301 301 299 295 291 281 274 292 301 299 294 289 284 281 274 271 283 291 292 292 291 289 286 284 281 275 268 256 242 232 234 246 251 261 273 274 272 272 267 257 265 269 266 263 259 255 248 238 236 244 253 251 242 243 255 256 258 258 258 255 251 241 232 236 253 256 255 248
361 359 352 345 342 344 342 333 328 334 333 331 325 322 325 323 319 318 315 311 307 300 288 277 272 278 295 299 299 292 297 300 302 300 297 290 281 279 284 297 304 303 298 292 289 283 272 280 286 288 292 293 292 290 285 282 279 272 256 244 232 233 243 255 267 273 277 275 273 273 266 259 269 270 267 264 260 253 247 245 241 234 233 239 242 234 245 248 250 255 255 256 254 247 238 228 239 249 246 242
362 359 352 353 352 349 339 333 335 340 337 331 327 328 326 321 315 309 299 291 287 283 280 281 276 284 303 304 299 300 302 302 300 293 287 281 285 293 291 299 304 305 301 293 286 280 272 286 293 292 293 294 293 289 280 268 270 262 248 234 233 242 254 266 276 279 279 277 276 274 268 262 271 270 267 261 257 257 258 254 247 245 238 230 231 231 233 237 238 243 244 250 252 250 243 232 223 230 235 226
361 360 359 362 358 349 344 340 342 346 340 333 331 328 316 305 295 293 294 296 289 283 294 291 276 292 306 305 303 304 302 299 298 291 284 287 295 298 298 300 302 303 300 293 285 279 273 286 294 295 295 293 290 287 280 268 253 248 238 232 243 248 257 273 279 280 280 278 276 272 264 268 274 273 271 267 268 265 261 257 256 252 245 238 232 225 224 224 225 227 226 232 234 233 228 225 221 217 222 217
362 364 368 367 358 353 351 343 348 345 339 335 329 322 307 299 310 310 306 299 291 296 303 287 281 302 307 307 307 306 303 297 289 287 295 292 296 299 299 300 297 296 296 293 288 280 276 283 290 294 295 293 288 274 265 263 251 238 234 239 254 265 268 274 279 281 281 278 272 267 267 272 275 276 274 273 271 268 264 262 257 251 244 239 232 225 231 233 228 226 223 220 219 218 218 219 219 217 213 215
365 371 373 368 361 358 350 353 353 339 324 315 307 303 302 317 315 307 305 301 298 310 301 282 291 309 311 310 307 305 300 291 292 295 301 299 296 299 298 297 295 289 289 283 280 277 285 291 289 291 294 291 281 273 261 247 240 234 234 246 266 278 281 282 281 280 279 274 269 272 274 277 278 279 277 275 273 270 264 258 251 242 233 228 229 235 244 240 233 235 231 232 227 226 231 232 230 222 215 227
356 372 374 371 368 358 355 360 355 339 320 312 319 317 321 318 312 316 315 303 307 307 291 282 303 313 311 306 301 298 292 296 301 301 304 303 300 300 298 293 291 288 282 285 285 287 293 295 294 294 292 290 280 262 251 239 234 237 244 244 264 283 286 285 282 279 276 272 276 276 279 279 279 279 277 274 272 269 262 251 240 230 231 238 243 249 251 244 241 243 237 240 234 234 240 239 234 221 217 230
324 352 372 376 371 364 363 362 350 328 314 332 337 331 326 325 322 322 312 307 313 300 284 288 310 315 313 307 302 297 299 301 304 306 307 305 303 302 300 295 290 283 286 293 290 293 297 298 294 292 291 282 270 257 244 235 237 249 256 253 250 272 288 287 284 280 275 275 279 279 281 280 278 274 271 265 262 259 254 246 237 229 242 250 258 260 256 252 247 249 243 245 242 244 245 242 236 222 218 234
283 311 356 376 375 373 369 361 344 324 319 340 334 319 332 335 329 322 311 316 308 292 284 297 314 316 313 308 305 298 305 306 306 308 308 305 304 303 300 296 288 283 291 294 292 294 299 299 294 282 283 278 263 249 239 234 246 264 272 269 259 258 280 286 283 278 277 278 281 282 282 280 275 270 267 260 252 249 246 243 236 231 249 259 267 267 264 258 255 254 250 251 252 252 251 246 236 222 218 230
283 292 338 371 377 374 365 345 334 337 336 317 295 283 288 329 325 319 318 311 298 287 291 308 315 315 312 308 302 298 305 309 308 307 307 304 302 302 297 291 285 289 292 294 295 296 299 300 296 286 269 261 255 246 236 239 260 280 287 283 275 267 272 284 283 281 279 282 284 284 283 281 279 276 275 266 266 265 260 253 244 232 248 266 271 271 269 265 263 261 258 256 258 258 255 247 233 219 224 238
288 293 325 363 372 365 348 334 327 319 289 278 280 280 301 332 328 324 315 300 289 290 304 315 313 311 308 303 303 305 304 309 309 306 304 302 297 295 293 287 292 297 296 295 297 296 296 297 295 287 277 261 247 242 236 240 261 285 292 291 286 275 277 287 287 284 281 284 285 285 284 283 281 279 275 276 274 269 263 253 242 233 246 268 274 273 273 270 268 266 263 259 258 257 252 241 230 218 223 234
287 285 297 342 365 352 341 333 325 323 304 304 306 306 337 335 322 310 304 294 289 300 316 319 316 312 308 305 312 311 307 309 311 308 304 299 296 291 293 292 296 299 299 299 298 296 293 291 282 276 266 247 238 237 236 243 268 283 292 292 285 284 287 289 288 286 283 285 286 286 286 285 283 281 280 277 273 268 259 245 235 242 256 271 274 275 275 273 271 266 261 255 252 251 246 238 227 219 232 241
