# 100 100
194 204 212 209 203 198 197 195 193 192 194 195 195 200 204 208 217 223 225 224 223 222 221 220 220 218 218 219 220 219 218 216 215 213 212 212 210 209 211 213 214 214 212 209 209 209 209 209 208 206 204 203 204 203 203 203 202 201 199 198 197 195 194 191 188 186 184 183 180 178 175 173 172 173 173 172 171 170 170 168 167 166 163 158 162 163 155 152 151 150 150 151 151 152 153 155 155 157 161 161
196 198 213 215 206 204 204 199 197 196 198 200 199 200 208 215 217 223 225 224 223 222 222 222 221 221 220 220 220 219 218 218 217 215 214 213 212 210 213 214 214 212 211 209 208 206 206 208 208 208 207 206 204 203 202 203 202 202 201 199 198 196 193 189 187 185 183 182 180 179 177 176 175 174 174 173 171 170 168 165 162 160 158 162 164 164 161 152 151 150 151 152 152 152 152 153 154 156 159 159
202 199 207 218 211 210 209 205 202 200 202 206 205 207 207 215 222 225 224 224 223 223 223 223 222 220 220 219 219 219 218 218 218 217 216 215 213 211 214 215 214 212 210 209 207 207 206 205 205 206 207 205 201 197 196 199 201 201 199 198 197 193 186 182 181 181 179 177 176 175 175 175 175 173 171 169 167 164 162 162 163 163 159 162 165 164 165 158 152 150 151 151 151 152 153 154 155 158 161 160
207 204 204 218 220 216 216 212 210 205 207 212 210 215 214 217 222 225 225 224 224 224 224 223 222 221 219 217 217 218 218 218 217 217 216 215 213 211 213 215 214 213 212 210 208 209 208 206 203 203 205 204 200 199 198 195 195 195 192 190 191 190 184 187 189 188 186 182 178 177 173 170 170 168 166 166 166 166 167 168 167 165 161 160 164 164 166 166 159 150 150 151 152 151 152 154 157 161 164 165
215 212 208 218 224 223 222 221 219 214 213 219 218 218 220 221 223 224 224 223 223 223 223 223 222 220 217 213 216 216 216 217 216 215 215 214 213 213 214 215 214 213 212 211 209 210 209 207 205 204 202 200 200 203 202 199 194 191 192 191 189 187 187 192 192 191 188 184 181 182 179 175 173 172 172 171 170 170 169 168 166 164 160 159 162 164 166 166 163 152 150 151 151 151 151 153 157 161 165 167
225 222 219 218 225 226 225 224 224 222 221 222 222 220 218 219 218 220 223 222 219 220 222 221 222 219 213 209 213 214 214 216 216 216 215 215 215 215 215 215 215 214 213 212 211 211 210 209 208 207 207 206 205 205 204 203 200 197 199 197 195 193 194 194 193 191 189 186 185 184 182 180 178 176 175 172 169 166 166 164 163 162 159 160 164 165 166 166 163 155 150 150 151 151 151 153 158 162 165 168
227 226 226 225 226 227 226 223 225 224 221 221 221 218 212 211 211 218 222 222 219 214 217 216 215 215 214 208 206 209 210 214 217 217 217 216 217 215 214 213 212 213 214 213 212 212 211 210 209 208 208 207 207 206 205 204 201 201 201 200 199 198 197 196 193 192 190 188 186 184 183 181 178 175 173 171 168 169 170 168 165 162 161 165 167 167 166 166 163 158 149 150 151 151 151 151 156 163 166 168
222 223 226 227 227 226 226 222 222 223 217 212 215 217 211 205 208 216 218 220 220 214 211 210 209 211 210 209 202 200 204 212 215 215 217 217 215 212 210 209 207 211 213 213 213 212 211 210 208 207 208 207 207 207 205 205 204 203 203 201 200 199 197 195 193 191 189 187 186 184 183 181 179 177 174 171 171 172 171 169 166 162 165 168 168 166 165 162 158 154 150 149 150 151 151 151 152 159 165 168
217 216 220 226 224 222 223 220 218 223 219 210 206 207 207 202 206 210 212 213 220 217 211 206 202 203 202 201 202 198 198 209 208 210 213 216 214 209 205 206 203 209 211 213 213 212 211 210 209 207 205 205 206 206 206 205 205 204 203 202 200 198 196 194 191 189 187 186 184 182 180 180 179 176 173 172 173 172 169 167 165 162 165 169 168 167 162 156 151 151 151 150 150 150 151 151 151 152 157 161
220 217 214 222 223 218 217 217 215 221 218 212 206 201 201 199 201 203 204 208 217 219 216 212 206 200 197 195 194 195 196 204 201 203 207 213 212 208 204 199 199 202 207 209 212 212 210 209 208 207 206 204 202 203 205 205 203 203 202 202 201 199 196 194 193 191 189 186 184 182 180 178 177 176 175 174 172 169 166 164 164 164 167 168 167 163 158 153 153 154 152 152 151 149 149 150 150 150 151 153
223 218 213 215 221 219 214 212 210 216 214 207 204 201 197 196 197 197 199 205 212 217 217 213 209 203 202 198 194 190 192 198 196 198 200 208 210 204 201 198 193 197 200 204 209 211 210 208 206 206 206 205 203 199 200 203 200 200 201 201 200 199 198 196 193 191 190 187 186 184 182 181 179 178 176 173 169 167 167 167 168 168 167 164 163 159 156 152 153 156 154 152 152 151 149 148 148 150 150 154
220 216 212 210 211 212 213 211 207 206 209 205 202 199 197 197 195 194 195 201 203 213 215 213 208 207 209 203 197 192 188 190 192 191 195 204 209 204 199 194 189 191 194 201 201 207 209 207 205 203 204 204 202 200 196 199 198 194 195 195 197 197 195 193 190 187 186 185 184 182 180 179 178 176 173 169 168 169 170 169 169 166 161 156 155 159 156 154 153 159 157 153 152 151 151 150 149 148 148 149
222 218 213 209 207 206 206 207 207 204 202 201 199 198 200 202 199 196 193 194 199 208 212 215 214 214 213 209 202 197 192 187 187 187 191 198 205 206 203 196 189 185 188 191 197 202 205 204 204 202 200 199 198 197 195 193 195 192 187 187 188 190 190 186 184 182 179 178 177 176 173 173 173 171 170 171 172 170 169 168 164 160 157 153 153 158 157 155 152 160 158 153 152 152 151 150 149 149 148 148
219 216 213 210 210 208 205 204 203 202 201 201 202 203 206 205 202 198 196 192 193 199 204 211 214 215 212 205 201 196 192 187 184 184 186 189 196 198 202 199 193 186 183 185 190 198 199 199 198 199 200 199 198 196 193 191 190 188 185 184 180 182 183 180 178 177 178 177 176 175 176 177 175 175 174 174 172 170 168 165 161 158 155 154 154 157 157 155 151 160 158 154 152 152 151 150 149 148 149 150
215 213 213 217 215 211 209 207 204 205 205 208 207 209 213 209 206 202 198 193 190 192 197 201 205 211 214 209 203 199 195 191 186 183 181 183 188 188 196 198 191 184 181 180 184 192 192 194 190 191 191 195 198 199 197 195 192 190 192 191 188 184 179 177 173 172 178 178 177 176 177 179 178 176 174 172 169 166 165 161 158 156 154 157 155 154 156 154 154 162 159 154 152 152 151 150 150 149 150 150
223 218 220 223 218 215 215 211 208 208 212 215 212 214 214 208 204 200 196 196 192 189 190 191 196 203 210 211 208 203 198 195 190 187 184 180 180 182 186 192 193 184 180 178 178 182 185 185 181 178 179 183 189 192 193 193 193 195 194 193 191 189 186 181 173 166 166 167 168 167 168 171 173 172 170 168 163 157 156 155 155 155 159 161 156 153 153 152 158 162 160 154 154 153 152 150 150 149 148 149
227 223 227 228 224 223 222 216 214 211 216 221 221 220 215 209 206 204 200 195 192 192 188 188 190 196 203 207 205 200 193 190 187 185 183 180 177 178 178 181 185 186 179 177 176 176 178 178 177 175 174 176 175 177 178 180 181 186 187 187 185 183 176 170 167 164 162 162 162 163 163 164 164 165 163 161 157 155 156 158 159 159 163 163 161 159 159 159 160 161 158 154 153 155 156 149 149 149 148 147
230 228 230 230 229 228 226 222 218 216 220 224 224 221 218 212 207 202 197 196 195 193 193 187 187 189 196 203 200 196 193 193 190 187 182 180 179 176 175 175 176 177 176 176 174 175 177 176 174 174 172 171 171 170 171 171 172 174 175 175 174 171 169 166 164 162 161 160 161 164 163 162 162 162 161 159 156 156 161 163 165 164 165 166 163 161 162 160 158 157 156 154 153 154 153 151 149 149 149 147
230 231 231 230 230 229 228 226 224 223 223 225 222 216 213 208 203 200 200 202 200 195 194 191 186 186 190 199 203 201 199 200 196 192 187 183 180 178 175 173 173 173 172 173 173 175 175 174 172 174 172 169 168 167 168 168 168 169 170 171 169 167 165 163 162 161 160 160 163 165 164 162 161 160 159 158 156 157 167 169 170 168 167 165 163 161 159 159 159 156 154 154 153 152 151 152 151 150 149 148
230 230 230 230 229 228 226 226 226 225 225 225 224 218 212 209 208 207 206 209 204 198 192 190 188 184 185 189 199 206 206 207 202 196 193 188 183 179 178 175 172 171 171 173 172 174 173 173 171 171 170 168 166 166 166 166 166 167 167 169 169 167 164 162 161 159 159 161 164 163 163 162 162 161 159 157 156 158 168 171 171 169 166 164 163 161 161 163 164 158 155 154 153 152 151 151 151 150 148 149
229 229 229 229 227 226 224 223 222 222 221 223 224 223 221 219 218 216 215 212 207 203 197 191 188 186 183 185 191 203 209 210 207 203 198 193 188 182 180 178 175 171 172 173 171 171 170 169 169 168 167 166 166 165 165 165 166 166 167 168 167 166 165 162 160 159 159 158 163 162 162 161 160 159 157 156 156 160 167 171 170 167 167 167 164 163 166 166 167 162 156 154 153 153 151 151 151 151 149 149
225 226 228 229 228 227 226 225 222 219 217 215 216 221 222 222 222 220 216 209 203 200 200 194 190 187 184 182 187 196 204 205 208 207 199 190 186 183 180 177 176 174 170 170 169 168 168 167 167 166 168 168 168 166 165 164 165 168 166 167 166 164 164 162 159 162 160 159 161 161 160 159 158 156 156 157 159 161 167 172 171 169 171 171 167 166 170 169 170 164 158 155 154 153 152 151 151 152 148 148
224 223 226 228 228 228 228 227 226 225 223 219 212 212 217 218 221 221 215 209 202 197 194 191 190 189 188 182 183 192 197 194 203 207 199 191 185 181 178 176 174 173 170 168 168 167 168 167 166 166 169 170 169 168 167 166 164 164 165 165 166 163 160 160 161 163 161 158 159 159 159 157 157 158 159 160 160 164 172 175 173 172 175 174 169 168 173 171 171 167 160 157 154 153 152 152 151 152 149 148
227 224 221 227 225 225 226 227 226 225 224 223 217 209 211 211 218 220 216 211 206 202 198 193 196 195 189 184 181 187 189 189 194 203 204 200 192 184 180 178 176 173 170 169 168 167 167 166 166 166 165 166 167 168 168 167 166 165 164 163 162 161 160 162 164 164 162 160 158 158 157 157 159 161 162 163 163 167 175 177 176 176 177 176 170 169 175 175 174 170 163 159 155 154 151 152 152 151 150 149
228 226 221 223 225 221 219 225 226 223 221 222 220 212 206 207 211 218 217 211 206 202 198 195 199 194 188 185 181 179 181 183 185 190 197 200 199 192 180 178 177 175 171 169 168 170 171 171 166 165 165 165 164 165 165 165 165 167 165 164 162 161 161 164 163 162 161 160 160 160 160 159 161 163 164 167 171 174 178 180 180 180 180 177 172 170 176 177 176 173 167 165 158 155 152 149 149 150 150 148
226 226 222 218 219 217 216 219 223 224 218 217 220 216 209 205 204 210 217 213 208 204 200 203 200 192 188 187 183 180 179 180 181 183 185 189 186 187 178 174 173 173 172 170 168 176 183 188 175 167 166 165 164 163 163 162 163 166 165 164 162 161 162 163 163 162 162 162 161 163 162 161 162 163 166 172 178 179 178 181 181 181 180 178 174 170 177 179 178 177 174 170 161 156 154 150 149 149 149 148
218 225 225 221 217 216 214 211 216 223 220 212 213 216 213 209 204 202 214 217 214 208 205 207 199 192 189 186 186 183 179 177 179 180 179 178 177 175 174 172 171 172 172 170 170 181 195 189 179 168 166 165 165 166 165 163 163 162 162 162 161 163 165 165 164 163 164 163 165 166 163 162 164 166 172 178 182 182 181 182 181 180 178 176 173 171 176 178 179 179 177 170 164 160 157 153 150 150 149 146
211 217 222 225 224 223 219 214 210 218 219 213 207 208 207 205 204 200 207 217 218 214 212 210 203 195 191 188 187 183 180 177 178 178 177 174 173 172 171 172 172 170 170 170 174 184 196 184 172 170 169 168 167 168 165 165 168 164 164 165 167 173 174 171 167 167 165 167 168 166 164 163 166 173 180 183 184 183 183 182 180 177 175 174 173 175 177 179 180 180 177 172 171 167 160 154 152 151 148 146
210 209 212 218 223 224 220 214 209 208 210 210 207 203 200 199 199 198 201 210 217 218 214 211 206 201 196 189 188 183 180 178 176 175 175 176 176 174 174 176 176 174 175 174 180 192 193 186 175 172 172 171 168 167 163 166 170 167 165 169 171 183 186 184 176 169 169 169 168 165 164 167 174 179 184 185 184 183 182 180 178 179 179 176 177 179 181 181 180 180 178 176 174 171 165 157 152 151 150 148
216 210 207 208 215 221 224 220 214 209 205 204 203 202 203 203 200 198 197 204 211 217 212 205 200 195 191 189 186 183 182 180 179 177 177 180 180 176 174 176 177 177 178 178 185 195 184 178 175 173 171 169 167 165 163 166 168 168 168 174 179 181 182 180 177 175 173 170 167 166 168 178 184 184 186 185 183 182 181 180 180 182 182 180 180 181 182 182 181 180 178 175 173 169 163 159 154 151 150 149
221 215 209 206 208 216 222 224 223 216 210 210 210 210 210 208 205 201 196 198 206 213 215 211 205 201 194 193 196 190 189 185 182 180 179 180 181 177 177 180 180 183 182 186 192 198 189 179 175 172 169 168 166 166 164 166 168 168 171 185 190 184 179 177 175 173 171 169 169 171 175 180 187 187 186 185 184 184 184 184 184 184 183 182 182 181 180 179 178 177 175 169 166 162 159 158 155 151 150 149
212 214 213 208 204 209 213 222 224 223 219 219 218 214 208 203 200 198 195 195 199 206 215 216 212 207 203 204 204 199 198 196 189 185 183 182 183 178 181 191 187 188 193 191 199 200 194 185 177 171 170 169 166 165 166 168 170 171 172 186 194 191 185 179 175 174 174 173 175 181 186 186 189 190 188 186 187 189 187 187 186 185 184 182 181 178 174 172 170 167 168 162 157 155 154 153 153 151 149 149
213 209 208 209 205 203 212 216 220 224 224 223 219 213 211 207 203 198 195 194 193 198 208 216 216 213 212 211 211 209 207 204 200 196 192 186 184 179 182 196 199 194 200 200 201 199 193 188 180 172 172 169 166 165 171 174 173 172 175 191 197 196 193 186 180 182 184 184 187 191 192 191 191 190 189 188 188 187 186 184 184 182 181 179 178 174 167 164 160 157 158 157 155 158 158 158 155 152 152 150
218 211 207 205 204 200 204 209 215 222 224 223 222 220 217 214 209 205 200 196 193 194 203 213 216 216 215 213 212 211 209 204 199 197 193 187 183 181 186 198 205 203 206 205 201 193 185 180 177 175 173 169 166 165 169 174 174 175 180 193 199 197 192 189 188 191 192 192 193 194 194 193 193 192 191 190 189 186 182 180 178 178 178 178 178 167 162 158 160 162 159 159 161 161 161 160 159 158 158 153
219 215 212 209 205 202 200 205 215 216 220 219 220 222 218 212 207 203 199 197 193 191 197 205 214 216 215 213 210 209 206 201 193 189 186 183 182 188 195 202 207 206 206 206 202 195 188 180 175 173 171 168 166 166 168 172 176 183 193 197 201 200 198 196 195 196 195 193 191 191 192 193 192 191 190 189 188 183 181 178 179 178 178 178 178 170 161 164 165 170 168 169 167 163 162 160 159 160 159 156
226 223 219 213 208 204 199 203 211 212 213 212 216 221 219 215 209 204 199 194 191 189 193 201 212 215 214 212 209 207 206 200 192 188 185 185 190 195 202 203 203 199 199 202 202 199 195 185 175 174 171 168 166 168 173 176 180 188 196 200 202 201 200 198 198 197 195 191 185 181 183 187 188 188 188 185 183 181 179 179 178 178 178 178 178 176 170 171 166 174 176 174 170 166 164 160 159 159 156 154
226 225 222 216 210 206 200 199 201 206 206 206 212 216 215 218 216 210 202 196 192 189 190 200 207 212 212 209 207 204 204 202 194 189 186 192 200 202 200 197 195 191 190 194 195 193 191 184 174 173 171 168 166 169 183 180 184 195 197 201 201 200 198 197 196 195 194 192 186 178 178 178 179 180 180 179 178 178 178 178 178 178 178 178 178 177 174 171 168 176 179 175 172 171 165 161 159 156 157 160
227 224 219 213 208 204 201 199 197 198 200 200 207 212 208 213 217 212 204 198 193 189 187 192 200 209 211 208 206 203 201 202 200 194 189 192 204 205 198 192 187 184 184 183 183 180 179 176 172 171 171 168 166 171 184 182 193 198 201 203 201 198 195 191 187 187 188 190 181 178 178 178 178 178 178 178 178 178 178 178 178 178 178 178 178 178 174 170 175 179 180 176 176 172 165 161 158 158 160 161
227 226 223 220 214 209 205 203 198 196 195 196 199 206 203 204 212 213 205 199 194 190 186 188 194 202 210 211 209 206 201 198 199 194 191 194 202 207 200 192 186 182 180 178 176 175 173 171 170 170 169 167 169 175 186 185 191 200 204 204 203 200 198 196 192 184 179 181 179 178 178 178 178 178 178 178 178 178 178 178 178 178 178 178 179 176 173 174 180 182 182 180 178 173 166 162 159 159 160 160
226 226 226 225 221 214 211 205 202 198 194 193 194 196 198 197 206 212 208 203 195 190 188 185 188 195 205 210 210 207 203 198 194 193 196 199 205 209 203 197 191 185 181 178 177 175 174 170 170 169 168 170 173 181 194 192 188 198 204 205 204 201 198 195 192 185 180 178 178 178 178 178 178 178 178 178 178 178 178 178 178 178 178 180 179 176 176 180 183 186 184 181 178 173 166 162 160 160 160 159
226 226 225 225 224 222 216 210 206 202 198 194 192 191 192 194 201 208 203 201 200 192 188 186 185 189 196 204 209 206 203 201 200 200 202 204 208 210 207 203 198 193 189 183 178 175 172 170 168 170 172 175 180 190 197 191 193 200 204 205 203 201 198 194 191 186 179 179 178 178 178 178 178 178 178 178 178 178 178 178 178 181 183 184 179 180 181 182 186 187 185 181 176 170 167 165 162 161 160 159
226 226 226 225 224 224 222 216 212 210 205 200 195 192 190 191 195 199 200 194 197 195 188 186 185 186 191 200 208 210 209 207 207 207 208 208 208 208 205 196 192 188 183 178 175 172 170 170 173 175 178 182 191 197 199 195 199 200 204 204 202 201 199 197 194 188 187 184 178 178 178 178 178 178 178 178 178 178 178 178 179 184 188 187 183 183 186 185 187 188 186 183 180 174 173 170 166 164 162 160
225 226 226 225 224 224 224 222 219 213 208 202 198 194 191 188 189 191 192 190 189 188 186 186 186 183 187 192 201 208 209 207 206 205 205 205 202 200 200 193 183 180 178 177 175 171 170 174 177 180 190 196 199 201 200 196 203 204 205 204 202 200 198 195 192 191 188 180 178 178 178 178 178 178 178 178 178 178 178 182 181 188 190 188 186 184 187 189 190 189 187 185 181 177 178 175 172 169 166 163
224 225 225 225 223 223 224 223 221 215 210 204 198 194 192 189 187 187 187 187 186 185 184 184 187 183 184 188 194 203 207 202 196 196 195 195 192 191 190 190 182 178 175 174 172 170 174 183 192 190 197 202 201 200 198 199 205 206 205 204 204 202 200 198 194 189 182 178 178 178 178 178 178 178 178 178 178 178 180 187 188 190 190 188 186 186 188 191 190 189 186 184 181 181 180 178 175 172 167 162
219 224 225 225 223 222 223 223 222 219 214 205 200 197 193 191 189 187 186 186 184 183 183 182 182 182 181 184 188 192 200 198 188 187 186 185 183 182 181 179 177 175 174 172 170 174 178 187 199 202 203 204 201 202 201 203 206 206 205 203 202 202 200 197 192 183 178 178 178 178 178 178 178 178 178 179 183 181 182 190 191 191 190 190 189 189 190 189 188 188 186 184 183 182 180 176 170 167 161 157
220 224 224 223 221 221 222 222 222 220 215 209 207 205 199 193 192 190 188 187 186 185 184 183 182 181 180 181 182 184 187 187 185 184 182 180 179 178 178 178 176 174 172 171 174 176 182 192 202 207 207 204 202 205 206 206 206 205 205 201 198 198 199 195 188 181 182 181 178 178 178 178 178 178 178 180 188 189 189 191 191 192 191 191 191 191 190 188 186 186 186 184 182 180 176 172 165 161 158 153
221 223 224 224 221 219 220 221 220 220 220 218 215 210 202 200 196 196 193 193 195 191 188 186 184 183 182 179 179 180 180 181 181 181 180 178 177 174 174 175 174 173 171 174 177 179 190 198 205 209 208 206 205 204 206 207 206 204 202 202 199 194 194 194 191 184 186 186 180 178 178 178 178 179 184 186 190 191 191 191 191 191 191 191 190 190 188 185 181 184 182 178 175 174 169 165 162 157 155 156
219 221 223 223 222 220 217 219 219 218 218 219 218 214 209 207 203 203 201 203 205 198 192 189 187 186 184 182 180 179 178 178 178 179 180 178 176 174 175 174 174 174 175 177 179 181 188 200 206 209 209 208 207 205 206 207 205 202 200 198 197 192 188 186 183 184 193 193 190 186 184 185 188 187 189 191 191 191 191 190 189 188 189 189 187 187 187 182 178 177 175 172 169 167 164 160 156 154 155 154
217 220 223 224 223 221 218 216 219 217 215 214 216 218 216 215 211 209 211 210 211 202 202 197 190 188 186 184 182 180 179 177 177 176 176 176 175 176 177 178 178 178 179 180 184 186 190 196 204 209 210 209 207 206 207 207 206 205 202 199 194 194 195 192 191 193 196 195 192 189 186 184 186 189 190 190 190 187 187 188 188 186 184 184 183 182 184 182 178 171 169 166 163 161 159 158 157 155 153 151
217 221 223 223 223 220 217 214 216 217 216 213 211 215 218 218 217 216 216 215 215 210 209 200 197 195 190 186 183 182 181 179 179 179 176 178 178 178 179 181 182 182 191 190 190 198 197 200 207 209 210 209 207 207 208 207 207 205 203 199 196 200 200 199 198 197 196 190 181 173 168 166 166 173 182 178 175 171 176 181 187 187 185 181 178 177 180 180 176 170 165 163 162 164 164 162 158 153 152 150
217 220 220 219 221 221 219 216 213 212 211 209 208 208 212 217 218 218 218 218 217 215 213 208 207 204 195 188 186 184 182 180 179 178 180 179 180 181 187 189 188 193 195 202 196 204 206 204 208 210 209 209 208 208 208 207 206 205 202 199 200 202 202 200 199 197 195 190 180 167 162 161 161 162 163 163 161 160 161 164 175 185 185 184 181 176 174 174 171 168 166 170 169 170 166 161 155 151 150 147
216 217 216 214 219 222 221 219 217 214 213 212 209 207 205 212 216 217 217 218 218 217 215 215 212 205 197 191 189 187 185 183 181 180 183 180 183 184 192 201 200 201 201 207 205 205 210 210 209 210 210 209 209 209 208 207 206 205 203 201 200 202 202 197 192 192 191 183 179 170 160 158 158 158 158 157 158 157 157 158 161 171 169 176 181 179 172 169 168 167 169 174 173 171 165 157 149 148 149 147
213 212 212 211 218 221 222 221 220 220 219 217 215 211 205 206 211 213 213 217 217 217 216 215 215 211 203 198 196 194 193 189 183 183 183 182 183 188 191 198 206 208 209 210 210 208 211 211 210 210 210 210 209 209 208 207 205 204 202 202 202 202 201 199 190 177 174 171 165 160 158 156 156 156 157 156 156 155 154 155 155 156 157 158 163 170 170 168 169 172 175 178 176 170 161 153 146 148 148 147
208 206 208 213 218 220 220 221 220 220 219 217 214 209 205 200 206 207 212 217 217 216 216 215 214 214 212 208 205 204 204 198 188 186 186 184 185 192 201 201 202 208 211 212 212 212 212 211 210 210 210 210 209 209 208 207 205 204 203 203 201 199 197 198 196 188 173 165 163 160 158 156 155 154 155 158 157 154 153 153 153 153 154 154 154 155 156 161 172 178 180 181 178 170 159 151 147 147 148 147
203 203 207 212 217 218 217 219 219 217 215 215 214 211 208 203 199 208 214 215 214 214 216 216 214 212 212 213 212 211 206 196 194 196 192 187 187 190 200 207 208 207 210 212 212 212 211 211 209 208 207 208 208 208 207 205 202 201 201 201 195 188 186 188 191 191 188 176 163 159 157 156 155 153 153 153 154 154 153 151 151 151 151 151 151 152 153 155 159 168 178 181 178 170 158 150 148 148 147 146
199 204 210 213 216 215 214 218 219 216 213 210 209 209 207 204 198 208 210 210 209 211 215 216 215 214 211 212 214 213 210 205 204 205 200 192 192 195 197 206 211 211 212 212 213 212 211 210 210 209 207 205 203 204 205 203 195 191 193 197 191 178 173 172 172 171 171 168 161 158 156 155 155 154 152 152 152 152 151 153 152 151 151 151 151 155 158 155 155 158 167 179 177 169 156 148 146 149 148 147
198 205 210 212 212 211 214 217 218 218 216 213 208 204 200 198 198 205 203 203 206 212 213 212 215 214 211 208 210 213 213 211 211 208 203 196 198 203 201 204 209 212 213 213 212 210 210 209 208 207 208 207 205 199 196 195 191 181 178 184 191 181 170 166 164 163 161 159 157 156 155 154 153 153 153 154 156 153 151 151 152 152 151 151 153 160 161 157 153 154 157 169 173 165 154 147 146 154 147 147
200 204 205 208 207 209 215 217 216 217 217 216 214 210 205 198 195 196 196 199 207 208 207 205 212 215 213 210 206 209 213 213 211 207 202 201 204 207 208 208 210 212 213 212 211 209 207 206 205 202 203 205 204 201 199 194 191 191 182 172 175 174 168 165 164 160 158 157 156 155 155 154 155 156 157 158 155 152 154 153 152 154 156 154 152 154 158 156 151 151 152 158 167 160 151 147 152 152 147 147
200 199 200 203 206 212 215 215 213 215 216 216 215 214 211 205 199 194 192 193 200 203 199 202 210 213 213 211 208 205 212 214 212 210 209 208 208 210 211 211 211 212 212 211 211 209 203 200 196 198 195 197 202 193 190 192 194 196 192 179 168 166 165 164 164 160 160 158 156 155 155 156 159 159 158 155 152 153 159 160 159 156 153 155 152 151 154 153 150 150 150 152 160 156 151 149 148 150 148 148
199 198 203 206 210 214 216 215 212 212 213 215 214 213 212 211 207 200 194 191 192 198 193 200 200 208 212 210 206 204 211 214 213 213 212 211 211 211 210 209 210 211 211 210 208 209 207 203 197 190 185 184 193 195 182 177 180 188 190 177 166 164 163 162 161 160 161 161 158 156 157 159 160 158 156 153 152 152 156 159 156 152 152 152 151 151 151 151 150 149 149 150 150 151 152 149 149 151 148 147
195 198 202 208 212 214 216 215 212 210 211 213 211 210 212 212 211 206 199 193 190 188 189 191 191 203 210 205 202 203 209 213 213 211 210 209 209 209 207 204 206 207 209 210 207 205 206 204 203 201 195 183 177 182 176 172 172 172 172 168 162 162 161 161 163 164 162 157 157 157 155 156 157 157 155 153 152 152 152 152 152 151 151 151 151 150 150 148 148 149 149 149 149 148 149 148 149 149 147 147
195 198 203 207 209 211 215 215 213 211 208 211 209 207 209 209 212 210 203 196 192 188 187 186 187 197 210 207 201 197 204 211 212 211 207 204 204 206 202 200 202 204 208 210 208 202 197 193 191 196 197 188 176 172 169 169 168 166 164 162 160 160 160 162 163 161 158 155 158 157 155 154 154 153 153 153 152 152 152 152 152 152 152 152 152 150 150 149 150 150 149 149 149 148 148 148 151 148 147 147
199 200 202 203 206 209 214 215 212 208 206 209 209 205 205 207 210 210 203 198 195 192 187 188 185 191 208 207 202 196 201 206 211 212 210 206 200 204 201 194 197 204 209 210 209 207 204 199 191 183 189 180 175 171 168 166 166 163 163 161 159 160 164 164 161 158 155 155 155 155 154 154 153 153 153 153 153 153 153 154 155 157 157 156 154 154 152 151 150 150 150 150 149 149 148 148 149 148 146 146
199 198 201 205 207 211 214 215 214 210 206 206 209 205 202 203 209 211 210 206 202 198 190 188 185 186 202 207 201 195 193 202 209 211 209 204 198 195 194 192 195 204 205 207 209 208 204 196 187 178 179 174 172 170 167 165 163 162 162 163 162 161 165 162 160 156 155 155 155 155 154 155 155 155 156 159 160 159 158 159 163 178 177 166 159 159 156 153 152 152 152 154 156 152 149 148 149 148 146 146
194 197 199 201 205 209 212 214 214 211 207 203 207 203 200 204 207 208 210 207 200 194 190 187 185 183 190 205 205 197 191 195 203 208 209 205 202 196 190 186 187 193 196 202 208 208 206 203 194 182 176 173 172 172 172 169 164 161 160 159 158 157 158 160 158 156 156 155 156 156 157 157 157 159 170 178 177 177 178 178 180 187 188 184 177 169 162 158 155 155 160 163 162 154 151 149 149 148 146 146
197 197 197 199 203 205 207 210 213 211 206 201 205 202 196 201 202 202 208 210 205 198 190 186 184 182 183 194 205 200 192 188 193 203 209 208 206 203 198 189 182 187 197 204 207 207 203 201 198 186 182 189 189 187 178 167 163 162 162 161 160 157 160 158 157 156 159 159 160 166 173 172 172 175 175 167 164 164 168 174 181 188 189 187 185 183 180 174 164 162 172 175 169 159 153 150 149 149 148 149
190 193 199 200 202 205 208 211 213 211 205 200 202 203 197 195 198 198 206 209 209 205 198 189 184 183 181 183 197 203 194 186 187 196 207 204 199 195 196 188 182 185 199 202 203 206 203 197 191 188 195 193 181 173 167 163 163 166 167 163 159 157 160 161 158 165 179 181 180 184 187 186 180 172 166 163 161 160 160 162 166 179 185 184 180 179 182 181 171 163 163 168 170 165 157 151 149 149 149 149
192 191 193 199 201 205 210 212 212 211 205 200 197 199 198 193 193 198 202 206 204 205 199 191 186 185 183 179 189 203 198 189 184 192 205 203 193 185 184 183 180 182 196 192 197 203 205 204 201 201 201 196 183 170 166 164 164 166 164 160 158 158 160 162 167 183 184 182 179 177 178 176 169 166 168 165 165 162 159 159 160 163 171 179 169 164 168 169 163 159 159 159 157 157 155 153 150 149 149 149
198 195 192 194 200 204 209 210 211 211 207 201 196 193 192 191 190 191 197 202 199 201 200 192 188 184 181 178 183 197 197 187 182 188 196 201 199 187 180 179 179 180 187 181 188 200 203 199 198 195 194 191 181 170 165 163 163 163 162 160 158 160 164 171 182 178 172 170 169 168 167 166 165 164 165 163 162 162 159 157 157 158 160 162 161 160 161 160 158 157 157 158 155 153 152 150 149 149 149 149
199 196 196 195 198 204 206 206 206 209 211 204 201 199 196 192 189 187 189 191 190 195 203 200 196 189 182 180 178 190 195 187 183 180 183 190 198 188 180 177 175 175 175 176 186 196 194 185 181 176 174 175 170 167 165 164 161 160 159 159 160 165 174 186 182 172 169 167 166 166 165 164 163 163 163 161 161 160 158 158 158 156 156 156 157 157 158 159 157 155 155 156 154 153 152 150 149 149 150 151
200 200 200 197 197 203 205 203 206 210 212 210 207 203 202 198 194 189 185 185 186 195 201 201 196 190 183 182 178 180 194 189 183 179 179 180 186 192 183 177 175 173 172 172 176 179 178 173 170 168 167 166 166 166 167 164 160 162 163 164 169 183 189 186 177 171 168 167 166 165 164 163 162 161 163 162 160 159 158 158 159 158 156 156 155 155 155 157 156 155 154 154 153 155 153 150 151 150 153 154
204 205 203 199 196 200 202 203 207 210 211 211 210 207 205 200 194 188 185 183 183 186 190 196 197 191 184 181 177 176 186 194 188 180 177 176 176 184 189 180 176 173 170 169 169 170 169 168 166 164 164 163 163 169 167 163 161 164 168 179 189 191 183 178 174 170 168 168 169 167 165 164 164 162 161 162 161 160 158 158 159 159 158 156 155 155 154 156 156 157 155 154 153 152 150 151 154 151 150 154
209 209 205 201 199 198 199 202 205 208 209 211 211 210 208 204 199 191 186 183 182 182 183 186 192 195 190 181 179 177 177 190 192 185 176 176 175 176 189 190 182 175 172 171 168 167 166 165 165 164 165 164 163 165 166 163 162 166 174 190 196 191 182 176 172 170 169 176 184 177 169 165 165 164 161 160 160 160 159 159 160 162 159 157 156 154 154 157 158 156 154 153 152 151 150 152 155 153 151 151
212 212 207 203 203 201 200 201 202 205 207 210 209 205 203 201 200 196 187 184 184 182 181 181 183 188 186 181 179 177 174 177 180 185 182 174 175 173 182 192 188 180 174 174 170 169 166 168 168 166 167 170 168 163 164 163 163 169 183 197 197 194 187 179 174 170 172 185 190 185 174 169 167 165 163 163 162 161 160 160 162 164 161 160 157 155 154 156 157 154 153 152 151 151 151 155 155 153 150 151
210 214 212 208 207 204 205 204 203 205 207 210 209 203 198 196 192 191 187 185 183 182 181 180 179 179 178 177 178 176 174 173 173 173 174 173 175 172 173 177 174 173 173 173 168 166 165 167 168 167 168 174 171 165 163 163 168 185 193 197 196 192 185 178 173 170 178 189 191 184 175 172 168 169 169 171 168 166 164 163 163 162 160 159 158 159 157 154 154 154 153 152 152 154 154 154 152 151 151 154
208 213 214 212 207 206 209 208 208 209 210 210 210 204 199 195 195 192 191 190 187 184 182 181 179 178 177 176 177 176 174 175 174 173 172 171 172 172 171 169 169 168 168 168 167 168 168 168 169 170 170 171 170 167 167 170 179 195 197 195 191 184 178 174 171 173 180 192 193 186 181 175 170 176 184 184 177 171 166 163 162 161 159 157 159 162 160 155 153 153 152 152 156 161 160 154 152 151 152 155
208 209 213 213 211 210 211 211 211 211 211 211 210 208 204 201 200 199 197 197 194 189 186 185 183 180 178 176 176 176 176 177 177 176 174 172 170 171 171 171 172 172 170 169 172 171 173 177 175 174 173 173 173 173 175 185 194 196 193 187 183 177 175 172 174 180 188 194 194 192 189 186 178 178 190 190 186 179 167 161 160 159 157 156 157 162 159 154 153 153 152 152 156 158 159 153 152 151 152 155
204 206 212 215 213 212 212 211 211 212 211 211 210 210 209 207 204 204 201 203 197 192 190 193 188 188 186 181 178 177 180 186 183 181 180 177 173 171 171 172 174 173 174 179 185 177 177 189 188 181 180 183 185 186 188 195 197 193 184 179 176 174 174 177 184 188 192 195 195 193 190 186 181 185 190 191 188 178 169 162 159 158 156 155 155 158 156 153 153 152 153 154 154 153 153 153 152 153 158 166
204 207 212 214 213 211 209 209 209 210 209 208 208 210 210 209 208 209 207 206 201 198 196 198 195 196 194 188 183 180 186 191 194 191 194 190 181 173 174 177 178 177 179 188 195 187 182 190 199 191 190 193 196 197 198 198 193 186 179 176 176 178 183 186 190 195 195 196 195 195 194 192 189 190 191 191 187 177 166 162 160 159 157 156 155 154 153 153 153 153 157 156 153 152 155 155 156 157 162 176
206 208 209 210 212 210 207 205 207 208 207 205 207 208 210 211 211 210 210 209 208 205 203 201 202 202 202 197 193 184 193 194 202 200 201 192 180 177 182 187 187 184 183 187 199 198 191 191 200 200 200 201 200 198 196 194 190 182 178 180 185 187 190 194 195 197 196 194 193 193 194 194 193 193 192 187 181 175 165 162 162 160 159 158 156 154 153 153 154 155 157 153 152 154 156 158 163 169 169 175
203 202 202 207 212 211 209 204 205 206 204 203 205 206 210 211 211 209 209 209 209 209 208 207 206 208 207 204 196 187 193 203 204 206 199 187 183 188 185 196 194 190 192 190 197 204 200 201 199 204 204 201 195 193 186 184 183 180 179 190 192 196 197 197 197 196 193 189 187 186 189 191 193 193 192 188 179 169 167 165 163 162 161 160 159 158 155 155 154 155 154 152 155 157 158 161 173 179 179 178
194 194 199 206 210 209 208 205 201 205 205 202 201 206 208 209 210 206 205 205 205 207 208 209 210 209 206 200 195 192 196 201 208 206 196 197 192 191 192 198 202 198 198 199 202 206 206 206 205 205 204 201 196 190 183 181 180 182 188 196 198 197 197 197 197 196 194 191 186 180 178 184 189 192 190 186 186 176 167 164 163 161 160 159 159 159 159 157 155 155 154 153 154 157 159 167 179 182 180 183
190 194 200 206 210 207 205 204 201 200 203 200 201 205 206 209 209 207 202 199 200 203 207 208 208 209 208 205 201 197 203 200 207 207 202 204 199 197 200 197 204 206 205 205 205 206 207 206 205 204 201 198 192 185 185 189 188 192 196 198 196 194 192 193 194 195 195 193 187 179 174 175 181 189 184 176 176 174 166 162 161 160 158 157 156 157 159 158 155 154 153 154 158 167 168 168 177 182 184 185
194 199 202 207 211 209 206 202 200 197 197 196 199 202 207 209 209 205 202 198 200 205 204 204 203 205 209 210 207 204 204 206 206 210 208 207 207 204 204 205 203 208 207 206 205 204 205 205 201 200 194 191 185 188 193 197 197 199 198 194 189 185 184 184 189 191 189 191 189 182 174 172 176 184 181 172 168 165 163 161 159 158 157 156 156 156 159 156 155 153 154 158 163 174 177 175 180 183 185 185
199 201 203 208 209 210 207 205 203 199 194 199 201 203 206 208 208 203 198 193 199 200 198 197 199 202 207 210 210 208 208 208 209 211 211 210 210 210 207 209 207 209 208 207 205 203 201 203 197 194 189 186 190 194 200 202 201 199 194 188 181 179 178 177 180 183 180 183 187 186 180 174 170 177 180 174 166 165 163 161 159 157 157 156 156 155 156 155 154 154 158 164 176 178 181 183 183 184 185 185
193 195 196 200 206 209 205 201 199 195 194 198 198 198 201 205 208 206 199 192 190 190 191 195 201 206 208 210 211 211 211 211 210 211 211 212 210 210 210 210 210 209 208 206 205 203 199 200 196 191 187 192 195 199 203 204 201 197 193 185 185 184 178 176 174 173 173 174 179 183 177 171 168 167 169 166 163 161 162 160 159 158 157 156 156 154 155 154 155 157 165 167 176 184 183 184 184 184 184 184
186 189 194 197 203 208 206 201 197 194 190 190 190 194 199 203 207 206 199 191 186 186 193 197 198 202 203 206 208 211 212 212 211 211 211 210 210 210 210 210 210 209 207 204 201 199 196 193 190 189 195 200 201 203 205 204 202 197 191 187 194 191 183 178 176 174 171 170 170 175 173 166 165 164 163 162 161 160 160 159 159 160 159 156 155 156 157 157 158 161 173 177 179 184 185 184 184 184 184 184
185 189 193 198 203 208 208 205 202 198 194 190 188 194 200 205 208 207 202 195 188 184 186 188 189 194 197 202 208 210 209 211 211 211 210 209 209 209 209 210 209 209 209 207 204 200 195 191 198 196 199 204 205 205 204 203 201 199 196 190 197 194 187 185 182 181 176 173 170 168 167 165 164 163 162 161 160 159 158 158 157 157 156 155 157 158 159 159 161 163 176 182 183 185 184 184 184 183 183 183
193 193 194 196 200 207 207 202 198 195 191 190 187 189 197 204 207 206 205 200 193 185 182 184 190 195 199 205 207 207 205 208 211 211 210 210 209 208 208 210 209 207 208 207 205 203 197 194 199 202 202 205 206 205 203 201 198 196 194 192 198 194 192 190 189 187 180 174 170 168 166 166 167 165 163 161 160 159 158 157 157 157 156 157 157 159 161 164 169 172 175 183 184 185 184 184 184 183 183 182
195 197 198 201 203 207 206 200 194 189 187 186 185 191 199 201 202 202 202 202 194 185 181 182 185 190 195 198 199 199 201 208 211 211 211 209 209 208 207 208 207 205 205 203 202 197 194 197 202 204 206 207 206 205 204 203 199 198 197 198 200 200 198 196 194 191 186 179 172 168 166 166 166 163 162 162 163 162 158 158 160 159 159 159 159 161 164 169 179 180 178 181 186 185 185 184 184 183 183 182
195 197 198 201 205 206 204 200 195 188 184 184 184 189 196 195 196 195 199 200 190 184 180 179 180 182 184 187 188 195 200 206 210 211 210 209 207 206 205 207 207 205 202 203 199 196 200 200 204 206 207 207 205 204 203 202 200 202 202 202 202 201 200 198 197 195 191 185 176 169 165 164 164 163 164 165 165 161 159 158 159 160 160 161 162 164 169 178 181 184 184 184 185 184 184 184 184 183 183 182
191 194 196 199 203 204 201 198 192 187 184 185 184 183 186 186 186 189 198 199 190 183 179 177 178 180 182 186 191 197 204 208 211 211 210 210 208 208 205 204 206 206 201 198 197 199 203 203 205 207 207 207 205 204 203 202 203 203 202 200 199 196 195 196 195 195 191 185 179 170 166 164 164 165 166 165 164 162 161 159 158 160 162 164 167 172 173 181 184 184 185 185 184 184 184 184 183 183 183 183
185 190 193 197 200 201 201 197 190 185 183 185 185 183 180 181 183 189 199 198 187 182 179 176 176 179 190 197 201 204 206 210 211 211 210 210 209 209 207 203 203 204 202 199 203 203 205 207 207 207 207 206 205 205 205 205 204 203 199 194 193 193 188 190 188 191 192 186 175 170 167 165 165 165 164 163 162 161 159 159 160 162 165 168 173 182 182 184 185 185 185 184 184 184 184 183 183 183 183 183
185 190 194 195 198 200 199 200 194 189 185 181 180 178 180 182 187 194 199 198 190 181 178 176 175 177 185 191 195 196 203 208 210 211 210 210 209 209 208 206 202 201 200 203 206 207 207 207 206 206 206 205 204 202 202 203 204 204 201 195 189 186 184 182 180 182 186 188 183 173 168 167 165 164 162 161 161 159 160 161 162 165 173 179 177 184 186 185 185 185 185 184 183 183 183 183 182 182 182 182
179 188 193 194 194 193 195 200 200 193 189 188 185 179 181 185 192 195 198 193 185 179 176 175 174 175 178 181 184 189 197 202 209 210 210 209 209 208 207 204 204 205 205 206 207 207 206 204 204 203 203 204 202 199 197 196 198 202 202 199 194 187 181 177 174 173 174 177 178 174 166 164 164 162 162 162 160 159 161 162 164 168 177 184 183 185 186 186 185 184 184 184 183 182 181 182 181 181 181 181
174 182 186 189 190 188 194 199 202 200 195 190 188 180 181 183 184 184 188 183 177 176 174 175 173 175 177 180 185 187 194 203 208 210 209 209 208 206 205 205 207 208 208 207 208 206 204 201 200 201 199 202 203 201 198 193 192 197 201 201 197 193 187 181 173 172 170 168 168 166 164 163 162 161 162 161 160 160 163 164 166 175 180 185 186 186 186 185 184 183 183 182 182 182 181 179 180 180 180 180
166 171 175 178 180 185 195 198 201 200 194 189 185 179 177 182 181 179 178 177 174 173 172 173 173 176 178 185 196 199 197 204 208 210 210 209 208 207 208 208 208 209 208 208 207 204 201 201 198 200 197 196 199 200 199 194 187 191 197 198 196 194 189 180 174 173 170 167 165 164 163 162 162 161 161 160 160 162 164 166 169 175 183 186 187 186 185 184 184 183 180 178 180 180 180 179 175 180 180 178
163 164 166 169 172 183 191 194 199 198 194 188 186 181 174 177 180 177 175 172 171 170 171 171 174 176 179 185 192 202 205 207 209 210 210 210 209 209 210 209 209 208 207 206 206 205 202 198 195 195 197 191 192 195 197 192 187 185 190 193 190 188 188 184 175 170 168 167 166 163 165 164 163 166 164 162 161 164 165 168 173 179 183 186 187 186 184 181 181 182 181 176 171 170 170 176 174 172 179 178
163 163 163 164 169 181 191 192 193 193 192 187 184 182 178 173 173 171 169 169 168 169 170 172 175 181 187 188 198 202 205 210 211 210 210 210 210 209 209 209 209 208 207 205 203 204 204 201 196 190 190 190 186 189 193 190 184 180 182 186 186 180 178 178 175 168 165 164 166 164 167 166 164 167 166 163 161 165 169 172 177 182 185 186 186 185 183 176 172 177 178 173 172 160 159 160 162 164 174 176
163 163 163 163 166 179 190 192 190 188 186 181 176 172 169 168 168 168 167 167 168 169 171 173 176 183 196 200 199 205 209 210 211 210 210 210 210 209 208 208 208 208 208 206 203 200 200 202 199 195 189 185 183 182 183 185 186 180 176 176 178 177 173 171 168 166 165 164 165 166 167 166 164 165 167 164 162 165 175 179 182 184 186 186 186 185 183 179 167 164 165 164 161 156 154 155 154 155 157 161
