# 100 100
205 203 200 196 185 170 176 180 180 181 181 179 176 174 172 171 169 170 171 171 170 170 168 172 172 171 167 163 161 160 161 159 156 153 152 151 149 150 151 150 148 147 148 147 147 147 147 147 147 147 148 147 145 145 144 143 143 144 144 145 143 143 143 142 144 142 142 141 140 140 141 141 143 147 146 145 145 145 145 146 147 151 145 141 140 135 134 134 134 134 134 134 134 134 134 134 134 134 134 134
208 204 199 194 179 172 184 186 183 187 187 187 185 183 180 179 176 178 178 178 176 176 173 176 177 173 172 168 167 166 164 161 157 156 155 154 152 150 152 150 149 148 147 147 148 148 148 149 149 147 145 145 144 145 144 144 145 145 145 144 144 143 143 143 143 142 141 141 140 141 142 142 144 146 147 146 145 145 146 145 148 157 147 141 139 135 134 134 134 134 134 134 134 134 134 134 134 134 134 134
207 203 198 187 172 184 191 190 187 191 194 196 195 194 191 189 186 186 187 185 183 182 181 181 181 180 178 172 175 172 167 164 161 159 160 158 155 151 153 152 150 149 148 147 148 148 148 149 150 148 147 147 147 147 147 147 147 146 147 145 144 143 143 143 142 141 142 142 141 140 142 143 146 147 148 147 144 144 145 145 147 149 144 141 139 135 134 134 134 134 134 134 134 134 134 134 134 134 134 134
200 198 191 178 177 193 196 193 188 193 198 201 203 203 202 200 197 197 196 195 194 193 191 190 189 188 183 180 180 178 174 171 167 165 165 162 157 153 153 154 150 149 150 147 148 148 148 149 149 146 147 148 149 148 148 149 148 147 146 145 144 143 144 143 141 141 141 140 142 141 142 144 148 150 146 145 144 144 144 144 144 146 142 142 140 134 134 134 134 134 134 134 134 134 134 134 134 134 134 134
179 177 176 176 192 200 200 195 191 190 196 202 206 208 210 210 208 208 207 206 204 203 202 201 199 196 192 189 188 185 182 177 174 171 168 162 157 153 153 154 152 152 151 148 148 147 147 147 148 149 146 147 150 151 150 150 149 147 146 145 144 144 143 143 142 143 142 145 142 140 142 143 145 145 144 145 146 145 144 143 143 145 142 144 141 134 134 134 134 134 134 134 134 134 134 134 134 134 134 134
178 184 186 189 198 206 205 200 196 193 195 197 204 209 213 216 217 218 217 217 215 214 213 210 205 206 202 198 196 193 188 183 178 172 166 159 156 155 155 154 154 153 150 149 148 147 147 147 147 149 147 146 147 150 152 151 150 147 146 146 146 145 143 142 141 142 142 141 141 140 140 142 143 143 143 144 142 143 144 143 144 146 141 143 141 134 134 134 134 134 134 134 134 134 134 134 134 134 134 134
188 197 201 205 208 213 213 209 204 199 199 200 199 206 212 218 222 224 225 225 224 224 223 220 216 214 208 204 201 197 191 186 179 170 160 161 162 160 158 156 153 150 149 149 148 148 147 147 146 146 147 148 146 149 152 151 151 147 146 147 146 144 143 143 143 141 141 141 141 141 142 141 141 141 141 141 143 142 142 144 145 143 141 142 140 134 134 134 134 134 134 134 134 134 134 134 134 134 134 134
199 206 214 219 221 223 223 220 214 208 204 204 200 203 211 217 222 225 226 227 227 227 226 223 221 218 212 207 201 192 187 184 178 166 161 171 170 166 162 158 152 150 149 149 149 148 148 147 147 146 146 146 147 150 152 151 150 148 147 147 146 144 144 143 142 141 142 141 141 141 143 143 140 141 141 144 146 146 143 141 143 142 142 143 139 135 134 134 134 134 134 134 134 134 134 134 134 134 134 134
209 216 222 228 231 232 232 229 223 217 212 208 204 202 206 211 216 219 222 224 224 224 222 221 218 214 210 203 193 184 177 174 165 166 171 173 173 170 165 158 151 150 150 151 150 150 149 148 147 147 147 147 148 151 154 151 151 149 148 150 149 146 144 143 143 142 142 144 142 142 143 144 141 141 141 145 147 147 145 144 141 142 143 142 140 134 134 134 134 134 134 134 134 134 134 134 134 134 134 134
216 225 230 234 237 238 237 234 230 224 217 212 206 203 199 200 204 207 210 212 213 212 210 209 207 205 202 195 184 181 176 167 167 174 173 171 169 164 158 153 151 152 155 156 154 152 150 150 149 148 149 150 148 151 154 152 151 152 151 151 151 149 146 145 144 142 142 144 143 143 144 144 142 141 141 144 147 147 145 145 145 143 143 142 140 135 134 134 134 134 134 134 134 134 134 134 134 134 134 134
208 228 235 239 241 241 239 236 231 226 220 214 210 205 200 194 191 191 193 194 194 192 192 194 192 190 189 185 174 171 167 169 174 175 172 167 162 155 153 152 154 154 156 159 159 155 151 150 149 148 149 148 147 149 150 151 155 159 154 152 151 151 148 147 146 143 143 145 144 145 147 144 142 143 142 144 146 147 146 146 145 144 143 143 141 135 134 134 134 134 134 134 134 134 134 134 134 134 134 134
214 218 235 240 241 242 239 235 229 223 219 215 210 206 200 195 189 184 181 181 179 178 184 188 186 180 177 174 168 171 176 178 176 173 167 162 156 153 155 157 158 155 155 158 160 159 155 152 149 148 149 148 148 148 150 154 156 156 155 153 152 151 149 148 148 144 143 145 145 145 147 146 146 143 142 144 145 145 146 146 147 146 145 144 142 135 134 134 134 134 134 134 134 134 134 134 134 134 134 134
228 217 230 238 242 241 238 234 228 221 214 208 207 203 199 195 188 183 185 188 187 182 177 183 185 182 175 169 174 180 180 181 176 170 166 160 154 155 159 161 159 157 157 159 162 162 160 157 152 151 149 149 148 148 149 151 153 154 154 155 153 151 150 149 149 146 143 144 144 145 145 147 146 144 143 143 144 144 145 147 149 149 146 143 142 135 134 134 134 134 134 134 134 134 134 134 134 134 134 134
237 231 235 240 243 240 236 231 227 221 213 204 198 194 192 188 186 190 191 191 192 189 182 176 174 173 174 177 181 187 185 184 179 172 166 159 154 158 164 164 160 160 162 164 165 167 166 162 156 156 153 150 148 149 148 149 151 153 154 152 152 151 150 150 149 147 143 142 143 144 146 146 146 144 143 143 144 144 146 147 149 148 147 143 142 136 134 134 134 134 134 134 134 134 134 134 134 134 134 134
243 240 243 245 244 240 235 228 221 217 208 199 196 197 193 195 195 194 196 194 195 195 190 186 181 181 189 191 192 194 191 186 179 169 162 157 157 163 168 169 165 165 168 169 171 171 170 166 159 162 159 154 150 149 149 149 150 153 153 151 150 150 148 148 147 146 143 142 142 142 143 145 145 143 143 143 143 144 146 148 150 149 145 141 141 136 134 134 134 134 134 134 134 134 134 134 134 134 134 134
251 247 249 248 245 239 231 223 216 211 205 199 204 202 197 200 201 198 200 199 198 201 199 197 194 193 196 199 199 199 194 185 176 166 159 156 161 169 174 174 171 169 174 175 176 177 175 169 162 167 167 162 155 151 149 149 150 152 152 151 149 148 146 146 145 144 144 143 142 143 143 144 145 144 144 144 146 145 145 147 149 148 143 142 142 137 134 134 134 134 134 134 134 134 134 134 134 134 134 134
258 255 253 250 245 237 226 215 208 204 203 209 211 208 203 202 205 203 203 204 203 205 207 206 204 203 203 203 201 199 194 184 173 163 159 157 163 173 180 180 177 172 178 180 181 181 177 172 165 170 171 169 162 155 152 151 150 150 150 150 151 148 147 146 145 144 144 143 143 143 143 144 144 146 146 146 148 148 145 146 147 146 142 144 144 137 134 134 134 134 134 134 134 134 134 134 134 134 134 134
265 262 256 248 240 231 221 214 208 211 209 215 218 216 212 209 210 211 211 211 209 210 213 212 211 209 206 203 198 194 188 179 170 164 161 157 164 176 184 185 182 176 179 182 184 183 178 171 168 174 175 172 166 159 154 152 152 150 150 150 152 151 149 148 147 146 144 143 143 143 143 143 144 146 147 147 148 148 145 145 145 144 143 142 143 139 134 134 134 134 134 134 134 134 134 134 134 134 134 134
271 267 260 250 240 234 229 223 215 219 218 220 223 224 223 221 220 220 220 219 216 216 216 215 212 208 203 197 190 185 179 173 168 164 160 157 166 177 186 189 186 180 183 185 186 185 178 172 174 177 178 175 170 162 155 154 154 151 150 150 151 152 150 149 148 148 146 144 144 144 143 143 143 145 146 147 148 146 146 144 144 145 143 142 143 140 135 134 134 134 134 134 134 134 134 134 134 134 134 134
275 270 262 254 247 239 233 226 220 226 228 227 227 231 231 230 229 228 226 224 221 218 216 213 208 203 195 185 177 173 170 169 167 163 158 159 168 179 188 193 191 186 185 189 190 187 181 180 182 182 181 175 169 162 156 156 158 156 153 151 151 151 150 150 149 149 147 145 145 145 145 144 143 145 146 147 147 145 144 144 144 144 143 143 143 141 135 134 134 134 134 134 134 134 134 134 134 134 134 134
275 267 258 251 244 236 229 226 230 234 236 236 235 236 236 235 233 231 228 224 221 216 210 204 199 193 185 175 169 168 166 166 164 161 160 163 172 182 191 196 197 193 189 191 193 190 184 189 189 187 183 177 169 163 157 158 163 164 161 154 153 151 151 150 149 149 148 148 146 146 147 146 145 145 146 145 144 144 144 143 143 145 144 143 145 144 136 134 134 134 134 134 134 134 134 134 134 134 134 134
275 265 255 247 240 234 232 233 238 241 243 243 242 241 239 235 231 226 222 217 213 208 200 191 186 179 174 169 165 163 162 162 161 160 162 166 173 183 192 198 200 199 196 194 196 192 188 193 194 191 183 174 167 162 160 162 166 170 167 159 154 153 152 151 150 149 148 149 148 147 147 146 145 145 145 145 144 144 143 144 145 145 146 145 146 145 137 134 134 134 134 134 134 134 134 134 134 134 134 134
278 271 264 256 248 242 238 237 240 244 246 246 244 241 236 230 222 214 208 203 199 194 187 178 172 169 167 165 166 166 166 165 165 163 161 167 173 181 191 196 201 203 202 199 199 198 194 195 197 193 186 176 168 163 162 166 171 174 171 163 157 156 156 155 155 153 150 149 149 148 147 147 146 146 145 144 145 144 143 143 145 145 146 146 146 147 138 134 134 134 134 134 134 134 134 134 134 134 134 134
279 275 269 262 256 250 247 245 243 245 246 245 243 240 234 225 213 201 191 185 183 180 174 172 170 170 169 171 172 171 168 167 168 167 164 165 172 178 186 194 201 205 206 204 202 199 196 198 199 195 188 181 174 166 166 169 175 179 175 167 161 161 160 160 158 156 153 151 151 150 149 148 146 146 145 146 145 144 143 143 145 146 146 145 146 148 142 135 134 134 134 134 134 134 134 134 134 134 134 134
276 273 269 265 260 256 252 249 246 245 243 241 238 234 228 220 211 201 190 181 175 173 174 175 176 175 175 176 176 175 172 171 170 169 166 163 172 180 184 188 197 204 208 209 207 204 200 201 202 197 189 182 174 170 174 175 181 183 176 168 166 165 164 163 162 161 158 156 154 153 152 150 148 147 146 145 153 149 144 144 145 146 147 147 146 148 145 136 134 134 134 134 134 134 134 134 134 134 134 134
264 262 263 262 258 254 252 249 246 242 235 231 226 220 213 206 199 191 181 176 177 177 181 183 182 182 182 183 184 183 180 177 174 171 168 165 170 173 177 185 193 201 208 211 212 210 208 207 206 199 188 179 175 176 182 181 186 187 179 171 172 170 171 171 169 167 166 165 163 159 155 153 153 150 147 146 146 150 149 144 145 145 146 146 145 147 148 140 134 134 134 134 134 134 134 134 134 134 134 134
248 253 257 253 248 243 244 244 243 240 232 218 208 199 191 186 183 180 180 188 189 188 190 194 195 195 196 197 198 196 192 187 181 176 171 166 170 173 176 181 187 195 205 213 217 217 216 215 213 206 197 188 183 182 188 188 193 190 182 177 178 175 178 180 177 175 175 173 174 168 164 162 158 155 152 148 146 146 146 146 145 145 144 145 145 145 147 146 136 134 134 134 134 134 134 134 134 134 134 134
228 239 250 248 240 229 225 231 235 234 229 218 201 188 182 184 185 188 195 205 204 205 206 207 211 213 214 216 216 213 207 199 190 182 174 166 171 174 175 179 182 192 204 214 219 221 222 223 219 214 206 199 192 188 194 196 198 193 184 183 186 182 184 187 186 184 180 180 182 179 172 174 167 161 158 153 150 148 147 146 145 145 145 145 147 147 147 148 140 134 134 134 134 134 134 134 134 134 134 134
241 220 235 238 236 231 218 211 218 219 215 206 194 186 195 202 206 211 216 217 220 222 222 222 225 227 228 229 228 225 219 211 201 189 176 168 174 175 178 180 183 192 201 209 217 222 224 225 221 216 211 206 200 197 198 203 203 196 188 189 191 189 187 192 192 189 183 182 186 184 179 182 178 174 167 162 156 152 150 148 147 146 145 145 146 146 147 147 147 136 134 134 134 134 134 134 134 134 134 134
254 233 216 212 211 215 218 205 195 194 192 192 196 201 208 215 225 228 231 230 232 234 235 234 236 236 236 234 232 228 223 215 205 191 174 173 181 178 183 186 185 194 196 200 208 214 216 217 214 210 209 209 208 207 206 210 208 202 196 195 197 197 193 193 195 191 187 184 188 190 185 187 188 185 180 174 165 158 154 152 150 148 145 145 145 145 145 146 150 140 134 134 134 134 134 134 134 134 134 134
264 253 241 231 224 212 199 196 205 216 208 207 218 221 224 225 232 237 240 240 240 240 240 240 240 239 237 234 230 225 219 212 202 185 171 179 186 183 184 192 186 187 187 187 192 197 200 203 201 202 207 210 214 214 215 216 214 210 204 203 205 204 202 199 198 196 193 190 194 196 194 191 193 194 190 184 175 167 162 158 153 150 146 145 145 145 145 145 148 144 135 134 134 134 134 134 134 134 134 134
267 260 251 241 228 209 205 214 221 225 216 208 228 234 237 238 236 239 243 243 242 240 240 239 237 235 231 226 217 207 199 194 187 174 179 185 191 189 185 191 191 185 182 180 179 181 184 187 192 200 203 209 215 219 221 220 216 210 206 207 210 210 208 206 204 203 200 198 199 201 200 199 198 198 194 188 181 175 171 164 159 153 149 146 145 145 145 145 147 146 140 134 134 134 134 134 134 134 134 134
259 255 249 240 223 201 225 231 233 233 225 209 219 240 244 245 244 243 243 243 239 233 231 230 228 224 218 209 196 182 179 176 175 178 188 190 195 195 190 190 194 190 188 184 178 174 177 178 186 190 196 206 213 219 221 219 211 200 197 202 208 212 212 211 209 208 206 205 205 205 205 204 202 201 199 194 187 183 180 171 164 159 153 149 146 146 146 145 147 147 146 141 137 135 134 134 134 134 134 134
238 238 236 231 218 200 229 240 244 243 236 223 225 234 245 249 249 248 245 238 231 221 216 216 214 207 200 192 183 182 185 181 182 183 193 198 200 201 197 195 195 192 191 187 183 176 170 172 175 178 186 197 209 215 216 212 195 178 178 190 202 209 212 212 211 209 208 208 209 208 207 205 203 203 202 199 195 191 188 183 176 167 159 154 150 147 146 146 146 146 147 145 146 142 134 134 134 134 134 134
216 214 214 211 207 201 223 244 251 252 248 238 235 239 244 251 253 252 247 238 224 215 208 204 200 194 187 183 186 190 189 185 189 187 192 202 205 205 203 198 192 184 183 183 181 177 170 166 167 169 177 192 202 207 207 200 182 167 170 179 195 203 204 203 203 204 204 206 206 205 204 200 198 200 201 201 199 195 191 187 182 176 164 161 157 150 146 146 146 146 146 147 147 148 136 134 134 134 134 134
212 219 221 222 220 212 223 240 255 260 259 252 245 249 253 256 259 257 252 243 232 221 216 212 205 198 192 187 197 196 193 193 196 196 192 202 208 210 206 198 189 180 176 176 175 174 168 165 164 163 166 178 187 192 192 187 174 165 164 175 187 189 184 180 178 177 185 194 197 195 191 187 185 191 197 198 196 192 186 181 177 172 165 162 160 153 146 146 146 146 146 147 147 149 143 134 134 134 134 134
223 238 239 238 234 217 238 244 256 264 266 264 259 258 261 263 263 261 256 249 240 231 224 218 212 201 191 196 206 203 199 203 205 204 201 201 210 213 210 200 189 179 173 172 169 169 166 163 162 161 161 162 166 167 167 166 161 159 160 172 179 171 163 161 160 159 163 175 184 180 169 165 168 180 190 193 190 183 175 167 165 163 158 156 153 147 146 147 147 147 147 147 148 147 147 137 134 134 134 134
236 252 254 252 246 229 234 252 259 267 271 270 267 265 265 265 264 261 256 250 243 233 222 212 202 195 207 208 213 211 207 212 214 213 211 207 213 217 214 206 194 185 178 178 172 167 164 162 162 163 161 160 160 159 160 159 159 158 157 162 167 160 156 155 154 154 154 158 171 168 159 156 156 161 175 181 177 168 158 151 152 154 151 147 147 146 147 147 147 147 147 147 149 148 146 142 134 134 134 134
250 260 264 262 254 240 222 248 261 268 272 273 271 268 265 261 258 253 249 244 237 226 208 199 200 212 218 220 221 219 214 219 223 223 220 217 217 221 219 212 203 194 185 183 176 167 164 162 168 172 168 165 163 163 164 165 164 162 158 156 156 155 156 156 161 161 155 153 156 161 155 152 152 151 153 157 157 152 148 150 152 153 150 149 148 148 148 148 149 150 149 149 149 148 148 147 139 134 134 134
252 267 269 267 257 236 240 237 257 267 272 272 269 263 257 250 244 236 231 225 215 206 204 213 207 220 226 229 229 227 222 226 230 230 229 225 222 224 223 218 210 201 192 187 176 167 165 163 163 172 179 179 178 175 172 176 178 176 168 162 159 159 163 164 173 177 168 157 153 153 153 152 151 151 150 149 149 149 151 157 159 161 158 156 154 155 157 155 153 153 152 152 151 150 149 150 149 136 134 134
252 272 274 272 264 247 260 255 261 270 273 271 264 254 244 237 226 216 213 215 212 222 222 223 214 222 233 237 237 234 229 230 235 236 235 231 227 228 225 220 213 205 198 190 177 168 166 165 163 167 180 187 190 186 179 181 186 187 182 176 173 177 182 180 181 189 182 169 157 154 154 154 162 160 155 154 155 155 161 162 165 166 165 164 161 160 164 161 158 158 156 155 156 155 152 153 155 148 134 134
260 272 279 279 274 262 270 268 266 271 273 270 263 251 239 225 223 228 230 229 223 234 234 232 223 227 234 241 243 242 235 233 238 240 238 234 231 228 225 218 210 203 199 192 181 169 167 166 164 166 177 190 195 195 191 189 191 195 195 195 192 195 196 185 194 197 189 172 163 163 162 170 181 178 172 167 167 166 171 173 169 172 171 169 165 164 169 166 163 165 165 161 160 164 163 160 158 155 145 134
276 273 278 283 281 274 274 276 274 273 271 268 262 252 237 231 242 243 240 233 232 241 242 239 231 235 238 244 248 247 242 240 242 242 240 236 233 229 221 212 202 195 196 193 185 176 171 166 165 166 175 188 195 198 199 199 200 204 206 207 207 207 204 197 203 202 192 170 176 181 183 188 194 192 186 179 181 179 180 184 176 179 181 178 170 168 172 170 168 170 170 167 166 168 169 165 163 164 162 148
287 285 283 285 286 283 278 281 278 271 264 255 247 240 239 246 253 252 247 238 240 247 249 247 241 238 244 249 251 251 248 246 244 243 240 237 233 228 219 208 199 192 188 190 188 182 174 167 165 166 173 182 187 194 200 204 207 210 213 216 217 215 209 206 210 205 191 172 177 187 196 201 202 202 198 194 195 194 192 190 184 188 189 184 174 175 181 174 171 176 175 169 172 171 171 167 169 171 169 166
293 293 293 292 291 290 286 284 282 275 266 257 258 257 254 258 261 261 256 247 246 252 255 254 249 243 247 253 254 253 250 246 242 238 236 235 232 226 217 205 194 189 184 182 184 180 171 167 166 170 175 177 179 187 195 202 206 211 216 221 223 221 217 215 216 211 201 192 181 190 195 204 208 210 208 206 206 205 202 198 192 196 194 189 178 181 186 180 175 181 180 174 177 175 171 173 174 174 171 171
295 297 297 297 297 295 292 290 287 282 274 265 267 268 267 268 268 267 263 256 254 258 261 261 256 253 252 255 255 252 247 242 236 230 229 229 227 223 217 207 197 191 186 179 175 175 171 168 166 169 173 175 178 183 189 196 202 210 218 224 227 228 226 224 222 218 211 206 201 203 205 209 214 216 217 215 215 213 208 202 197 201 198 191 180 187 189 184 177 184 184 178 182 180 175 177 178 176 173 174
292 295 297 298 298 298 297 295 292 288 281 276 275 276 274 273 271 269 266 262 261 262 264 263 262 260 258 256 254 250 242 234 226 219 220 218 216 216 215 209 202 194 186 177 175 172 169 168 167 167 172 178 181 184 186 193 200 208 216 225 231 232 231 229 225 222 217 213 213 213 212 215 219 220 221 220 218 215 210 204 204 205 202 191 183 194 192 183 179 186 187 182 186 184 180 180 180 181 179 179
284 288 291 293 295 297 297 296 295 291 287 283 280 277 275 271 268 264 262 263 263 262 262 262 261 261 259 256 252 246 238 229 223 218 211 205 202 203 209 207 201 190 180 184 182 176 173 170 168 167 172 178 185 190 193 194 203 211 218 226 231 233 232 228 223 221 220 219 219 218 217 219 221 222 221 220 219 216 215 213 211 210 205 193 190 200 197 188 186 189 188 185 190 190 185 186 184 185 185 183
272 276 277 280 283 289 293 293 292 289 287 283 279 274 268 262 256 253 256 258 258 256 255 254 255 256 254 251 246 239 234 230 227 222 214 205 196 195 193 193 188 185 190 190 183 178 175 171 167 167 172 178 185 193 198 199 201 210 218 224 228 229 228 224 218 219 221 220 219 219 219 220 221 221 219 217 217 220 220 220 219 216 208 200 198 206 203 194 193 197 195 190 195 195 190 191 187 186 186 182
264 263 255 256 265 279 286 286 283 280 280 279 275 267 257 248 242 245 250 251 249 246 244 242 243 246 247 245 238 231 227 229 225 220 213 205 202 201 194 187 193 197 197 191 182 175 173 169 167 170 173 177 184 193 200 204 204 207 213 220 223 221 219 217 212 216 218 217 215 216 218 218 220 219 214 216 217 221 224 224 223 219 212 207 206 212 207 198 202 204 201 196 198 197 193 192 187 183 183 181
259 249 239 254 264 278 281 275 270 266 267 272 271 263 252 241 233 240 243 244 238 235 233 230 233 239 243 243 240 232 222 221 217 211 206 204 208 204 196 193 198 202 199 192 183 177 176 169 168 170 173 182 190 196 200 205 209 209 213 218 217 212 212 213 209 211 214 213 210 211 214 215 217 216 214 220 221 221 225 226 225 221 218 213 214 217 211 205 210 210 207 201 204 200 196 193 187 186 187 184
247 233 258 273 277 280 279 270 257 250 260 266 267 262 252 242 232 228 239 240 233 223 223 231 236 242 246 246 243 235 224 215 212 211 210 210 211 206 203 202 203 203 198 190 182 181 176 169 169 170 172 180 191 200 206 210 213 214 216 216 213 207 209 210 206 204 207 208 205 209 211 210 211 210 216 221 224 222 223 226 226 223 221 216 221 221 216 211 215 214 210 206 209 205 199 194 191 189 188 186
231 255 272 279 281 281 278 271 259 246 256 258 263 262 255 243 231 221 233 234 227 216 224 231 238 244 247 248 247 241 234 228 224 223 221 219 218 215 213 211 208 204 195 187 184 182 173 168 170 173 172 175 187 200 208 213 215 217 217 214 208 202 205 207 204 199 201 202 201 205 206 203 207 214 221 224 226 224 224 226 227 226 223 220 223 225 220 215 219 218 214 212 211 207 200 198 197 194 195 192
235 257 267 272 274 273 270 264 255 241 250 252 259 260 256 248 237 224 221 226 215 217 228 235 241 244 246 248 248 246 243 240 237 234 232 229 226 223 220 216 210 201 191 183 182 177 170 169 172 174 173 173 182 193 203 210 214 216 216 211 203 197 203 205 203 200 195 195 197 200 201 204 211 217 223 226 227 227 226 228 230 230 228 228 229 229 225 221 221 219 217 213 210 206 202 205 203 196 202 199
240 251 257 261 262 261 257 251 244 233 232 240 246 249 249 246 241 232 216 216 210 226 234 238 240 240 241 243 245 246 246 244 242 240 238 235 232 228 222 215 206 194 185 178 178 174 170 169 172 175 174 174 177 182 188 198 207 211 212 207 199 195 201 203 201 198 192 198 203 207 208 208 211 217 223 226 228 229 229 229 232 234 234 234 234 232 228 224 221 219 218 216 212 210 209 210 209 201 206 203
235 241 245 247 249 248 245 239 233 226 220 228 232 233 233 234 232 228 219 205 206 223 230 233 234 232 230 232 236 240 241 241 240 239 237 235 231 226 219 210 199 187 181 180 175 173 171 169 171 175 176 174 175 176 178 183 193 201 207 206 201 194 194 199 197 191 192 199 203 208 212 212 213 217 220 225 228 231 232 232 233 236 238 238 237 234 230 225 221 221 222 220 217 215 214 212 209 202 204 203
224 227 230 231 234 236 235 229 223 219 214 219 218 217 216 217 219 219 215 205 199 211 216 217 218 218 217 218 224 228 231 232 233 233 231 229 224 218 211 205 196 189 188 186 179 174 172 170 171 177 181 177 175 177 181 179 181 187 193 196 198 192 186 190 189 189 195 201 205 209 214 215 217 221 223 224 228 232 234 235 234 237 240 239 238 236 232 228 225 224 225 224 221 219 218 212 204 198 196 197
210 211 213 214 218 222 224 221 215 211 207 212 209 208 205 205 206 208 208 204 197 200 204 203 202 202 202 203 207 211 214 217 219 221 220 218 213 205 198 195 197 194 192 187 178 173 172 171 172 180 187 184 179 178 186 187 187 183 183 184 188 187 190 190 194 196 194 197 204 212 216 219 221 223 224 224 227 231 234 236 237 238 239 238 237 236 235 232 229 228 227 224 220 217 216 209 200 195 195 194
197 197 198 199 202 207 211 210 209 208 201 203 204 205 201 200 199 204 203 199 197 193 198 199 194 194 193 194 195 195 197 200 202 203 202 202 198 190 182 180 184 187 186 179 173 172 171 172 176 184 191 191 186 179 186 194 198 197 195 191 188 196 200 194 197 203 201 199 203 209 215 219 222 223 222 221 223 228 232 235 238 238 238 236 234 235 236 234 231 229 227 223 215 211 211 203 197 201 202 199
195 195 195 194 194 195 198 199 205 205 200 196 201 206 202 198 198 205 203 197 194 190 197 198 192 190 188 190 190 188 192 192 189 189 185 183 181 177 176 175 175 175 174 174 173 172 173 175 181 186 192 195 191 182 182 194 203 207 208 206 204 206 209 203 198 208 206 203 211 209 212 219 222 221 219 223 224 224 228 233 237 239 238 235 232 234 235 233 230 228 225 220 212 205 201 198 201 207 206 203
198 196 196 194 193 192 192 195 201 205 204 197 197 206 203 196 194 198 197 193 188 190 195 194 189 186 185 185 186 185 192 190 185 186 181 177 177 177 176 176 176 175 174 174 174 174 175 176 182 188 193 198 196 187 181 191 203 211 214 215 214 214 214 208 201 211 210 205 214 217 215 216 220 217 220 225 228 227 226 232 237 239 238 236 231 232 232 229 225 223 221 215 208 202 202 203 207 212 211 208
200 199 202 198 193 192 192 191 195 201 202 198 193 201 201 197 190 190 188 187 187 192 192 188 184 183 182 181 181 184 189 188 182 181 179 177 178 178 178 180 180 176 177 176 178 179 180 179 183 188 195 201 199 190 182 187 198 208 215 218 218 217 215 209 202 213 214 207 213 219 220 219 217 217 220 226 229 230 227 231 236 238 238 236 233 228 227 224 220 217 218 212 205 205 209 209 211 216 215 214
199 204 211 207 200 194 192 191 190 191 192 191 188 188 189 190 188 186 185 185 185 189 190 185 182 182 181 181 181 181 181 182 179 178 178 179 179 180 182 183 181 177 180 181 182 186 186 183 185 193 200 204 202 192 183 184 190 201 209 214 215 215 215 214 204 213 217 214 210 212 215 216 218 223 223 227 231 232 230 230 234 236 237 236 232 226 223 218 216 214 213 208 208 213 214 215 216 219 221 222
205 205 214 213 210 203 195 193 191 190 189 189 188 188 187 186 186 185 185 184 184 183 183 182 182 182 182 181 181 180 179 179 179 179 180 181 181 184 187 186 186 182 183 186 184 188 191 187 188 194 202 207 205 195 185 186 192 194 198 205 208 209 211 214 210 207 217 221 220 217 216 217 221 227 228 228 233 235 234 233 233 234 236 236 231 224 220 221 221 216 212 210 218 222 222 222 224 223 227 229
211 206 212 211 207 201 200 201 197 195 194 195 195 196 193 191 189 189 189 189 187 185 183 183 183 185 188 185 183 181 180 180 179 180 182 182 182 185 190 189 190 187 186 191 190 191 194 190 194 201 207 210 206 195 185 189 199 203 201 199 202 204 208 213 215 209 210 221 226 226 225 225 225 229 232 233 235 239 239 238 237 236 237 238 234 228 226 229 229 225 216 216 226 231 231 230 232 229 232 234
212 210 215 212 209 207 209 213 212 209 206 208 207 208 205 201 199 202 200 199 194 192 192 189 188 192 196 191 188 188 184 183 182 182 184 184 183 185 193 192 193 192 189 194 198 199 199 196 200 207 212 213 207 195 187 191 203 209 209 206 208 210 211 213 217 215 215 215 226 229 231 231 232 234 237 238 240 242 243 242 240 239 240 241 239 235 236 237 235 229 219 220 232 237 239 236 237 236 238 239
219 221 226 226 223 218 221 230 230 226 222 221 222 222 218 214 211 213 212 209 204 201 204 199 196 198 201 196 194 196 193 190 188 187 189 189 185 185 194 196 198 197 194 195 203 206 205 203 205 211 216 216 208 193 188 194 204 212 215 214 215 217 218 216 220 219 219 216 223 229 230 232 235 238 239 241 243 244 244 243 242 242 243 242 242 242 242 241 239 233 224 222 233 240 244 242 241 241 240 240
226 229 235 238 237 229 231 243 245 244 241 239 239 239 233 230 226 226 225 222 218 214 214 210 207 205 207 203 203 205 204 200 198 196 195 194 188 185 193 200 203 203 200 197 204 210 212 211 210 216 219 217 205 190 195 196 204 213 219 221 223 224 224 222 223 224 221 221 217 224 226 229 234 237 239 239 240 241 242 242 242 243 242 241 242 243 244 243 239 233 225 225 233 240 243 243 243 241 239 239
228 229 233 240 241 234 229 242 250 253 254 254 252 253 250 247 242 241 241 239 234 229 225 223 220 216 215 214 212 215 214 210 208 205 201 197 189 186 190 201 207 208 206 203 202 210 216 218 217 221 222 216 202 190 199 202 205 214 220 225 228 229 230 230 229 229 226 225 221 221 223 227 231 233 234 234 234 236 238 239 240 241 239 239 239 240 242 242 237 231 227 230 234 237 241 245 242 238 236 235
239 237 237 242 246 242 232 235 246 254 260 262 263 264 263 261 257 256 256 254 250 245 240 237 233 229 226 224 222 223 223 220 217 212 205 197 189 187 189 196 206 212 213 212 210 210 218 223 225 226 224 214 199 191 197 201 207 214 219 222 226 229 231 233 235 235 233 232 230 228 227 224 224 227 228 228 231 234 235 236 238 238 238 239 240 240 239 238 235 230 227 230 232 237 243 244 239 235 230 225
251 249 248 248 252 251 245 239 242 252 260 266 269 272 273 272 270 268 267 266 262 259 255 250 246 242 238 235 232 230 229 227 223 217 207 197 189 189 191 194 202 213 220 222 220 218 219 227 230 230 225 213 199 193 199 207 209 212 215 219 223 226 231 238 242 244 244 243 241 240 239 236 232 230 231 233 233 235 237 237 237 237 239 242 243 241 237 235 235 233 231 233 235 239 240 241 239 231 218 176
263 263 261 260 260 261 257 252 250 253 259 266 271 273 275 276 275 273 271 270 269 268 266 262 258 254 250 245 241 237 235 232 227 218 205 192 192 192 194 197 203 213 224 229 230 228 227 229 232 230 224 212 201 196 204 212 220 223 225 229 232 236 238 242 249 252 252 251 251 250 249 246 241 238 236 237 238 235 238 240 240 241 242 246 248 245 242 242 242 238 236 238 236 239 240 239 228 187 139 134
276 277 275 273 271 269 265 260 255 253 254 257 261 266 271 274 274 270 260 263 268 269 269 268 266 261 255 249 243 238 234 229 221 205 193 200 206 196 199 205 208 218 226 233 236 236 236 234 232 228 222 212 203 204 216 223 230 234 236 239 242 244 246 249 253 257 258 258 258 256 254 250 247 244 243 244 243 239 241 243 244 246 247 250 254 251 249 248 248 245 244 242 242 231 200 153 134 134 134 134
285 287 285 282 275 263 259 256 251 250 246 241 237 238 247 263 269 267 255 246 255 255 259 264 264 257 243 230 224 214 203 200 198 195 199 218 218 208 200 213 218 221 228 236 240 242 240 234 227 224 219 212 202 210 227 234 239 242 244 245 248 250 252 254 256 259 260 261 261 259 257 254 253 254 249 248 244 242 242 246 247 248 250 253 258 257 254 252 248 222 201 181 151 134 134 134 134 134 134 134
293 292 287 271 270 277 275 267 267 265 257 250 248 251 241 234 246 252 251 234 222 219 220 241 250 241 229 221 210 201 214 201 211 217 220 226 227 217 202 210 223 229 233 237 243 244 239 231 222 217 213 212 206 212 231 240 244 245 245 245 247 249 251 253 255 257 259 260 262 264 265 260 258 260 252 249 244 246 246 251 251 251 245 227 217 202 190 162 134 134 134 134 134 134 134 134 134 134 134 134
295 291 278 274 288 286 279 277 274 261 260 262 268 265 260 249 236 233 229 227 235 246 236 217 215 208 214 216 214 226 229 208 233 239 239 237 235 225 214 210 224 232 238 242 243 242 237 229 221 217 217 216 207 210 227 237 241 241 238 237 239 241 244 248 252 253 257 257 251 249 245 233 228 227 225 222 226 226 220 201 179 153 135 134 134 134 134 134 134 134 134 134 134 134 134 134 134 134 134 134
289 277 281 292 293 289 287 280 266 269 282 285 283 277 273 267 259 263 257 252 254 251 239 215 222 216 240 249 249 245 233 209 207 234 245 245 242 235 226 212 222 233 240 243 244 242 235 228 222 221 221 217 209 216 217 228 231 230 231 235 237 239 241 241 240 240 235 225 217 211 210 207 204 202 199 197 195 177 148 137 135 134 134 134 134 134 134 134 134 134 134 134 134 134 134 134 134 134 134 134
280 284 297 300 298 295 287 280 279 286 291 296 294 289 285 280 274 274 269 263 257 241 223 227 246 234 236 258 259 254 241 222 219 213 243 249 246 240 232 220 219 232 239 242 243 240 235 229 225 223 220 209 225 225 220 222 224 228 236 239 243 243 238 229 226 222 213 206 203 204 204 204 204 203 195 172 150 137 135 134 134 134 134 134 134 134 134 134 134 134 134 134 134 134 134 134 134 134 134 134
296 298 303 303 301 296 292 294 287 295 295 300 299 297 294 290 284 279 273 264 235 226 237 255 255 237 236 259 264 261 251 239 230 214 229 247 247 241 234 225 219 229 235 239 241 238 232 226 222 219 212 216 230 229 226 231 237 239 241 243 242 237 229 225 224 220 213 208 205 202 198 198 198 185 162 139 135 134 134 134 134 134 134 134 134 134 134 134 134 134 134 134 134 134 134 134 134 134 134 134
308 306 306 305 300 297 300 299 294 296 300 301 301 300 298 294 289 283 273 253 226 253 262 267 258 253 255 260 266 264 258 249 238 221 219 240 243 238 232 226 220 222 229 234 237 237 233 228 223 214 216 225 232 233 229 232 234 235 234 232 226 221 217 215 214 215 207 202 197 191 188 186 176 150 136 134 134 134 134 134 134 134 134 134 134 134 134 134 134 134 134 134 134 134 134 134 134 134 134 134
312 312 310 307 305 305 305 304 302 299 301 302 301 300 297 294 290 285 276 246 233 265 274 275 264 264 266 263 267 266 262 253 238 216 217 229 232 236 235 232 229 224 224 227 233 237 237 234 228 212 224 230 234 230 222 218 218 221 220 212 210 208 208 208 209 204 197 195 192 186 177 162 142 135 134 134 134 134 134 134 134 134 134 134 134 134 134 134 134 134 134 134 134 134 134 134 134 134 134 134
314 315 313 311 309 309 307 305 302 299 298 299 298 292 288 281 279 278 274 253 229 266 280 280 273 268 272 270 269 267 261 252 232 219 222 220 230 235 238 238 235 232 230 227 229 234 237 237 229 213 213 218 219 215 211 206 206 210 205 202 204 204 201 198 199 193 189 187 188 181 162 138 134 134 134 134 134 134 134 134 134 134 134 134 134 134 134 134 134 134 134 134 134 134 134 134 134 134 134 134
314 317 316 313 309 307 304 297 285 280 282 283 278 269 255 248 246 249 250 247 228 261 283 284 280 274 276 274 271 264 254 244 229 223 235 224 229 237 240 242 240 238 236 233 232 233 236 237 229 210 200 204 205 207 205 203 199 197 201 202 201 196 196 195 193 184 179 174 179 158 137 134 134 134 134 134 134 134 134 134 134 134 134 134 134 134 134 134 134 134 134 134 134 134 134 134 134 134 134 134
313 315 314 309 305 299 293 280 273 276 265 258 252 249 258 273 266 258 245 232 227 263 283 286 284 280 279 276 270 261 242 228 233 229 242 235 225 237 241 244 244 244 242 239 237 237 236 233 221 201 195 195 199 201 200 199 196 196 198 196 198 196 196 195 185 175 167 168 152 136 134 134 134 134 134 134 134 134 134 134 134 134 134 134 134 134 134 134 134 134 134 134 134 134 134 134 134 134 134 134
306 310 308 301 294 290 279 279 293 291 278 266 273 290 290 286 279 269 261 253 235 240 277 286 286 284 282 278 268 247 242 253 250 234 245 242 232 231 238 243 246 247 246 244 240 237 233 223 209 194 191 192 195 197 196 195 190 191 191 190 188 185 189 185 179 168 164 148 135 134 134 134 134 134 134 134 134 134 134 134 134 134 134 134 134 134 134 134 134 134 134 134 134 134 134 134 134 134 134 134
278 301 301 295 288 282 290 299 303 297 292 285 287 302 297 289 279 263 253 250 242 246 254 284 287 286 283 277 261 243 265 264 258 242 247 249 239 241 241 242 244 248 248 245 240 234 226 215 202 190 188 189 190 190 187 186 187 189 189 183 181 180 182 179 174 163 144 135 134 134 134 134 134 134 134 134 134 134 134 134 134 134 134 134 134 134 134 134 134 134 134 134 134 134 134 134 134 134 134 134
290 299 300 296 291 287 298 306 309 306 304 296 298 303 299 288 275 279 270 269 265 261 245 270 286 280 274 271 249 264 270 264 256 246 246 253 247 252 252 250 246 247 247 245 240 229 220 208 196 191 188 187 186 183 182 184 184 187 185 180 177 177 176 175 170 144 135 134 134 134 134 134 134 134 134 134 134 134 134 134 134 134 134 134 134 134 134 134 134 134 134 134 134 134 134 134 134 134 134 134
281 291 295 294 292 290 297 306 311 311 310 307 304 303 297 290 292 289 281 275 267 257 247 280 289 283 274 264 250 264 269 260 251 248 248 256 252 259 258 255 251 247 246 242 237 226 217 206 195 190 188 185 182 180 178 180 182 181 181 177 176 178 172 169 152 136 134 134 134 134 134 134 134 134 134 134 134 134 134 134 134 134 134 134 134 134 134 134 134 134 134 134 134 134 134 134 134 134 134 134
261 275 285 288 291 293 294 301 309 313 313 312 309 305 301 298 295 292 287 279 263 261 258 280 294 290 282 272 258 274 274 263 260 257 253 258 256 261 261 258 254 250 247 244 238 231 221 207 193 190 186 182 180 179 177 178 180 177 177 178 179 178 171 151 136 134 134 134 134 134 134 134 134 134 134 134 134 134 134 134 134 134 134 134 134 134 134 134 134 134 134 134 134 134 134 134 134 134 134 134
236 252 266 274 284 290 294 299 307 312 313 312 310 307 304 300 296 291 287 277 262 273 264 272 281 290 282 271 263 276 274 265 265 262 259 262 259 262 262 259 255 252 249 245 239 232 221 207 193 186 181 179 179 180 177 178 179 175 174 178 177 173 161 138 135 134 134 134 134 134 134 134 134 134 134 134 134 134 134 134 134 134 134 134 134 134 134 134 134 134 134 134 134 134 134 134 134 134 134 134
218 227 238 247 265 274 280 288 302 309 310 310 309 306 303 299 295 288 280 271 274 272 274 285 290 289 280 267 272 275 272 266 267 265 262 265 261 262 263 261 257 253 249 245 238 230 218 203 192 184 178 177 177 178 176 176 179 173 173 175 174 168 147 135 134 134 134 134 134 134 134 134 134 134 134 134 134 134 134 134 134 134 134 134 134 134 134 134 134 134 134 134 134 134 134 134 134 134 134 134
203 209 218 222 234 246 250 258 283 299 306 307 306 302 299 296 292 286 279 281 281 280 280 287 290 286 278 269 275 274 271 268 269 267 265 266 264 263 263 261 258 252 247 243 236 226 207 192 186 182 177 175 175 173 176 178 178 174 171 173 172 160 137 134 134 134 134 134 134 134 134 134 134 134 134 134 134 134 134 134 134 134 134 134 134 134 134 134 134 134 134 134 134 134 134 134 134 134 134 134
190 193 197 201 208 215 206 206 247 272 288 296 298 297 294 290 288 285 285 286 285 286 286 287 287 284 276 272 274 275 273 271 271 269 268 267 266 264 263 260 256 251 243 235 228 207 192 186 183 179 179 177 172 174 175 176 174 172 169 168 170 151 135 134 134 134 134 134 134 134 134 134 134 134 134 134 134 134 134 134 134 134 134 134 134 134 134 134 134 134 134 134 134 134 134 134 134 134 134 134
181 183 186 188 191 194 190 197 215 231 243 257 267 273 277 278 277 281 282 281 282 283 284 283 281 278 276 273 273 274 273 271 271 268 268 267 266 264 261 258 253 246 238 229 218 190 191 189 181 178 176 173 173 177 175 175 171 170 168 164 167 139 134 134 134 134 134 134 134 134 134 134 134 134 134 134 134 134 134 134 134 134 134 134 134 134 134 134 134 134 134 134 134 134 134 134 134 134 134 134
173 175 178 180 181 182 182 185 193 194 195 205 216 228 235 244 249 258 263 264 266 269 269 266 263 263 266 270 270 270 267 261 257 257 259 262 264 262 258 253 247 240 231 222 211 188 189 186 178 175 174 173 177 176 176 174 172 169 168 162 155 136 134 134 134 134 134 134 134 134 134 134 134 134 134 134 134 134 134 134 134 134 134 134 134 134 134 134 134 134 134 134 134 134 134 134 134 134 134 134
167 168 170 172 173 174 175 176 178 182 182 188 191 190 197 203 211 220 227 230 234 236 235 234 232 232 238 243 243 241 235 224 212 213 223 238 250 253 250 246 241 233 222 215 202 184 183 180 175 176 173 177 176 175 176 175 172 170 167 164 144 135 134 134 134 134 134 134 134 134 134 134 134 134 134 134 134 134 134 134 134 134 134 134 134 134 134 134 134 134 134 134 134 134 134 134 134 134 134 134
163 163 164 166 166 167 169 170 170 174 176 176 178 178 184 188 192 196 199 200 202 203 203 203 202 202 205 207 206 204 202 193 187 187 192 200 209 223 233 236 232 229 221 206 191 182 180 177 176 172 172 179 179 177 177 174 171 171 174 169 139 134 134 134 134 134 134 134 134 134 134 134 134 134 134 134 134 134 134 134 134 134 134 134 134 134 134 134 134 134 134 134 134 134 134 134 134 134 134 134
161 162 162 162 162 164 165 166 167 169 171 170 171 173 178 180 182 184 185 186 187 187 187 187 186 186 186 185 185 184 180 174 172 174 175 176 179 184 194 205 212 218 215 206 191 180 175 175 174 171 177 179 177 177 178 174 172 173 175 168 136 134 134 134 134 134 134 134 134 134 134 134 134 134 134 134 134 134 134 134 134 134 134 134 134 134 134 134 134 134 134 134 134 134 134 134 134 134 134 134
160 161 161 160 160 161 163 164 165 166 167 166 167 170 173 173 173 174 174 175 177 176 175 176 175 175 172 174 175 172 168 166 165 165 168 169 168 170 175 179 187 192 194 192 184 179 174 171 169 171 180 179 181 184 183 179 177 173 171 158 136 134 134 134 134 134 134 134 134 134 134 134 134 134 134 134 134 134 134 134 134 134 134 134 134 134 134 134 134 134 134 134 134 134 134 134 134 134 134 134
159 159 159 159 160 161 162 162 163 163 164 165 166 167 167 167 168 167 166 167 168 167 167 168 168 164 164 164 164 163 163 163 164 166 167 168 166 165 167 168 173 173 176 177 181 176 173 169 169 175 180 183 189 189 185 181 176 169 166 153 135 134 134 134 134 134 134 134 134 134 134 134 134 134 134 134 134 134 134 134 134 134 134 134 134 134 134 134 134 134 134 134 134 134 134 134 134 134 134 134
