# 100 100
175 170 169 173 176 183 186 186 184 184 182 184 184 179 170 162 140 153 184 188 184 185 185 185 188 190 192 187 180 174 182 192 204 211 218 225 224 214 202 201 182 176 174 173 176 180 181 180 177 172 169 166 165 162 160 158 157 156 156 155 157 157 154 153 153 153 152 150 151 151 149 148 149 149 149 151 154 159 160 158 157 153 159 151 147 145 145 146 142 143 145 150 154 155 156 156 154 153 157 157
179 181 183 184 186 192 191 197 203 204 199 198 197 192 179 160 144 140 162 172 175 176 184 182 176 174 187 181 175 169 174 180 192 194 199 208 217 226 218 200 180 174 171 170 172 173 174 174 172 169 166 164 162 162 163 162 160 158 157 156 154 155 153 153 151 151 150 150 150 150 150 148 147 148 148 149 151 152 151 153 157 152 152 152 148 146 145 144 141 143 147 150 157 158 159 159 158 153 158 163
187 197 194 197 201 203 203 205 208 217 215 214 212 194 174 160 142 137 147 152 155 159 162 160 157 159 163 161 160 164 168 171 172 173 178 187 191 201 198 184 177 172 171 169 169 170 170 170 168 165 163 162 162 161 161 163 163 161 161 158 154 154 153 153 152 149 149 149 149 150 150 150 150 149 146 149 150 151 149 148 149 149 149 152 147 144 143 142 141 143 145 149 155 160 164 165 159 152 151 154
199 199 205 209 216 215 216 218 222 224 226 224 206 195 188 168 140 140 144 147 147 151 153 152 151 154 156 156 159 165 167 167 166 170 173 175 176 178 178 175 174 171 168 167 166 167 167 166 166 165 164 164 164 164 160 159 158 159 159 156 154 152 152 151 152 150 151 150 148 148 148 147 146 147 146 147 148 150 149 144 143 143 146 145 143 145 145 146 145 148 149 149 151 158 160 164 162 155 153 156
213 213 220 214 223 228 228 231 238 234 240 227 202 211 200 168 141 140 142 143 146 148 148 149 153 154 156 157 160 164 165 165 164 169 173 172 169 171 172 170 170 169 166 166 164 165 165 164 163 165 164 164 165 165 166 161 158 157 156 155 155 154 152 151 150 150 151 150 149 148 149 147 150 149 146 145 145 145 143 147 149 144 143 146 152 154 154 154 153 152 156 155 150 152 154 159 162 156 159 163
225 227 229 221 230 236 243 244 250 245 250 230 213 217 210 180 150 138 142 145 149 153 153 156 160 161 164 167 162 161 161 161 160 164 167 167 165 166 168 168 168 167 166 165 163 163 163 163 163 166 164 163 163 163 163 161 159 160 158 154 154 153 153 152 152 151 150 150 149 150 151 150 151 152 149 146 144 146 147 151 151 146 145 147 150 154 155 153 152 150 152 156 155 152 153 156 159 160 165 167
237 240 231 233 236 239 255 257 258 259 259 248 239 213 195 180 157 142 138 147 152 158 164 165 174 175 172 172 166 160 159 159 157 157 160 161 161 163 164 165 167 168 168 169 165 163 162 161 161 164 165 163 162 164 163 162 161 159 156 153 154 153 153 152 151 151 151 151 150 151 151 152 152 152 150 147 147 151 147 147 148 151 149 147 151 155 158 158 158 153 155 159 158 156 159 158 164 167 169 169
248 246 228 233 240 250 262 270 271 272 271 259 223 191 173 162 151 144 140 145 146 150 162 174 189 189 179 170 160 157 157 156 156 154 156 158 158 160 161 162 164 165 164 167 165 162 161 160 160 162 164 162 162 166 165 163 164 159 155 153 152 152 152 152 151 150 150 148 149 149 149 150 150 152 150 145 149 154 152 148 150 154 153 147 149 152 159 162 159 153 152 155 159 162 163 161 165 169 171 170
258 243 240 240 244 263 272 278 279 274 271 243 214 190 173 157 150 144 140 145 147 148 155 168 182 185 172 164 159 157 156 154 154 153 154 157 155 157 160 161 163 166 165 163 162 162 161 161 159 163 165 161 160 165 164 164 165 161 154 153 152 151 151 151 151 149 149 152 150 148 147 146 146 147 148 145 148 154 154 148 153 158 155 147 149 151 152 155 159 158 155 157 161 164 166 168 169 173 173 169
260 245 254 253 261 263 280 283 263 232 230 220 202 189 171 160 156 149 140 142 146 150 152 156 162 167 166 157 156 157 154 154 153 152 153 153 157 158 159 163 171 171 172 166 163 164 162 160 159 161 164 162 159 162 161 162 163 157 154 153 152 151 151 150 150 150 152 152 151 147 148 149 151 149 148 147 149 152 152 148 155 160 157 149 148 153 156 158 163 162 159 159 161 165 170 173 173 173 172 167
254 256 263 261 268 279 278 277 240 210 202 198 186 179 177 174 165 152 145 140 140 143 142 142 148 172 170 156 154 155 152 153 152 151 152 155 157 158 160 164 171 174 173 170 165 165 164 160 160 159 161 161 159 160 158 160 160 156 154 154 154 153 152 152 151 151 151 151 148 149 152 151 155 156 153 151 148 152 152 149 152 159 159 152 150 149 154 156 159 162 164 164 163 165 170 173 173 168 166 164
259 268 260 237 246 280 262 252 229 210 198 185 179 174 170 167 162 157 162 148 143 143 142 141 141 154 160 153 154 155 151 152 149 150 154 156 158 159 162 167 168 173 170 167 167 168 165 160 159 158 159 159 156 156 156 155 154 154 155 155 154 153 153 153 152 150 148 148 149 155 158 155 159 161 154 150 151 155 155 152 150 157 160 152 151 149 150 153 156 160 163 166 166 166 170 171 169 164 160 158
246 243 232 218 227 249 237 224 216 215 197 182 175 173 171 169 168 160 156 153 150 147 144 143 141 144 153 151 151 154 149 148 150 153 156 157 160 162 163 162 162 168 168 165 167 168 166 162 161 160 158 157 156 157 156 157 158 155 152 153 153 152 152 152 150 149 151 152 155 157 161 160 163 159 153 153 154 155 157 154 150 158 160 155 152 151 150 151 153 157 161 165 168 168 169 169 164 161 160 161
235 224 214 207 210 218 217 211 197 201 190 181 174 167 162 160 158 159 162 152 147 146 144 142 142 145 149 149 146 147 147 150 153 155 157 157 156 157 157 158 161 164 165 163 163 165 167 167 168 168 163 160 158 160 162 162 159 159 157 153 152 151 150 150 151 152 155 156 158 160 160 165 167 158 155 156 157 157 157 153 150 152 157 156 153 154 154 152 150 154 158 162 168 170 169 168 168 168 167 166
225 228 211 203 199 203 202 194 187 188 183 173 174 169 166 162 164 168 161 153 147 143 142 141 143 145 145 146 146 149 148 148 149 150 153 153 154 155 156 157 161 163 163 162 160 163 165 166 167 165 162 159 160 161 162 163 164 164 161 157 154 153 153 151 153 155 159 160 158 163 167 168 164 160 159 160 160 159 155 151 151 154 158 159 157 159 158 155 152 151 156 161 165 173 177 179 178 176 177 173
208 213 202 199 195 194 194 193 187 186 179 182 179 178 170 167 172 170 162 156 145 142 144 146 143 146 148 145 148 146 146 149 150 150 151 152 153 154 156 157 159 160 159 159 158 158 160 160 161 162 162 163 164 164 167 168 169 166 161 157 155 154 153 150 154 156 159 162 162 162 164 164 165 165 164 163 161 156 152 151 153 157 160 162 164 164 160 156 153 151 155 161 168 175 178 179 180 180 178 171
207 210 199 198 190 191 191 191 191 188 184 184 179 171 167 166 164 159 153 153 144 142 146 147 147 149 149 146 145 149 149 149 148 151 152 152 154 154 154 155 156 156 155 156 157 158 162 162 162 165 167 167 169 168 167 170 169 166 161 156 154 152 153 152 154 156 159 163 162 160 159 160 161 164 164 162 157 153 151 154 152 155 161 165 167 166 161 157 154 152 154 158 164 171 177 180 179 175 172 170
200 201 192 191 186 187 194 195 196 192 184 175 167 160 159 158 156 154 151 147 144 142 146 147 149 153 153 151 150 151 151 150 148 149 149 150 152 152 155 157 156 156 157 159 161 162 165 166 167 169 170 170 172 170 171 172 169 161 157 155 152 152 153 155 157 160 162 163 160 159 158 158 158 159 159 159 157 156 153 158 158 159 160 167 165 161 156 155 153 155 157 157 159 164 170 179 182 179 176 173
191 189 191 187 183 190 196 196 204 200 182 169 164 158 154 153 153 152 149 145 148 144 142 147 152 161 162 159 157 155 153 152 150 151 152 152 152 155 157 157 157 159 161 164 166 167 170 171 173 176 175 171 171 172 169 163 160 157 156 154 153 155 154 157 161 165 163 161 161 160 159 159 157 156 157 155 154 154 154 158 162 165 166 170 169 165 159 162 161 156 163 165 165 165 165 167 177 180 181 178
185 183 187 184 180 189 191 182 185 183 171 164 161 158 156 155 150 149 147 149 151 148 142 145 150 155 160 161 163 159 157 153 152 154 155 157 157 158 160 159 157 159 158 160 162 166 171 177 176 176 174 171 168 164 161 159 158 156 156 153 154 155 155 155 158 159 161 163 167 167 164 162 160 158 158 158 158 158 157 158 161 163 166 168 171 170 162 159 159 156 156 165 172 174 175 173 173 178 180 181
181 180 183 185 179 177 178 175 170 167 165 162 159 159 160 157 156 156 150 152 154 151 144 142 143 143 148 150 154 154 153 154 156 158 160 160 161 161 163 162 159 160 161 162 163 164 167 173 170 169 167 165 163 161 161 160 157 156 153 153 154 155 157 158 158 161 163 168 175 173 169 168 166 161 159 163 165 165 162 162 163 165 167 169 171 170 164 161 168 162 157 156 159 163 172 182 185 184 183 182
176 176 175 175 174 173 174 180 176 170 170 168 166 166 165 159 158 156 152 160 157 152 147 145 146 143 143 145 148 148 154 160 161 158 156 157 157 159 161 164 164 166 162 162 165 168 168 170 171 171 169 167 165 165 162 160 157 156 154 154 154 156 158 160 161 163 167 170 177 181 177 171 165 162 162 167 174 175 167 165 168 169 172 173 171 167 160 166 171 168 161 159 161 163 163 167 176 188 197 196
171 169 170 169 170 170 174 179 182 174 172 171 169 172 171 163 159 157 156 161 160 154 155 155 152 151 144 143 143 143 144 147 152 150 149 152 153 155 155 156 156 160 159 161 163 167 171 173 173 172 168 166 162 159 157 157 156 155 157 156 158 159 162 166 169 165 170 176 181 185 180 171 163 166 172 176 177 176 172 169 174 174 175 174 168 161 160 166 174 169 162 159 165 170 172 172 171 172 181 190
166 164 166 167 168 167 172 173 180 177 171 169 167 169 175 172 165 162 161 164 166 164 166 164 161 158 153 147 143 146 144 144 144 146 146 146 147 148 149 149 152 156 155 157 159 162 164 164 163 162 161 160 159 158 158 158 159 160 160 157 163 163 169 172 170 165 167 170 174 178 176 171 165 165 170 175 178 179 175 173 183 184 179 171 165 161 163 165 171 168 167 160 162 168 171 175 180 181 178 177
159 160 164 165 167 165 168 172 179 175 167 165 167 166 166 170 171 165 164 164 164 164 164 164 163 160 146 144 146 149 147 144 147 147 150 152 148 149 150 150 149 152 152 152 153 154 155 156 158 159 159 160 160 160 163 164 164 166 166 157 160 161 164 166 169 171 172 173 176 181 179 173 166 168 172 177 181 182 178 176 183 183 175 169 165 165 165 165 169 171 168 162 168 166 168 170 174 180 185 186
159 160 162 163 165 163 165 172 178 178 174 167 168 170 165 168 171 163 161 160 160 159 158 156 160 153 145 149 148 149 150 144 147 150 154 161 152 148 149 151 152 150 151 155 155 156 160 161 162 163 164 163 160 163 168 172 175 168 161 159 165 170 170 170 175 180 181 177 179 183 181 173 168 171 172 179 186 188 183 179 184 180 173 165 168 171 172 171 176 174 168 163 169 173 173 172 171 174 178 181
158 157 161 162 162 163 162 169 171 169 165 160 168 171 163 164 170 166 164 164 166 162 160 155 152 151 145 151 150 153 156 146 146 150 153 155 152 151 152 152 153 154 155 159 160 161 165 169 170 171 170 166 161 165 174 177 174 169 165 159 166 174 177 176 176 183 184 182 183 187 183 177 172 174 176 179 187 190 186 184 185 180 173 167 173 177 176 175 179 180 174 167 166 175 177 177 175 175 179 185
160 156 160 161 160 160 162 166 165 157 154 155 162 167 166 157 164 168 167 167 161 153 147 146 146 146 148 154 154 157 161 154 145 146 154 157 153 152 155 156 157 158 163 167 168 166 171 176 175 175 176 171 162 163 167 171 179 176 169 163 161 171 179 181 181 185 190 188 186 189 187 179 172 178 182 181 188 192 191 186 182 176 171 171 179 183 181 179 179 179 174 169 170 170 173 179 182 187 193 198
161 156 161 158 159 158 161 162 161 155 150 153 156 153 152 157 156 162 160 159 153 146 150 152 151 154 155 159 162 161 162 156 147 146 145 154 160 160 160 162 163 160 161 169 173 169 172 178 182 182 175 167 164 164 169 174 180 179 173 167 161 168 175 183 186 187 191 192 188 191 189 180 172 180 186 184 187 193 184 173 175 172 169 171 182 187 186 183 178 173 173 177 180 177 173 188 197 201 204 205
162 158 155 154 157 155 158 157 155 151 153 150 151 153 151 152 151 158 156 154 152 146 159 163 162 162 161 160 159 159 161 151 152 150 145 148 155 160 157 160 162 163 165 166 173 178 179 181 181 173 170 166 163 167 173 177 183 183 176 169 164 162 168 175 179 181 187 192 194 194 190 180 173 183 191 190 191 190 177 172 170 170 168 172 180 190 189 182 177 178 178 185 187 177 171 176 188 197 203 200
159 155 158 156 154 154 153 153 152 155 156 153 154 155 152 152 150 150 149 149 150 150 165 168 162 159 158 157 158 153 151 154 163 154 146 146 149 153 157 160 161 169 168 163 167 174 174 175 176 173 169 166 165 168 171 177 184 186 181 175 168 163 163 166 168 171 176 183 193 197 191 180 173 178 191 195 194 188 178 176 170 172 173 175 176 185 187 181 182 185 186 191 196 182 174 174 178 185 193 195
156 160 166 169 171 168 159 152 152 159 157 155 155 154 152 158 158 156 155 150 148 157 170 169 162 156 155 157 160 154 149 158 165 158 147 147 149 157 166 162 159 164 166 167 171 175 179 183 179 173 167 165 169 172 174 176 184 189 186 180 174 168 163 164 165 167 169 173 181 189 189 180 175 175 188 197 192 185 179 176 176 177 180 180 181 180 185 185 188 194 198 200 200 187 183 179 179 183 188 192
157 167 169 175 171 163 158 155 157 159 157 155 154 153 153 156 159 158 157 153 150 157 162 164 160 155 152 153 156 151 149 156 166 161 148 149 150 153 158 158 161 165 169 173 177 182 186 186 180 174 170 167 172 176 180 180 185 191 192 186 179 171 168 166 164 165 167 169 172 179 184 181 177 176 181 193 191 184 181 181 182 184 186 187 189 185 185 190 195 199 208 214 204 199 197 190 186 183 193 196
160 164 163 163 163 159 157 158 159 159 159 158 157 155 156 157 156 156 154 151 156 158 161 162 160 158 155 158 152 152 154 160 167 160 149 148 152 154 157 161 166 170 173 176 178 182 188 190 183 177 172 169 173 180 186 188 188 193 193 185 176 171 170 168 166 166 168 170 171 174 177 180 181 181 180 185 188 188 186 186 188 189 190 193 195 194 187 194 201 202 213 221 223 213 212 203 191 186 197 203
162 163 164 163 161 160 160 160 159 158 157 157 157 156 154 153 153 152 150 154 160 162 162 162 157 154 156 162 156 156 158 162 166 158 149 148 152 152 154 158 162 165 168 173 176 181 190 193 186 181 176 171 172 182 188 192 195 196 191 181 174 172 169 168 168 167 169 171 174 176 179 181 184 184 182 186 188 191 190 190 191 193 195 198 200 201 193 198 204 204 213 221 229 233 228 208 195 193 199 207
162 163 167 170 163 160 159 159 158 158 156 154 155 154 155 159 160 156 154 158 164 167 164 161 158 159 160 166 161 159 163 163 160 154 149 148 156 156 156 158 162 165 170 175 179 183 192 192 185 180 176 170 172 179 186 189 191 197 193 181 179 179 173 171 171 170 169 172 175 178 181 183 186 187 184 188 189 191 192 193 194 196 198 201 204 207 207 203 204 208 211 218 225 232 238 235 204 200 208 207
163 165 167 175 166 161 161 160 158 157 155 158 162 158 155 160 163 160 158 160 164 167 166 162 161 167 165 170 167 163 166 162 157 155 149 148 155 155 158 161 162 167 173 177 181 185 190 190 183 179 177 174 171 176 180 179 182 190 194 183 182 189 184 177 173 173 174 175 175 178 182 185 187 187 187 190 192 193 194 194 195 197 200 204 207 211 216 216 208 209 213 215 219 225 231 236 219 213 208 208
165 167 167 174 166 162 162 160 158 158 156 159 160 158 159 165 167 162 161 162 163 162 160 158 164 172 173 176 173 169 170 166 159 153 148 151 158 160 158 164 167 168 172 178 182 186 190 193 185 185 185 180 175 173 176 182 186 189 195 189 184 194 196 187 177 179 183 181 180 179 182 185 187 188 188 191 193 194 195 196 197 199 202 206 210 214 217 219 220 221 217 215 217 221 226 229 235 236 222 210
168 168 169 174 172 165 161 161 160 160 157 159 160 163 164 167 169 166 166 166 163 163 163 161 164 173 177 178 170 166 164 155 149 147 147 152 155 159 162 163 168 171 175 179 182 186 191 194 190 192 191 186 179 175 176 185 193 193 200 194 188 194 201 199 186 182 192 196 191 188 185 185 187 189 189 190 193 194 195 196 199 202 205 209 212 215 217 219 223 229 232 223 216 219 222 224 227 231 233 220
173 176 174 174 176 167 163 163 161 160 157 158 160 162 164 167 169 171 170 164 161 164 168 170 164 168 176 178 170 161 156 153 147 149 151 153 156 160 164 166 168 173 176 180 183 187 192 195 194 201 199 190 182 177 179 188 197 199 204 202 193 195 202 206 197 188 194 207 207 206 195 188 188 189 189 190 192 193 195 195 200 203 207 210 213 216 215 217 222 228 227 212 210 214 216 218 221 220 223 222
183 188 184 177 176 168 165 164 162 159 158 159 160 163 164 166 169 173 172 163 162 163 169 173 171 171 176 177 170 162 154 154 147 151 152 154 157 161 164 167 170 172 175 180 183 185 190 196 199 203 200 190 183 177 183 191 199 203 207 208 202 197 202 209 209 203 198 208 217 215 203 191 189 190 190 190 192 192 194 194 200 206 209 211 213 216 215 210 214 224 211 196 204 211 205 204 207 209 213 215
194 192 188 178 174 171 170 164 162 160 159 160 160 161 164 167 170 174 173 165 163 162 169 173 175 178 180 178 169 166 160 153 148 150 153 155 158 160 164 167 171 174 177 178 182 186 194 199 201 205 201 192 183 179 182 191 197 203 209 214 212 206 206 214 212 210 209 209 214 213 198 188 188 190 190 188 190 190 192 193 202 208 209 209 213 216 215 209 197 203 196 192 201 203 195 194 197 200 204 205
196 197 190 177 174 174 176 169 164 162 161 160 162 162 164 167 171 173 172 166 163 163 168 172 176 179 180 170 162 160 156 153 150 148 155 156 160 162 164 167 173 179 184 185 185 186 191 195 201 204 202 196 189 184 180 187 196 203 208 213 218 217 216 217 207 202 206 206 203 200 189 185 186 189 189 186 186 188 188 196 203 208 208 208 212 212 206 199 191 188 186 191 199 197 190 191 195 199 201 204
197 199 193 181 180 177 181 177 168 163 163 163 164 165 166 169 171 171 168 166 165 164 167 170 174 178 179 168 160 156 157 154 151 148 152 155 157 161 164 169 175 180 185 189 188 189 193 197 200 203 200 195 189 183 181 186 194 199 201 205 214 221 220 212 204 197 201 202 193 186 182 181 184 187 187 185 183 183 189 196 199 202 204 207 210 211 196 189 188 185 183 188 193 193 188 192 196 197 197 203
196 198 199 193 186 182 182 182 173 165 169 169 169 170 170 171 172 171 173 169 165 164 167 169 173 176 174 165 161 159 158 155 155 149 151 152 154 158 162 167 172 177 182 183 184 188 191 195 199 203 201 194 188 186 186 185 191 194 199 206 212 216 217 204 195 193 200 196 184 179 177 179 182 184 187 182 180 184 189 191 195 199 205 209 212 213 197 186 182 182 181 183 186 189 188 191 193 192 197 205
195 198 199 197 188 182 177 173 170 166 173 180 179 177 177 175 173 170 172 169 165 165 167 172 176 177 174 169 163 162 160 160 159 151 149 155 162 161 161 165 170 174 176 177 177 183 185 192 197 202 202 197 190 190 192 189 188 193 199 205 207 212 215 206 192 190 198 194 181 176 175 178 181 180 182 180 183 188 189 194 198 202 208 211 215 219 210 188 180 178 177 179 183 185 183 185 183 190 197 206
197 202 201 198 191 183 176 171 169 167 170 175 178 174 173 171 169 168 170 168 167 169 172 176 180 179 175 176 170 166 166 167 161 153 150 155 162 168 166 165 171 171 170 174 177 182 186 190 195 203 204 199 197 194 198 197 194 193 196 199 205 209 206 197 188 188 196 192 177 173 173 176 178 176 175 179 185 192 194 196 201 205 209 213 218 222 207 184 176 177 180 180 181 184 193 198 193 188 184 191
201 203 201 193 186 183 180 176 174 173 174 174 172 169 169 170 169 168 168 167 167 169 171 173 178 175 174 172 173 172 171 163 159 154 149 154 160 166 169 168 165 169 179 183 182 184 188 193 198 203 206 202 203 201 200 205 202 198 197 199 207 205 194 189 184 185 190 183 174 172 171 171 173 170 178 183 187 191 191 198 203 206 199 206 218 209 189 176 178 183 183 183 184 191 197 201 200 200 191 193
202 202 197 191 184 180 181 180 176 175 173 172 169 168 168 169 168 168 169 169 169 170 170 172 176 173 174 166 172 172 173 157 149 149 148 150 161 165 169 174 171 174 182 188 190 190 189 191 198 204 208 207 208 207 203 209 210 207 205 206 206 203 192 181 179 182 179 176 174 176 177 172 166 168 171 176 176 178 185 199 202 194 185 196 194 184 178 177 182 192 188 188 186 191 198 200 202 203 202 202
206 204 196 190 184 180 177 179 176 173 172 171 171 169 167 166 166 166 168 171 173 176 176 175 176 172 168 164 168 167 165 151 149 152 151 154 162 169 170 173 174 177 183 191 195 194 195 197 199 202 204 207 210 212 209 211 214 212 206 196 196 197 191 180 175 176 175 174 178 181 180 176 168 178 173 171 171 174 177 183 185 181 181 181 179 176 175 177 181 187 188 191 191 188 190 191 193 198 207 211
202 203 201 196 187 182 179 174 173 171 171 170 169 169 166 163 164 166 167 172 176 179 179 174 176 175 171 164 161 162 154 149 151 155 156 159 162 165 170 174 174 179 184 191 195 196 199 199 197 197 198 200 206 213 214 211 203 202 196 184 186 184 183 176 174 173 173 175 177 179 179 176 166 179 188 174 169 170 171 173 175 177 177 177 176 174 179 179 181 183 186 191 195 195 196 199 201 195 207 213
198 202 204 198 192 187 181 181 179 175 170 168 167 166 165 164 163 165 167 170 175 177 176 171 169 169 172 167 160 157 150 149 150 152 150 151 157 162 166 171 175 179 184 190 193 194 196 197 194 192 191 196 203 208 207 204 190 186 185 180 178 176 175 172 172 172 173 173 174 171 170 167 165 172 184 178 173 169 171 171 172 174 175 174 172 176 180 183 184 186 185 190 195 198 201 203 205 197 206 214
201 206 207 202 196 188 184 184 188 185 173 171 169 166 165 164 162 164 166 170 173 175 174 167 165 164 168 164 159 164 159 152 150 150 154 153 154 163 168 171 176 180 184 189 193 193 190 191 189 188 186 195 202 202 196 201 192 181 178 176 174 173 171 170 170 171 172 169 168 168 167 165 167 169 171 175 175 170 170 173 173 171 172 172 175 179 182 186 187 188 188 191 195 199 204 206 202 203 207 212
203 205 209 204 194 191 187 185 190 189 175 168 166 163 161 162 161 162 166 168 168 170 166 159 157 161 161 155 152 157 159 158 154 151 157 152 155 163 168 172 176 180 184 190 192 191 188 182 184 180 185 194 200 197 189 194 187 179 175 173 172 170 169 168 170 172 170 167 167 167 165 167 169 170 171 175 176 174 170 173 176 172 172 174 177 180 183 187 189 190 192 194 197 201 205 208 201 208 213 214
211 207 210 205 197 191 191 192 188 179 169 166 163 160 158 161 160 163 164 165 161 164 161 157 155 154 155 154 156 153 154 153 151 155 156 152 156 162 168 172 176 179 183 185 192 191 182 177 176 179 186 192 199 195 183 183 179 174 171 171 170 171 168 168 169 169 167 167 167 165 166 167 170 173 174 177 178 177 173 171 174 175 174 176 178 179 181 184 188 192 194 197 201 204 209 210 201 209 214 218
208 208 208 204 199 195 198 200 185 174 170 166 163 160 157 160 159 159 157 157 157 157 155 154 157 157 153 153 157 160 152 158 160 156 152 153 157 163 167 171 174 177 179 181 186 190 183 175 175 184 191 195 198 194 184 176 174 170 168 169 168 169 167 167 167 166 165 167 168 164 166 168 172 175 177 178 181 180 175 171 172 175 176 175 176 178 179 184 187 191 196 198 200 205 210 209 200 206 214 218
207 207 212 210 211 204 202 196 185 172 169 165 163 160 157 157 159 158 165 164 160 158 156 154 157 160 162 159 160 162 165 170 164 156 153 153 158 163 166 168 171 175 175 179 184 183 178 173 171 182 190 196 195 188 179 173 170 167 167 168 167 166 166 167 167 166 166 169 167 164 164 168 172 176 178 180 183 184 181 175 172 175 178 178 178 181 182 183 188 192 196 200 201 206 211 207 204 206 207 211
210 205 214 218 218 207 199 185 176 172 167 164 164 160 158 160 164 166 168 165 158 161 159 160 160 162 167 166 168 164 167 168 159 155 157 155 153 159 161 163 167 170 172 178 184 181 172 167 175 183 187 191 189 182 175 170 168 166 168 171 169 165 166 169 167 164 163 165 164 163 164 167 170 174 176 178 182 185 182 178 172 173 175 179 180 183 185 186 187 192 196 201 204 207 212 210 209 213 215 213
202 201 208 209 215 205 197 185 173 171 168 164 161 157 158 162 164 166 168 165 159 166 162 165 166 165 169 171 174 168 169 171 162 157 158 157 153 161 161 161 167 171 175 179 181 177 170 166 177 182 182 182 184 179 173 169 166 164 166 169 170 166 167 171 169 163 165 165 164 163 164 166 168 170 172 175 177 181 184 179 175 175 174 180 182 184 187 190 190 192 195 202 205 209 212 213 210 214 217 220
201 193 193 197 207 195 193 187 172 166 166 165 161 158 159 164 165 168 167 160 161 167 164 164 171 170 172 176 177 171 169 169 160 160 160 156 153 157 157 161 165 169 174 176 172 169 166 168 175 174 175 177 180 181 177 174 167 163 166 170 177 167 166 168 163 172 179 181 175 169 168 168 166 168 171 174 175 178 182 182 178 176 174 178 181 184 187 191 193 194 197 200 204 210 212 213 211 214 217 221
205 200 195 184 191 185 186 180 171 166 164 163 163 160 159 163 167 169 164 161 165 170 166 163 167 171 175 179 179 172 166 163 159 161 159 158 152 152 153 153 158 163 168 168 165 164 162 168 169 169 170 172 174 174 176 174 164 166 173 169 165 162 165 164 169 177 181 184 185 180 180 177 174 171 173 176 178 178 180 182 181 179 176 175 176 182 186 188 190 193 196 200 204 208 210 213 213 213 217 221
200 198 193 180 183 180 177 174 169 167 166 164 162 160 161 166 170 171 165 163 170 174 168 168 171 173 176 181 182 173 168 162 161 161 159 162 153 155 159 155 157 160 162 162 161 162 160 165 166 166 167 167 168 168 169 166 163 169 171 160 161 164 165 164 171 176 179 183 185 186 190 191 184 177 174 176 179 179 179 182 183 180 179 178 175 179 182 184 186 190 193 197 201 203 207 212 214 214 217 221
196 188 185 175 174 177 175 173 171 168 165 161 160 160 164 169 173 173 165 164 177 179 170 167 172 174 176 182 182 175 169 165 164 162 161 167 169 166 161 157 155 159 159 159 160 157 156 160 163 163 164 164 162 163 164 162 164 167 165 160 162 163 164 166 165 173 177 181 184 189 189 188 190 185 178 177 179 181 181 183 186 184 182 180 177 176 179 181 185 188 191 193 196 199 204 208 212 214 216 219
202 192 181 174 172 178 176 171 167 164 161 162 163 163 166 171 174 167 163 166 179 184 175 171 174 178 178 181 188 178 173 168 166 164 164 169 172 168 162 158 156 155 155 155 155 156 158 158 159 160 161 159 159 160 161 160 163 165 165 160 164 166 167 169 168 168 175 178 182 185 182 182 186 190 185 180 181 183 185 185 188 185 182 182 182 177 181 180 182 183 185 187 191 194 198 203 208 211 214 216
201 195 183 174 173 170 175 166 160 162 162 166 166 165 165 172 171 164 165 169 176 186 177 173 178 183 184 186 191 181 180 170 167 166 167 173 178 174 163 161 161 160 163 163 161 163 164 162 159 157 158 159 158 158 158 159 161 164 164 160 162 163 164 168 171 166 172 176 178 180 184 187 188 191 193 190 186 188 192 192 189 186 183 186 189 180 180 181 179 182 185 186 186 187 193 197 201 205 206 208
194 192 182 173 171 166 166 162 163 167 167 167 168 168 168 167 166 166 169 168 175 187 180 176 181 190 191 190 194 186 179 170 169 171 172 179 182 175 166 171 169 164 170 174 170 171 171 172 172 167 165 163 162 165 168 164 160 160 161 159 164 165 165 173 172 165 170 172 174 177 182 186 191 195 199 201 198 200 204 203 193 188 188 190 189 181 178 183 183 182 185 186 188 186 189 192 196 198 202 206
188 183 176 170 171 170 165 161 162 166 168 169 169 170 173 172 169 169 172 170 176 189 188 183 191 191 195 192 194 184 179 177 175 177 177 179 179 169 168 178 177 170 173 181 176 183 183 184 182 178 175 168 164 168 183 178 167 164 164 170 173 173 170 171 171 166 166 167 169 172 175 180 184 188 192 195 198 200 201 200 193 187 185 186 185 182 178 183 186 184 183 185 188 187 187 189 191 194 195 198
179 175 168 164 165 167 163 166 167 167 168 172 170 171 175 179 175 170 171 174 181 192 198 198 201 197 200 198 199 190 185 182 184 187 188 182 175 176 175 179 185 179 175 187 183 186 194 197 193 192 185 176 169 165 180 190 181 177 175 192 193 188 182 176 173 171 168 165 168 170 172 173 175 179 183 185 188 191 193 192 191 186 183 182 181 179 182 184 186 185 184 185 186 190 189 189 190 191 192 194
172 168 165 170 165 162 165 171 173 174 175 175 173 173 176 180 180 176 172 178 189 193 201 204 202 201 205 207 209 202 195 186 188 195 197 184 175 180 178 184 188 184 178 189 193 194 194 204 202 196 187 180 172 166 179 194 197 196 192 195 211 207 196 184 177 174 171 169 166 168 170 175 180 188 198 200 198 196 195 191 190 189 187 184 182 180 182 182 187 188 187 186 188 193 195 193 191 190 193 194
171 167 169 173 169 167 169 174 179 183 185 184 180 175 179 181 182 180 182 186 191 197 202 202 198 199 202 207 214 213 207 192 192 198 203 190 186 183 181 184 187 189 187 183 195 205 200 208 203 188 183 177 173 169 179 191 204 208 209 210 218 219 207 194 183 177 174 173 167 171 179 187 194 202 210 220 216 209 204 198 192 186 186 183 181 183 185 187 194 194 191 190 191 193 195 197 196 194 195 197
173 169 170 177 178 172 171 171 179 184 190 192 189 179 183 185 184 183 188 191 194 199 200 196 196 198 201 204 208 207 208 205 206 205 207 195 200 193 194 194 191 194 192 189 194 209 212 212 205 197 193 188 183 174 173 184 192 197 205 214 219 214 210 201 190 182 176 172 168 177 183 188 193 200 211 223 226 222 215 207 199 192 186 182 184 187 189 192 192 197 196 195 198 198 201 202 201 199 198 198
172 167 170 181 180 176 178 171 174 182 189 194 193 181 184 188 187 187 189 191 194 195 195 198 200 202 201 205 205 202 204 203 207 210 209 207 212 213 216 216 200 205 203 195 202 216 219 219 213 205 202 198 190 181 182 177 187 197 204 212 216 207 198 195 192 185 177 171 169 174 181 182 189 203 215 222 223 220 217 206 195 191 187 184 183 188 185 196 198 200 203 201 205 206 209 210 210 207 204 204
170 166 175 184 184 182 183 174 181 185 187 195 194 186 188 189 188 189 190 192 194 193 196 199 203 205 207 207 201 199 199 202 206 211 214 216 220 218 221 226 212 214 221 207 209 217 216 217 217 213 211 201 192 190 193 187 185 200 210 216 218 211 202 191 183 181 178 175 168 176 188 193 193 202 214 220 216 214 211 206 200 201 195 189 184 189 188 211 216 219 217 215 221 225 224 227 228 223 216 214
167 167 171 181 185 185 185 176 178 181 185 189 191 192 194 192 189 189 189 190 191 192 194 196 200 202 202 201 197 197 201 203 207 213 214 215 216 213 207 214 213 213 217 216 216 218 216 213 214 217 213 207 200 203 202 192 186 198 208 215 216 208 200 193 184 180 175 172 169 170 178 192 202 206 215 220 219 215 212 207 205 206 204 193 185 190 204 216 225 227 228 228 235 242 246 246 245 239 230 227
172 172 169 170 180 186 185 179 174 180 185 188 188 191 191 192 190 189 188 189 189 191 193 193 197 199 196 194 194 196 199 202 208 214 211 211 211 208 203 203 204 207 213 212 212 209 212 212 209 207 208 208 210 212 202 192 189 199 206 212 214 208 201 196 195 189 180 176 173 170 173 184 195 198 206 214 218 219 215 209 207 209 205 197 188 198 220 217 215 215 223 232 240 247 254 254 254 251 243 241
176 175 169 174 181 187 189 183 177 176 178 184 186 186 187 187 188 189 188 188 189 190 190 192 195 195 192 192 194 196 199 202 206 211 210 207 204 202 200 200 206 215 217 208 205 204 210 206 207 204 204 206 210 210 202 199 193 198 204 207 213 213 210 206 203 194 185 178 176 172 173 185 188 187 191 197 207 220 223 218 208 199 199 195 186 200 225 211 205 197 224 232 238 239 247 250 249 248 247 244
174 169 174 172 177 184 189 186 181 182 184 182 184 184 184 186 187 188 188 189 190 192 189 191 189 191 190 191 193 196 198 201 204 207 208 206 202 201 199 199 203 213 213 208 202 202 206 200 202 200 200 202 204 209 207 205 204 204 207 207 210 208 205 201 196 189 183 178 176 172 171 178 180 185 193 202 210 219 225 222 210 199 192 190 187 190 195 198 204 190 200 220 228 235 241 243 242 241 241 240
170 175 187 183 176 176 185 188 186 187 187 185 185 187 186 185 186 187 187 189 190 189 188 188 189 190 189 190 193 195 197 201 204 206 211 200 199 201 201 201 198 205 207 209 204 199 198 197 198 199 200 202 202 204 202 203 206 209 213 216 218 210 205 201 193 193 191 184 178 177 171 176 185 193 201 206 210 213 220 222 211 202 196 192 188 192 195 197 200 205 207 215 226 234 240 242 241 240 237 235
172 178 188 187 187 181 178 187 192 196 192 188 189 189 186 185 186 187 186 188 189 187 186 186 187 188 189 191 192 195 197 202 207 205 204 197 194 197 205 205 196 199 203 203 209 201 195 197 197 198 201 201 198 198 199 201 205 208 210 214 220 219 206 199 196 196 197 191 183 178 172 178 188 195 201 203 203 207 215 223 221 211 203 197 193 190 190 193 202 210 212 217 227 235 243 246 245 243 241 238
171 185 189 188 188 186 180 184 189 190 190 187 187 186 186 185 185 186 186 189 189 186 186 186 185 186 188 192 195 195 199 202 208 206 203 196 193 199 205 198 194 198 200 198 203 199 194 194 196 196 198 198 200 200 199 201 204 208 212 214 218 221 211 202 198 198 194 188 180 175 173 178 185 191 194 195 196 203 208 217 224 220 211 205 200 195 193 191 192 204 216 217 222 227 236 241 244 243 238 234
170 180 187 188 185 184 184 184 187 188 187 187 186 186 185 185 185 184 186 189 188 185 185 185 186 186 188 192 196 196 196 200 210 205 207 195 192 200 205 195 198 198 195 194 199 198 193 195 195 196 198 199 203 202 202 203 206 210 213 213 214 217 212 203 199 196 193 185 186 183 175 172 182 185 185 190 198 204 208 212 220 224 221 216 211 203 197 193 192 202 217 220 218 223 227 231 238 244 241 233
172 176 186 188 187 188 187 185 187 188 188 187 186 186 185 185 185 185 184 185 185 184 184 185 186 186 188 191 193 193 194 199 203 198 199 192 190 191 195 192 193 192 192 192 194 195 193 195 196 197 200 206 208 204 202 205 209 215 216 210 209 213 214 208 204 200 196 192 189 186 181 173 180 181 193 195 199 201 200 206 213 218 223 225 222 211 200 194 193 200 210 214 211 215 216 222 228 243 247 239
185 180 189 188 190 193 192 190 190 193 193 190 188 186 186 185 184 185 184 183 183 183 183 184 185 185 186 187 189 188 191 193 193 193 194 189 191 193 190 190 191 192 191 191 192 193 193 194 195 197 201 211 211 203 202 202 205 207 208 208 208 210 212 215 216 214 208 196 191 187 184 176 173 180 188 191 190 192 194 202 205 210 217 225 226 216 204 197 193 197 202 205 205 207 210 217 226 239 246 241
191 183 190 190 191 193 198 193 192 195 197 195 192 189 187 185 184 184 184 183 183 182 183 183 183 184 184 184 186 188 189 189 190 191 188 190 190 190 190 190 191 194 193 193 193 193 194 195 196 197 201 210 214 207 202 203 202 203 210 217 212 212 217 216 216 218 210 200 191 186 180 181 175 178 182 184 182 185 188 192 196 206 213 219 224 220 209 201 194 193 196 198 200 205 212 219 227 233 243 243
191 189 192 192 193 192 198 195 193 197 201 199 195 192 190 188 187 185 184 185 184 182 183 184 185 186 186 184 185 187 188 186 187 188 194 195 192 190 192 193 192 194 198 198 197 196 195 196 198 198 202 211 217 212 204 204 204 205 212 221 215 210 217 218 217 219 208 198 190 186 187 188 180 176 175 179 182 188 194 198 197 201 206 213 222 222 211 206 202 195 198 202 202 203 205 211 219 225 232 242
189 191 194 193 195 199 206 203 204 203 202 199 196 192 189 187 187 185 185 185 183 182 183 184 184 185 185 186 184 185 186 188 192 191 192 201 200 193 194 196 194 193 193 194 195 197 197 197 200 201 203 206 213 216 207 208 209 210 211 219 216 210 211 213 217 219 211 200 196 193 191 190 190 183 176 176 178 186 193 199 208 212 210 215 221 224 217 215 208 198 199 208 213 212 212 209 213 219 222 229
192 194 196 198 198 198 206 209 205 203 202 201 202 203 199 193 187 184 184 182 181 182 187 189 188 186 184 184 185 190 195 195 198 194 191 192 201 200 199 206 201 196 194 193 194 196 200 202 204 204 205 207 210 217 213 195 206 212 214 216 218 212 212 213 216 217 213 204 199 195 193 193 197 190 185 183 177 184 193 198 206 218 219 216 219 224 225 220 211 200 199 207 219 225 225 222 219 217 221 228
197 199 200 200 201 199 201 204 202 199 197 197 196 200 202 201 195 187 183 181 183 186 194 201 199 193 185 184 186 193 203 205 204 196 192 191 191 193 194 199 203 206 200 197 195 195 200 205 207 210 208 208 211 218 212 196 203 215 218 220 221 216 219 219 220 213 207 203 198 188 188 185 187 187 184 178 177 183 189 195 201 213 215 214 218 226 229 219 211 204 200 207 218 229 234 234 233 230 229 233
203 203 205 205 205 204 203 200 198 197 196 195 192 192 193 194 194 191 188 181 183 186 192 197 191 188 185 185 188 197 196 203 207 198 194 193 192 191 191 192 197 210 208 201 198 196 197 200 205 212 213 215 219 216 211 210 213 214 218 223 223 217 219 223 218 203 195 189 185 183 182 182 182 186 183 178 182 185 188 190 199 203 212 218 225 233 232 226 218 211 204 202 210 222 228 232 238 241 242 243
213 209 211 212 213 215 217 207 204 200 195 192 190 189 188 188 187 188 191 184 181 184 186 189 186 184 186 188 189 189 190 193 200 203 200 198 196 192 192 193 196 204 213 207 201 197 197 197 202 208 210 216 221 211 210 212 214 218 223 225 223 218 211 210 210 200 191 185 189 190 188 186 182 180 179 183 186 185 190 194 195 203 217 224 228 233 233 227 222 217 210 204 206 211 215 223 232 239 246 252
220 219 224 224 222 223 217 211 205 198 195 193 192 190 187 185 184 183 183 183 181 182 182 184 184 185 188 195 197 195 190 191 193 197 200 203 199 195 192 193 195 199 206 211 207 201 200 199 199 203 204 209 218 216 211 212 216 226 227 222 219 214 209 202 197 193 189 185 190 192 192 186 181 184 186 191 194 189 190 199 206 207 209 221 227 232 225 219 218 219 213 206 208 215 218 218 225 233 242 251
234 240 254 245 236 229 218 207 203 200 203 200 195 191 193 191 186 184 183 181 180 180 182 182 184 193 200 205 199 195 191 190 191 193 196 205 204 198 194 193 194 197 199 205 211 213 206 202 203 200 205 209 215 217 213 213 218 226 225 221 221 218 213 208 197 194 193 187 188 190 192 187 183 190 193 195 200 194 193 200 205 209 213 214 223 229 223 227 217 213 209 210 217 223 230 229 230 234 240 248
245 277 305 269 257 253 233 215 208 206 207 201 197 193 194 191 188 186 184 182 180 181 181 182 184 193 202 196 191 190 191 191 191 193 196 198 200 198 196 195 195 195 198 201 204 212 215 205 203 201 203 207 210 217 215 216 221 224 216 215 214 212 212 207 197 191 191 188 188 190 191 190 185 191 195 196 200 202 197 198 204 208 215 223 221 224 225 226 216 218 218 213 218 227 234 238 238 240 243 246
261 290 320 312 298 272 245 227 217 214 208 200 195 192 193 195 195 190 186 182 179 180 182 182 184 187 188 187 187 188 190 190 192 194 196 197 201 199 197 200 201 202 202 200 203 209 211 205 205 206 202 204 207 214 216 217 228 225 219 212 208 205 203 199 192 190 190 188 193 195 194 195 191 189 193 196 200 202 203 197 201 208 220 236 228 223 225 225 215 222 225 220 221 230 235 240 240 240 241 242
264 270 309 305 321 317 273 246 229 216 209 203 197 197 204 200 194 188 184 181 179 180 182 182 182 184 185 185 186 188 188 190 191 192 194 200 208 205 201 200 203 206 208 208 207 209 211 209 209 208 205 204 205 212 218 218 222 226 230 219 211 204 200 199 193 192 193 191 200 206 199 193 189 187 188 195 201 200 204 203 201 206 220 235 232 228 227 225 225 227 226 223 224 230 235 238 237 235 236 233
254 266 289 276 313 311 302 260 237 218 208 203 198 198 205 202 197 190 184 180 180 182 183 183 184 184 185 187 188 190 190 191 192 193 197 201 211 214 208 204 204 202 206 210 212 212 215 216 210 207 206 206 206 210 217 219 220 227 233 224 211 205 200 197 194 194 198 195 193 201 205 197 192 191 194 192 195 202 205 207 206 209 215 230 235 232 229 230 235 233 228 224 225 228 230 234 234 230 229 230
247 269 266 264 281 279 291 255 233 217 207 204 196 193 193 194 197 195 187 180 180 183 183 185 186 185 186 188 190 192 193 193 193 195 197 200 209 218 214 208 209 206 204 207 211 214 214 214 212 209 207 207 206 209 216 216 219 231 233 221 210 204 201 197 194 194 198 200 199 196 205 204 199 199 197 200 198 196 211 216 214 221 220 229 234 234 235 237 239 238 235 223 222 225 229 229 231 226 223 225
241 248 252 257 267 285 283 252 239 220 214 205 198 192 187 187 189 190 187 181 181 183 184 186 189 187 188 189 191 193 196 196 196 197 198 202 208 218 216 212 214 215 208 206 209 214 217 216 216 212 209 208 208 210 214 212 212 217 224 211 208 202 197 195 199 198 198 203 202 198 199 207 207 211 205 206 205 200 201 220 224 225 226 230 237 236 235 237 237 235 230 222 218 220 224 224 226 224 219 225
243 251 268 280 293 301 282 254 233 218 207 196 190 188 186 184 184 184 182 180 181 185 187 188 191 190 190 192 195 198 200 200 200 201 200 202 206 213 220 220 221 219 210 210 217 222 225 224 220 214 211 213 213 212 212 209 207 207 207 204 203 200 197 199 199 201 200 201 203 203 197 205 213 210 211 217 211 203 200 214 218 223 228 233 241 240 238 242 236 230 224 217 214 215 217 217 221 222 218 219
237 251 263 288 279 261 248 240 228 219 212 201 193 189 185 183 183 182 181 179 183 191 190 190 193 193 194 196 204 205 208 207 208 206 204 204 206 211 218 227 221 217 215 213 217 224 231 227 218 214 220 233 232 222 214 209 207 209 209 207 204 199 202 202 201 203 205 204 203 204 202 201 204 211 216 220 211 201 198 209 216 220 229 235 239 237 240 240 236 228 223 218 213 211 213 213 215 217 214 215
