# 100 100
193 197 201 205 208 211 210 208 201 192 186 181 179 179 183 184 184 185 184 182 183 181 178 176 175 175 175 175 176 178 178 179 178 178 180 183 185 186 188 187 187 187 197 197 191 191 198 209 212 206 208 202 199 198 196 193 201 200 198 199 201 202 202 202 204 205 221 227 226 233 251 245 226 221 223 241 234 238 225 228 231 232 245 247 241 238 231 222 214 207 202 201 202 201 192 192 206 213 209 205
190 193 196 201 205 209 211 211 206 202 192 183 180 180 183 184 185 185 185 180 181 181 180 177 175 174 174 174 176 176 178 177 178 181 183 185 183 184 184 185 185 187 194 194 189 190 201 217 213 208 204 196 191 190 191 192 199 197 195 197 199 200 200 199 200 201 208 210 210 216 239 242 230 211 211 227 220 221 218 213 219 232 231 243 243 235 226 222 220 209 203 199 196 196 193 189 199 209 206 200
187 189 193 197 201 206 209 208 203 197 196 187 181 180 183 183 184 185 184 180 178 180 180 178 176 174 174 174 175 175 176 177 179 182 184 182 185 187 187 190 188 187 187 188 188 190 198 211 209 200 196 192 188 188 187 190 197 198 193 195 196 198 197 199 198 198 202 205 204 206 216 218 217 208 202 209 211 205 204 205 222 227 221 233 236 240 237 229 223 211 203 199 196 193 191 187 193 203 203 197
184 187 191 194 197 204 207 202 196 190 191 187 181 180 182 182 184 185 185 185 178 177 179 179 177 175 173 174 174 175 177 181 180 181 180 180 185 191 191 192 190 186 185 188 191 191 191 198 197 191 188 186 186 186 185 187 192 195 191 193 196 196 195 198 195 195 198 200 203 200 201 201 202 202 199 201 205 200 198 200 208 211 213 222 217 231 237 223 214 208 201 199 195 192 190 187 189 197 202 196
183 185 188 188 192 199 203 199 191 186 186 184 181 180 181 181 183 183 183 185 180 175 177 178 178 175 173 173 174 176 179 181 180 179 186 184 184 191 192 192 191 186 185 189 189 190 186 185 186 185 186 184 186 184 183 183 183 186 190 195 196 196 194 195 191 195 196 197 199 199 196 196 196 197 196 197 201 198 196 199 199 200 202 206 209 226 231 221 211 205 202 199 196 192 190 189 187 193 199 194
181 183 184 184 187 194 201 198 191 185 182 180 181 180 180 181 182 180 175 175 175 173 175 176 177 176 173 173 176 180 181 180 178 180 184 181 181 188 191 191 190 186 183 185 187 186 183 180 180 184 187 184 184 184 181 180 180 181 186 191 193 191 191 189 192 194 193 194 196 195 193 193 192 193 193 194 197 197 194 198 195 195 197 199 207 223 235 228 215 207 201 198 194 192 189 188 185 188 194 190
179 180 181 181 183 190 198 197 190 183 180 179 179 179 181 182 181 177 173 171 171 172 173 173 174 175 172 174 178 181 180 179 178 176 177 178 179 187 191 189 186 183 184 186 188 186 181 179 181 185 187 183 181 181 179 179 179 180 183 187 189 186 185 186 191 191 190 190 192 191 190 192 191 190 191 190 191 193 191 195 193 192 195 196 203 223 238 233 225 214 205 208 201 191 187 185 184 187 190 187
177 178 178 180 183 188 194 195 189 182 179 177 178 180 181 181 178 172 170 169 170 171 171 170 170 173 172 175 179 180 180 178 178 176 175 176 179 186 190 187 183 181 186 190 188 186 182 178 181 186 188 185 182 179 177 181 185 182 182 185 190 188 182 185 190 190 186 186 191 187 190 190 189 188 189 188 187 188 188 192 192 190 192 194 198 211 229 236 228 223 221 218 204 193 189 186 184 185 188 185
175 176 177 180 184 188 191 188 186 181 178 178 177 180 180 179 176 171 168 168 169 170 169 169 170 173 172 173 176 176 178 178 177 176 174 178 183 187 187 183 180 183 189 189 187 185 183 180 184 186 188 185 182 179 177 177 183 187 184 183 190 195 184 180 186 189 186 182 185 184 188 186 185 188 189 186 184 186 186 188 190 187 189 193 194 201 221 232 234 235 230 218 203 195 192 189 185 182 184 183
173 174 177 179 182 185 186 184 181 178 178 182 178 175 175 173 170 168 167 168 168 168 168 169 171 175 173 172 174 174 177 177 176 175 174 180 188 189 187 182 178 185 187 185 184 184 179 182 185 187 187 183 181 180 177 175 176 180 181 179 182 188 184 178 178 183 185 182 178 180 184 181 180 188 191 188 183 184 185 185 186 186 190 191 190 192 206 216 221 228 227 224 212 199 193 188 185 182 181 185
172 174 175 177 180 183 184 181 178 177 180 185 185 176 173 171 169 167 167 167 167 167 167 168 170 174 174 170 171 173 176 176 175 173 175 183 187 187 187 184 178 185 187 183 180 182 178 181 185 185 186 185 183 180 178 176 174 174 176 174 175 177 177 176 175 176 177 178 176 183 184 179 177 185 191 189 183 180 184 180 182 183 189 191 188 186 191 196 203 211 206 213 214 208 199 190 185 182 180 184
172 172 174 178 179 182 183 181 177 177 182 186 190 184 174 171 170 168 167 166 166 167 167 168 170 175 175 171 172 176 176 175 174 173 174 178 178 184 186 181 177 185 186 185 180 179 177 179 183 185 187 186 183 179 177 176 174 172 172 172 172 173 173 175 175 174 173 172 172 176 181 181 177 181 187 188 183 179 181 178 179 184 189 190 187 183 185 187 192 194 194 195 199 211 214 202 191 185 180 180
169 170 173 176 177 181 182 181 176 176 180 186 190 189 176 171 170 169 167 166 166 166 166 167 170 175 176 172 172 175 175 174 174 173 171 171 174 183 185 179 175 184 185 185 181 175 177 182 183 186 187 184 182 179 173 173 174 172 171 170 171 174 173 173 173 172 172 171 170 172 174 177 176 175 178 184 182 176 175 175 181 186 190 189 184 180 183 187 188 189 189 187 187 198 209 208 199 189 183 179
169 169 171 174 177 180 182 181 177 176 178 183 188 189 178 171 170 169 167 167 166 166 166 167 170 174 176 174 170 171 173 173 174 173 171 171 174 181 185 181 174 177 183 182 180 173 182 185 185 186 184 175 175 177 171 169 172 173 172 171 170 172 173 173 171 171 171 170 170 171 171 174 175 172 173 181 183 176 174 173 176 185 189 186 181 178 183 185 186 186 186 186 184 184 192 193 194 190 186 182
172 173 174 176 179 180 180 178 177 175 177 181 187 191 182 173 170 168 168 167 166 166 166 166 169 174 175 174 170 169 172 173 173 172 170 170 174 182 184 183 176 172 178 180 179 173 182 182 183 184 180 172 169 174 171 168 171 173 172 171 170 169 168 169 168 169 170 169 169 170 170 172 172 171 169 176 183 180 173 171 174 184 185 180 178 177 181 183 183 184 184 184 181 180 180 182 185 187 186 185
176 178 178 178 179 178 176 176 175 175 179 183 190 192 187 176 172 169 168 167 166 166 166 166 167 171 174 173 170 169 172 171 171 171 169 171 177 182 183 183 179 172 172 177 177 171 174 174 176 176 174 168 167 170 170 167 170 171 171 170 170 169 167 166 167 168 168 169 169 169 170 171 170 170 168 170 174 176 172 171 175 181 181 175 172 174 177 180 181 182 182 182 179 179 177 179 180 182 182 183
176 178 179 178 178 177 175 174 176 179 183 187 192 192 188 179 173 170 168 167 166 166 165 166 166 168 172 172 170 169 171 170 170 169 169 172 179 182 182 182 180 173 172 177 174 169 168 169 169 168 167 165 165 169 172 167 167 169 169 168 169 168 167 166 166 167 167 168 167 170 171 171 170 167 167 168 170 171 169 175 178 177 177 174 171 173 180 181 182 182 181 179 176 176 175 178 178 179 179 179
175 177 177 177 176 176 173 173 178 182 186 189 190 190 189 184 176 171 169 167 166 166 165 166 166 166 168 169 169 168 169 168 168 168 170 176 180 181 181 180 180 174 170 175 174 169 168 167 166 166 165 164 163 165 173 172 164 164 164 164 166 168 167 165 165 166 165 166 168 169 170 169 168 166 166 167 170 172 168 169 173 172 172 172 169 171 180 181 180 180 180 177 175 171 175 177 176 178 177 176
176 177 176 175 174 173 171 173 176 181 184 188 189 188 186 186 183 175 171 170 168 167 166 166 166 166 166 167 169 168 168 168 168 169 171 174 177 178 177 178 177 172 169 173 175 168 168 169 168 167 167 166 163 162 166 167 164 162 162 162 164 166 166 165 165 165 165 165 166 167 168 166 166 166 165 166 169 171 168 166 169 168 167 166 166 166 174 180 176 177 178 176 171 171 177 176 174 176 176 175
176 176 173 171 170 170 170 172 175 179 182 185 186 186 185 185 184 180 178 175 171 169 167 166 166 165 166 168 169 169 167 166 167 168 170 171 173 174 173 177 176 171 168 170 175 169 167 169 171 169 169 167 164 162 161 161 161 161 162 161 162 164 165 165 165 164 164 164 166 167 167 165 165 165 163 165 170 169 167 165 165 164 164 165 166 164 165 168 168 169 171 174 171 172 178 177 172 170 171 173
176 175 171 170 173 174 175 175 176 178 181 183 184 183 183 184 184 185 188 187 178 172 169 167 166 165 166 168 170 169 168 166 166 166 168 170 172 171 172 177 176 171 168 168 173 168 166 167 171 171 170 168 165 163 161 160 160 159 160 161 160 161 163 165 164 163 164 164 166 168 168 165 164 163 163 166 171 169 166 165 164 163 163 165 165 164 162 161 161 163 165 167 167 167 172 174 174 168 165 165
175 173 170 169 172 175 176 176 176 176 179 182 182 181 181 183 182 185 188 190 186 175 171 168 167 166 166 169 171 171 168 166 166 166 168 170 173 173 171 175 176 171 168 167 166 166 165 166 168 170 171 168 164 163 161 160 159 159 159 159 160 161 162 163 164 163 164 166 167 169 167 165 162 164 167 169 171 169 165 165 164 162 162 164 165 163 162 161 160 161 162 162 163 163 164 167 171 169 164 161
174 173 170 167 170 173 172 173 173 174 177 180 180 178 180 181 180 183 186 188 187 182 174 170 168 166 166 169 171 172 169 166 166 165 167 171 175 174 170 170 173 169 167 167 166 165 165 165 166 166 170 168 164 161 161 159 159 159 160 160 160 161 162 164 164 163 163 165 167 168 166 164 161 164 169 171 171 168 164 162 163 162 161 161 163 162 161 160 160 162 162 161 162 163 162 163 164 167 166 162
173 171 170 168 166 167 168 169 170 171 175 177 178 177 179 180 179 181 183 185 188 187 179 171 167 166 168 168 171 172 169 165 166 165 167 172 176 175 171 168 168 168 167 167 166 164 164 164 164 164 167 167 163 162 161 160 160 160 161 160 160 160 162 163 162 162 163 165 166 166 164 162 162 164 169 170 170 165 160 159 160 161 161 161 160 162 162 159 159 160 162 160 161 162 162 162 162 163 162 161
173 171 169 168 166 166 166 167 168 168 170 173 174 175 178 178 176 179 181 183 187 188 184 174 168 166 168 167 170 170 167 165 166 165 166 171 176 175 171 168 166 166 165 166 166 165 164 163 164 165 165 164 162 162 162 161 160 160 160 160 161 161 161 162 162 162 162 162 164 163 161 161 162 160 166 169 168 164 159 157 159 160 160 160 159 161 162 159 159 158 159 159 159 160 161 161 160 161 161 160
171 170 169 167 165 165 165 165 166 168 169 170 171 174 177 176 175 178 180 182 185 186 184 175 169 168 166 167 167 166 165 165 164 165 165 170 173 172 171 168 166 165 164 164 166 165 164 163 163 164 165 163 162 162 162 161 160 160 160 160 160 161 162 162 162 161 161 161 161 161 159 160 161 160 160 165 163 161 157 157 159 160 159 159 159 159 161 160 159 159 158 158 157 158 159 159 159 160 162 161
169 169 168 167 165 165 165 166 167 168 168 169 171 174 176 174 174 176 178 179 180 182 183 180 174 174 167 166 165 165 165 164 164 164 164 164 166 166 166 166 166 165 164 164 165 165 164 162 162 161 162 163 162 163 165 163 161 160 159 160 161 161 162 161 161 161 162 161 161 162 159 159 160 160 159 162 159 156 156 158 159 159 158 158 158 158 159 160 158 158 157 157 157 157 157 158 159 159 162 161
169 169 169 166 165 167 167 168 168 167 169 169 171 172 174 173 171 173 175 176 176 178 181 183 183 180 170 165 165 165 165 165 165 165 164 163 163 163 164 164 165 165 164 163 165 164 164 162 161 161 161 163 163 163 164 164 162 160 159 159 160 161 161 161 160 160 161 161 160 160 159 158 160 160 157 156 156 155 156 158 159 158 158 158 157 157 157 158 158 157 157 156 156 156 156 158 158 158 161 161
168 168 167 165 165 167 167 166 166 166 167 167 168 169 170 170 169 170 172 173 174 178 179 182 184 184 176 168 166 166 166 166 165 165 164 163 163 163 163 163 163 164 164 163 164 164 163 162 161 161 161 162 163 163 164 163 163 161 160 159 159 160 162 160 161 160 161 161 160 158 159 158 159 160 158 156 156 155 156 158 158 156 160 157 156 157 157 156 157 156 156 156 155 155 156 157 158 158 160 160
167 166 165 165 165 165 165 165 165 165 166 166 167 168 169 169 169 169 170 171 174 176 177 180 183 183 180 175 169 167 166 166 166 165 165 164 164 163 163 162 163 164 163 163 163 163 163 162 162 161 162 161 161 161 162 161 161 161 159 159 159 159 159 160 160 161 160 159 160 159 158 157 159 159 156 156 156 154 156 156 156 155 157 157 156 156 156 156 156 157 156 157 155 155 155 157 157 157 157 157
166 164 164 163 164 164 164 165 166 167 170 168 167 169 175 175 173 171 170 170 171 173 174 177 179 179 179 177 173 168 169 168 167 166 166 165 165 164 164 163 162 164 164 163 163 163 163 162 162 161 161 161 161 161 160 159 159 159 159 158 158 159 159 160 160 160 160 159 159 159 158 157 160 161 156 155 155 154 155 156 156 155 154 154 155 155 156 157 156 156 160 160 157 156 155 155 156 156 156 156
164 163 163 163 164 164 165 166 167 169 172 170 167 169 177 181 179 176 172 171 171 172 172 173 174 174 173 173 170 169 176 177 175 173 169 167 165 165 164 164 162 162 163 163 163 162 163 162 162 161 161 161 160 161 160 160 159 159 159 159 159 159 158 158 159 159 159 159 159 159 158 158 160 161 156 155 155 154 154 154 155 155 154 154 154 154 155 156 156 156 157 158 159 158 155 154 155 155 155 155
163 163 164 164 164 165 165 167 168 169 173 171 168 169 175 182 184 182 177 173 172 172 173 173 173 173 172 170 171 172 177 181 182 182 176 170 167 165 164 163 163 162 161 162 163 162 162 162 162 161 161 161 161 160 160 160 159 158 158 159 159 159 157 157 158 158 161 159 159 159 159 158 157 157 158 156 155 154 154 153 154 154 154 154 154 155 155 156 156 155 155 155 155 154 154 154 154 155 155 156
162 163 163 164 164 164 165 166 168 169 172 172 169 170 173 181 187 188 185 181 177 175 174 174 176 177 174 170 176 178 177 180 182 183 182 176 170 167 164 162 162 162 162 161 162 162 162 161 161 161 162 161 161 160 159 159 158 158 158 158 159 159 160 159 158 158 159 158 159 159 159 160 157 156 159 158 157 156 155 154 155 154 155 154 154 154 155 155 155 155 155 154 152 152 153 153 154 155 156 156
162 162 163 163 164 167 168 165 166 167 170 174 171 170 172 178 186 191 191 188 183 179 178 177 178 179 175 173 172 176 178 179 181 182 182 180 175 170 166 164 163 162 162 161 160 161 161 161 160 161 161 161 161 161 160 160 159 158 158 158 158 159 159 159 158 158 158 159 159 159 159 160 158 156 155 155 155 156 154 153 154 154 154 153 153 153 155 155 154 154 155 155 154 153 153 154 155 155 156 156
162 162 163 164 165 170 172 167 166 167 168 174 175 171 171 174 181 189 194 194 190 183 181 179 182 180 179 179 173 173 173 175 178 179 179 180 179 176 171 167 165 163 164 163 161 160 160 160 160 160 160 160 160 160 160 160 159 158 158 158 159 158 159 159 159 158 158 158 159 159 158 158 158 156 156 155 154 155 154 154 153 154 153 153 153 153 155 154 153 153 154 154 154 153 153 154 154 155 156 155
162 162 163 163 165 171 175 173 168 167 169 173 176 173 171 173 177 184 193 196 193 187 184 181 183 181 181 181 175 178 178 176 174 175 177 178 180 180 177 170 166 165 166 165 163 162 160 159 160 159 159 160 160 159 159 159 159 159 159 158 158 158 159 158 159 158 158 158 158 158 157 158 158 157 156 155 155 155 154 154 154 153 153 153 153 152 154 153 153 153 152 152 153 154 153 154 154 155 155 155
162 162 162 163 167 175 178 176 171 170 168 171 174 174 172 173 175 179 189 195 197 193 188 183 183 182 180 178 175 178 181 180 177 175 176 179 180 181 180 177 171 168 168 166 165 164 162 160 159 159 160 159 159 159 158 158 159 159 159 158 158 158 158 158 158 158 157 158 158 158 157 158 158 157 156 155 154 155 154 154 154 154 153 152 152 151 153 152 152 153 152 152 152 152 154 155 154 155 154 154
162 162 163 163 168 181 183 180 174 172 169 169 176 177 174 173 175 177 182 191 199 199 192 187 184 184 182 180 178 176 179 180 178 176 177 179 181 184 185 183 180 172 169 167 166 164 162 161 160 159 162 161 160 161 160 159 158 158 158 157 157 157 158 158 157 157 156 157 158 157 157 157 157 157 156 156 154 154 153 153 153 153 152 152 152 152 151 152 153 153 152 152 153 153 154 154 154 154 155 153
163 163 163 164 166 180 185 181 178 170 167 167 174 179 177 176 176 178 180 188 199 202 196 190 188 188 185 182 179 178 180 181 179 178 178 179 183 189 190 188 185 177 170 167 166 164 163 162 162 162 162 162 163 162 160 160 161 160 160 160 157 157 157 158 157 157 156 157 157 157 157 156 156 156 156 155 154 153 153 153 153 154 152 153 152 152 151 153 153 153 153 153 153 154 154 154 154 154 153 153
165 164 164 164 165 173 187 184 181 173 170 168 171 176 180 179 179 179 181 186 196 203 200 194 193 190 186 182 181 180 182 183 181 181 180 179 183 190 193 195 191 183 175 170 168 166 165 164 163 164 164 165 164 163 161 164 164 162 162 160 158 156 157 157 157 157 156 156 156 156 156 156 156 155 154 154 153 154 155 155 154 155 155 153 155 155 152 152 153 152 153 153 152 153 154 154 154 153 153 152
177 169 165 165 166 171 187 186 177 171 168 168 169 171 178 181 180 180 181 185 194 204 205 200 197 192 187 185 184 181 184 184 183 187 185 182 182 187 189 193 195 192 187 179 173 171 169 166 166 167 167 168 166 165 165 167 165 163 163 161 159 157 157 156 157 157 156 155 156 156 156 155 156 155 154 156 156 157 158 158 155 156 155 154 154 156 153 151 152 152 153 153 152 153 154 153 153 153 152 151
190 185 170 166 167 172 186 188 183 180 170 169 170 170 175 179 179 180 180 183 192 204 208 205 200 193 190 190 187 183 185 186 186 190 189 185 183 183 185 188 193 195 195 192 187 181 176 181 178 173 171 169 168 169 170 169 166 166 164 162 161 159 158 157 156 156 156 155 156 155 155 154 154 155 156 157 157 159 161 158 156 155 155 154 155 155 155 152 151 151 152 152 152 152 153 153 153 153 155 153
193 186 180 168 169 178 175 174 184 178 170 169 170 171 174 176 175 177 179 182 189 201 209 207 201 196 196 195 189 185 186 189 187 192 192 188 184 184 185 185 188 192 196 198 198 195 187 189 196 188 182 174 172 174 174 171 168 168 166 164 162 160 159 158 157 158 158 158 159 158 156 156 155 156 157 157 157 159 161 159 156 156 155 155 155 155 155 153 152 151 151 151 152 152 153 153 152 152 152 152
190 183 175 171 176 183 183 184 181 179 176 173 170 176 180 181 178 178 180 183 190 203 211 210 207 201 201 199 193 187 187 193 192 194 196 192 187 188 189 187 190 193 194 198 201 201 198 191 195 202 200 190 182 179 178 176 170 169 167 164 162 162 161 160 159 159 159 160 161 161 159 157 156 157 158 157 158 160 162 159 157 157 156 155 155 156 155 154 153 154 153 153 151 151 151 152 152 151 150 151
180 178 177 178 184 186 185 182 181 182 179 174 171 176 181 182 180 178 180 183 189 202 212 213 211 205 206 203 196 191 189 193 197 194 199 197 191 190 196 192 189 194 198 199 200 203 204 201 196 199 208 209 200 189 194 185 175 170 167 166 165 168 167 165 162 161 160 161 161 161 160 158 158 159 159 159 159 161 161 159 158 158 157 156 155 156 156 155 155 155 155 156 153 151 151 151 152 151 149 150
175 187 189 183 185 187 186 185 184 183 181 176 173 171 179 182 182 180 180 183 189 201 212 213 212 208 209 206 199 196 192 195 201 198 199 201 196 191 199 198 192 192 197 203 204 205 207 207 205 202 204 211 213 210 210 197 181 176 178 174 169 170 171 170 168 165 163 162 162 160 159 160 161 161 160 160 160 161 163 164 160 158 156 156 156 157 157 157 156 156 156 157 156 154 152 152 151 150 149 149
175 190 189 185 189 190 188 186 186 185 183 181 174 172 180 184 183 181 181 183 189 201 210 213 214 212 212 210 205 199 194 201 205 203 201 203 197 193 201 204 199 194 194 200 206 210 211 212 211 210 208 209 214 215 213 203 187 182 182 177 174 172 170 169 167 166 164 163 162 161 161 162 162 161 160 160 161 165 169 165 160 157 157 157 157 159 159 160 158 157 156 158 156 154 153 154 153 153 150 149
182 189 189 187 189 191 189 188 187 186 182 179 174 172 181 188 187 182 182 184 188 197 205 211 213 213 213 211 205 198 199 203 209 206 204 205 200 194 199 208 206 201 197 196 201 209 213 215 215 215 214 212 213 215 216 212 206 198 189 184 178 174 170 168 166 165 164 163 162 162 163 163 162 162 162 161 161 165 166 161 159 158 159 158 160 160 161 162 160 158 157 158 157 157 156 155 156 155 152 154
194 192 192 191 188 191 191 189 186 183 184 179 172 172 180 189 191 187 183 186 189 195 204 209 213 213 213 211 205 200 204 208 211 209 209 209 204 199 198 206 211 209 205 202 199 203 211 214 216 217 217 217 216 216 216 213 208 205 201 197 189 177 173 169 167 166 166 167 166 165 164 164 163 163 164 162 163 165 163 160 159 159 161 160 162 163 162 161 160 158 159 159 159 162 161 159 158 156 153 154
195 195 194 193 191 191 191 189 188 188 187 186 179 172 178 187 190 188 184 185 188 197 206 210 213 214 213 211 210 204 207 212 213 213 212 210 206 201 200 204 211 214 213 209 203 202 206 210 213 215 217 218 218 217 216 212 207 203 201 200 200 192 181 173 169 168 170 168 167 166 165 164 163 163 164 164 163 163 161 160 160 161 162 162 163 163 162 162 160 158 158 159 159 162 162 160 158 155 154 154
198 198 196 196 195 193 191 191 191 176 179 182 175 174 172 179 186 185 184 185 188 195 207 211 213 212 212 212 212 210 208 212 214 214 213 211 207 204 205 205 209 214 215 213 208 205 206 207 210 212 215 217 218 218 217 214 211 207 203 199 194 198 188 175 171 171 171 169 167 166 165 165 166 167 168 167 164 162 161 161 162 165 165 165 165 165 165 164 162 160 160 161 160 160 161 161 158 157 156 156
201 200 199 199 197 194 193 193 191 179 184 188 183 180 175 173 182 184 184 186 188 193 203 210 211 211 210 211 211 212 211 212 213 214 214 212 209 207 210 210 212 214 215 215 214 213 212 211 214 216 217 217 217 217 216 214 212 210 207 201 192 184 183 176 173 174 173 171 169 171 171 172 172 172 169 167 164 162 163 164 168 176 174 171 168 167 167 166 164 162 164 164 162 162 162 162 160 158 159 159
203 202 201 200 198 197 196 195 193 192 191 190 189 185 177 173 180 184 184 185 187 190 197 206 207 208 207 206 210 211 212 212 213 214 214 213 212 211 212 212 213 213 214 215 215 216 216 216 217 218 218 218 216 216 216 214 211 209 208 204 200 193 182 178 183 182 176 173 171 175 177 173 170 169 167 165 163 165 166 166 169 183 194 188 180 172 174 176 177 173 184 171 167 165 165 164 163 162 162 163
203 203 202 200 199 198 197 195 193 190 188 184 183 180 178 173 178 183 184 184 185 187 191 198 201 202 203 202 207 208 208 208 210 212 214 213 212 212 212 211 211 210 210 213 215 215 216 217 217 218 218 217 214 212 213 214 212 207 206 206 204 201 196 191 200 193 180 177 174 176 177 172 170 167 166 165 164 166 167 168 171 179 198 199 187 183 192 184 193 183 191 186 180 172 172 169 163 168 171 171
203 204 203 201 200 198 197 195 193 189 186 186 183 177 175 174 182 185 185 183 184 185 186 188 191 194 198 199 202 202 202 203 206 207 211 211 208 208 208 207 206 206 206 209 212 213 213 216 217 218 218 217 214 211 209 211 211 209 205 203 205 204 203 201 202 200 192 181 178 176 174 171 170 168 171 168 167 167 170 171 171 174 184 200 197 196 203 197 196 201 197 196 192 184 181 172 173 176 190 187
196 203 202 202 200 199 197 196 193 191 190 188 185 181 175 175 179 184 185 182 182 182 183 183 184 187 190 194 196 196 198 201 203 202 207 209 206 202 202 202 202 202 204 206 210 211 211 214 217 217 217 217 215 213 211 207 207 208 205 201 201 203 203 200 200 200 194 183 178 177 173 171 169 168 170 170 169 171 171 173 175 182 191 202 203 200 203 201 202 204 203 203 200 196 193 174 171 175 191 201
182 200 201 201 200 199 197 196 193 193 192 190 187 186 179 178 176 177 179 178 179 180 180 181 183 184 186 188 190 191 197 199 200 199 203 205 205 202 199 200 202 204 206 205 207 209 212 213 216 217 217 216 216 215 213 211 207 203 204 202 196 198 201 197 189 189 186 178 176 176 173 171 170 171 172 174 174 174 175 178 180 184 200 204 201 189 186 190 195 198 201 205 204 203 199 174 172 153 167 204
168 184 191 198 199 198 197 195 195 193 192 190 188 186 181 180 183 178 181 181 178 181 182 182 182 184 185 186 186 186 189 193 196 197 199 200 202 200 198 202 206 209 211 210 209 210 212 214 216 217 217 216 215 214 213 211 210 205 200 199 196 190 191 194 188 181 179 177 175 174 173 172 173 175 176 178 179 178 179 185 193 192 203 203 198 186 176 175 179 183 191 203 199 201 198 184 187 171 175 197
163 168 173 194 200 199 197 195 194 192 189 186 183 181 181 182 183 180 183 184 182 181 183 183 185 184 184 183 184 184 185 186 189 194 196 199 199 197 197 202 206 211 213 214 214 214 215 216 217 217 217 215 212 212 212 210 209 208 205 200 197 195 188 185 183 183 183 187 182 182 180 182 178 180 187 185 191 191 191 192 201 200 202 198 191 187 174 171 171 174 191 200 187 185 195 198 199 194 192 190
162 165 169 188 201 200 198 197 196 194 193 186 179 179 183 185 182 183 186 185 184 180 183 184 183 182 181 182 186 189 189 192 191 189 193 196 195 196 200 205 208 212 213 214 215 215 216 217 217 217 217 216 214 211 210 210 207 205 206 204 202 197 189 193 194 195 190 199 196 191 195 198 189 186 196 202 203 208 206 204 204 197 193 190 181 176 171 169 170 173 190 193 180 172 181 183 189 186 174 170
160 161 164 175 195 199 199 198 197 195 192 188 188 183 187 185 185 186 188 188 185 184 180 181 181 181 183 191 200 201 198 199 200 196 192 192 196 199 202 205 207 210 211 211 212 214 215 216 217 217 216 215 215 213 211 208 206 203 201 200 198 196 197 199 201 201 194 200 207 202 208 209 205 205 206 210 210 210 208 207 202 191 182 179 176 172 169 168 167 167 170 172 170 167 167 167 178 178 167 163
159 160 162 166 178 196 199 199 198 196 194 194 193 191 189 185 189 189 189 189 187 186 184 184 184 183 185 195 203 204 204 203 204 202 199 198 197 197 199 202 204 206 207 207 208 210 214 215 216 217 216 215 214 213 213 212 211 210 208 205 204 204 201 203 205 205 202 201 209 211 213 213 213 212 212 212 211 207 200 198 199 194 183 183 189 175 168 166 166 164 163 164 165 166 164 163 165 165 162 161
158 159 160 163 167 179 197 200 199 198 196 195 194 192 192 190 191 191 191 192 190 189 187 186 185 184 186 193 202 206 208 208 209 207 205 202 201 202 200 201 202 204 206 209 210 211 213 214 216 216 216 214 212 212 211 212 213 213 212 211 210 210 208 208 210 211 211 210 212 214 214 214 212 211 210 210 208 205 197 183 183 186 182 179 188 181 169 166 164 163 162 161 163 163 162 160 160 160 159 159
159 160 160 162 164 167 182 196 199 198 197 196 195 194 194 194 193 192 192 195 197 193 190 188 186 186 186 190 198 204 208 210 211 211 209 207 206 207 206 207 207 209 211 212 212 213 215 216 216 216 216 215 213 210 208 209 211 212 212 212 211 212 211 211 212 212 212 212 213 213 212 211 210 208 207 206 204 201 191 180 176 175 175 172 173 173 168 167 165 165 163 160 160 159 157 157 157 157 157 158
159 160 161 162 162 164 168 177 189 197 197 197 197 197 196 196 195 194 196 198 201 198 193 189 189 188 188 194 200 203 207 210 211 211 211 210 209 209 209 210 211 211 212 213 214 215 216 216 216 215 214 214 214 213 211 208 206 207 209 210 209 209 210 209 209 209 210 210 211 210 209 207 205 206 203 200 199 199 189 178 174 172 172 170 169 168 167 167 165 164 162 160 159 157 155 156 157 156 156 157
159 160 161 163 163 163 165 166 170 181 188 189 193 197 198 197 198 198 200 202 203 202 199 194 192 191 191 199 202 205 207 209 210 211 210 208 208 207 207 208 210 210 210 211 214 215 216 216 216 215 213 212 213 213 213 211 207 203 204 206 205 207 208 206 205 203 205 205 206 207 205 204 201 204 204 198 193 197 185 176 171 169 170 170 166 167 166 166 164 163 161 160 158 156 155 155 155 156 155 155
159 160 161 163 164 165 166 167 170 172 174 177 179 183 188 191 196 197 200 202 202 201 202 199 198 196 193 196 199 203 206 208 209 209 208 206 206 205 204 206 206 207 208 210 213 215 215 216 215 215 214 210 210 212 213 212 210 207 202 202 201 205 206 202 200 199 201 201 203 203 201 202 199 202 202 199 191 190 183 172 168 167 167 167 165 167 168 166 164 160 158 159 157 156 155 154 154 154 154 154
159 160 161 163 165 166 168 169 172 176 183 190 184 179 178 180 185 189 198 200 200 199 200 201 202 201 200 201 202 204 206 206 206 208 208 206 203 203 201 202 204 206 208 210 213 214 215 215 215 215 214 212 207 208 211 211 210 208 205 200 198 201 203 202 197 195 196 198 202 201 197 199 196 198 196 194 187 184 183 172 167 165 164 164 163 164 163 162 162 158 157 158 157 157 156 154 154 154 153 153
160 161 162 163 166 168 169 172 175 181 190 192 189 182 177 176 178 181 190 195 198 197 198 200 201 202 203 203 203 204 206 205 204 205 207 206 203 200 200 203 206 208 210 211 212 214 214 214 214 214 214 213 209 206 207 209 208 207 205 201 197 196 200 200 199 196 192 197 201 200 194 195 191 196 191 183 179 181 179 168 166 164 162 162 162 163 162 160 160 158 156 156 157 156 156 154 153 153 153 153
160 162 163 164 166 169 171 175 181 188 192 191 190 185 178 175 175 176 180 186 193 195 197 198 199 201 202 202 202 204 205 204 202 204 205 204 202 197 201 203 205 207 209 210 211 213 213 213 211 212 213 213 211 207 204 207 205 203 203 201 197 194 197 196 197 196 190 192 198 200 194 187 184 189 189 179 175 178 175 166 164 163 161 160 161 161 161 159 159 158 157 156 156 156 155 155 154 153 152 153
160 164 164 167 167 169 172 179 188 193 191 188 187 185 179 175 174 174 175 176 184 192 196 196 197 198 196 197 199 202 204 203 201 203 204 202 196 196 199 201 203 205 206 208 210 213 213 212 209 209 210 212 212 209 204 203 203 201 200 200 198 192 191 189 190 192 189 187 195 198 196 187 179 179 180 175 172 175 174 165 163 162 161 159 160 161 160 157 157 158 157 156 155 155 155 153 153 153 153 152
161 165 167 168 170 171 177 190 193 195 193 188 183 180 177 175 174 173 174 181 185 194 195 194 195 195 192 197 200 201 201 201 199 203 203 201 194 198 202 204 207 208 209 210 212 213 212 210 209 207 207 209 211 209 205 201 201 200 197 198 197 195 190 189 187 183 183 183 190 195 197 193 184 178 174 171 170 172 177 168 162 161 160 159 158 157 156 155 154 155 156 156 155 154 154 154 153 151 150 149
162 166 170 172 174 180 183 194 195 195 195 192 187 182 178 175 174 172 173 182 191 194 194 187 188 187 191 197 198 199 199 197 200 202 202 200 191 197 203 205 207 209 210 212 212 212 212 211 207 205 204 205 209 209 204 200 198 197 195 193 191 189 188 190 192 188 180 178 181 189 193 194 191 183 176 171 168 169 176 170 162 160 159 158 157 155 156 156 155 154 153 154 153 152 151 151 150 148 150 151
166 166 172 178 182 191 192 195 196 195 194 193 191 187 182 176 175 173 172 178 189 192 190 182 177 178 185 194 192 192 194 194 201 200 196 196 189 197 201 203 206 207 209 210 212 212 211 211 208 205 203 202 207 208 206 203 201 198 198 198 196 193 189 184 187 192 188 181 176 179 185 190 189 187 181 174 168 167 170 167 161 160 159 158 157 157 157 157 157 157 155 154 154 153 154 154 153 151 152 156
180 179 185 193 194 196 197 196 196 195 192 190 188 185 181 176 174 172 172 178 189 189 184 177 174 174 179 186 183 191 194 197 200 199 194 191 186 192 196 200 203 205 207 210 211 211 211 210 209 208 205 201 203 207 206 205 203 201 200 199 198 197 195 189 180 192 193 187 178 174 179 185 183 182 180 173 168 166 165 164 164 160 158 157 157 158 159 159 159 159 158 158 157 156 156 158 156 155 154 157
194 195 196 196 197 197 197 196 196 195 193 192 189 187 182 175 172 170 175 186 191 189 181 176 173 173 176 179 187 193 194 195 195 195 190 183 190 194 195 198 202 206 208 209 209 210 210 208 209 209 206 202 199 203 204 205 204 202 200 198 198 197 196 192 182 184 192 190 183 173 173 180 179 178 177 170 166 164 162 162 162 159 158 159 159 160 160 161 162 161 161 161 160 158 157 159 158 155 154 156
195 196 196 195 195 196 195 195 195 195 195 194 193 190 185 178 172 169 173 185 191 189 182 175 171 172 174 177 185 187 188 189 185 187 183 183 189 196 200 201 203 206 207 206 206 209 209 206 206 208 207 203 199 198 201 203 203 202 200 196 193 195 195 192 183 176 184 184 183 177 171 172 176 175 172 169 165 163 161 160 159 159 160 160 161 161 163 167 169 166 166 167 166 164 161 160 157 157 156 157
194 194 194 194 194 194 191 190 191 194 194 193 193 192 189 183 174 170 170 180 189 186 179 174 171 170 172 174 176 177 179 178 177 182 184 189 189 191 197 201 203 204 205 204 205 208 208 205 204 206 205 202 199 194 198 201 201 200 200 198 194 188 188 188 182 173 174 175 176 175 176 173 168 170 168 165 163 162 161 162 164 163 164 165 165 166 168 168 166 164 163 164 165 164 163 161 158 160 160 160
191 191 192 191 191 192 190 185 187 190 192 191 191 191 189 183 175 170 168 173 186 183 175 172 170 169 170 170 171 173 174 175 178 187 191 194 195 192 192 196 199 201 201 203 205 207 207 204 201 204 204 201 197 193 198 200 198 196 197 198 196 193 185 179 177 171 169 168 168 167 168 171 168 165 165 163 163 163 162 167 169 167 165 167 169 168 166 165 164 164 165 163 162 161 161 159 159 162 162 162
188 188 189 189 188 190 189 183 180 188 191 190 186 189 190 186 178 172 168 167 177 179 172 171 169 168 169 170 171 174 177 178 185 188 194 197 199 197 196 196 198 200 203 205 206 207 207 204 200 200 201 201 198 193 193 197 197 193 191 192 194 193 189 181 174 170 176 173 169 173 170 166 165 165 166 168 169 168 166 170 171 169 166 168 170 170 166 165 165 165 165 163 162 162 161 159 159 161 164 164
186 185 187 187 185 187 187 181 178 186 187 187 182 186 186 186 182 174 169 167 167 169 169 171 168 168 169 171 173 175 182 187 190 193 194 198 199 199 200 201 202 203 204 205 205 205 205 204 200 196 196 199 198 196 189 193 197 197 192 186 185 189 186 179 174 171 180 176 171 179 178 173 172 175 174 177 179 175 169 174 177 175 171 168 169 169 168 167 167 166 166 165 163 161 161 160 161 162 165 166
184 183 184 185 182 183 185 175 174 181 182 181 176 181 178 176 177 174 169 167 165 165 168 169 166 168 176 183 184 182 180 186 191 194 195 197 199 201 202 203 204 204 204 204 204 203 203 203 201 198 195 194 194 193 191 186 193 196 195 191 183 179 180 173 172 177 184 179 177 175 185 185 180 183 184 184 187 181 174 172 180 178 174 170 170 170 169 170 169 168 168 166 165 164 163 164 164 166 168 168
183 181 183 182 181 178 183 176 169 171 173 175 170 170 171 168 167 166 165 166 165 164 168 167 165 168 173 181 188 189 187 185 188 191 194 196 198 201 203 203 203 203 203 202 201 200 200 201 200 199 196 192 190 187 185 184 185 188 192 189 183 177 172 173 182 188 190 186 184 180 182 191 190 190 189 189 188 183 177 173 179 180 177 174 173 172 173 172 173 172 170 169 168 167 166 170 171 171 178 174
179 178 181 177 174 174 181 175 166 165 166 166 166 165 165 165 165 165 163 166 164 164 167 166 166 167 170 173 181 188 190 189 192 194 196 197 199 202 203 203 201 201 200 200 198 198 197 199 199 197 196 197 196 194 191 186 181 179 184 184 177 173 177 180 187 195 195 192 190 186 179 188 194 194 193 192 190 184 183 177 177 182 180 178 177 176 177 177 179 176 174 173 173 171 169 173 180 179 182 184
174 176 172 170 166 173 176 170 164 164 163 163 164 163 163 163 165 166 164 165 163 166 166 164 165 167 168 171 175 184 188 188 193 195 197 198 199 202 203 203 201 200 198 197 195 194 195 198 199 198 198 197 197 196 195 191 186 180 177 177 175 179 186 187 188 196 197 196 195 192 187 181 193 195 195 195 192 189 185 181 178 179 183 183 181 179 180 181 182 179 179 177 178 176 175 177 181 185 187 188
173 169 165 163 163 168 166 163 161 163 162 161 162 163 162 162 163 163 162 161 163 165 164 163 166 167 168 170 173 177 181 183 189 193 195 197 198 200 202 203 202 201 200 199 197 195 193 195 197 197 196 193 193 193 192 187 180 176 175 176 178 186 194 193 188 195 197 197 196 195 191 182 192 196 198 198 195 192 188 186 184 181 182 187 186 184 184 184 185 183 182 181 183 181 180 181 184 187 189 189
172 165 162 161 160 159 159 160 160 161 160 159 160 161 161 161 161 161 161 161 162 162 162 163 165 167 168 169 173 178 182 186 189 191 193 196 198 200 202 202 201 201 200 199 198 196 194 191 194 195 195 191 187 185 184 181 178 183 179 184 188 189 195 196 195 195 197 197 197 195 189 187 188 193 198 200 198 196 193 191 187 182 183 189 191 190 189 187 189 186 185 185 186 187 186 186 187 188 187 185
168 164 160 158 158 158 158 159 158 159 159 158 159 159 159 160 160 160 161 162 164 165 164 165 166 170 174 171 172 176 180 185 190 194 196 198 200 201 202 200 199 198 197 197 196 195 194 191 191 193 192 191 186 181 180 181 182 189 184 183 192 196 197 199 199 198 197 197 194 191 187 192 193 192 195 200 200 199 196 192 187 186 186 191 195 196 195 192 193 191 191 190 190 191 189 188 186 184 182 177
161 160 158 158 157 158 158 157 157 157 158 158 159 159 160 160 161 161 162 163 164 166 166 167 167 171 181 179 175 175 179 181 185 190 195 198 200 201 201 200 197 196 194 193 191 191 191 190 190 192 189 185 181 182 186 188 188 193 189 184 189 196 199 201 201 200 199 196 193 193 190 194 196 196 195 198 200 199 196 191 191 192 190 190 197 200 200 198 197 196 196 195 192 190 188 184 181 178 174 171
158 157 156 155 156 156 156 156 157 159 161 162 165 165 166 164 164 164 164 165 165 166 167 169 170 171 179 187 183 179 181 186 189 189 191 195 197 199 201 201 198 196 194 193 191 189 188 188 188 189 186 182 184 189 190 191 194 196 194 187 189 192 198 201 202 201 199 197 195 195 192 194 197 199 197 198 201 199 195 193 195 197 195 193 197 201 202 201 200 198 197 194 189 185 182 179 175 172 168 167
156 154 156 156 156 155 156 157 159 161 165 166 174 176 176 170 168 167 170 170 167 167 170 176 175 174 177 188 190 187 186 189 193 196 194 194 196 198 201 202 201 200 198 197 195 193 190 186 184 183 182 187 190 194 194 192 196 198 196 189 193 194 196 201 202 200 198 197 197 198 196 194 197 201 200 199 202 202 199 196 196 199 199 198 200 202 202 201 198 196 194 191 185 178 174 173 171 168 167 165
154 156 162 164 162 160 159 160 162 165 174 174 177 181 182 178 174 171 174 179 172 169 170 176 182 181 178 185 191 192 193 196 198 199 198 198 199 200 201 202 201 201 199 198 196 193 191 188 186 188 186 188 193 195 197 198 199 201 199 193 192 200 200 203 203 202 199 198 200 201 200 197 198 202 202 201 204 204 202 198 199 200 202 203 203 201 198 197 196 192 189 186 181 181 181 178 179 176 175 171
156 160 167 169 169 169 166 166 168 169 176 179 180 181 183 184 182 178 178 182 177 172 171 174 179 185 185 183 188 193 197 199 199 200 201 201 201 201 201 201 201 200 199 196 194 191 188 186 189 193 191 188 189 193 197 199 202 204 203 197 192 194 201 204 205 205 203 202 202 203 201 198 203 205 205 203 204 205 204 203 202 203 204 204 203 200 196 192 193 192 189 184 186 188 187 185 187 183 183 181
159 164 165 165 166 168 170 171 173 175 177 178 178 179 180 183 185 185 183 186 182 178 176 176 177 182 189 190 190 192 197 199 200 200 200 200 200 200 199 200 200 200 198 196 193 191 188 188 189 195 196 192 192 192 194 197 206 207 204 202 199 197 197 201 205 206 207 206 205 204 201 201 205 207 207 206 205 207 207 206 206 205 205 204 203 201 198 195 192 190 188 188 191 192 191 188 191 189 190 188
161 162 163 166 167 166 168 169 171 173 176 175 177 181 182 182 185 188 189 190 188 186 182 181 181 182 186 191 195 196 197 198 199 200 200 200 200 199 198 198 198 198 196 195 194 193 190 191 189 194 197 195 194 196 195 194 197 203 204 205 204 202 199 199 203 206 207 208 207 206 204 202 204 206 206 207 207 207 208 207 207 206 205 203 203 202 200 198 197 195 193 191 194 196 195 193 195 195 196 194
160 164 168 171 171 171 172 172 172 172 173 175 180 185 187 187 186 188 190 192 193 193 191 189 188 190 189 190 193 197 198 199 199 199 200 199 199 198 197 196 196 195 195 193 192 191 190 194 191 194 198 198 196 199 199 198 197 197 203 204 205 206 206 205 205 205 207 208 208 208 206 204 203 204 207 207 207 208 207 206 205 204 203 201 200 201 201 200 200 198 197 194 195 198 199 199 199 199 198 197
161 166 169 170 169 172 175 178 178 178 178 179 184 187 190 191 191 192 192 193 195 195 195 194 194 195 195 195 195 196 197 198 198 198 199 199 199 198 196 195 195 194 193 192 193 192 193 196 194 193 197 199 200 199 200 201 200 199 201 203 205 206 206 207 207 207 207 208 208 208 208 207 206 205 206 207 207 207 205 202 202 201 201 200 197 198 199 199 200 199 198 197 196 198 198 199 199 198 198 197
162 162 165 167 168 171 174 177 179 181 183 184 187 189 191 192 193 194 194 195 195 195 195 195 195 196 196 196 197 197 198 198 198 197 198 199 199 199 199 198 197 196 195 196 196 194 196 198 198 195 194 199 201 202 202 203 203 203 203 204 205 205 206 206 207 207 207 210 208 207 208 207 207 207 207 207 208 207 206 202 198 197 198 199 197 195 196 197 198 199 198 198 197 198 198 197 193 191 192 191
164 163 164 165 169 173 174 176 178 181 184 185 187 188 189 190 191 193 193 194 194 193 194 194 195 195 195 196 196 197 198 198 196 195 196 198 199 199 199 199 199 199 198 199 198 196 197 199 200 198 196 197 200 202 202 203 203 203 204 204 204 204 205 205 207 207 207 207 206 206 207 208 208 207 208 207 206 206 205 204 202 198 195 196 195 195 192 192 195 198 198 198 197 195 192 193 192 188 180 180
