# 100 100
197 196 191 190 189 191 197 199 205 207 209 217 221 229 235 231 234 241 248 252 256 259 266 274 273 271 276 279 286 290 291 290 287 284 283 283 282 279 276 276 278 278 277 277 275 272 269 265 257 242 221 211 219 238 240 222 239 267 267 243 230 223 216 226 247 269 283 291 293 291 289 294 296 297 297 299 300 301 301 289 286 303 306 304 307 308 307 305 307 310 313 313 298 298 315 316 318 318 319 309
196 200 196 188 187 188 191 196 200 201 206 212 217 227 228 227 236 243 250 255 258 263 267 269 268 264 265 267 273 281 286 287 283 274 273 274 278 277 276 276 275 271 268 271 273 269 266 264 258 250 235 215 211 222 223 225 250 269 248 221 214 222 242 266 276 280 283 288 290 285 288 292 293 292 294 297 298 298 295 286 283 303 304 298 304 306 303 302 302 308 309 309 294 296 311 312 315 316 317 309
196 198 197 186 185 185 188 193 195 199 204 210 219 225 222 224 230 237 243 245 250 257 258 257 262 259 256 259 265 272 279 281 277 269 262 263 268 271 270 272 272 267 261 268 270 267 262 260 257 250 238 225 211 212 215 234 259 263 229 210 226 256 273 271 265 266 277 285 286 277 288 289 287 291 294 295 295 294 284 272 289 301 301 293 301 304 299 297 298 305 306 305 287 297 306 310 311 313 314 311
197 190 186 184 182 183 186 190 196 202 205 209 217 222 220 218 225 231 234 238 245 250 249 250 259 260 252 255 261 270 275 274 270 267 259 252 255 261 261 264 264 263 256 264 266 264 260 256 252 253 253 244 221 206 214 235 253 245 212 216 243 264 265 252 243 248 259 267 267 275 289 288 286 291 290 289 290 287 269 277 296 298 298 290 295 299 296 290 294 301 301 297 279 295 301 308 306 310 311 310
196 187 184 183 182 182 185 187 195 200 202 205 211 218 221 215 217 225 231 237 240 240 239 246 252 255 250 251 261 269 273 269 264 263 260 251 246 254 252 254 254 257 251 256 261 262 261 259 253 247 252 252 233 207 209 222 237 222 208 229 254 254 240 235 256 264 261 264 277 287 291 287 284 290 287 281 283 278 263 286 294 294 294 288 287 296 296 281 286 297 293 282 275 290 302 302 302 307 306 304
194 185 181 179 180 180 184 187 194 196 197 200 206 212 217 214 216 225 229 231 232 231 233 242 244 248 248 244 253 263 268 267 262 255 255 246 243 251 245 246 246 252 247 246 254 258 258 258 254 249 241 236 234 221 204 207 218 208 216 250 258 236 229 250 272 281 282 283 291 295 295 291 279 284 284 274 272 270 259 279 289 291 289 286 280 292 295 282 280 292 281 268 276 282 291 297 304 304 303 298
190 183 179 177 177 180 182 186 189 191 194 197 202 205 210 210 212 218 221 224 224 224 230 236 237 244 246 239 247 257 264 264 256 250 249 240 240 245 242 238 240 248 245 243 251 252 251 253 255 254 252 246 231 228 217 202 207 205 239 258 248 224 236 258 271 278 282 287 293 298 300 296 284 272 272 265 259 258 255 273 284 288 285 282 273 288 292 285 271 283 273 263 279 290 296 300 301 301 302 294
184 181 177 176 175 177 179 184 187 187 190 194 196 200 207 207 205 210 214 219 219 219 226 229 232 239 241 235 245 254 260 260 251 243 245 232 237 236 237 230 235 240 238 244 248 247 245 248 250 252 253 252 242 224 220 207 201 209 235 244 231 219 238 250 256 266 274 278 283 290 300 300 288 276 272 274 270 255 253 268 279 286 282 275 268 285 290 286 265 267 260 275 294 295 297 298 297 300 301 289
182 180 178 176 173 175 179 183 184 184 186 189 189 195 204 206 201 203 210 215 214 216 223 224 229 235 237 232 242 248 253 256 250 237 239 226 235 230 227 224 229 234 240 244 244 244 243 241 243 244 246 248 246 230 213 208 201 202 210 221 217 219 230 235 249 258 257 264 267 272 289 307 297 291 291 291 280 262 249 256 274 283 280 266 266 283 284 277 262 252 263 289 292 293 294 294 296 298 298 290
182 179 177 175 173 173 176 180 181 182 183 184 186 193 198 201 201 198 206 211 209 214 217 222 226 230 233 228 234 241 244 249 250 239 229 221 228 223 219 228 235 238 240 241 240 241 241 238 237 236 235 234 229 218 225 224 208 199 198 205 209 209 222 239 248 242 240 247 254 266 282 299 297 298 295 293 288 273 254 247 264 276 277 261 268 278 275 262 249 253 283 289 288 287 288 291 296 297 296 290
182 178 176 174 172 170 174 176 181 181 178 181 186 190 193 197 205 196 201 207 207 212 213 220 221 226 229 224 228 236 236 244 248 244 237 224 215 216 226 233 235 236 237 237 237 236 238 238 235 232 230 228 226 233 243 239 221 209 200 197 201 208 218 228 230 227 243 254 264 272 278 279 281 290 286 282 283 278 267 249 246 264 271 257 264 269 259 246 252 278 287 285 282 278 287 293 296 296 295 290
178 176 175 173 171 169 172 175 179 179 174 179 182 186 190 199 206 196 198 203 205 210 210 216 216 221 227 223 224 232 231 240 244 242 236 227 212 215 230 235 235 232 233 232 233 231 233 236 236 235 236 235 234 238 242 242 235 228 218 205 196 202 209 216 218 234 255 263 264 266 265 268 270 281 285 278 271 269 267 262 245 244 261 253 254 258 245 244 265 286 287 284 274 277 289 292 293 291 293 291
174 175 174 173 171 168 170 173 175 173 173 177 181 186 191 200 201 194 197 199 202 205 206 213 212 216 223 224 218 223 226 235 240 239 230 215 206 217 228 232 231 228 228 225 228 227 226 231 235 232 233 231 230 233 234 235 236 236 235 227 200 196 203 208 223 246 259 254 251 255 253 259 265 274 281 285 272 261 255 253 249 237 246 251 244 245 239 259 277 284 285 284 271 274 286 287 287 284 289 290
171 173 173 172 170 167 168 171 170 169 173 178 188 192 194 195 195 189 196 195 200 201 204 210 209 211 218 219 214 216 224 231 236 235 227 208 205 221 226 225 227 223 221 219 223 223 221 225 227 225 226 224 224 225 224 226 228 232 232 230 218 195 198 207 219 238 249 241 242 242 251 258 261 264 278 289 278 267 260 252 247 238 235 246 239 235 243 265 272 275 277 279 268 263 276 280 276 274 284 286
170 171 171 170 169 167 165 168 169 168 172 179 188 188 188 191 188 188 194 193 197 198 202 207 205 208 214 214 208 212 221 226 229 231 224 206 203 215 221 220 223 218 214 213 215 218 217 220 221 218 218 218 217 219 218 217 219 222 225 225 218 198 193 201 212 226 231 229 230 247 266 257 251 259 279 274 282 278 268 262 255 244 232 238 235 232 241 257 266 267 264 269 267 256 262 272 265 267 280 281
171 170 170 169 168 167 164 167 167 167 171 178 180 181 183 185 183 189 191 192 194 195 200 203 200 205 209 211 206 208 215 220 221 227 222 207 198 211 216 215 218 213 208 208 209 215 215 212 214 213 212 212 211 212 212 211 213 216 217 219 217 203 191 197 207 212 215 223 247 271 262 250 245 254 268 266 267 275 266 262 255 248 235 230 231 230 241 257 261 260 254 256 264 256 249 263 257 264 275 275
168 169 168 168 167 166 163 164 166 170 174 178 178 177 177 178 180 185 187 190 190 193 197 198 196 200 204 208 206 202 207 213 214 220 216 203 195 209 208 211 212 208 201 203 207 211 212 208 208 208 207 207 206 206 206 205 207 211 211 212 211 202 191 193 202 210 226 246 269 260 249 242 239 248 258 257 268 266 258 255 248 244 237 226 228 229 246 256 257 251 247 247 259 256 242 249 249 259 269 266
165 167 168 166 165 163 163 169 172 175 174 174 176 177 178 178 179 182 184 186 188 192 196 193 195 195 200 204 205 200 200 204 211 216 213 199 193 203 201 206 204 199 195 198 204 206 206 205 203 205 203 203 202 201 201 201 202 205 206 207 209 204 191 192 204 214 228 248 251 243 237 234 235 242 246 256 270 262 251 246 241 235 230 224 224 229 242 246 250 246 239 238 248 252 239 239 241 256 261 259
164 164 166 163 160 162 166 169 171 170 172 173 174 175 176 177 180 182 187 188 188 193 194 188 191 191 193 197 201 201 196 198 208 213 211 199 191 198 195 199 197 190 193 197 199 200 200 199 198 200 199 200 199 198 198 198 198 200 201 204 209 206 190 190 202 216 226 229 228 226 225 232 252 261 258 261 270 260 253 247 251 245 237 229 221 225 232 236 242 242 236 232 241 247 238 232 234 250 251 251
165 162 162 159 163 163 164 166 166 168 170 171 175 179 183 182 181 185 191 191 192 194 192 186 187 186 187 193 197 198 197 195 202 207 206 198 187 193 190 195 192 187 193 193 193 195 194 193 193 195 194 195 195 194 195 196 195 195 196 200 204 200 188 189 201 214 218 213 214 221 241 261 274 277 278 277 279 275 268 263 265 252 241 232 224 219 224 228 235 234 228 231 240 242 238 228 227 239 242 244
165 162 158 161 164 166 170 173 175 172 171 175 181 183 185 185 187 188 187 185 185 191 188 182 183 182 183 185 187 190 194 189 193 198 200 196 185 188 185 189 185 181 187 189 188 190 189 188 189 192 189 190 191 190 192 193 193 192 192 196 199 195 186 189 199 204 204 208 218 231 246 258 264 271 274 278 279 278 275 269 264 261 254 248 236 224 216 218 226 226 222 232 237 233 235 228 221 226 232 235
164 162 158 162 164 167 171 177 180 183 178 179 182 184 186 185 184 184 180 177 178 184 185 179 180 179 179 179 180 181 184 183 186 190 193 192 184 180 179 181 177 177 182 182 184 185 185 184 187 191 186 186 187 187 188 188 190 190 189 194 197 191 185 190 196 202 209 214 219 225 230 236 243 252 263 269 276 276 267 258 259 267 267 269 260 250 230 217 214 216 220 226 229 224 227 228 220 220 227 228
162 160 158 162 163 167 173 178 182 187 183 184 183 183 184 184 184 179 175 171 171 173 177 175 176 178 177 175 175 176 178 181 185 184 182 180 178 176 173 171 173 174 177 177 180 181 180 180 186 191 184 183 183 183 184 185 186 187 187 193 196 187 185 194 200 204 206 210 213 216 222 229 233 239 244 252 264 269 270 266 252 263 268 263 257 252 249 236 217 210 214 218 220 219 226 229 220 216 220 220
158 158 160 161 162 165 171 176 182 184 183 181 180 182 184 183 180 177 172 170 168 168 170 171 173 176 176 173 173 174 177 185 192 183 179 176 175 176 173 171 172 171 172 172 176 176 176 177 184 192 183 179 179 182 183 182 183 185 193 191 190 184 185 191 196 197 200 206 209 212 221 223 225 229 233 237 244 251 259 258 245 254 256 252 248 243 243 241 232 220 208 209 212 215 224 224 216 210 212 213
159 157 161 161 162 162 166 174 179 178 179 177 173 175 176 178 177 177 174 168 167 166 167 169 172 172 172 170 171 174 179 190 191 182 177 175 173 172 172 171 168 169 168 168 171 172 173 174 181 187 179 176 177 180 180 179 181 188 195 188 184 183 188 197 211 212 206 213 213 215 221 222 221 222 224 225 229 234 243 243 239 243 244 242 239 235 234 233 231 229 219 207 204 208 216 216 211 206 205 205
161 156 157 161 164 161 165 173 175 174 175 171 166 165 167 171 173 177 175 169 166 166 166 168 169 169 169 169 170 176 183 190 186 180 176 174 171 169 168 167 168 167 167 164 167 169 170 170 174 179 174 172 173 178 177 178 180 185 193 187 182 184 191 198 207 217 214 218 218 220 226 230 226 228 223 217 219 232 234 232 228 231 234 232 230 228 227 227 224 226 231 226 209 202 204 208 205 202 205 215
161 159 156 156 160 160 164 173 171 168 166 164 162 165 165 167 170 173 173 169 165 165 164 166 166 165 165 171 177 183 187 186 182 178 176 174 171 168 166 165 164 165 164 164 164 165 166 167 168 169 169 171 172 174 176 176 178 180 183 181 181 186 193 197 203 212 216 218 219 217 223 225 226 227 226 217 215 227 226 224 223 225 225 224 223 222 220 220 217 219 226 231 223 209 201 201 200 201 215 228
161 161 163 157 156 159 169 177 168 163 162 162 165 172 168 168 171 173 171 167 163 164 163 163 164 165 173 180 180 180 182 184 185 181 177 175 171 168 165 164 163 163 163 164 164 165 166 167 168 169 170 172 173 174 175 176 177 177 179 180 181 188 193 193 199 204 209 210 212 214 215 217 218 219 216 214 211 218 218 217 217 220 217 217 216 215 214 214 212 216 221 226 226 220 211 200 198 200 216 224
163 167 169 162 155 158 175 176 169 163 161 161 168 170 168 169 172 173 173 169 164 161 160 163 166 172 177 174 172 173 176 188 193 186 178 174 170 168 165 162 162 162 163 163 163 165 166 167 169 170 171 172 173 174 174 176 177 177 178 180 183 189 192 194 197 200 206 204 204 206 205 207 208 209 208 209 207 211 211 211 213 215 212 209 211 210 209 210 211 216 219 220 220 218 215 205 197 198 206 218
165 168 165 158 155 155 171 171 169 164 160 159 160 163 166 171 172 170 167 165 162 159 162 169 172 177 175 170 170 171 176 190 194 189 180 175 171 167 165 161 161 162 163 162 170 171 167 166 169 170 171 172 173 174 174 176 177 177 178 180 184 190 192 193 193 196 198 198 198 199 199 200 201 202 203 203 202 205 206 206 209 210 207 202 205 206 206 205 209 211 214 215 213 213 213 211 199 197 198 203
163 165 160 156 153 158 166 165 165 161 159 158 157 160 163 169 170 169 162 159 160 164 169 177 181 179 173 169 170 172 177 190 191 190 184 177 170 166 164 161 160 161 162 163 176 182 173 167 169 171 171 172 173 174 175 177 177 178 179 181 185 190 191 192 192 192 193 194 194 194 194 195 196 198 200 200 196 199 201 204 205 205 203 199 199 202 203 202 206 208 211 210 208 207 206 208 206 198 194 196
164 162 156 153 154 162 162 161 160 158 158 158 156 159 160 164 167 167 159 161 171 172 175 177 179 176 171 168 170 175 180 187 187 186 185 178 170 165 162 160 160 160 162 163 167 183 172 168 168 170 171 172 174 174 175 176 177 177 179 184 188 188 190 191 191 192 191 191 191 190 190 191 193 195 197 196 194 197 198 201 201 200 201 198 198 200 202 200 203 206 207 206 203 202 203 207 208 206 196 193
164 163 152 153 155 159 158 157 157 157 157 158 156 157 160 167 167 165 158 163 171 173 175 171 172 172 168 166 174 180 183 185 185 182 181 177 170 168 165 159 160 161 162 163 169 177 170 168 169 170 171 174 175 175 175 175 176 177 180 186 188 188 189 189 190 190 190 190 189 188 189 190 192 193 194 193 190 191 193 197 198 197 199 197 197 199 202 199 200 202 202 199 200 200 199 201 206 208 200 193
164 161 151 154 155 155 156 156 156 157 158 159 157 155 160 163 165 163 158 166 169 171 172 168 168 167 166 167 177 180 181 182 182 179 177 176 172 167 163 160 159 160 162 163 162 164 166 167 171 171 170 172 173 174 173 174 175 178 183 186 188 188 187 187 188 189 189 188 188 187 188 190 190 190 190 190 188 187 188 193 194 193 196 193 195 197 200 197 197 200 198 197 197 196 196 199 209 214 205 194
163 158 151 154 155 155 156 156 156 156 158 157 156 156 159 160 162 159 160 165 166 167 167 165 164 163 166 172 177 177 177 178 179 179 176 172 172 168 162 159 159 161 163 163 163 165 166 167 169 168 170 171 172 172 171 173 176 179 183 186 187 187 187 188 188 188 188 187 187 186 187 189 189 189 187 188 186 183 184 190 192 190 191 189 192 195 198 195 195 197 196 193 193 193 193 199 210 213 206 196
159 154 151 153 155 156 158 158 157 158 158 157 155 155 157 157 158 155 158 160 161 160 160 161 161 166 173 174 175 174 173 174 176 176 175 170 167 164 160 159 159 162 166 164 166 167 167 167 168 168 169 171 171 171 171 174 177 180 183 185 186 186 186 187 187 187 188 186 185 185 186 188 188 186 184 184 183 180 180 181 186 187 187 187 190 192 196 193 191 193 192 190 190 190 192 199 210 215 209 200
156 150 152 153 155 160 163 161 158 157 156 155 153 153 155 156 155 153 155 157 157 160 165 163 164 172 174 172 172 171 171 171 171 172 172 170 164 159 158 158 160 161 164 163 166 167 168 170 169 169 170 171 171 171 173 176 178 181 183 185 185 185 185 186 186 186 187 186 185 186 186 186 186 184 182 180 179 178 177 177 178 184 186 184 187 189 194 191 188 189 188 188 188 190 195 201 212 217 211 202
152 151 152 153 156 160 161 159 157 156 155 152 152 152 153 153 154 153 155 156 159 167 170 169 171 171 170 168 169 169 167 166 166 166 167 162 160 157 158 158 160 162 163 163 164 165 167 174 171 170 170 172 170 172 175 177 179 181 183 183 183 184 184 185 185 185 185 185 186 187 185 185 185 182 180 178 178 175 175 175 176 181 182 181 184 186 189 189 187 188 186 186 188 194 198 202 208 213 211 204
150 151 152 153 156 158 157 155 153 153 153 152 152 153 153 153 152 153 155 156 162 167 165 167 169 168 166 163 166 167 162 161 161 161 160 156 155 156 158 159 160 162 162 163 164 166 168 169 169 173 169 170 172 174 176 177 180 181 182 182 182 182 183 183 183 184 184 185 185 186 183 181 182 180 179 179 177 174 173 173 177 177 177 179 181 184 186 187 184 183 185 185 189 195 199 202 202 199 204 202
149 152 153 152 155 156 155 154 152 151 152 152 154 154 153 152 152 154 154 157 165 165 160 160 165 165 162 158 162 163 160 157 157 156 154 154 155 156 157 159 161 162 163 164 167 166 167 166 167 168 169 170 172 175 176 177 180 180 181 181 180 181 182 183 183 184 186 189 188 187 183 178 175 176 179 180 175 173 172 173 177 175 174 177 179 181 184 187 183 183 184 186 188 194 199 203 204 199 195 196
150 152 151 152 154 155 153 152 153 152 151 151 152 153 152 152 153 154 158 162 164 160 156 156 161 162 158 156 157 157 157 154 154 153 154 155 156 156 158 159 161 162 162 166 170 166 165 166 167 168 168 169 171 173 175 176 179 180 180 181 180 182 183 185 186 185 188 194 192 188 185 182 177 175 176 177 174 172 171 172 174 172 173 174 176 179 186 186 182 184 186 187 189 194 200 205 210 207 200 193
151 152 151 151 153 154 151 151 151 152 151 150 150 151 151 152 153 156 164 163 160 156 154 154 157 158 156 155 155 155 153 153 153 153 154 156 157 157 157 159 161 163 162 162 163 163 165 166 167 167 168 168 170 173 176 176 177 179 178 180 180 183 186 189 191 189 191 198 194 190 186 181 179 177 174 174 173 171 170 170 171 171 172 173 176 183 189 185 181 185 186 188 192 197 199 201 202 201 200 194
150 151 151 151 151 152 150 151 155 158 152 150 150 150 151 154 155 158 159 157 154 152 153 153 154 156 154 153 153 153 151 152 153 154 155 156 156 156 157 159 160 162 161 161 162 164 164 165 166 168 169 171 174 174 176 175 176 178 178 179 183 187 190 197 202 199 196 198 196 193 188 187 185 182 179 174 172 169 170 169 168 169 170 172 177 188 188 182 179 184 186 189 194 196 196 197 195 191 191 186
151 151 151 150 150 149 150 154 157 156 151 150 151 150 150 154 155 155 155 153 151 151 151 152 153 153 153 153 153 152 150 152 153 154 154 155 155 156 156 157 158 161 160 161 162 163 163 164 166 170 174 182 185 182 178 175 175 176 177 181 184 191 196 201 219 218 208 203 200 198 193 190 186 183 182 179 175 170 168 168 167 168 169 171 175 185 185 180 176 182 186 193 197 196 193 196 200 193 184 178
152 151 154 151 150 149 149 152 154 153 152 155 153 151 150 151 152 151 153 151 150 151 151 152 152 152 153 153 153 152 150 151 153 154 154 155 155 155 156 157 158 160 160 162 162 162 163 164 166 171 179 193 187 185 179 175 174 175 178 183 187 189 194 202 220 236 222 209 206 204 197 188 185 180 178 180 180 175 170 168 167 167 167 169 171 178 182 177 177 182 187 197 201 198 191 189 193 185 177 176
151 151 153 151 149 149 149 149 150 149 149 153 152 151 150 150 149 149 150 150 150 151 152 152 152 153 153 153 153 152 151 150 152 153 153 154 155 155 156 158 158 159 160 161 161 162 163 165 166 170 177 185 179 177 175 173 174 176 179 182 188 191 195 201 216 239 235 217 201 197 194 189 184 180 177 176 177 179 176 170 167 166 166 167 169 172 177 174 180 182 187 196 204 202 192 185 181 176 175 180
152 151 150 150 149 149 149 148 148 148 149 149 149 149 150 151 150 150 150 150 150 151 151 151 151 151 152 152 152 152 152 151 150 152 152 153 153 154 156 157 158 159 160 160 161 162 164 166 167 170 176 180 176 175 175 172 173 177 180 183 187 191 195 201 213 236 235 211 198 193 191 187 182 180 177 175 173 174 176 174 170 166 165 167 168 171 175 173 180 181 184 190 200 203 194 187 175 173 177 193
154 153 152 151 151 151 151 149 148 148 149 148 149 150 151 152 152 152 151 150 150 150 150 150 151 151 152 152 151 151 151 151 150 151 152 152 152 154 156 157 158 159 159 160 161 163 164 165 166 168 170 172 173 175 174 172 173 177 181 184 188 192 196 204 218 241 239 215 202 200 193 189 186 184 183 182 176 171 171 173 171 166 165 166 167 169 171 173 176 183 185 186 189 193 188 178 173 173 186 200
159 157 158 159 159 159 158 153 149 148 149 150 151 153 156 158 157 156 154 153 151 151 151 151 151 151 152 151 150 151 151 151 150 149 150 152 153 154 155 156 157 158 158 160 160 162 163 164 165 167 168 169 172 172 171 172 175 177 182 189 194 196 200 207 224 247 244 219 215 209 197 194 191 189 184 183 181 176 169 168 168 165 164 165 166 169 172 176 176 179 182 184 190 189 180 171 171 179 198 205
167 166 170 172 170 168 166 159 151 149 152 153 155 159 162 163 167 164 160 157 154 152 151 152 151 151 152 151 151 151 151 151 150 150 150 152 153 154 155 156 156 157 158 159 163 164 163 163 164 165 166 168 169 169 171 175 178 179 181 187 195 199 209 220 231 245 246 230 220 210 202 199 192 185 178 176 175 173 170 166 165 163 164 165 167 171 174 177 179 178 180 187 200 190 173 169 172 189 205 205
176 179 182 182 179 176 171 163 151 149 154 158 162 172 178 179 183 182 175 165 158 155 153 153 153 152 152 151 150 150 150 150 149 149 150 151 152 153 154 155 155 157 159 161 163 164 162 163 165 167 169 170 170 172 175 176 183 189 186 187 195 205 215 230 230 238 246 242 227 217 207 199 190 183 177 173 171 169 167 166 164 162 163 164 168 171 173 176 180 178 179 192 196 179 169 169 175 193 201 203
184 185 187 186 184 177 170 160 150 149 156 164 171 181 186 188 188 188 187 178 166 160 156 155 154 153 152 151 150 150 150 150 149 148 150 151 152 153 153 154 155 157 159 160 161 162 163 165 167 170 173 176 175 174 177 180 184 200 206 201 208 227 229 228 223 225 235 246 237 222 209 200 192 191 183 175 171 169 168 165 163 162 162 165 168 171 173 175 179 177 178 192 188 172 167 169 185 201 200 199
188 188 188 187 178 167 160 155 149 150 156 163 166 170 173 179 187 190 190 187 178 165 160 156 156 154 152 151 150 149 149 149 148 147 149 151 151 152 152 153 154 156 156 156 158 161 165 166 169 172 176 178 181 178 181 193 194 208 221 223 227 227 217 215 217 223 234 245 235 219 210 208 200 197 189 180 175 173 169 166 164 162 161 164 167 170 171 176 180 177 175 186 177 167 167 172 189 196 195 193
189 188 185 183 179 165 154 150 149 154 159 162 164 167 170 182 189 190 190 190 186 173 163 159 157 154 152 151 150 149 149 149 147 148 150 150 151 151 152 154 154 155 157 160 165 166 165 167 170 174 177 180 185 188 187 198 210 218 229 228 220 218 210 212 224 230 241 244 243 232 219 208 202 195 189 185 179 177 172 168 166 163 160 161 163 166 169 178 187 181 172 176 169 166 166 175 184 186 187 186
189 183 170 166 164 157 152 148 151 160 171 177 181 183 181 185 190 190 190 190 188 181 168 163 159 155 153 151 150 149 149 148 147 148 149 150 152 154 154 153 155 159 165 169 172 170 168 168 171 174 179 183 189 202 206 211 220 227 232 224 211 204 205 220 229 218 231 227 239 239 223 213 203 199 195 189 184 179 174 170 167 164 161 160 161 164 167 177 188 182 170 168 166 165 166 172 177 179 179 180
189 185 173 161 157 154 150 147 150 161 172 181 187 188 188 187 189 190 190 190 190 186 176 168 165 160 156 154 153 151 149 147 147 148 149 151 153 156 154 153 157 165 171 174 173 169 168 170 172 175 180 183 188 200 215 222 224 225 226 220 210 200 207 221 217 206 214 212 228 243 229 217 209 205 198 194 186 178 174 172 169 166 165 164 160 161 167 179 183 177 168 165 165 165 166 169 172 173 175 178
189 188 180 165 161 154 149 147 150 156 164 175 185 188 189 189 190 189 188 188 188 188 186 178 175 168 157 154 152 150 148 147 148 148 149 152 153 154 152 154 160 169 174 174 170 168 168 171 176 176 178 180 183 191 211 223 222 215 216 215 206 198 203 213 201 200 201 207 218 241 237 225 220 211 202 195 188 181 175 171 170 169 171 168 161 160 166 178 176 172 165 164 163 164 166 168 170 174 179 184
186 187 181 176 171 155 149 147 150 156 164 176 185 189 189 190 190 189 187 184 182 181 183 186 183 172 159 155 152 149 146 146 147 148 150 151 151 152 152 157 164 171 172 169 167 167 168 172 179 181 178 179 181 187 204 220 219 207 202 203 197 191 198 198 192 193 195 204 217 236 240 230 220 213 203 197 190 183 177 174 170 166 166 165 161 163 170 175 169 164 163 162 161 163 167 169 173 179 189 195
179 185 187 170 158 153 148 146 148 155 166 178 186 189 189 189 190 189 187 178 171 165 166 175 183 175 160 154 153 149 145 145 146 148 149 150 150 151 154 162 170 171 169 167 165 166 168 172 178 185 185 184 192 188 194 212 220 210 198 190 189 189 195 187 185 189 197 204 221 242 229 215 207 204 200 192 187 183 181 180 175 167 162 160 159 166 172 169 163 162 161 160 163 172 176 175 178 184 198 201
182 186 182 166 156 150 147 146 146 152 161 174 186 188 187 189 190 189 188 181 166 159 155 160 177 174 159 153 150 146 145 145 147 148 148 149 150 152 156 165 171 169 166 165 165 167 169 172 178 186 189 191 194 191 191 207 219 212 202 188 184 195 192 183 182 187 195 202 215 237 236 216 205 199 195 192 193 185 180 177 172 166 161 160 160 166 165 162 160 160 159 161 167 179 185 183 186 195 200 194
178 175 166 159 153 150 147 146 146 151 162 176 184 184 185 189 190 189 185 184 170 159 155 154 163 168 156 152 149 145 145 146 146 147 148 150 154 157 160 164 167 166 165 164 165 167 170 172 176 180 186 190 194 199 198 208 218 209 197 186 180 189 186 179 180 184 189 194 206 228 244 235 220 211 202 193 192 188 185 183 176 166 161 162 161 159 159 159 159 159 159 162 171 182 186 187 187 190 193 188
169 165 159 155 151 148 146 146 146 150 158 169 178 174 183 189 189 188 181 175 169 158 155 153 153 154 152 149 149 146 145 146 147 148 151 156 163 167 168 164 163 164 164 164 166 168 170 174 176 181 187 192 198 202 196 193 204 207 192 179 175 177 179 176 179 183 185 193 208 228 240 237 235 220 204 193 188 184 183 180 177 171 167 168 160 156 158 158 158 158 159 164 177 182 182 182 183 183 184 182
164 164 161 158 153 148 145 145 147 150 153 158 163 172 184 187 188 186 181 168 160 158 155 153 151 150 149 147 148 145 145 146 148 150 154 159 166 171 171 167 163 162 163 166 170 170 169 174 179 184 188 192 196 202 199 186 185 188 185 178 174 175 175 174 177 180 182 189 203 215 219 216 227 229 211 202 188 181 176 174 171 170 172 169 160 155 156 157 157 157 159 164 177 179 178 178 178 179 178 177
161 163 166 174 157 149 145 145 148 150 152 156 162 173 186 188 188 186 183 177 173 168 160 155 152 149 148 146 145 146 145 146 149 152 155 161 167 171 170 166 162 161 163 166 170 168 166 169 174 179 185 188 191 200 203 193 183 180 180 181 178 173 173 172 174 176 179 184 191 205 209 208 224 234 222 208 193 181 180 180 172 166 165 165 160 155 154 156 155 156 158 160 169 175 174 173 174 177 177 173
158 159 163 170 159 153 146 145 146 149 152 158 168 182 189 188 188 187 187 187 186 176 164 156 152 149 147 145 145 146 146 146 150 153 155 161 167 170 168 164 161 161 162 163 165 164 165 167 172 175 180 187 194 199 202 199 189 180 177 181 184 177 169 170 172 173 176 181 185 193 200 198 210 219 223 208 192 180 178 172 168 165 161 159 158 154 153 155 154 156 157 158 161 168 171 169 171 173 171 169
155 158 162 171 172 163 149 145 146 150 154 159 170 181 186 186 187 187 188 189 188 183 170 158 153 149 146 145 144 144 146 147 150 155 159 163 167 168 165 162 159 160 163 163 163 162 164 166 170 174 180 187 193 197 198 198 193 180 173 181 192 181 168 168 170 172 176 179 180 182 185 189 197 209 211 198 186 179 173 169 167 164 161 158 157 155 152 153 154 156 156 157 159 165 170 167 167 166 168 169
155 154 160 165 167 159 148 144 147 154 161 163 175 183 183 185 186 187 188 188 187 177 167 157 152 148 146 144 143 144 146 149 152 161 165 166 166 166 162 160 159 160 161 162 161 161 163 165 168 172 179 185 190 193 191 193 193 180 172 182 194 176 166 167 169 172 174 176 176 178 180 185 191 204 224 215 197 182 174 170 167 165 164 161 160 157 152 152 153 154 155 156 158 165 170 167 162 166 169 170
156 151 154 155 157 152 145 144 149 159 167 172 178 179 185 187 188 188 188 186 183 176 160 154 150 147 145 144 143 144 145 149 156 164 167 167 164 162 160 158 156 159 160 160 160 161 161 163 166 170 177 184 186 187 185 185 186 179 170 182 181 170 165 164 166 169 170 171 174 176 181 185 190 198 223 234 211 192 181 174 169 176 175 173 168 160 153 152 153 154 154 155 157 163 170 166 161 165 168 172
154 150 149 149 148 146 143 145 152 163 169 169 172 180 186 188 189 188 184 182 170 163 157 153 149 147 144 144 143 144 146 151 159 166 167 166 163 160 158 156 155 157 157 158 158 159 160 162 164 169 177 182 184 183 179 179 180 177 169 166 168 167 164 163 165 167 169 171 174 179 189 202 198 196 214 234 216 198 184 176 172 186 190 185 172 162 152 152 152 153 154 157 161 166 168 164 159 162 165 169
155 150 148 146 145 143 144 150 157 158 165 173 175 179 183 185 186 185 180 178 170 162 156 152 149 147 144 143 143 143 148 157 159 165 165 164 162 158 156 154 159 163 162 161 159 158 160 162 165 169 172 178 180 178 172 173 171 172 175 164 161 165 161 162 163 165 170 173 177 182 186 194 202 197 200 210 210 195 182 177 173 177 184 185 177 161 152 151 151 151 153 161 170 169 164 160 159 159 162 163
160 154 152 149 144 143 146 150 154 161 172 178 179 180 180 181 181 180 178 174 173 170 160 156 156 155 147 142 142 144 151 158 160 160 161 161 159 157 152 156 163 166 166 165 163 161 162 164 166 168 169 171 173 173 169 168 164 170 170 163 158 159 159 161 162 163 168 176 181 181 181 179 180 188 186 189 201 208 187 178 173 169 168 169 173 160 150 150 150 150 152 157 167 166 160 157 160 155 157 158
159 156 154 150 144 143 148 155 162 169 175 177 178 178 176 173 176 175 174 171 167 167 164 161 159 157 147 141 142 146 153 157 159 157 158 158 157 155 151 158 164 166 166 165 163 161 161 163 165 166 168 170 169 167 165 162 160 164 159 157 157 158 159 161 162 165 170 173 175 174 174 175 172 172 174 180 195 209 194 182 173 167 165 161 162 159 151 149 150 150 151 157 165 164 158 156 158 154 154 154
155 155 153 150 145 143 149 156 163 169 171 172 171 172 171 166 169 167 167 169 164 162 161 159 156 153 146 141 142 148 155 158 158 158 156 157 156 152 152 160 164 166 165 164 162 161 159 160 162 163 165 167 166 163 160 157 156 155 154 159 162 162 161 164 166 170 170 165 165 166 168 171 169 166 170 175 180 185 188 185 177 170 165 163 159 155 151 149 148 149 149 153 164 160 154 151 150 150 151 153
155 154 153 151 145 143 146 153 158 162 164 165 163 163 162 159 159 159 158 161 161 158 157 157 153 149 144 141 141 147 155 157 156 157 155 155 153 149 155 161 164 164 163 162 162 163 159 157 159 161 163 163 162 160 157 154 152 152 154 162 172 173 166 165 167 166 165 160 159 161 165 165 166 164 169 171 175 178 180 184 179 173 165 163 162 159 154 149 148 148 149 154 163 156 149 150 150 150 151 152
154 153 153 152 147 143 144 150 154 156 157 159 158 155 154 152 152 152 152 154 154 153 151 151 150 146 142 139 141 144 151 153 155 156 155 154 152 148 156 160 161 161 161 160 161 161 161 157 156 159 160 160 159 159 156 152 151 151 153 159 168 177 173 165 163 162 160 158 158 159 162 161 161 161 164 166 170 172 174 175 175 171 168 163 162 163 159 151 148 147 147 152 159 154 150 154 153 151 151 152
151 151 150 151 148 143 143 148 152 153 153 154 153 150 148 148 148 148 148 147 147 147 148 148 146 142 142 138 140 141 142 145 150 154 154 151 148 148 154 157 158 158 158 158 158 159 159 157 155 155 157 158 158 157 155 151 150 151 151 155 161 173 176 169 163 159 157 157 158 156 160 159 157 159 163 168 176 176 171 169 168 168 166 163 163 168 170 161 148 147 147 149 157 150 148 153 154 153 152 152
146 145 145 145 144 142 142 145 149 150 150 149 148 146 145 145 146 145 145 145 145 145 144 142 140 138 138 136 140 141 141 141 142 148 150 150 146 149 154 155 156 156 155 156 157 157 157 156 155 152 153 156 156 155 152 150 150 150 150 153 157 167 175 176 169 161 156 155 155 155 158 158 154 158 164 174 191 181 170 167 165 163 163 163 168 180 185 177 153 147 146 147 151 146 151 156 154 154 155 155
143 143 142 142 142 142 142 142 143 145 146 145 144 144 143 144 145 145 145 144 143 141 137 134 135 135 135 135 135 134 138 141 140 141 143 146 144 147 152 154 154 152 152 153 154 155 155 155 154 151 151 153 154 153 150 147 147 148 149 151 155 161 169 176 175 167 160 155 153 154 157 156 153 157 161 169 179 178 168 165 162 160 160 164 172 178 176 167 153 146 145 144 145 151 160 165 163 161 158 159
142 141 141 141 142 142 142 142 142 142 143 143 143 143 143 143 144 144 144 142 137 134 136 138 139 139 140 140 140 139 135 136 140 140 139 139 141 144 144 145 146 146 146 148 151 153 153 154 153 150 150 150 151 150 148 146 146 147 148 149 152 156 162 169 174 175 171 159 153 153 153 152 152 155 158 160 165 171 168 165 162 159 158 166 170 171 169 164 152 145 144 144 149 158 164 168 168 168 165 166
142 141 141 140 140 141 142 142 141 141 141 142 143 142 142 142 142 143 141 135 136 139 140 140 140 140 140 140 139 140 140 135 138 139 139 138 138 140 141 138 138 138 138 140 145 149 151 152 151 149 148 148 148 147 145 144 145 146 147 148 149 152 155 161 169 172 173 162 154 149 149 149 149 152 154 155 157 165 169 170 166 163 157 161 165 165 165 154 148 142 144 146 152 154 158 158 160 163 166 169
142 140 136 137 137 136 139 142 142 141 141 141 142 142 141 141 141 140 135 137 140 140 141 141 140 140 140 140 139 139 140 138 135 140 139 139 139 139 139 141 139 138 138 137 139 141 146 149 149 147 145 144 145 144 144 143 143 144 145 146 146 148 150 153 159 163 167 164 153 148 147 148 147 150 152 153 153 156 168 180 180 168 157 159 163 160 159 153 145 142 145 154 165 163 166 164 165 164 163 163
140 135 140 142 143 142 137 139 140 140 140 140 140 140 140 140 140 136 135 140 140 141 141 140 140 139 139 140 139 139 140 140 134 140 140 139 139 139 139 139 140 139 138 137 137 138 139 142 143 143 143 143 143 143 143 143 143 144 145 145 145 145 146 147 151 152 155 157 151 146 146 147 147 148 148 149 148 150 156 171 181 166 157 155 160 156 154 149 142 144 154 165 175 178 176 176 173 171 171 165
135 141 142 143 143 142 140 135 140 140 140 140 140 140 140 140 138 134 139 141 141 141 141 140 141 140 140 139 139 140 140 141 134 138 140 139 139 139 139 139 140 140 141 139 138 139 139 138 141 142 142 142 142 143 143 142 142 143 144 145 144 144 144 143 144 145 147 147 145 144 144 145 144 144 144 144 145 146 152 161 165 159 158 151 155 153 145 142 140 149 155 172 182 182 181 180 177 176 173 171
139 141 142 142 142 141 140 136 139 141 141 141 141 140 140 140 136 137 141 141 141 141 141 140 140 140 139 139 139 140 141 141 136 136 140 140 139 139 139 139 140 140 140 140 139 139 139 138 139 141 141 141 141 142 142 141 142 142 143 144 144 142 141 141 141 142 142 141 142 142 142 142 141 141 141 141 142 142 145 147 150 154 159 157 151 148 143 141 142 147 155 173 182 181 182 181 180 178 175 174
142 141 140 141 141 141 140 138 138 141 141 141 141 142 143 141 135 139 141 141 141 141 141 140 140 139 139 139 139 139 140 139 138 134 140 139 139 139 138 138 139 139 140 139 140 139 139 139 139 140 141 141 141 141 141 141 141 140 141 141 141 140 139 139 139 139 139 140 141 141 141 141 140 140 140 140 140 140 141 142 144 148 154 153 149 143 141 141 141 144 154 168 170 177 182 180 179 178 176 176
142 141 141 141 141 140 140 138 139 141 141 141 141 140 140 140 135 139 141 142 141 141 140 140 140 139 138 139 139 140 140 141 138 134 138 140 140 139 138 138 138 138 139 140 139 139 140 140 139 139 141 141 140 141 140 140 140 140 140 139 139 139 139 138 138 138 138 139 140 140 140 140 139 139 139 139 139 139 139 139 143 142 144 144 143 142 141 137 140 142 145 151 160 177 180 180 179 178 175 176
142 142 141 140 140 140 141 137 139 141 140 141 140 141 142 142 135 140 141 141 141 141 140 140 140 140 139 139 139 140 141 141 141 137 134 137 139 139 138 138 138 138 138 140 143 140 139 140 139 138 140 141 140 140 140 140 140 139 139 139 139 139 139 139 138 138 138 139 139 139 139 139 139 138 138 139 138 139 138 139 142 139 140 142 141 141 141 140 137 141 143 146 151 160 176 177 180 178 177 176
141 142 141 140 140 141 141 139 137 141 141 141 140 140 140 140 134 140 140 140 140 140 140 140 140 140 139 138 139 142 142 142 142 141 139 135 134 135 136 137 138 139 140 143 143 141 140 140 139 139 139 140 139 139 139 140 140 139 139 138 138 138 139 139 138 138 138 138 138 139 140 140 139 139 138 138 140 139 139 142 140 138 140 140 140 141 141 141 138 139 141 143 146 150 156 169 176 178 177 176
141 141 140 141 142 142 142 141 135 139 142 141 140 140 140 137 137 141 140 140 140 140 140 140 140 139 139 139 140 143 143 142 142 142 142 141 140 139 137 135 134 134 137 137 137 135 134 135 136 139 139 139 140 140 139 139 139 138 138 138 138 138 139 139 139 138 139 139 138 139 140 139 138 139 139 138 138 141 141 142 139 139 140 139 140 141 141 140 139 138 139 140 142 145 148 156 166 174 172 175
140 140 141 142 142 142 142 143 140 135 139 141 141 141 140 135 140 141 140 139 139 140 141 140 140 140 139 139 142 143 142 143 143 142 142 142 141 141 141 141 140 139 138 135 136 137 138 137 136 134 138 140 140 140 139 138 139 139 139 139 138 138 138 138 138 138 139 138 138 138 137 138 139 139 139 137 138 138 139 140 139 138 139 139 140 140 141 140 135 136 136 138 140 142 143 142 141 151 157 168
143 142 142 142 142 142 142 142 141 140 135 137 139 138 135 139 141 140 140 140 139 140 140 140 139 140 141 142 143 143 143 143 143 143 143 142 142 142 142 142 141 140 140 141 141 140 140 140 140 137 134 140 141 140 139 139 139 139 139 139 138 139 139 138 138 138 138 137 138 138 138 137 137 137 137 136 138 137 138 138 137 137 138 138 140 140 137 133 133 133 133 133 134 137 140 139 139 141 144 146
144 143 142 142 142 142 142 142 141 141 140 138 137 137 139 141 141 140 140 140 139 139 139 139 139 141 142 143 143 143 143 143 143 143 143 142 142 142 142 142 141 140 139 140 141 140 140 140 140 141 135 136 140 139 139 138 139 139 139 139 138 139 139 139 138 138 138 138 138 137 137 137 138 137 137 137 139 140 138 138 137 137 138 138 141 136 133 134 138 138 139 137 134 133 136 139 138 138 138 139
143 142 142 141 141 141 142 141 141 141 141 141 141 140 140 140 141 141 141 140 140 140 140 140 140 142 143 142 144 144 144 143 143 143 143 142 142 142 142 142 141 141 141 140 140 141 141 139 139 139 139 133 138 139 139 138 138 138 139 139 139 139 139 139 138 138 138 138 137 137 138 138 138 137 137 138 138 137 137 137 137 138 138 138 136 133 135 139 138 138 137 138 138 135 133 139 137 137 137 138
143 143 142 142 142 142 142 141 141 141 141 140 140 140 140 139 141 141 141 140 140 140 141 140 141 142 143 143 143 143 144 143 143 143 143 142 142 143 142 141 141 142 142 142 141 140 141 140 139 139 139 134 138 140 139 139 138 139 139 139 139 139 138 138 138 138 138 138 138 138 138 138 137 137 137 137 137 137 137 137 137 139 140 139 133 134 138 138 139 139 139 138 138 138 133 137 138 137 138 139
144 143 142 141 141 140 141 141 141 141 140 140 140 140 140 140 141 141 141 140 140 141 141 140 141 142 142 143 143 141 143 143 143 143 142 142 143 143 143 142 142 142 142 142 142 140 139 140 139 139 139 136 136 140 140 139 138 138 138 139 139 138 138 138 138 138 138 138 138 138 138 137 137 138 137 137 136 138 138 138 138 140 140 137 133 137 139 140 140 141 144 139 138 137 133 137 140 138 138 140
144 143 142 142 141 141 141 141 141 141 140 140 140 140 140 140 141 140 140 140 140 140 140 141 142 143 142 142 143 143 143 144 144 143 144 144 143 142 143 142 142 142 142 142 141 140 140 140 139 139 140 137 135 139 139 139 138 138 138 139 138 137 138 138 138 138 138 138 138 138 138 138 138 138 138 137 137 138 141 140 140 140 140 135 133 138 139 139 139 141 140 138 139 134 133 138 138 139 139 141
146 145 143 143 142 141 141 141 141 141 141 140 140 140 140 140 140 140 140 140 140 139 141 143 145 145 144 144 144 144 144 145 145 146 146 145 144 143 143 143 143 143 142 143 141 140 139 139 139 139 139 136 134 139 139 138 138 139 138 139 138 138 139 139 138 138 139 139 139 138 138 138 138 138 138 138 137 141 141 141 141 140 139 134 133 138 139 139 140 140 137 138 137 133 135 139 139 139 140 141
148 146 144 143 142 141 141 141 140 140 141 140 140 140 140 140 140 140 140 141 140 140 142 147 150 150 148 147 146 145 146 147 148 150 150 149 148 146 144 144 144 144 143 142 142 140 139 139 139 139 139 136 133 140 139 139 138 138 139 139 139 139 139 139 138 138 138 138 138 138 138 138 138 138 138 138 138 140 141 141 140 141 138 135 133 138 138 139 140 140 137 138 135 133 139 138 139 139 141 137
152 147 145 144 143 141 141 141 140 140 140 140 140 140 140 140 140 140 140 140 141 141 144 155 159 157 154 152 150 150 150 152 154 155 155 154 153 150 146 145 145 146 146 143 142 141 140 140 139 139 141 137 133 141 139 139 139 138 139 139 139 140 139 139 138 138 138 138 139 139 138 138 137 137 138 138 137 139 141 141 141 141 138 136 133 138 138 139 140 140 138 138 133 134 140 138 139 140 138 133
153 149 147 145 144 143 142 142 141 141 141 141 141 141 141 141 141 141 142 143 142 142 148 161 167 165 162 159 156 155 157 157 158 158 157 155 154 152 149 147 149 151 151 147 143 142 142 140 138 138 139 137 133 139 139 139 138 138 139 139 139 140 140 139 139 139 139 139 139 139 135 133 133 133 133 135 138 139 140 141 143 141 139 136 133 138 138 140 140 140 140 137 133 135 140 140 141 140 134 133
