# 100 100
310 309 287 260 254 264 305 317 318 315 316 315 304 308 300 303 309 315 309 278 261 285 315 316 317 313 302 292 302 313 314 313 312 308 292 289 307 311 310 310 307 308 312 313 314 314 315 314 314 314 312 307 273 234 219 210 201 195 192 192 203 212 217 221 229 239 251 258 272 318 337 337 338 339 333 346 348 346 338 339 332 333 333 331 323 326 345 354 360 364 367 366 366 367 366 367 368 360 352 354
290 297 272 254 260 292 312 314 315 313 313 312 301 300 293 299 313 313 305 272 259 292 313 313 313 312 309 294 295 308 309 309 308 310 307 288 295 309 309 307 306 306 309 311 311 311 312 311 311 312 310 305 283 252 233 218 204 194 191 191 199 214 227 238 250 271 302 313 320 336 335 327 328 329 321 335 346 345 336 328 328 314 317 324 306 328 344 354 359 361 364 364 364 362 361 358 360 357 353 355
292 268 255 253 287 309 311 312 313 310 310 308 302 290 286 305 313 310 294 265 259 298 310 307 308 308 307 300 286 301 302 306 304 305 307 294 285 306 308 305 303 303 307 309 309 307 310 308 307 310 309 306 292 289 264 227 204 194 191 192 198 210 222 238 255 285 322 326 332 335 333 321 305 303 319 337 344 343 337 329 313 307 293 306 294 311 318 335 349 359 360 359 357 352 352 349 356 352 345 348
304 277 250 259 298 309 309 310 310 309 308 301 302 288 290 309 311 310 296 263 259 298 306 303 301 303 302 300 281 285 296 302 301 299 303 293 281 300 304 304 298 296 304 306 307 304 308 306 305 309 308 305 292 297 278 227 205 194 190 194 201 208 218 233 250 290 323 322 328 331 327 322 298 304 327 337 346 346 341 339 329 305 284 279 283 295 318 341 353 359 358 355 355 352 348 341 346 346 338 340
302 276 249 262 298 307 305 308 308 307 305 297 288 281 299 309 310 309 300 265 257 293 302 299 295 298 295 295 290 270 288 296 297 295 299 294 275 291 300 301 299 291 301 303 304 301 304 303 302 307 307 298 287 292 280 231 212 197 190 191 201 212 220 234 257 304 320 318 322 325 312 301 284 297 324 336 342 342 336 334 334 313 278 276 303 330 333 344 353 359 357 350 353 351 351 344 333 340 333 333
298 274 247 265 299 303 301 306 307 305 298 284 274 289 306 308 307 306 303 270 254 286 297 295 292 291 290 287 292 272 272 288 293 290 295 295 275 280 294 295 292 285 296 300 300 298 297 297 301 304 303 300 291 282 289 254 223 205 193 189 192 205 216 230 269 304 313 313 313 319 299 272 286 313 327 332 334 333 336 328 323 305 270 280 316 332 338 345 352 354 350 342 345 344 346 345 333 334 333 320
294 271 245 264 297 300 297 303 304 303 296 276 284 303 304 303 301 299 298 276 247 268 289 289 290 282 285 278 287 273 261 283 288 285 290 291 278 269 288 286 277 286 296 296 295 295 291 296 299 301 302 302 293 266 284 273 236 213 198 189 188 196 210 223 249 261 299 308 303 312 286 265 299 311 320 324 324 324 330 330 307 287 264 274 306 318 327 337 347 347 342 338 336 334 339 340 332 323 332 324
286 265 243 267 294 296 293 298 299 299 294 272 288 299 299 296 295 292 293 285 250 250 277 284 285 277 273 272 283 269 257 277 284 280 282 285 274 264 280 272 284 294 294 293 292 292 289 291 294 298 300 300 291 261 266 287 250 220 201 190 188 196 207 216 227 254 300 305 293 305 292 257 278 300 312 317 317 317 320 324 322 295 265 262 280 299 305 329 338 339 332 331 329 326 327 332 329 317 323 323
271 258 241 269 291 291 285 291 293 296 293 272 277 294 294 291 291 289 286 288 267 242 256 276 278 278 261 267 280 269 251 272 282 279 272 278 265 262 269 279 288 290 290 289 289 290 288 286 294 297 294 293 286 259 247 286 271 229 203 188 190 197 206 217 233 276 302 303 287 296 284 253 270 281 305 310 312 311 311 315 318 315 285 255 262 274 303 325 327 329 327 318 325 324 318 324 326 319 310 320
267 249 241 265 285 285 277 283 287 292 291 278 266 289 290 286 285 286 281 284 282 254 240 262 270 274 262 257 272 267 246 263 275 277 263 265 254 264 263 280 283 284 285 286 285 289 289 283 297 300 288 282 281 261 238 273 283 239 205 190 190 199 208 219 239 290 299 296 277 287 263 248 275 271 302 307 310 304 307 311 312 312 295 257 252 276 314 321 322 323 323 315 320 319 312 318 321 319 306 310
268 245 237 258 280 280 269 273 284 287 286 279 261 281 287 284 279 282 279 274 279 266 242 244 261 263 264 246 261 264 245 251 265 271 264 250 251 262 261 279 282 282 283 284 283 286 284 282 299 301 286 272 255 243 231 245 257 255 214 195 187 193 204 215 242 292 299 294 266 272 255 246 263 264 301 303 307 298 305 308 308 308 302 262 247 266 308 315 314 316 316 312 311 313 308 310 313 312 309 298
278 252 237 258 278 279 266 267 275 281 281 275 259 273 282 282 273 276 276 266 271 270 253 234 244 251 258 244 247 253 243 239 246 256 260 244 259 255 263 275 280 280 283 284 277 278 274 284 300 297 286 280 267 244 230 224 222 235 223 199 187 187 195 206 234 278 292 296 269 253 259 235 244 274 301 298 303 291 303 302 305 299 298 264 244 257 300 309 309 309 310 308 304 304 304 300 302 304 304 301
281 253 235 256 272 276 269 257 264 274 277 268 258 269 277 277 272 266 271 261 261 264 262 242 232 243 245 243 233 235 235 230 232 241 250 240 249 248 254 271 276 276 280 280 275 266 273 288 301 302 295 282 261 255 256 239 222 215 216 196 189 185 188 199 217 247 265 290 269 244 263 234 241 269 299 292 294 284 300 296 300 289 272 256 241 254 299 305 304 306 307 305 300 296 299 294 292 297 299 299
283 257 232 247 260 265 265 253 257 268 275 268 256 267 271 270 269 258 263 262 249 252 261 251 230 234 233 232 225 223 224 226 232 231 234 234 239 242 246 255 267 264 267 269 264 271 285 296 303 296 285 277 274 280 273 252 228 214 206 202 196 189 185 190 203 216 243 286 267 239 245 229 241 275 297 293 272 279 298 290 294 273 251 242 237 264 302 301 300 305 304 300 296 288 294 290 289 297 297 298
279 267 234 235 248 248 246 245 255 269 275 266 252 259 266 261 263 258 250 258 250 241 252 257 238 225 228 224 220 232 245 250 253 244 243 248 262 265 265 255 254 254 259 263 270 274 284 296 305 300 291 284 286 281 268 255 245 236 214 201 197 192 187 185 197 213 253 285 267 232 230 228 252 285 292 286 260 287 291 280 284 250 243 233 246 286 302 298 299 303 302 297 291 285 289 284 285 292 295 297
272 270 248 228 236 235 245 249 258 273 277 262 250 246 254 252 251 251 242 242 243 236 241 254 251 231 220 218 224 240 254 266 269 270 271 271 272 274 275 270 270 278 278 279 278 281 292 299 315 303 290 282 284 281 277 273 271 266 248 226 212 197 187 185 201 237 273 280 267 241 220 229 244 262 286 274 253 284 276 276 269 239 230 236 271 298 299 294 297 300 300 297 290 280 285 282 278 286 288 292
265 263 255 227 227 237 254 270 279 289 291 272 257 245 241 241 238 235 233 228 226 227 229 241 250 249 232 216 222 232 249 265 269 272 272 273 270 271 275 276 276 280 281 279 280 284 293 306 309 293 283 277 280 279 275 270 269 267 262 243 218 198 185 186 203 252 273 272 259 239 225 217 233 262 285 272 243 269 259 270 260 234 227 264 294 297 297 289 295 297 298 295 289 280 278 278 273 281 284 289
260 256 255 230 226 235 250 272 292 295 294 285 269 252 240 237 235 233 232 232 228 223 220 224 234 246 242 218 218 233 250 258 263 267 262 264 261 263 270 275 275 277 278 278 279 285 294 302 305 287 274 271 274 274 270 264 263 264 259 248 223 200 184 185 201 241 267 253 234 224 218 215 245 278 285 274 238 247 244 260 246 225 231 270 295 295 295 286 292 294 295 293 286 284 271 270 269 275 283 287
255 247 249 234 222 232 244 270 284 288 287 287 277 262 250 250 247 245 242 243 240 235 225 219 221 233 237 216 217 236 253 251 251 256 254 252 251 257 268 274 273 274 273 273 274 278 283 296 303 284 270 263 266 266 267 261 255 261 259 245 224 203 188 182 193 221 256 237 215 208 209 225 264 279 282 278 243 231 242 249 233 220 239 280 294 291 293 287 284 289 291 290 283 284 278 263 261 275 286 287
248 239 240 232 220 226 243 266 276 276 278 279 278 267 260 262 263 259 252 254 247 239 231 227 217 218 222 211 217 236 248 243 241 243 244 244 251 257 266 271 269 269 266 266 268 269 272 286 298 283 268 258 252 255 261 259 251 248 254 246 229 212 197 183 186 205 236 228 204 215 240 259 272 276 276 278 257 227 239 238 221 220 261 289 291 287 289 288 277 284 284 286 279 279 276 263 261 280 285 285
240 235 231 226 218 223 239 262 266 264 271 272 270 268 266 265 262 261 261 255 250 242 236 234 227 216 211 208 220 232 236 236 233 235 242 249 256 263 266 269 266 262 261 260 264 262 266 281 296 289 273 262 255 245 243 248 250 238 237 227 213 207 203 186 181 194 217 213 203 223 241 251 266 273 266 270 263 227 223 220 212 229 277 286 286 283 283 285 276 274 279 278 279 273 271 257 263 279 282 283
232 232 223 218 215 229 254 260 256 255 260 260 261 262 260 256 254 252 250 245 243 241 239 238 233 224 214 206 216 220 224 226 229 241 250 253 256 259 260 263 264 260 255 257 261 256 263 273 288 290 278 269 265 258 249 237 230 227 217 212 213 206 197 191 181 183 203 207 202 222 232 253 263 268 262 250 261 241 218 209 218 251 284 285 281 278 277 280 277 266 273 272 278 273 262 254 258 276 279 281
223 224 218 212 223 242 256 253 248 248 254 253 254 255 255 255 256 252 248 244 241 238 236 235 232 225 216 205 207 214 219 224 231 240 244 246 249 250 249 252 262 263 256 250 255 250 257 267 283 284 272 268 271 267 258 251 245 237 232 233 232 215 198 188 184 180 189 198 199 214 234 252 256 259 258 236 240 227 215 205 232 271 287 285 282 274 270 274 272 262 263 269 273 269 258 245 262 273 275 280
215 214 210 220 238 252 250 245 240 246 250 249 249 249 250 246 252 249 248 246 242 245 241 232 231 228 223 210 203 212 221 227 229 234 236 239 243 244 241 244 256 260 256 246 242 248 258 263 269 276 273 263 266 266 259 252 247 247 246 243 229 208 203 200 191 180 182 192 202 220 240 245 245 248 252 235 217 210 202 219 250 276 283 283 282 278 269 261 256 257 254 264 268 266 250 243 257 266 275 279
205 207 222 234 243 244 244 239 235 242 243 242 242 243 246 243 247 246 243 244 241 244 244 234 225 228 227 217 204 204 216 218 222 227 230 236 238 239 236 238 248 253 252 244 240 249 253 254 259 274 276 263 257 260 259 253 246 241 241 237 219 219 221 209 191 178 181 190 206 226 233 234 237 232 248 239 218 201 214 240 261 264 270 278 281 280 277 273 265 254 246 259 265 257 240 252 269 275 277 277
216 226 234 236 236 237 234 232 231 236 235 235 237 237 240 239 239 239 238 238 238 241 242 240 226 218 224 222 213 206 204 215 222 227 231 233 232 234 232 232 240 245 245 238 234 243 243 248 260 268 270 260 254 255 256 252 246 240 233 226 227 235 229 212 193 177 180 187 199 209 217 219 223 222 243 245 216 198 216 236 253 244 253 273 278 279 278 276 268 257 240 244 251 239 236 260 274 276 277 276
229 228 229 228 227 228 228 226 226 228 228 228 230 231 232 234 233 233 235 234 235 236 237 239 234 221 214 219 215 203 201 215 222 226 228 227 225 229 228 227 230 239 244 236 229 234 237 250 258 259 265 261 251 250 252 251 247 244 240 239 241 242 236 220 202 182 177 185 185 187 196 204 205 216 239 247 210 199 216 232 238 232 250 269 276 277 277 275 270 269 258 239 232 230 249 271 276 276 275 275
224 223 224 223 221 221 221 220 220 222 222 221 225 229 230 230 229 229 233 232 232 236 240 242 244 230 215 208 209 200 199 210 218 223 223 221 219 226 226 222 224 232 242 239 228 225 236 245 253 257 260 262 253 245 246 248 247 246 244 242 242 241 245 233 214 196 179 179 175 174 178 190 200 218 236 247 215 194 211 224 217 230 250 268 274 275 274 272 273 268 264 255 232 235 267 274 274 274 272 271
219 217 219 218 217 216 215 215 216 216 216 216 220 223 227 226 227 226 231 230 229 233 239 241 242 240 222 215 208 199 197 204 210 215 216 214 217 223 223 220 219 227 234 238 231 222 230 236 243 247 253 258 252 243 239 245 247 246 244 241 240 237 238 237 226 212 198 187 179 177 173 181 199 210 225 239 220 190 204 208 219 236 256 268 271 269 269 271 271 267 256 243 229 235 266 272 270 270 266 268
211 212 213 213 212 211 211 210 211 211 212 212 212 213 217 221 224 224 227 229 226 229 234 237 236 238 232 218 212 201 195 198 207 212 210 208 214 217 217 218 215 219 226 230 227 218 221 228 235 245 249 249 249 243 236 240 244 243 242 239 236 231 228 229 222 213 198 191 194 187 174 175 185 200 214 223 205 188 200 214 233 252 261 265 265 263 267 268 269 268 262 241 224 237 263 269 267 265 260 266
199 204 209 208 208 208 208 207 207 207 208 210 208 207 209 214 220 222 223 227 225 225 229 232 231 233 226 216 208 206 195 194 203 207 203 204 210 211 211 213 215 213 220 220 218 212 221 232 240 244 244 241 241 241 236 233 241 242 240 238 234 230 224 216 209 201 202 217 215 198 180 172 177 192 205 204 190 190 210 231 250 254 257 258 258 257 263 265 266 266 263 239 220 237 254 264 265 261 253 262
193 200 204 204 205 205 205 203 203 206 207 207 206 205 206 209 216 220 221 223 223 221 225 227 227 227 222 216 213 211 199 192 196 202 198 203 205 206 211 215 214 208 211 212 208 211 224 233 238 240 239 235 234 237 234 229 237 238 240 237 231 228 224 216 208 212 228 243 238 216 193 177 171 183 192 186 183 199 219 241 248 247 247 249 250 248 259 261 263 263 263 245 218 228 241 255 261 261 249 256
191 194 199 201 202 202 202 200 202 208 207 204 203 202 204 206 213 218 220 221 221 219 220 224 223 220 220 210 205 212 206 192 190 195 194 196 201 208 211 211 211 207 204 204 205 214 220 225 228 232 234 231 228 231 231 225 229 234 240 236 233 229 226 222 224 227 239 245 246 235 209 185 171 174 177 180 195 209 220 230 240 235 234 239 233 246 256 256 259 259 260 257 227 215 223 238 250 257 247 244
190 191 196 198 198 199 199 198 199 204 206 204 202 201 202 204 209 216 219 221 218 217 217 220 219 218 214 207 200 207 205 194 188 188 192 198 205 205 205 207 208 209 203 199 207 211 212 215 221 227 228 227 223 225 228 221 222 233 238 236 236 237 236 238 239 241 242 246 247 245 231 196 170 171 176 189 195 200 201 214 225 225 223 223 224 244 253 252 255 255 255 259 250 224 212 221 233 249 246 233
190 188 195 198 196 197 195 195 197 202 205 203 201 200 202 204 207 213 219 222 219 215 215 217 217 217 213 205 199 198 195 192 187 187 193 198 199 197 201 200 204 215 210 200 202 207 207 210 218 220 221 222 221 220 222 216 229 235 236 234 236 239 240 242 245 244 244 246 245 244 234 201 171 170 172 176 181 187 193 205 222 218 213 210 223 240 247 246 249 250 249 253 254 244 218 211 223 239 243 226
191 187 191 195 193 193 193 194 199 204 203 201 199 200 203 204 206 210 217 223 221 216 213 214 216 216 214 212 206 202 202 198 189 185 188 192 194 195 197 195 201 213 211 202 197 203 202 203 208 212 216 219 217 215 216 213 225 228 230 229 235 238 235 239 243 241 241 242 241 235 215 191 177 170 169 168 172 180 186 196 214 215 203 206 220 230 240 241 241 245 243 246 248 249 231 208 213 227 233 221
192 186 188 191 189 190 191 194 200 201 199 199 198 201 203 205 207 210 216 222 222 218 214 212 215 216 219 221 215 207 201 196 191 185 184 188 191 193 192 192 199 211 211 202 194 195 197 203 207 212 218 220 218 212 210 209 215 220 223 223 229 230 228 233 235 234 236 238 229 219 205 198 194 187 179 172 170 167 174 187 204 211 197 202 212 220 232 237 235 237 238 237 240 245 241 221 205 213 214 215
194 185 185 186 187 188 191 194 200 198 196 196 198 201 204 205 206 208 213 220 223 219 215 211 212 215 219 222 219 210 207 202 194 186 183 185 187 187 190 196 203 211 213 206 194 194 199 200 203 208 214 214 217 216 208 205 209 213 212 219 221 221 220 226 228 228 228 226 225 222 216 220 218 212 199 183 169 165 166 176 191 203 192 197 207 212 222 232 233 230 232 228 230 238 246 240 217 201 207 225
194 185 184 184 186 189 192 197 200 197 195 197 200 202 203 204 206 209 213 220 222 218 215 210 210 215 218 220 219 216 215 206 197 187 182 181 184 186 194 199 202 208 212 208 196 191 198 199 200 210 211 210 219 222 217 206 202 206 205 211 211 213 216 223 221 220 222 221 224 231 232 246 233 224 217 195 177 165 163 168 180 189 184 190 197 203 217 229 235 229 225 225 222 227 241 242 224 199 209 223
193 184 183 185 188 191 195 198 198 195 193 197 200 202 204 205 207 211 217 220 216 213 213 209 209 215 217 218 218 216 214 206 195 187 181 180 183 190 195 196 209 211 213 209 197 188 191 193 199 207 206 209 217 220 219 215 206 200 198 201 203 207 212 216 217 212 217 212 218 231 250 251 232 214 207 196 179 169 163 163 172 176 181 189 198 209 218 226 230 230 221 222 221 218 233 238 229 204 200 210
188 182 182 187 191 194 196 197 195 193 193 197 200 202 204 207 211 215 218 217 212 208 210 207 208 213 216 216 213 206 200 196 189 187 181 180 185 191 190 195 208 209 210 206 199 189 188 192 201 203 206 210 215 216 218 220 215 206 198 198 201 206 216 219 213 206 207 206 215 232 247 235 228 214 199 194 189 176 164 162 167 176 189 198 207 215 219 223 225 225 220 217 219 212 225 232 229 216 196 205
186 180 183 190 193 194 195 195 192 191 194 199 203 204 207 209 214 218 215 212 210 205 205 205 209 213 216 213 209 204 204 201 200 196 187 180 181 184 189 198 209 203 203 205 197 188 183 194 202 200 202 204 214 213 213 216 214 207 202 194 199 210 217 221 216 206 201 205 210 229 240 224 215 213 205 202 195 181 166 161 165 176 187 197 206 213 218 219 219 221 218 211 212 207 218 226 226 219 199 202
180 179 184 191 192 192 191 191 191 192 196 200 204 205 207 209 214 215 211 208 206 204 205 209 212 216 219 218 217 215 214 204 202 195 182 176 177 185 193 204 217 209 194 196 192 185 183 192 197 196 199 210 209 210 212 215 215 210 203 193 195 204 211 215 220 207 203 197 216 231 231 217 206 206 200 200 196 185 168 161 161 170 179 190 202 212 214 215 215 217 216 210 204 202 215 221 223 213 195 201
178 183 184 187 189 188 188 188 190 197 201 203 205 207 207 208 210 209 205 205 202 202 210 214 217 219 222 223 222 222 220 205 194 188 179 175 176 184 193 202 214 212 194 188 186 181 183 191 192 191 200 210 208 205 211 213 215 213 204 196 191 197 203 207 217 211 200 195 207 223 227 209 201 198 196 196 194 185 171 159 159 166 178 191 203 208 207 208 211 215 218 215 207 197 204 213 220 210 192 200
181 194 191 185 185 186 187 190 194 201 207 209 209 211 212 211 205 205 199 200 205 207 218 221 223 224 226 226 224 222 216 205 195 186 179 175 175 185 199 209 200 202 194 183 181 179 184 186 186 192 201 210 208 201 206 210 215 216 208 198 190 193 196 199 201 204 201 194 204 217 216 205 197 191 193 194 192 183 171 159 158 162 175 187 194 193 195 200 208 215 220 217 210 200 195 204 214 207 190 196
192 198 196 195 194 192 193 193 199 204 209 213 214 215 213 205 201 198 202 214 219 217 216 225 228 228 230 227 219 216 209 204 204 190 180 174 173 182 192 205 200 189 185 180 177 183 182 183 187 192 203 210 205 199 198 203 208 214 210 200 189 189 197 198 195 199 199 193 204 206 202 197 193 187 190 193 191 184 173 160 157 159 168 175 181 189 199 202 208 212 214 212 208 201 189 195 199 200 188 185
202 201 200 200 200 198 199 196 202 211 215 217 219 220 209 196 202 210 209 217 226 226 225 225 232 231 232 227 211 206 201 195 197 193 179 173 172 178 191 204 200 188 180 175 178 178 181 186 191 194 202 207 202 198 194 200 201 206 202 197 190 187 201 202 194 194 192 188 202 201 197 194 189 185 187 191 189 182 176 163 160 161 169 180 189 197 203 206 207 209 209 206 201 197 189 185 187 189 183 185
204 203 203 203 204 204 206 202 205 215 221 223 224 222 207 197 209 226 227 217 226 233 234 230 233 233 230 218 212 200 197 192 192 189 177 172 169 173 180 195 198 190 180 174 177 183 185 186 190 196 201 206 201 196 192 194 198 197 194 191 186 186 197 202 194 187 183 192 198 195 191 192 189 183 181 185 185 181 173 159 157 158 166 179 190 199 201 205 205 203 204 202 196 189 184 178 178 179 183 194
205 205 203 205 207 208 210 209 209 213 225 227 222 210 199 194 207 226 235 231 229 237 237 234 235 232 229 217 204 196 190 187 185 181 174 171 167 169 179 198 199 188 178 172 175 182 186 191 194 198 201 208 201 195 191 190 192 192 190 185 183 191 200 196 187 181 187 201 197 193 188 184 183 180 176 181 182 177 169 157 156 156 166 181 191 200 206 205 203 203 201 198 192 182 176 179 184 184 190 195
205 204 202 205 208 210 208 209 216 213 221 220 210 199 191 205 223 232 236 236 235 237 237 234 233 227 224 221 217 202 191 182 179 177 173 170 166 166 177 190 197 194 182 173 178 182 187 197 203 203 206 208 201 198 193 188 185 186 187 182 187 202 201 191 181 180 196 202 194 192 189 185 180 175 172 177 178 174 166 156 154 155 166 182 192 199 200 197 200 202 198 195 191 179 176 186 188 188 186 187
202 200 200 204 207 206 200 205 206 203 208 203 193 190 202 216 223 229 233 234 234 233 233 232 230 220 211 207 208 208 204 192 188 182 173 169 165 166 175 181 190 196 189 177 172 181 186 193 199 210 210 207 204 198 195 191 187 183 182 179 187 195 197 189 177 182 193 192 186 187 185 187 184 179 171 169 172 170 162 155 153 156 167 180 189 192 195 196 193 194 191 188 188 177 176 181 184 183 182 181
197 197 197 201 205 199 192 195 192 188 186 186 193 198 200 204 208 219 226 229 231 230 229 229 228 223 217 204 197 198 199 198 190 180 174 170 170 166 171 179 189 193 190 178 170 182 189 188 192 205 208 205 204 201 196 194 193 188 183 177 179 183 184 183 175 179 180 183 179 181 180 180 184 181 174 168 164 164 158 153 153 156 167 179 184 182 189 188 185 184 181 180 184 175 173 178 184 186 184 180
192 192 194 200 200 195 185 183 182 184 194 197 202 214 216 220 218 212 217 225 226 225 225 225 225 222 220 215 206 195 190 188 184 178 173 170 165 163 166 172 181 184 180 173 169 177 180 184 191 198 209 203 198 196 198 198 196 194 191 187 181 176 174 172 173 168 167 170 172 167 168 172 177 181 179 174 167 159 155 152 151 155 163 171 177 183 179 177 175 175 174 177 177 172 171 175 182 190 188 183
186 188 191 194 195 185 180 186 194 204 203 206 212 211 222 224 220 215 216 220 222 221 222 220 221 219 218 213 205 197 192 188 187 180 173 169 166 163 163 169 177 174 173 171 166 178 193 199 204 209 213 206 198 193 192 195 195 197 198 198 196 189 183 180 174 175 178 168 163 163 161 163 167 173 175 172 166 158 153 150 151 156 167 179 179 172 169 168 169 169 169 169 170 170 172 176 186 192 191 185
182 186 188 189 184 180 189 198 211 219 210 210 212 218 227 227 225 219 215 214 216 215 217 214 216 215 215 211 205 201 200 198 190 182 175 170 167 163 161 164 170 167 165 166 165 177 199 207 207 213 218 217 206 194 188 189 191 195 201 206 213 201 196 193 190 190 190 183 177 177 169 159 159 161 166 168 163 155 151 149 151 159 172 176 167 163 162 161 162 163 164 166 167 170 174 179 184 191 196 187
185 191 190 188 182 179 187 193 205 220 219 216 218 226 225 223 226 225 218 211 210 209 209 208 210 210 212 211 207 207 203 196 189 182 177 172 168 164 159 160 162 161 161 163 166 175 189 198 199 204 211 213 209 198 190 185 186 190 197 211 214 212 203 200 198 196 195 191 187 183 175 167 162 156 155 162 159 152 150 149 153 166 175 166 159 159 162 163 165 167 167 167 169 173 179 187 192 194 195 183
194 207 198 190 183 179 193 195 198 210 215 213 214 219 219 214 218 226 225 214 207 205 204 203 205 207 208 210 215 214 206 200 191 185 181 174 170 166 161 159 159 162 167 171 175 177 182 192 195 204 208 207 211 206 196 189 183 187 194 202 204 208 200 196 196 195 193 189 187 184 180 176 173 166 158 154 155 150 149 150 158 174 168 158 160 169 172 179 182 178 182 176 177 181 185 190 199 204 191 184
196 201 198 197 187 178 190 202 206 208 209 208 210 211 208 208 214 222 225 215 206 204 203 197 201 206 204 204 206 208 204 201 198 192 187 180 173 166 161 158 157 162 171 181 186 186 190 189 198 203 205 201 208 208 199 190 184 181 187 190 196 196 191 188 188 188 186 184 183 182 181 179 176 170 161 151 151 151 149 156 167 174 160 157 171 182 187 191 194 187 191 184 187 191 194 201 210 220 200 188
199 202 196 189 184 178 187 199 204 205 204 201 203 201 204 213 215 222 218 213 208 201 195 193 194 200 198 198 200 201 200 199 197 194 190 187 181 170 163 157 156 159 168 178 189 186 186 185 190 199 198 203 212 209 200 190 187 180 179 183 186 185 185 181 180 180 180 179 180 179 179 176 171 165 159 151 148 155 155 165 177 171 156 161 177 198 209 202 215 205 207 203 198 203 205 211 218 218 204 195
196 201 197 185 180 174 185 188 192 196 196 196 197 199 206 211 213 215 213 205 210 205 197 188 188 189 190 192 194 195 194 193 192 190 187 187 185 175 165 158 155 156 162 172 183 183 183 182 183 188 187 201 204 201 195 188 183 181 175 177 178 177 177 176 175 175 175 175 176 175 174 174 169 160 155 149 147 150 164 175 176 166 155 165 185 209 220 221 221 219 211 208 205 206 211 220 223 216 213 197
187 191 190 181 174 175 182 179 180 184 188 192 195 193 199 205 209 212 209 205 199 197 195 184 184 183 184 185 186 187 186 187 186 184 183 183 182 178 168 159 156 155 158 164 173 179 180 176 176 184 189 195 194 190 187 185 180 177 175 171 172 170 169 168 168 169 170 171 172 172 169 169 164 156 149 147 149 154 160 163 166 161 156 171 184 201 219 217 214 220 208 203 197 201 208 220 221 213 212 205
178 179 181 181 173 173 175 174 177 178 183 188 192 189 191 196 201 206 204 198 192 189 187 182 181 181 180 179 179 179 179 180 180 178 177 177 178 179 173 162 156 155 155 158 164 174 175 170 175 188 193 185 182 182 182 180 177 174 172 170 168 167 166 162 161 161 163 164 168 170 167 160 155 148 145 145 148 158 166 160 156 154 162 180 196 203 207 208 213 218 208 196 192 205 205 214 219 209 213 221
176 176 182 183 173 169 170 171 174 176 178 182 189 186 186 188 191 197 195 190 188 185 182 179 178 179 180 177 175 174 174 174 174 174 172 173 173 175 177 169 158 155 154 154 156 163 172 165 178 175 183 187 176 174 177 177 175 173 172 174 174 172 172 171 170 164 161 155 157 166 163 154 146 144 146 145 148 150 165 154 152 155 165 179 191 203 206 202 204 211 208 193 190 202 198 208 211 203 208 221
174 182 187 181 172 168 169 170 172 174 176 179 185 185 182 184 188 189 190 186 184 183 179 176 175 176 177 176 174 171 170 170 170 169 169 169 170 172 175 175 165 156 154 152 152 154 162 165 163 168 179 181 174 171 175 176 175 174 174 173 171 170 169 168 167 170 171 166 158 152 153 146 144 144 146 148 147 149 159 162 167 169 173 184 195 207 209 202 194 205 201 191 194 198 198 198 199 199 207 212
178 187 187 180 171 167 169 173 174 174 175 178 183 183 180 181 184 184 185 183 180 180 178 175 174 173 173 175 173 170 168 167 166 167 166 167 168 168 170 172 173 164 156 155 153 151 152 163 156 165 177 176 172 169 173 175 176 177 174 171 172 172 170 168 166 165 166 167 165 156 147 144 143 144 149 162 167 164 168 178 185 187 191 198 204 208 210 205 191 197 189 179 195 188 190 180 168 154 149 149
174 183 187 180 171 167 172 178 177 173 176 178 181 181 178 178 180 180 179 179 177 177 176 175 174 172 171 172 173 171 169 167 165 164 163 165 166 166 167 171 176 175 163 158 157 154 150 151 152 159 173 174 171 168 168 174 175 177 175 170 172 171 171 170 167 165 162 165 161 155 146 143 143 144 159 171 173 175 177 185 190 193 197 200 202 204 205 203 189 188 180 172 177 165 158 146 151 150 146 144
173 182 187 184 174 167 174 174 170 168 171 174 175 177 177 179 181 181 179 178 176 175 175 174 174 172 170 171 172 171 170 169 167 165 161 160 163 165 164 167 173 177 170 159 154 152 149 148 149 154 163 173 171 168 166 174 175 177 176 173 171 171 170 168 167 167 163 160 158 152 144 143 144 151 166 172 174 176 177 182 186 189 191 195 195 195 194 172 154 145 144 142 155 146 146 145 148 153 153 154
175 181 185 185 179 167 167 167 171 177 183 186 180 186 184 182 182 181 178 176 175 174 173 173 172 172 170 168 169 169 167 165 164 163 163 165 161 161 161 164 166 173 175 167 157 153 151 149 148 149 153 166 171 169 161 170 175 177 176 174 173 171 170 169 170 170 168 163 153 148 143 141 142 154 168 172 175 175 175 178 180 182 184 186 187 187 189 143 142 142 142 142 151 146 146 143 140 162 162 163
173 176 181 183 181 171 164 169 178 180 187 193 189 191 192 187 185 182 180 177 176 175 173 172 172 171 170 169 167 165 165 169 168 167 167 168 166 160 157 157 157 160 165 167 162 157 154 150 148 148 149 151 162 163 161 164 166 174 176 174 171 170 168 167 168 169 167 166 158 147 142 141 144 158 166 173 175 175 173 174 176 176 177 177 178 180 182 142 142 142 142 143 152 148 145 140 137 164 170 171
168 172 175 177 177 170 163 165 173 173 178 190 194 196 196 192 189 186 184 181 179 178 176 174 171 170 169 168 166 166 169 170 169 168 167 167 168 165 163 161 158 156 154 157 164 161 155 152 148 146 147 148 149 151 159 160 154 166 171 169 169 167 166 165 167 166 166 166 160 146 141 141 145 163 168 169 172 174 173 173 175 172 170 172 173 174 177 144 144 143 143 156 153 153 149 144 146 173 173 176
160 164 168 170 170 165 161 163 168 172 175 184 193 197 198 196 194 192 190 186 184 182 180 177 175 172 169 168 168 169 171 172 171 169 168 167 166 165 167 166 160 166 162 155 153 156 153 153 149 148 147 144 143 144 147 151 149 163 164 164 165 163 158 162 164 164 166 166 154 144 141 141 146 164 166 167 168 168 169 171 174 173 165 169 167 170 174 172 174 168 169 172 155 153 171 178 162 166 172 174
157 158 160 166 166 161 160 161 165 171 174 181 189 194 198 200 201 200 197 192 190 185 184 180 176 173 172 171 170 172 174 173 172 170 169 169 169 171 171 167 162 169 170 167 159 154 151 149 149 151 148 145 143 143 143 143 144 152 160 159 162 159 153 160 160 162 162 165 160 143 140 143 143 155 163 167 166 164 168 173 174 173 168 160 168 171 173 172 169 170 173 162 149 151 174 174 165 165 170 165
154 155 157 160 160 159 159 160 163 169 176 183 189 193 198 202 206 205 200 197 195 191 190 184 181 180 177 174 174 174 176 175 176 177 176 175 175 174 170 167 170 168 174 175 175 167 171 163 163 163 156 150 145 143 142 143 142 142 147 148 152 152 147 150 154 159 157 160 157 142 140 140 142 157 167 164 163 159 165 173 174 172 162 152 173 182 177 172 166 155 163 153 146 159 177 172 165 156 166 164
153 154 155 156 157 158 158 160 162 167 174 181 186 192 198 203 208 209 207 203 198 199 196 190 188 187 183 179 180 178 180 183 184 182 179 175 171 169 169 177 177 176 172 176 179 176 175 178 178 177 171 164 157 149 147 145 143 142 141 141 142 142 141 141 145 149 149 150 149 139 140 140 142 158 168 168 166 162 156 166 172 168 155 148 168 174 169 167 161 146 141 143 147 158 171 168 167 159 151 157
153 154 155 156 157 156 158 161 163 165 170 175 179 182 189 198 206 209 210 206 203 204 201 199 195 194 191 186 182 183 186 189 185 179 175 170 173 175 178 181 182 180 179 181 181 185 185 183 181 179 176 166 161 156 163 158 150 146 143 141 140 140 139 138 138 143 144 146 144 139 139 141 142 157 168 167 166 162 153 152 158 153 148 144 146 146 146 148 148 144 142 141 147 145 156 161 159 156 149 147
153 154 155 155 157 158 160 162 165 167 169 171 174 177 182 189 194 200 206 208 207 208 206 204 201 197 193 189 186 194 193 189 182 177 174 178 181 181 185 187 186 181 184 186 187 190 191 191 189 187 183 174 164 164 168 169 167 165 160 150 146 147 144 140 138 139 142 143 142 136 139 139 141 151 161 163 161 160 152 145 143 142 140 139 139 139 139 140 140 140 141 141 142 146 148 147 143 143 142 140
155 157 158 158 160 160 161 165 167 169 172 175 176 180 182 185 189 194 205 209 208 208 206 203 199 196 194 191 193 198 192 186 181 176 181 188 184 181 183 185 185 182 184 187 189 193 194 194 192 188 182 174 175 170 165 165 164 162 160 155 151 149 147 142 138 139 141 142 140 137 138 138 141 145 148 150 149 147 144 142 139 140 139 138 139 139 139 140 140 138 135 134 134 135 136 139 141 143 141 139
160 161 162 162 164 165 166 165 166 169 173 177 181 184 187 190 192 196 205 217 214 210 208 204 201 199 197 196 198 195 189 184 181 177 180 183 180 179 180 183 184 183 185 188 191 193 195 195 194 190 186 183 179 173 167 166 165 163 162 157 150 147 145 141 137 137 138 139 138 138 138 139 142 142 142 142 141 140 139 140 138 138 139 139 139 139 140 139 134 133 133 133 133 133 133 133 134 137 138 138
164 163 163 165 167 170 172 172 170 171 175 179 183 187 192 197 202 203 207 219 220 214 210 206 203 200 197 196 195 192 188 184 181 179 179 178 179 180 181 183 184 184 186 188 190 191 192 194 194 192 190 185 178 176 173 167 166 166 164 159 150 146 145 143 142 143 137 138 138 139 139 141 142 142 141 140 139 139 139 139 139 139 138 139 139 139 139 134 133 133 133 133 133 133 133 133 133 133 136 139
169 168 166 165 167 169 174 176 175 174 183 189 189 191 200 211 220 215 215 223 222 216 211 206 203 199 196 194 192 189 186 183 182 181 181 180 181 181 181 183 185 185 186 188 189 189 190 192 192 190 187 179 170 168 173 169 163 161 156 153 148 146 145 145 147 149 145 137 137 139 138 140 142 143 142 141 139 139 139 139 140 140 138 140 138 139 134 133 133 133 133 133 133 133 133 133 133 133 133 135
166 171 171 168 168 171 177 179 177 176 182 198 205 198 210 232 243 235 231 232 225 218 211 205 202 197 194 193 192 191 189 187 185 182 182 182 181 181 181 183 186 186 186 186 187 186 188 188 189 186 181 173 164 161 159 159 157 155 152 150 147 145 144 147 148 146 150 147 137 137 139 140 142 142 142 141 139 139 140 140 141 141 140 139 136 133 133 133 133 133 134 135 137 134 133 133 133 133 133 133
166 170 173 173 171 173 178 181 181 179 181 187 197 202 214 240 257 256 253 248 237 219 207 203 199 198 196 195 194 191 190 188 186 184 182 181 181 182 182 182 185 187 187 187 187 186 186 186 185 180 173 166 168 169 164 160 157 152 150 147 145 144 142 144 146 145 148 147 137 138 139 140 141 140 141 140 139 139 140 141 141 140 135 133 133 133 133 133 134 136 137 139 139 138 134 133 133 133 133 133
172 170 171 173 174 174 181 187 189 185 184 188 193 200 212 231 247 257 261 257 236 217 203 198 193 196 197 195 193 189 188 188 187 185 184 183 183 182 183 183 185 188 188 188 187 186 183 183 183 179 172 178 180 174 172 174 164 155 149 146 144 143 141 141 142 142 145 147 137 138 139 139 139 138 138 138 139 140 142 142 139 134 133 133 133 133 134 136 138 138 138 139 137 138 137 133 133 133 133 133
176 174 173 173 174 176 180 186 189 190 191 197 201 205 213 222 235 243 254 260 248 229 211 201 191 188 186 188 188 186 184 186 187 187 186 186 185 184 185 185 187 189 190 189 188 188 183 182 182 183 184 187 184 184 181 174 163 155 149 145 144 142 140 138 139 141 144 145 137 138 138 138 139 138 138 138 137 139 140 138 133 133 133 133 133 136 138 139 138 137 137 137 137 137 139 135 133 133 133 133
177 176 177 177 177 178 179 182 185 188 193 197 204 206 208 210 216 222 240 254 253 239 226 209 196 191 182 179 178 178 180 182 184 182 182 185 187 186 187 188 188 189 190 189 188 190 186 184 185 185 187 189 188 187 185 178 167 154 149 144 142 139 139 139 137 137 139 138 137 137 137 137 137 137 139 138 138 139 134 133 133 133 133 135 137 140 139 139 137 136 137 138 138 138 139 139 134 133 133 133
176 177 178 178 182 182 182 183 184 187 190 194 200 202 199 197 199 206 230 247 251 245 233 216 200 199 192 181 178 176 179 177 177 173 181 190 191 190 190 190 189 190 189 187 187 190 188 185 183 183 186 188 187 185 181 174 162 151 148 144 142 141 141 140 139 137 137 137 137 137 137 137 137 137 139 139 138 134 133 133 133 135 137 137 137 139 138 138 137 137 137 138 137 138 139 139 140 135 133 133
175 175 175 179 182 184 186 186 186 187 190 192 192 193 192 190 191 198 222 233 237 230 224 210 204 202 199 189 185 184 183 170 163 176 188 194 194 193 193 193 191 190 186 184 186 188 187 184 182 181 184 186 184 180 171 167 158 149 147 143 143 142 142 142 139 137 137 138 136 137 137 137 137 137 138 138 134 133 133 133 135 137 137 137 136 136 139 138 137 136 137 137 138 137 138 139 140 141 138 135
172 171 171 177 179 182 184 185 185 186 187 188 188 188 188 187 185 188 201 207 213 209 211 198 194 194 192 190 182 175 169 162 159 169 183 195 197 197 197 197 194 192 187 183 184 184 182 180 178 178 181 181 180 179 167 159 155 149 146 143 141 141 142 140 137 136 137 137 137 136 137 137 137 138 137 133 133 133 133 136 137 137 137 137 136 136 137 139 137 137 138 138 138 139 139 139 139 140 140 141
169 163 162 168 169 175 173 180 181 182 182 183 184 185 186 185 185 181 190 192 194 194 192 191 188 187 189 186 181 177 159 155 171 184 186 197 201 200 199 201 200 197 192 185 179 178 177 177 174 171 177 175 176 173 166 159 152 147 145 143 141 140 141 140 139 137 137 137 137 138 135 137 138 136 133 133 133 133 137 137 137 137 137 136 137 137 139 140 140 141 142 142 141 141 141 139 139 140 140 140
165 150 149 156 162 160 163 175 177 177 177 178 178 181 182 182 183 175 180 189 188 184 188 190 189 181 187 188 190 179 154 170 190 198 197 200 203 200 200 204 205 203 196 189 182 176 170 169 170 166 169 169 164 169 160 156 150 146 142 141 140 139 138 138 139 140 137 137 137 138 138 138 135 133 133 133 134 137 137 137 138 140 139 141 143 145 141 143 139 140 145 149 151 147 144 144 143 142 143 142
148 144 146 153 154 150 160 164 173 169 172 176 169 176 176 178 179 170 176 182 179 181 179 184 182 175 180 181 180 175 151 165 184 190 191 194 192 194 196 201 192 194 197 191 187 184 177 170 164 158 158 161 149 139 140 142 144 144 139 134 134 133 133 133 134 136 138 139 138 139 134 133 133 133 133 134 139 140 146 143 151 152 151 149 142 143 137 139 136 137 138 138 138 138 144 153 151 148 146 146
139 141 142 143 144 145 145 144 162 158 167 170 163 163 171 174 174 163 167 172 171 168 165 170 167 162 162 161 158 162 151 150 159 165 168 174 169 179 181 186 179 182 195 192 190 187 183 181 178 167 157 150 145 139 140 143 140 135 133 133 133 133 133 133 133 133 133 134 136 134 133 133 133 133 134 141 140 140 139 139 152 152 146 139 142 146 137 140 136 136 136 136 137 138 150 157 154 151 150 154
138 139 139 139 139 140 140 141 146 152 166 161 154 161 171 171 169 158 159 159 157 158 156 158 152 150 148 149 146 145 146 144 146 150 153 155 155 166 169 167 171 172 184 181 187 185 185 185 181 176 171 163 146 141 140 140 135 133 133 133 133 133 133 133 133 133 133 133 133 133 133 133 133 133 142 145 140 140 142 144 149 150 142 142 146 151 140 143 137 137 137 136 136 137 155 157 158 156 158 147
139 138 139 140 140 139 140 139 143 157 151 148 152 167 165 163 161 153 148 145 147 146 148 152 144 141 141 140 139 138 139 141 141 143 144 145 147 153 150 154 164 163 176 164 169 173 170 177 176 171 159 163 148 139 140 137 133 133 133 133 133 133 133 133 133 133 133 133 133 133 133 133 136 138 142 148 151 147 145 145 147 147 147 147 139 136 143 146 137 139 138 137 135 137 152 155 159 162 165 150
140 141 142 141 141 139 139 137 138 144 147 143 150 153 154 156 154 148 146 144 144 142 142 141 139 138 138 138 139 138 138 137 138 138 138 138 139 140 141 144 145 148 152 149 150 151 151 154 153 150 144 141 139 138 138 134 133 133 133 136 142 142 140 137 135 134 133 133 133 134 136 137 137 137 138 142 143 142 141 141 140 139 140 141 140 141 144 147 141 143 137 136 136 138 146 152 157 163 144 143
142 142 142 139 140 140 139 137 138 138 140 141 143 145 146 151 146 145 145 142 141 140 140 139 138 137 137 138 141 138 137 136 137 137 137 137 137 137 137 136 136 137 137 137 139 139 139 138 137 137 137 138 139 140 138 133 133 133 134 146 152 146 144 153 156 151 145 139 139 139 138 136 136 136 136 137 137 137 138 138 137 138 139 138 137 139 144 148 151 147 138 135 137 139 146 150 152 154 136 135
139 135 133 133 133 134 135 136 138 137 137 137 137 137 137 137 137 140 140 141 140 140 140 139 138 137 137 137 138 141 138 136 136 136 136 136 137 136 136 137 136 136 136 136 136 136 137 136 136 136 136 137 137 140 137 133 133 133 137 157 171 161 150 164 170 169 157 141 139 137 137 136 136 136 137 137 138 137 143 146 146 147 148 146 141 137 138 144 155 146 143 145 143 141 146 150 150 151 137 145
133 133 133 133 133 133 133 133 133 133 133 133 133 133 133 133 133 133 133 134 136 139 141 139 138 137 137 137 137 137 138 137 136 136 136 136 136 136 136 137 136 136 136 136 136 136 136 136 136 136 136 137 137 137 136 133 133 133 141 162 179 177 170 165 163 155 144 138 138 137 136 136 136 137 138 139 140 146 148 150 151 153 154 150 145 140 138 142 151 141 139 149 151 154 154 152 150 150 144 152
133 134 137 138 138 136 135 134 134 134 133 133 133 134 135 135 135 134 133 133 133 134 139 140 137 137 137 138 138 137 137 137 137 136 136 136 136 136 136 137 137 137 136 136 136 136 136 136 136 136 136 137 137 138 135 133 133 133 147 166 178 175 169 157 145 139 137 137 137 136 135 135 136 137 138 139 142 145 150 154 154 153 153 150 145 142 142 138 143 143 144 150 153 152 152 150 149 148 148 151
135 138 138 140 140 141 141 140 139 139 138 137 140 139 138 137 137 137 138 137 134 133 133 138 139 137 138 139 138 137 137 137 136 138 137 136 136 135 136 137 137 137 136 137 136 137 136 136 136 136 137 137 138 140 134 133 133 134 146 160 167 159 148 141 139 136 137 137 136 136 136 136 137 138 140 141 142 144 152 155 158 156 154 149 145 147 148 143 140 138 148 146 144 145 146 145 144 153 155 154
