# 100 100
138 138 137 137 138 139 139 138 137 137 137 137 138 138 138 137 138 138 139 140 136 133 133 134 141 140 140 138 138 137 137 137 136 136 137 137 137 135 135 137 137 137 136 136 138 137 136 136 136 136 137 137 137 138 133 133 133 136 143 143 148 143 140 140 139 137 136 136 136 136 136 136 137 138 141 140 142 148 150 154 161 162 158 153 148 147 152 148 150 148 139 138 138 139 138 138 144 154 156 156
138 140 139 139 141 140 141 139 139 138 138 140 141 141 141 141 141 141 141 140 141 134 133 133 137 142 146 141 138 138 137 137 137 135 136 136 136 137 137 137 136 136 138 139 141 138 136 137 137 137 137 137 138 134 133 133 133 140 139 138 138 141 143 143 138 139 136 136 137 136 136 137 137 141 142 145 150 154 158 160 165 167 162 157 152 150 151 147 147 149 149 147 146 143 140 140 139 144 143 147
142 144 144 142 140 140 141 141 141 141 141 141 141 141 141 140 141 141 141 141 140 137 133 133 133 142 144 141 140 139 137 137 136 136 136 136 137 136 136 138 137 138 140 141 141 141 137 137 137 137 137 138 135 133 133 133 135 139 139 138 140 141 143 142 138 139 137 137 137 136 136 136 138 142 145 148 153 158 165 169 169 168 162 157 153 152 151 148 150 151 152 153 154 154 151 148 148 144 146 143
142 142 142 142 141 141 141 140 140 141 141 141 140 140 141 140 140 140 140 141 141 141 133 133 133 137 151 150 148 140 137 136 136 136 136 136 136 136 136 138 138 138 140 141 140 140 138 138 137 138 136 134 133 133 133 133 138 138 137 137 140 141 143 142 139 139 138 137 137 136 136 137 138 141 145 150 156 160 167 171 172 170 163 158 156 155 152 148 151 152 153 155 156 156 156 153 154 155 156 156
137 137 137 138 138 138 138 138 139 138 138 138 138 137 138 138 138 138 139 140 142 142 137 133 133 133 141 144 145 142 137 138 137 139 137 136 135 135 136 138 138 140 142 140 139 135 134 133 133 133 133 133 133 133 133 137 139 137 136 137 137 141 142 141 139 137 137 137 137 138 140 139 139 141 144 149 159 168 176 174 171 170 167 162 157 154 153 151 153 152 153 155 156 156 157 156 156 157 159 158
137 137 137 137 137 137 136 137 137 136 137 137 137 137 137 137 137 138 139 141 142 141 141 135 133 133 133 134 135 136 136 136 135 139 140 139 137 136 137 137 139 139 140 137 134 133 133 133 133 133 133 133 133 135 138 138 138 137 136 137 137 139 141 140 138 137 137 139 141 142 142 141 141 141 146 149 150 158 171 174 167 168 165 162 157 154 153 151 153 152 151 153 155 156 157 156 157 157 158 157
137 137 137 137 137 137 136 137 137 138 137 136 137 137 137 137 139 140 141 140 141 141 140 139 135 133 133 133 133 133 133 133 133 133 133 134 137 137 138 139 140 137 134 133 133 133 133 133 134 133 134 135 139 143 144 140 138 137 136 138 138 137 139 140 137 137 137 141 141 142 141 140 143 145 149 154 153 160 166 167 164 164 161 158 155 153 153 152 152 151 151 151 152 155 156 157 158 159 158 156
137 137 137 137 137 137 137 137 136 140 136 136 137 137 136 137 139 140 140 139 139 139 140 140 140 137 135 133 133 133 135 135 133 133 133 133 133 135 138 137 134 133 133 133 133 133 136 138 140 139 142 142 143 145 146 142 139 139 138 138 137 137 138 138 138 139 139 139 139 139 143 143 147 149 151 153 157 161 162 162 161 159 157 155 153 152 152 152 151 150 151 151 152 153 155 157 158 160 159 157
137 137 137 137 137 136 137 136 136 137 136 136 137 137 137 138 139 138 139 139 140 140 140 140 140 140 139 136 137 139 139 141 140 136 133 133 133 133 133 133 133 133 133 133 135 140 141 141 141 141 143 143 145 147 147 144 139 140 138 137 137 137 138 138 141 141 140 139 139 140 144 144 145 148 149 151 154 158 160 158 156 154 155 154 152 150 151 152 151 151 151 151 151 152 153 155 157 157 158 158
137 137 137 137 137 137 137 136 136 138 137 137 137 137 137 141 139 139 139 141 140 140 141 141 141 141 140 138 139 138 140 142 141 141 141 136 133 133 133 133 133 134 135 138 140 140 140 141 140 139 143 145 143 145 143 143 140 139 139 138 138 139 141 140 141 141 141 142 141 140 149 144 144 146 147 148 151 154 155 154 151 152 152 151 151 149 150 151 151 151 152 152 151 151 152 154 156 158 160 158
137 137 138 138 138 138 138 142 139 137 137 137 137 138 139 149 139 139 139 139 141 139 139 141 141 140 140 138 138 137 140 144 144 142 142 143 139 137 136 136 136 138 140 140 138 138 139 139 139 139 141 145 143 142 141 138 137 137 139 139 140 141 142 143 142 142 142 143 143 141 146 148 141 142 145 149 152 145 141 149 146 147 149 149 150 149 149 151 153 155 156 157 153 152 152 154 155 156 159 158
137 137 139 140 139 139 142 144 140 140 140 140 140 140 140 139 137 137 137 138 142 140 139 140 141 140 138 138 138 138 140 141 143 142 140 144 146 147 144 144 139 142 141 139 137 137 138 137 138 138 139 141 139 141 140 138 137 137 139 139 139 140 142 143 143 144 143 143 145 143 140 146 140 140 141 146 148 140 142 144 143 144 146 146 148 148 148 151 154 155 157 156 154 153 153 154 155 157 158 158
138 139 141 141 141 141 142 141 141 140 139 140 140 139 138 138 138 137 137 138 139 138 139 140 140 140 137 138 138 140 141 140 140 142 140 143 147 150 149 147 139 139 139 138 137 137 138 137 137 137 137 140 138 138 137 137 138 138 138 139 139 139 140 141 142 143 144 144 144 144 143 141 143 145 144 142 145 144 144 144 146 149 150 150 149 149 150 150 150 150 151 154 155 153 153 155 156 157 158 158
138 141 141 142 141 141 141 140 140 140 139 140 140 139 138 138 138 137 138 139 138 138 141 139 140 142 137 137 137 139 139 138 139 139 139 141 144 147 148 143 138 137 137 137 137 138 137 137 138 138 137 138 138 138 137 138 140 140 140 140 140 139 141 142 143 144 145 145 145 145 145 144 144 148 149 146 144 144 145 149 151 151 152 152 151 151 151 150 151 152 154 155 156 157 154 155 157 158 158 159
140 140 142 142 141 142 141 141 141 141 140 140 140 139 139 139 139 138 143 144 143 139 138 137 137 137 136 137 137 137 137 137 137 137 138 140 140 141 140 142 140 137 137 137 137 137 137 137 137 137 137 138 138 139 139 138 140 140 141 142 142 140 140 141 141 143 144 145 146 146 146 145 146 148 149 150 147 146 146 150 153 155 155 155 153 153 153 151 152 152 156 155 154 155 155 156 158 159 159 159
139 140 141 141 142 142 142 142 142 142 141 141 140 140 140 140 138 138 143 142 142 136 138 137 138 137 138 137 137 137 137 137 137 137 138 138 138 138 137 137 137 137 137 137 137 136 137 137 137 137 138 137 139 139 140 138 139 140 142 142 143 142 143 142 139 142 144 145 146 146 146 146 147 149 152 153 149 146 146 150 155 158 157 156 155 156 154 154 152 152 154 154 154 154 155 157 159 160 159 159
139 141 142 142 142 142 142 142 142 142 142 142 141 141 140 139 138 137 138 140 137 138 138 138 137 137 137 137 137 137 137 137 137 137 138 138 138 138 138 137 137 137 138 138 137 137 137 138 140 140 140 137 138 139 140 140 140 141 141 143 143 144 154 158 143 139 141 144 145 145 143 145 147 149 151 155 149 146 147 151 155 158 157 157 157 157 155 155 153 152 152 153 154 155 156 158 159 159 159 159
141 142 142 142 142 143 143 143 142 142 142 142 142 141 141 140 138 138 138 139 137 139 139 138 138 137 138 137 138 138 137 137 138 139 139 139 140 139 139 139 139 140 140 138 138 139 141 140 141 140 137 137 137 143 144 145 141 142 142 142 144 146 152 155 149 140 139 140 142 141 140 141 141 141 143 152 158 147 148 151 155 157 157 157 157 156 157 155 154 152 152 153 154 155 157 158 159 159 159 159
142 143 143 143 143 143 143 144 143 143 143 143 142 142 141 140 138 138 138 136 141 142 142 140 139 139 138 138 138 138 139 140 141 140 141 141 140 142 142 142 142 142 141 139 141 141 141 141 140 139 137 140 138 141 149 148 143 142 143 142 143 145 148 148 144 142 140 139 140 141 145 146 147 143 143 151 165 152 150 152 155 156 157 157 157 156 156 154 154 153 153 153 154 156 156 157 158 159 159 158
143 144 144 144 145 144 144 143 143 143 144 143 142 142 141 139 138 138 138 138 142 143 143 142 141 139 138 140 141 140 141 142 142 142 142 141 140 142 142 143 142 141 140 139 141 141 141 140 139 140 140 140 141 137 147 147 143 141 143 143 143 144 145 145 145 142 141 140 140 143 148 150 151 150 145 145 149 149 151 154 156 156 158 158 158 157 155 154 153 153 154 153 155 157 158 159 159 159 159 158
144 144 145 145 145 145 144 144 143 143 143 143 143 142 141 140 138 138 136 141 143 144 143 142 142 140 139 141 143 141 141 142 142 142 142 142 142 142 143 142 142 141 141 140 141 141 140 139 140 141 141 140 142 139 141 143 143 142 142 143 144 144 144 145 145 145 144 142 139 143 146 149 153 153 152 146 148 151 153 155 156 157 158 158 158 158 158 155 154 154 154 156 156 159 160 161 162 162 163 162
145 145 145 145 145 145 144 144 144 144 144 143 143 142 141 140 138 137 138 141 143 143 143 143 141 142 141 140 142 142 140 141 142 142 142 142 143 143 142 142 142 142 142 140 141 141 141 141 141 142 141 141 142 141 140 142 143 143 143 143 144 144 144 145 145 146 146 144 140 142 146 147 148 149 153 147 149 152 154 156 156 158 158 158 158 158 161 155 155 154 155 158 158 160 162 164 164 165 166 166
145 145 145 145 145 145 145 145 145 145 144 144 143 142 141 139 139 138 139 141 143 143 143 142 142 143 143 141 140 140 139 139 140 142 142 142 142 142 142 142 142 142 141 141 141 141 142 142 142 142 141 143 143 143 141 140 143 144 144 144 144 145 145 145 146 147 146 145 140 142 146 147 150 149 151 149 146 149 155 157 157 159 157 158 158 158 155 156 155 155 157 158 158 160 162 165 165 166 167 168
145 145 145 145 145 145 145 145 145 145 145 144 144 143 142 140 138 137 141 141 141 142 142 143 143 144 144 142 141 140 139 140 141 142 142 142 142 142 142 142 142 141 141 142 142 143 142 143 143 142 140 143 143 143 143 141 141 144 144 145 145 145 145 146 146 146 147 145 141 144 147 150 153 152 150 149 149 149 154 156 157 156 156 157 158 155 155 155 154 156 158 159 160 161 163 164 166 167 169 171
145 145 145 145 145 145 145 145 145 145 145 144 144 144 142 141 139 139 141 143 142 141 141 143 144 144 143 142 141 141 140 140 141 141 142 142 142 142 143 143 142 142 142 143 143 143 143 143 143 142 141 142 144 144 144 142 141 144 145 145 146 146 146 146 146 147 147 147 144 141 148 152 154 154 151 150 151 149 151 154 155 155 157 158 157 156 156 155 154 157 158 159 164 164 165 165 166 168 171 172
145 145 145 145 145 145 145 145 145 145 145 144 144 144 143 140 138 138 142 144 144 143 142 142 143 143 143 142 142 143 142 141 141 141 142 143 143 143 144 144 143 142 143 143 144 144 144 144 143 142 144 145 145 145 144 142 139 143 146 146 146 146 146 146 146 147 147 148 147 142 142 150 155 155 153 151 152 152 150 149 151 155 156 157 156 155 154 154 154 156 157 158 163 165 167 168 168 169 169 166
146 146 145 145 145 145 145 144 145 144 144 145 145 145 143 140 139 137 142 145 145 144 144 143 143 143 144 144 144 144 143 142 142 142 143 144 144 144 144 144 143 143 143 143 144 144 145 145 144 145 146 146 147 146 145 145 143 140 144 146 146 146 147 146 147 147 148 149 149 148 143 146 155 155 153 151 152 154 154 154 152 151 153 154 154 153 152 153 155 156 157 157 161 166 168 169 171 173 171 161
147 148 147 146 145 145 145 145 145 145 145 146 146 145 142 139 139 137 144 146 146 146 146 145 145 144 144 145 145 144 143 142 143 143 143 144 145 145 145 145 145 144 144 145 145 145 145 145 145 146 147 148 148 148 146 146 144 143 142 146 147 147 147 147 148 148 149 150 152 152 147 144 149 153 154 152 151 154 156 156 155 152 150 151 152 152 152 154 155 155 156 157 160 167 168 168 171 173 175 165
148 148 148 147 147 147 146 146 146 145 145 145 145 144 142 139 139 138 144 146 146 146 146 145 145 144 144 145 145 145 143 143 143 144 144 145 145 145 145 146 146 146 146 146 147 147 146 146 145 148 149 149 149 148 146 146 145 144 141 144 148 148 148 148 149 150 153 155 156 155 150 146 144 147 152 153 152 153 156 158 156 154 153 152 154 153 153 155 156 154 154 158 157 167 169 166 162 163 162 161
149 149 149 148 148 148 149 148 148 148 148 146 145 145 142 139 141 139 144 146 146 146 146 145 145 144 144 145 145 145 144 144 144 145 145 145 145 145 146 146 146 147 147 148 149 149 148 146 145 148 150 150 149 149 147 147 147 144 143 141 147 149 149 149 150 152 153 156 158 156 155 152 151 146 145 149 153 154 156 157 157 156 155 153 154 156 154 154 154 153 151 152 152 162 160 159 152 152 152 151
150 150 150 150 149 149 149 149 149 149 148 148 147 145 142 140 139 141 145 147 147 146 146 146 145 144 144 144 145 145 145 144 145 145 146 146 146 146 146 147 147 148 149 150 150 150 150 148 146 148 150 150 150 149 148 148 147 145 144 140 145 148 149 150 152 155 156 156 156 156 158 157 156 153 149 145 150 153 154 156 157 158 156 155 156 158 157 153 151 149 147 148 148 149 150 148 147 148 149 148
150 150 150 150 150 149 149 149 149 148 148 148 147 143 140 141 139 145 147 147 147 147 146 146 145 144 144 144 145 145 145 145 145 146 146 146 147 147 147 148 148 149 150 151 151 151 151 149 146 147 149 149 149 149 147 148 147 146 142 145 145 146 148 149 152 157 159 159 160 159 159 159 159 158 154 147 149 154 155 155 157 158 157 156 156 155 154 149 148 146 145 145 145 145 146 146 145 146 146 146
152 152 151 150 150 150 149 149 148 148 146 147 143 139 137 142 146 147 147 148 147 147 147 146 145 144 144 145 145 145 145 145 146 146 147 147 147 148 148 149 149 151 151 152 152 151 151 150 147 147 149 149 150 151 148 146 145 143 146 149 147 148 147 147 147 156 160 161 161 161 162 164 162 159 155 149 146 155 159 158 157 155 155 153 151 150 149 149 148 146 146 145 144 144 145 144 144 144 143 143
153 153 152 150 150 150 150 149 150 149 149 146 141 139 141 143 147 148 149 149 148 147 147 146 146 146 145 145 145 146 146 147 147 146 147 148 148 148 148 150 151 151 151 151 151 151 151 150 149 147 148 150 150 150 149 148 146 143 150 150 149 150 151 154 152 150 156 161 162 163 164 167 168 163 156 150 146 152 163 164 159 155 152 151 149 149 151 151 148 146 146 146 145 145 144 143 143 143 143 143
154 154 154 151 150 151 150 150 149 149 147 142 140 142 143 143 146 148 149 149 149 148 147 147 147 147 147 146 146 147 147 148 148 147 147 148 149 149 150 151 152 152 151 151 151 151 150 150 149 147 149 151 150 149 149 147 145 143 147 148 150 151 155 158 157 154 151 156 159 160 164 167 169 163 157 151 151 155 162 165 162 158 155 153 151 153 153 152 148 147 148 147 146 146 146 144 143 142 142 143
155 154 153 152 150 150 149 149 147 146 143 142 141 143 145 145 145 148 149 149 149 149 148 148 147 147 148 148 147 148 148 148 149 149 148 149 150 151 152 152 153 153 152 151 151 150 149 149 148 148 151 152 151 149 149 148 146 145 147 147 149 153 158 161 160 156 152 156 158 161 161 165 168 164 160 155 150 148 155 167 167 162 159 158 154 154 153 151 149 148 149 147 145 146 147 144 144 143 143 143
158 157 155 153 151 150 150 150 150 147 142 142 144 147 148 148 146 146 148 149 149 149 149 149 148 148 149 149 149 149 149 149 149 149 150 151 151 152 153 153 154 154 153 152 152 151 150 150 149 150 152 152 151 150 150 149 146 144 148 148 149 153 158 162 162 159 154 159 163 163 164 162 166 167 163 159 153 149 149 158 166 166 163 161 157 154 154 151 150 150 150 150 149 147 149 146 145 144 143 142
163 162 160 159 157 157 156 153 149 144 142 143 151 153 152 150 149 148 148 150 150 150 149 149 149 149 149 150 150 150 151 153 153 151 150 152 152 151 153 154 154 154 153 152 152 151 150 152 152 152 152 151 151 150 149 148 148 146 146 149 151 156 161 165 165 162 157 158 164 165 166 163 164 168 167 162 156 152 149 151 159 168 168 167 161 156 157 156 154 152 152 153 152 150 149 146 145 144 143 143
166 165 163 161 162 161 159 152 144 142 143 148 157 159 157 154 152 151 149 150 151 151 150 150 150 150 150 150 150 150 152 153 153 152 151 151 152 152 153 154 154 153 153 153 152 151 150 151 151 152 152 151 151 150 150 151 150 147 147 148 152 156 162 167 167 165 160 157 165 166 166 165 164 169 169 165 160 156 151 150 155 168 173 171 166 159 156 159 161 159 157 155 155 158 148 147 145 145 145 145
166 166 166 164 163 160 154 144 142 143 144 153 159 160 159 157 155 153 153 152 151 153 152 152 151 151 151 151 151 151 152 153 153 152 151 151 152 153 154 154 155 154 154 153 153 152 151 152 152 152 152 152 152 150 151 151 149 147 149 149 153 158 163 167 168 165 161 157 164 166 167 166 165 166 169 169 165 160 154 150 157 167 177 175 170 163 160 157 159 160 158 157 159 159 151 150 151 150 149 148
167 165 165 164 162 156 147 142 143 144 149 156 159 159 159 157 155 156 155 154 152 154 155 154 152 152 152 153 153 152 153 154 154 153 152 153 153 154 156 156 157 157 156 155 154 153 151 152 152 151 152 153 153 153 152 150 148 149 151 151 154 160 165 167 167 164 161 159 166 167 167 167 167 168 169 171 169 162 157 151 153 169 179 178 173 166 161 159 158 159 160 161 164 157 162 164 165 161 157 152
167 166 164 161 159 152 145 143 144 146 152 155 157 158 157 157 158 159 158 156 155 154 157 157 155 155 155 156 156 154 153 154 155 155 155 156 155 155 158 158 159 159 159 158 157 156 153 152 152 152 153 152 151 152 153 151 150 152 152 153 156 163 167 167 165 164 160 159 164 166 167 168 169 172 174 173 172 165 158 152 153 166 179 179 176 168 163 161 160 162 163 165 165 157 159 161 162 163 162 160
165 165 163 158 154 149 145 143 147 151 154 154 156 158 158 158 160 161 160 158 155 153 157 160 158 158 157 157 157 155 153 156 157 159 159 159 157 155 156 158 159 160 160 160 159 158 155 153 153 153 153 152 151 151 151 150 152 153 154 155 159 165 167 167 166 165 161 164 162 163 164 167 168 170 173 175 174 168 159 153 156 167 178 181 178 170 165 166 164 166 169 166 163 164 164 164 163 165 166 166
162 160 159 155 150 147 145 146 147 157 161 159 160 160 161 161 161 162 161 159 156 156 155 160 160 161 161 160 158 156 155 160 160 161 161 161 160 158 156 156 158 159 160 162 161 158 156 154 154 154 154 153 152 151 151 150 152 152 154 157 162 165 167 168 167 166 163 164 167 167 164 165 166 166 169 174 175 170 162 156 155 167 178 183 182 175 172 170 170 176 175 171 162 171 173 171 168 169 169 168
161 157 154 152 150 148 145 146 147 156 162 162 162 163 163 163 163 162 161 159 159 160 159 157 160 161 162 162 161 158 155 160 161 161 161 161 160 159 158 156 157 159 162 164 163 162 160 155 155 155 155 154 152 151 151 150 152 154 155 156 161 164 166 167 168 168 166 163 168 168 167 165 164 165 166 168 173 170 163 156 157 167 175 180 180 177 180 177 181 181 176 173 166 171 177 177 174 173 173 171
161 160 158 154 150 147 145 145 146 154 162 165 165 165 165 165 165 164 163 161 161 162 162 159 158 162 163 163 162 160 157 157 161 161 160 160 160 158 157 157 159 161 165 168 167 162 158 155 155 155 155 154 153 152 151 153 155 158 159 156 159 164 167 168 170 169 167 164 168 168 168 166 165 165 165 167 171 168 161 155 161 168 174 176 178 186 189 188 187 183 178 174 168 170 178 181 179 176 174 169
165 164 162 158 152 148 147 146 149 157 164 166 167 168 168 168 168 167 164 163 162 163 163 161 158 162 163 163 163 162 160 157 157 158 159 159 160 159 158 160 162 164 169 174 173 168 161 156 156 155 155 154 153 152 154 159 160 163 163 159 163 166 170 171 169 169 167 164 168 168 168 166 167 169 168 168 169 164 158 157 166 174 179 185 192 191 195 198 191 187 183 177 172 173 178 183 183 180 173 175
168 165 162 159 154 149 152 149 151 162 163 162 166 170 170 170 170 169 166 164 163 163 162 161 160 163 164 162 162 162 161 160 158 157 158 160 161 161 161 162 164 168 173 176 174 170 163 158 156 155 154 154 153 152 158 164 165 165 165 160 166 166 169 170 170 169 166 166 168 168 168 168 171 173 174 170 165 158 156 158 165 170 177 190 202 206 209 205 199 194 188 181 176 180 183 186 186 183 176 182
170 167 163 159 153 147 149 148 150 154 154 153 158 167 171 172 171 171 168 166 164 163 163 161 161 163 163 165 163 162 163 161 159 158 160 161 162 162 163 165 168 174 177 176 171 165 160 157 156 155 154 154 156 155 159 166 168 167 165 161 167 168 169 170 171 170 168 165 167 168 169 171 174 176 176 169 162 157 164 164 161 163 170 179 188 198 201 214 206 200 191 183 180 185 187 188 190 185 179 189
174 170 165 158 151 148 151 146 148 149 150 151 154 158 166 173 173 171 170 167 165 164 164 162 162 163 164 165 163 162 162 161 159 159 161 163 163 163 165 168 173 177 178 174 167 161 158 156 156 155 155 156 158 159 157 163 170 169 165 162 168 170 170 170 171 170 168 166 166 168 171 171 174 175 172 165 158 161 168 165 168 171 168 171 176 185 199 213 213 209 197 192 195 193 197 192 191 185 184 195
178 172 165 159 152 147 148 148 150 151 149 151 154 156 160 169 175 173 171 168 166 165 164 163 162 162 165 165 163 162 162 160 160 160 162 163 163 164 164 169 175 178 176 168 162 158 156 156 156 156 157 158 160 161 161 166 172 168 164 168 167 170 171 171 170 169 168 167 167 169 170 172 175 173 167 161 159 166 172 174 172 181 178 173 175 184 197 208 222 220 212 210 203 205 207 198 190 198 194 192
181 173 166 159 153 148 148 147 153 160 151 150 152 156 158 165 175 176 174 170 167 165 165 163 164 163 163 164 163 163 162 161 161 162 163 165 165 166 165 166 171 176 175 168 162 159 157 158 157 158 161 163 163 165 165 166 171 167 164 168 170 170 170 172 170 169 168 167 168 168 170 173 174 171 166 160 162 174 183 185 180 186 189 180 180 194 205 216 229 233 227 220 214 217 210 198 202 202 197 196
180 172 164 159 156 149 147 148 149 154 153 152 152 154 156 160 169 176 176 173 169 167 165 165 165 165 164 164 164 164 163 161 163 164 166 167 168 169 168 166 166 170 174 171 164 160 159 161 159 160 164 169 169 171 167 163 166 167 164 166 169 172 171 171 170 168 168 168 169 168 169 175 175 172 166 160 165 175 182 186 187 189 197 191 183 195 205 215 226 231 234 230 225 219 211 205 215 212 206 203
183 175 169 162 156 150 147 148 148 151 155 154 154 155 157 160 164 169 174 175 172 169 167 166 168 166 166 165 164 164 164 163 165 167 166 168 169 172 172 169 167 167 170 170 167 162 160 162 162 163 168 174 182 179 168 165 167 166 166 168 168 171 173 172 170 169 168 169 170 169 169 174 176 172 166 162 163 171 175 181 187 189 198 200 193 188 200 207 212 214 228 233 229 221 213 215 230 228 221 214
183 176 169 163 156 149 148 147 148 149 151 153 158 159 160 164 168 173 177 178 176 171 169 168 169 168 167 167 166 165 164 165 168 169 167 168 171 171 171 171 168 167 166 167 168 165 160 163 164 166 171 178 182 175 168 168 169 167 168 172 171 175 177 176 175 173 171 169 171 170 170 175 176 171 165 167 164 164 173 179 182 185 192 203 203 198 200 199 203 213 220 238 240 230 219 223 235 242 236 229
177 170 164 160 156 152 148 147 148 149 151 158 171 169 167 174 181 190 188 185 181 175 171 170 169 169 168 168 167 165 166 167 170 170 169 168 169 169 171 173 171 169 166 164 165 165 161 164 168 172 171 178 182 175 170 170 170 171 173 176 174 178 182 180 179 176 172 170 171 172 173 175 175 170 166 165 163 164 168 173 176 178 186 199 207 211 206 212 208 222 232 237 241 234 233 243 243 246 242 235
184 173 173 168 162 157 151 148 147 149 152 159 167 173 183 192 204 201 197 195 186 178 173 171 170 171 169 168 167 167 167 168 170 172 176 173 171 170 171 172 171 169 167 164 163 163 162 164 169 171 171 177 180 179 175 174 174 174 180 184 179 182 186 184 180 177 174 172 172 175 178 177 174 169 166 165 166 167 166 167 169 173 179 188 204 206 205 218 218 224 228 228 240 243 245 249 248 247 242 236
186 184 178 172 165 158 155 149 147 149 151 157 164 175 187 199 204 205 202 194 185 180 176 173 172 172 170 169 169 169 169 169 171 174 176 178 180 175 172 173 173 172 169 167 165 166 165 163 166 170 173 177 181 183 181 179 178 177 183 185 183 185 188 187 181 177 175 173 173 179 183 180 174 168 167 171 173 173 171 168 168 170 173 183 196 192 201 211 210 212 217 220 234 243 247 250 250 249 244 240
194 189 182 176 168 163 159 152 149 150 149 157 168 178 187 192 199 207 204 194 189 184 180 178 175 175 173 173 173 171 171 171 171 175 178 181 189 190 177 176 177 176 172 171 169 169 169 166 164 169 175 182 185 187 187 186 182 183 189 192 191 193 193 199 188 180 177 177 179 180 180 178 173 169 170 177 181 180 177 173 168 167 174 179 182 183 193 195 199 203 208 216 228 238 247 248 248 247 245 241
197 192 185 175 170 169 162 155 149 149 148 154 163 174 178 184 195 202 202 198 188 184 183 181 179 178 176 177 176 176 174 174 172 175 180 184 191 199 185 183 182 180 177 174 170 172 173 169 165 168 176 191 198 198 196 191 187 192 195 199 199 201 204 203 194 182 179 180 185 186 178 174 171 173 177 184 190 189 186 181 175 168 171 178 178 178 182 187 192 197 204 218 220 231 239 247 247 245 240 238
200 195 188 179 178 172 166 157 152 149 147 151 158 166 174 184 192 193 198 200 199 192 189 187 183 180 178 179 180 182 179 177 177 176 177 180 187 194 200 198 190 186 182 175 172 172 175 172 167 171 185 196 205 210 206 195 191 194 210 213 209 214 209 204 196 187 183 179 177 177 178 175 176 182 190 196 200 199 193 186 178 171 169 173 175 178 180 185 196 206 215 217 213 219 231 244 246 245 241 237
204 200 195 189 181 170 164 158 154 151 149 153 163 165 172 181 187 183 189 191 202 202 201 198 190 184 183 184 186 187 184 182 181 183 181 180 182 189 203 211 202 192 185 178 179 180 177 171 167 169 177 184 195 203 208 202 204 196 210 223 223 225 218 210 197 190 188 185 181 179 176 176 182 194 202 207 204 199 193 185 177 170 168 171 175 181 183 191 202 211 211 207 208 222 233 239 243 244 242 240
207 206 200 192 182 171 163 160 156 151 152 156 161 162 169 178 179 177 184 190 201 198 204 202 192 186 188 192 196 194 193 190 186 191 187 184 182 188 201 215 211 195 183 180 180 183 176 170 167 171 178 185 189 196 205 213 211 204 213 222 231 230 214 203 193 190 187 183 181 178 177 182 187 198 209 210 204 193 185 181 174 170 176 175 174 181 186 194 197 203 202 198 205 217 225 232 238 238 241 241
205 209 202 192 180 169 167 166 160 152 150 151 155 161 166 172 170 178 186 193 196 190 197 200 191 193 197 202 209 205 202 197 194 193 190 187 185 188 195 206 213 195 181 176 174 174 174 169 170 175 183 197 203 209 216 224 221 213 228 232 226 218 217 211 198 188 185 185 188 182 182 194 199 202 208 209 205 196 184 177 173 173 180 179 174 175 180 189 191 194 194 193 198 208 215 225 230 230 235 235
198 205 199 187 178 177 177 169 162 155 152 151 154 158 163 164 167 177 183 186 186 183 185 190 192 204 214 215 217 214 210 203 201 200 197 192 188 187 190 196 206 203 187 177 173 171 170 171 177 183 192 204 216 222 228 236 231 228 235 233 221 208 203 201 195 190 193 197 198 189 185 196 204 207 207 204 202 192 185 179 172 177 186 190 181 178 180 183 185 187 191 195 196 200 209 216 219 220 223 227
191 202 201 193 190 187 177 168 160 154 153 152 153 156 159 160 165 170 176 181 180 178 179 183 189 203 214 220 221 218 214 212 211 208 203 197 192 192 194 196 198 195 187 181 176 175 173 170 175 182 194 207 220 229 232 236 239 239 240 236 227 216 205 201 196 200 203 207 198 189 191 203 208 209 208 201 196 191 183 178 173 178 189 196 195 188 189 184 182 189 199 206 206 202 204 208 211 217 228 234
193 202 207 204 200 192 184 175 167 158 150 150 150 155 159 167 169 168 169 172 174 175 179 185 189 196 205 212 217 216 213 216 216 213 206 201 198 202 205 205 208 201 191 184 179 176 174 172 173 179 189 201 210 213 213 227 234 233 236 236 232 221 214 207 205 211 214 209 198 190 192 202 207 206 205 198 195 191 187 180 174 178 192 200 206 202 199 195 187 189 199 210 215 213 215 218 220 221 234 240
189 198 208 212 207 200 190 178 168 159 151 150 150 153 159 168 176 178 177 177 181 180 181 182 186 190 197 209 213 211 208 209 213 214 210 205 205 211 217 219 215 211 196 189 182 178 181 175 173 179 187 191 194 201 213 227 228 225 226 230 231 226 217 222 219 219 217 209 197 198 199 206 207 200 196 193 187 183 181 176 181 181 188 202 215 218 210 199 193 189 192 200 209 220 225 230 233 234 236 242
184 194 205 215 214 206 195 184 174 163 153 150 151 156 161 166 176 184 186 186 190 189 191 190 186 188 195 205 211 208 204 200 205 209 210 209 211 217 223 226 224 215 201 195 185 185 189 179 175 175 180 190 199 204 218 223 221 221 220 224 228 231 232 230 226 218 213 206 201 208 209 207 203 195 188 183 180 180 179 185 191 189 194 199 211 224 217 205 195 197 195 195 205 219 228 235 240 242 243 244
179 189 201 212 215 208 199 187 177 168 157 151 151 156 161 164 175 183 190 193 196 198 200 199 193 194 197 202 211 209 201 194 197 203 204 207 211 218 224 227 226 217 210 199 189 190 187 182 178 175 181 190 198 205 216 222 219 214 213 220 225 229 233 230 227 221 217 209 208 213 213 210 204 194 185 182 187 189 183 189 195 196 205 205 210 224 217 206 206 206 206 200 203 211 219 231 240 243 243 243
177 187 199 210 212 200 190 178 171 168 162 151 151 152 157 162 172 181 188 194 198 201 204 205 200 204 210 208 213 212 205 196 190 194 195 197 204 213 222 226 219 212 204 196 188 185 183 181 180 178 178 184 192 206 214 220 217 209 209 215 217 222 229 228 225 223 221 214 213 213 209 206 200 192 185 185 193 193 186 184 190 199 206 208 211 217 215 213 218 219 215 207 215 215 220 229 237 241 242 242
175 185 197 205 212 201 188 179 170 163 158 152 151 152 156 161 164 175 183 189 194 198 202 197 195 193 200 212 210 207 204 198 190 185 187 190 195 204 213 223 220 216 205 196 193 191 192 192 185 182 178 185 192 196 204 214 215 207 209 218 221 226 227 225 222 220 219 216 214 213 210 205 198 194 190 184 189 193 195 191 189 191 193 197 202 210 214 219 226 230 221 212 214 220 227 231 236 239 238 239
177 179 190 202 213 208 198 188 178 170 162 154 151 151 153 158 162 170 178 183 187 193 195 190 177 179 190 207 204 195 195 194 188 182 193 199 197 204 210 223 227 218 207 207 203 200 202 200 191 185 179 181 186 195 203 211 212 205 204 214 222 223 222 222 219 215 215 214 214 214 213 209 205 202 193 186 193 195 196 200 202 201 199 203 198 199 205 213 221 231 223 223 217 222 227 231 234 236 233 232
181 180 190 200 208 204 195 185 176 168 163 156 153 152 152 152 160 163 171 176 182 187 185 183 173 176 189 199 202 192 186 184 182 180 192 208 209 205 210 226 229 224 217 216 208 215 207 198 190 186 181 180 183 190 198 205 207 200 204 212 220 221 219 219 218 214 210 210 209 213 212 209 208 203 197 189 193 200 200 200 205 210 211 209 205 205 207 218 227 236 234 231 223 223 223 225 227 228 226 226
182 179 183 191 198 193 179 174 172 171 167 161 154 153 152 152 154 160 161 170 176 178 178 172 167 169 180 193 203 195 183 176 179 192 200 215 221 214 214 226 231 229 225 224 215 220 210 196 191 189 187 187 183 185 193 198 201 197 207 216 219 218 216 216 217 214 210 207 206 212 210 207 203 199 196 189 195 203 207 208 207 209 216 220 217 214 212 213 228 235 234 233 229 223 222 220 220 220 220 222
180 180 182 188 197 182 175 173 180 181 171 160 157 156 154 154 152 155 160 163 167 168 169 165 162 168 181 190 196 192 183 175 178 193 205 217 226 229 226 236 233 227 223 223 222 222 216 208 206 196 199 194 187 184 187 192 195 195 207 215 218 216 215 215 217 215 214 210 206 203 204 202 195 193 192 193 195 205 213 216 216 215 219 221 224 224 217 217 226 232 230 229 226 222 219 218 216 216 216 216
181 181 181 187 196 189 176 170 171 173 163 159 158 158 159 155 153 153 154 157 159 160 159 159 160 169 178 183 189 189 181 173 177 193 202 215 224 230 233 235 231 224 217 217 218 219 218 216 209 205 209 198 191 192 186 187 190 198 207 213 215 214 213 212 214 216 216 213 210 206 201 196 195 200 200 201 199 201 210 220 224 220 225 230 231 232 226 223 233 232 229 226 222 219 217 214 214 212 213 212
183 183 183 187 197 200 189 175 170 165 162 162 159 161 166 160 156 155 154 154 155 158 157 156 158 164 169 175 181 183 175 170 174 183 195 207 219 225 227 229 227 223 216 210 211 212 210 214 211 210 215 205 200 196 193 190 189 195 202 209 212 212 211 210 211 214 215 213 215 211 205 198 199 204 206 206 207 204 210 224 231 229 229 236 237 237 234 236 235 234 232 229 224 219 215 212 211 210 208 209
189 188 187 184 190 191 196 196 187 170 164 163 163 170 173 169 162 161 159 157 156 157 157 155 156 159 164 168 172 173 170 169 179 189 198 208 213 214 218 222 220 219 215 209 203 203 201 208 213 211 215 212 209 204 204 200 194 192 198 206 211 209 208 208 207 210 212 215 216 212 206 199 197 204 208 211 214 213 212 220 232 235 234 236 237 238 237 233 233 236 235 232 227 222 217 212 208 207 205 207
192 190 193 187 185 188 192 199 188 177 167 164 167 178 182 176 170 166 168 166 163 162 160 156 155 157 161 165 166 164 166 174 181 189 197 203 206 202 212 214 213 215 213 210 206 200 195 201 206 210 214 214 212 211 210 207 202 196 197 206 209 208 206 205 205 208 211 214 215 212 208 203 198 201 206 211 216 217 219 224 232 235 233 234 235 236 236 234 232 233 232 229 227 224 220 216 212 207 203 206
197 194 194 190 187 188 189 195 199 185 169 168 168 181 188 185 181 176 177 175 171 169 164 160 156 156 160 162 162 166 172 179 186 191 194 196 193 196 204 208 207 209 208 208 204 200 193 193 199 207 207 208 205 203 208 205 204 200 196 202 205 205 203 203 205 208 211 214 213 210 208 204 199 201 206 211 215 218 220 224 229 231 230 229 232 234 234 231 230 230 226 223 222 220 217 216 213 210 205 202
203 198 196 193 189 190 194 193 191 184 173 170 170 182 193 195 191 186 185 182 180 177 170 163 157 156 157 159 160 165 172 177 181 181 183 186 185 189 197 202 204 202 201 204 203 197 190 186 195 202 201 201 199 193 199 196 196 198 196 197 199 201 205 207 206 207 211 213 212 208 206 204 201 202 203 207 212 214 216 219 223 226 226 231 232 233 234 233 228 226 225 223 220 216 213 214 212 209 207 204
204 201 199 196 192 193 200 198 189 177 172 170 172 184 200 204 200 195 191 188 184 180 175 166 160 157 157 157 157 161 167 171 172 173 175 179 180 184 191 196 199 197 192 197 199 196 189 182 189 195 196 192 190 190 188 187 185 189 192 196 199 203 206 207 208 207 210 212 210 208 205 203 203 206 206 206 208 210 213 216 220 223 228 235 236 235 234 231 228 223 220 221 220 216 212 209 209 206 205 201
209 205 200 197 196 197 200 204 194 181 184 177 177 184 203 206 199 191 183 181 177 172 169 164 161 159 158 157 156 157 160 163 163 166 169 173 173 180 186 190 193 193 189 188 192 192 189 182 182 189 190 186 181 187 183 182 179 178 183 185 187 193 200 209 210 208 208 210 209 206 204 206 207 207 209 210 212 215 216 220 223 225 230 236 237 236 233 229 225 221 218 216 215 214 211 207 205 203 202 203
212 209 202 202 208 205 207 208 197 184 193 198 190 191 204 205 194 183 177 173 169 166 164 166 166 166 162 159 158 157 157 158 158 159 164 166 170 177 181 184 188 188 185 180 185 185 184 179 177 183 183 182 176 179 176 175 175 173 173 174 179 190 199 205 208 209 209 209 208 206 205 207 208 208 209 211 214 216 218 224 228 231 234 236 236 235 234 231 229 224 220 216 212 209 207 207 207 207 206 208
220 214 207 212 215 214 208 200 192 187 191 197 212 213 200 196 186 182 175 171 177 171 166 170 175 171 166 163 162 160 159 158 159 158 159 162 168 172 175 178 181 183 180 174 177 177 177 175 173 175 175 174 171 171 169 168 167 167 168 171 176 185 193 197 202 207 210 209 208 206 204 205 207 208 208 210 212 214 217 223 227 234 237 236 234 233 232 230 227 225 221 218 215 210 211 213 212 211 209 211
221 215 213 219 223 217 213 202 198 207 205 193 209 218 199 189 185 183 176 174 180 173 168 168 178 175 168 168 166 164 164 164 163 160 158 160 162 166 168 170 172 174 172 169 169 170 171 171 169 169 168 167 166 165 165 164 165 166 166 167 174 180 186 188 195 205 209 210 209 206 204 204 206 205 204 206 209 210 213 218 224 233 237 237 235 231 228 227 223 221 218 216 213 211 215 218 216 214 212 214
231 226 227 230 229 229 219 210 210 221 217 207 199 216 207 196 194 188 180 179 184 175 172 169 174 176 169 168 170 169 171 171 169 166 161 159 160 160 161 162 163 164 164 163 164 165 167 167 166 165 164 164 165 166 167 168 169 168 166 167 172 177 178 184 194 196 202 208 208 206 204 203 203 200 198 201 202 207 214 221 228 233 237 237 235 232 228 225 221 218 217 216 215 215 216 220 218 216 216 216
237 239 240 239 239 235 228 216 223 229 223 215 202 220 225 218 211 199 186 185 181 177 173 174 173 174 172 170 172 173 178 178 176 173 166 167 163 160 161 162 160 161 161 161 162 163 164 165 163 163 164 168 170 174 176 176 175 172 166 168 170 174 175 179 183 187 196 201 203 202 201 199 198 195 200 202 202 207 214 220 225 229 235 237 236 232 229 226 224 221 222 221 218 217 220 222 220 218 217 215
223 236 242 244 244 242 235 227 231 232 226 216 203 217 225 227 220 208 200 191 185 177 174 178 181 178 177 177 181 175 184 185 182 177 171 175 171 166 163 160 161 161 161 161 162 162 162 162 162 164 169 175 172 177 183 184 181 175 167 167 169 170 169 171 176 184 185 193 197 195 194 192 192 197 203 210 208 206 209 214 220 225 232 235 236 235 232 231 227 226 227 223 220 221 222 221 219 217 216 212
213 220 231 236 242 245 242 237 233 230 224 212 212 218 226 226 219 213 201 190 185 183 179 177 182 185 183 185 181 180 189 191 187 178 178 180 175 170 164 164 165 164 164 164 164 164 165 166 168 168 175 181 178 178 188 190 186 179 170 167 166 167 167 167 171 175 181 187 189 187 187 191 197 204 210 214 213 212 216 215 215 222 227 229 232 236 235 232 231 230 230 225 222 223 224 220 216 215 213 210
199 211 215 218 231 238 240 236 231 227 219 221 222 224 226 226 221 214 200 188 197 198 185 180 189 198 195 188 181 185 199 194 186 182 187 184 175 170 163 165 170 172 174 173 174 171 174 177 178 173 178 186 184 179 189 194 191 185 176 171 169 169 169 168 167 170 176 182 182 187 193 199 205 209 211 214 217 217 222 223 220 219 223 227 232 236 237 235 235 234 232 229 227 226 225 221 216 211 210 209
191 196 200 212 221 220 236 237 235 231 223 229 232 230 232 221 216 205 196 193 207 209 195 184 194 206 200 191 186 188 201 200 192 190 193 186 175 169 164 164 169 175 185 185 187 180 183 187 183 175 181 190 187 182 192 198 197 191 184 178 174 175 175 170 168 168 173 181 181 188 194 201 207 210 203 207 215 215 220 228 228 222 225 231 235 238 239 238 238 237 233 233 231 228 223 221 217 212 209 204
183 187 196 201 205 208 225 238 238 233 229 233 236 237 232 219 230 219 202 202 214 211 204 194 194 198 194 199 204 205 210 207 200 198 195 188 178 170 165 165 171 178 187 195 198 189 193 192 182 177 187 194 190 185 195 201 200 195 188 182 181 182 178 171 168 168 173 181 180 184 193 200 205 201 196 198 203 204 213 227 231 227 227 230 235 239 239 239 238 236 236 235 233 229 222 217 214 211 207 202
178 183 190 192 196 206 224 237 239 235 232 238 242 241 233 225 237 230 215 212 221 211 205 199 197 192 189 192 201 207 211 210 205 203 196 186 176 170 165 167 181 191 192 205 204 201 202 196 184 180 193 200 195 188 194 203 203 197 190 188 188 184 176 171 169 168 173 178 178 186 192 196 196 193 187 188 193 199 210 222 225 230 230 234 236 238 239 237 237 236 235 233 231 227 223 217 213 208 205 205
186 190 187 186 190 199 205 217 234 235 236 242 245 244 240 233 239 239 223 224 226 219 210 206 200 193 189 188 191 198 201 203 205 200 194 186 178 171 166 168 172 180 195 206 215 213 208 197 185 183 192 204 201 193 193 204 205 199 196 195 190 181 174 171 170 169 171 174 178 184 186 186 188 185 182 194 205 210 216 212 212 227 232 235 236 237 233 235 236 235 233 229 225 223 222 218 213 209 210 210
183 184 180 182 185 191 193 198 220 230 237 242 246 247 247 243 241 243 230 231 236 230 217 207 205 196 193 192 185 189 190 192 196 193 191 186 179 171 166 169 172 181 190 209 219 216 208 196 186 194 198 204 205 195 196 205 205 202 201 198 191 184 175 172 171 169 170 172 176 179 178 178 180 178 182 189 199 206 203 201 218 225 228 233 229 230 226 233 235 235 235 233 229 225 219 216 213 215 216 214
177 177 177 179 182 185 185 190 201 223 235 239 244 247 248 248 245 246 245 244 239 228 222 210 203 199 198 193 185 183 182 182 184 185 182 180 176 171 167 169 174 175 181 195 216 214 201 192 192 204 207 209 208 197 199 208 207 204 203 199 193 187 180 175 175 171 169 170 172 173 172 172 172 173 181 190 197 195 192 197 211 221 222 230 229 222 220 226 230 230 232 232 232 229 223 219 218 220 221 216
174 173 174 176 179 183 187 190 204 231 233 234 237 244 248 248 248 249 249 248 243 240 229 217 210 202 197 192 188 182 187 184 183 180 177 173 172 170 171 171 170 174 179 186 209 208 195 190 197 212 215 214 209 200 204 211 211 207 203 195 189 185 180 182 183 178 171 170 170 170 171 171 171 171 172 183 192 187 187 191 198 208 217 223 224 221 212 223 226 225 227 228 231 232 230 228 225 225 222 215
175 171 171 173 178 186 193 199 213 233 234 229 234 236 242 245 249 249 249 248 244 240 235 231 221 207 197 201 194 184 186 195 196 188 180 177 175 172 172 174 171 175 178 185 205 206 199 194 199 217 220 216 209 202 207 214 213 206 201 198 194 187 186 190 190 183 178 177 176 176 176 174 174 172 171 179 184 186 195 197 206 215 218 220 215 212 212 221 221 221 223 224 228 232 233 232 231 229 224 218
