# 100 100
139 140 141 143 144 145 145 144 142 141 141 141 142 142 144 145 144 142 143 141 140 141 142 141 139 139 138 139 139 139 138 138 138 139 139 139 139 138 138 139 139 140 140 141 142 142 141 141 142 142 145 149 148 143 139 138 138 139 138 137 138 138 138 139 139 140 144 144 140 141 140 140 140 140 140 140 141 141 142 142 142 142 143 143 144 149 149 149 152 156 161 165 167 168 169 169 173 175 176 177
140 141 143 143 143 144 145 145 145 144 145 144 145 146 147 147 146 144 143 142 142 142 141 141 139 139 139 140 139 139 139 138 138 139 139 139 139 139 139 139 139 139 140 141 142 143 143 143 144 147 149 150 147 141 139 138 139 139 139 138 138 139 140 142 141 141 144 144 142 140 141 140 142 141 141 140 140 142 143 143 143 143 143 144 144 149 152 150 151 154 157 161 164 167 169 170 173 175 176 178
140 141 143 145 144 144 146 148 150 149 149 147 150 150 150 151 149 146 145 143 143 142 141 141 140 139 140 141 140 139 139 139 139 139 140 139 140 140 140 139 140 140 141 142 143 144 145 146 147 150 152 150 143 140 139 140 140 140 140 139 139 139 142 144 143 142 145 146 145 142 140 142 143 141 142 141 140 142 143 144 144 144 144 144 145 149 152 150 150 151 153 156 159 163 166 168 170 173 174 175
141 142 143 143 144 146 149 151 151 150 149 149 151 151 151 153 151 149 148 146 144 143 141 141 141 142 142 141 140 139 140 140 139 139 139 141 141 142 141 141 142 143 144 144 145 145 148 150 150 151 149 146 144 140 140 141 143 141 139 139 139 140 142 143 145 144 145 148 147 144 140 143 143 142 142 141 141 143 145 147 147 146 144 145 145 147 148 148 147 149 152 154 156 158 160 162 165 168 170 173
141 143 145 147 147 145 145 147 148 150 151 151 151 152 152 154 154 152 151 148 145 144 143 141 144 144 143 142 141 140 140 140 140 140 140 142 142 142 142 143 145 146 148 150 150 148 149 154 154 152 152 151 147 143 141 142 143 141 139 139 141 142 143 144 146 146 147 148 147 145 141 142 143 142 143 143 142 144 147 150 150 148 145 145 145 146 148 149 150 150 151 153 154 156 160 166 170 173 173 175
140 143 145 149 151 150 148 147 148 150 151 152 153 154 155 157 158 155 156 151 145 143 143 142 144 144 143 141 141 141 140 140 140 141 142 143 144 144 144 147 150 152 155 156 154 149 149 151 153 154 155 151 147 146 145 147 148 145 140 139 141 143 143 143 145 146 147 148 148 146 143 142 143 143 143 143 143 145 148 151 152 151 148 148 149 147 148 149 152 152 151 152 153 156 161 167 172 175 177 178
140 142 145 148 151 152 151 148 149 152 154 154 156 157 158 160 160 159 155 149 145 143 142 142 143 143 142 143 143 141 142 141 141 142 142 144 145 145 146 151 156 158 158 156 152 148 149 151 156 157 155 151 149 151 150 152 152 148 143 139 139 142 143 142 144 145 146 147 148 146 146 144 143 143 143 144 143 144 147 150 152 153 151 152 151 147 146 149 152 154 154 153 155 157 161 166 170 174 178 180
140 142 144 148 151 153 154 152 150 151 154 157 159 160 160 162 161 155 150 147 145 144 144 144 144 143 143 144 144 142 143 142 142 143 143 144 146 148 148 149 153 157 157 153 151 151 153 153 157 157 154 152 154 157 157 158 156 155 147 141 138 139 140 143 144 145 147 148 148 146 145 146 145 144 144 143 144 144 146 148 151 153 153 153 150 148 147 148 151 153 155 156 156 159 165 170 175 179 181 183
139 142 145 150 153 155 156 158 157 155 157 163 166 166 164 162 158 150 148 147 146 146 145 145 144 143 143 145 145 143 143 143 144 144 145 145 147 151 153 152 151 156 156 153 154 156 157 158 161 160 158 158 160 162 162 160 158 155 148 140 138 139 139 140 143 145 146 148 148 146 145 145 146 146 145 143 144 145 146 150 152 154 153 152 151 150 149 149 150 152 153 155 157 160 165 172 178 181 184 186
139 142 146 151 154 157 161 164 164 160 164 169 170 171 168 162 154 152 150 148 147 146 146 145 145 144 144 146 147 145 144 144 146 148 151 149 148 154 156 156 152 154 156 155 157 160 162 163 165 165 164 165 164 163 161 157 154 150 146 140 139 140 141 139 140 140 142 145 146 145 144 145 146 147 145 145 144 145 146 150 151 153 152 151 152 151 151 152 152 152 153 155 157 160 165 172 178 182 185 186
140 143 147 151 155 159 164 167 165 162 165 169 172 175 171 162 156 155 156 155 149 147 146 146 147 147 145 145 146 146 145 145 149 154 154 151 152 162 161 159 154 154 157 159 158 162 164 166 168 167 166 164 164 161 155 151 149 147 143 142 139 141 144 141 140 139 139 141 142 143 143 144 146 147 146 145 145 145 145 147 150 150 149 149 150 151 152 153 153 153 154 158 160 162 165 168 175 180 182 184
139 142 146 151 155 160 167 170 167 163 165 169 172 175 172 165 160 161 159 156 151 148 148 149 149 150 149 147 147 146 147 151 155 156 155 153 157 163 164 161 158 156 160 162 162 163 166 167 167 166 163 159 158 158 153 147 145 144 143 141 139 140 142 141 141 142 140 140 141 142 143 144 146 146 146 145 146 145 145 146 147 147 147 148 149 150 151 152 153 155 156 161 165 168 171 173 174 176 179 181
139 141 146 150 156 160 167 169 168 165 166 168 170 172 173 170 166 164 160 156 152 150 151 152 150 151 150 149 148 147 149 154 155 156 157 159 162 164 166 165 163 161 165 166 166 166 167 166 164 162 159 155 152 152 149 145 143 143 143 141 140 140 140 143 148 147 144 140 140 142 143 145 145 145 145 146 145 146 147 148 148 147 148 148 150 151 152 152 153 155 158 162 167 172 176 178 179 178 178 180
139 141 144 149 153 159 165 167 169 168 166 167 169 171 172 172 169 166 162 158 154 153 154 154 152 153 152 150 150 149 148 151 153 155 160 165 168 168 167 166 164 165 167 167 167 166 165 164 161 159 156 153 151 147 145 144 143 142 141 140 140 139 140 143 150 150 145 140 140 141 143 144 145 144 145 146 147 149 152 153 153 150 152 151 149 152 155 153 152 155 161 166 170 174 177 179 182 182 186 187
139 140 143 147 152 158 164 167 171 170 168 169 170 171 171 171 168 162 160 157 157 158 157 156 155 159 157 153 152 151 150 151 154 159 167 169 169 168 167 167 167 167 167 166 165 164 163 162 158 155 154 149 148 145 145 145 143 142 141 140 140 139 140 145 151 150 145 141 141 141 143 144 144 144 145 146 148 152 157 158 154 152 154 153 150 149 150 151 152 156 162 167 172 176 179 179 182 184 184 185
137 140 145 150 155 161 169 168 170 172 171 170 170 170 169 168 166 162 159 159 160 162 160 157 159 163 161 157 155 151 151 154 157 164 169 168 167 166 166 166 167 166 165 163 161 161 158 157 155 151 150 148 146 144 144 144 142 140 140 140 139 140 141 147 151 148 143 141 141 141 143 144 144 144 145 146 149 153 157 158 156 154 154 153 151 150 149 149 150 155 160 167 170 172 174 177 180 182 184 186
138 140 144 150 154 160 170 173 173 174 173 173 172 171 169 166 164 165 166 164 163 164 162 158 162 164 162 159 155 154 155 159 161 162 169 168 164 163 164 165 163 162 160 159 157 156 153 152 151 149 147 145 144 142 142 141 142 141 141 140 140 140 142 149 149 145 142 142 142 142 144 145 145 144 145 146 149 152 155 157 156 154 153 153 152 152 152 151 150 151 155 160 164 166 168 173 177 181 183 185
138 139 143 149 155 158 163 169 171 173 173 174 173 171 169 168 166 169 170 169 167 165 162 161 163 164 163 158 156 159 160 164 166 168 169 166 162 159 162 161 159 156 154 155 154 153 151 148 147 146 145 143 142 142 141 141 141 141 140 140 140 140 143 147 147 144 143 143 142 141 142 145 148 146 145 146 147 150 153 155 154 154 154 153 153 154 155 155 154 153 153 153 155 158 163 171 175 179 179 180
139 138 141 148 153 156 159 164 168 172 173 173 173 172 170 168 167 168 170 170 168 166 165 166 165 165 162 162 160 162 165 163 165 169 169 167 164 159 158 158 157 153 150 150 149 148 148 147 147 146 144 143 142 142 142 141 141 141 141 141 141 141 143 146 145 143 142 142 140 142 143 143 144 146 146 146 148 150 151 152 153 153 155 154 154 157 157 159 160 159 159 158 155 154 159 165 172 176 174 174
135 138 140 145 150 155 157 160 165 168 170 171 172 172 172 171 170 170 170 171 171 170 170 170 169 167 166 168 167 166 167 163 170 171 171 168 164 160 156 154 153 152 152 151 149 148 147 146 146 146 144 142 142 143 143 142 142 142 143 145 144 144 144 145 144 143 143 141 141 143 145 146 143 143 145 147 149 152 154 155 154 154 154 154 156 157 158 162 166 167 167 166 163 157 155 159 166 170 168 169
137 137 139 143 148 152 154 157 160 165 167 168 170 171 172 172 171 171 170 171 171 172 172 172 171 170 170 170 171 171 171 171 171 170 168 165 162 160 158 157 156 156 154 151 149 150 147 145 144 144 143 143 146 147 147 144 143 144 147 151 151 148 147 145 144 143 144 144 142 143 145 148 146 143 143 144 148 150 150 152 152 152 152 154 156 156 158 160 163 167 169 169 168 164 158 156 157 159 161 161
138 136 139 141 145 147 148 155 158 163 165 166 169 170 172 172 171 170 170 170 170 170 170 171 170 170 170 170 170 170 170 168 165 163 161 159 158 157 159 160 159 158 155 151 148 146 145 145 145 145 143 144 148 150 150 149 147 146 151 157 156 153 150 147 146 146 147 146 144 142 144 146 146 145 144 143 144 145 146 147 148 148 150 152 153 154 156 158 161 165 169 171 171 170 166 165 164 161 159 159
136 138 138 139 142 145 147 152 157 160 163 167 168 169 170 172 172 170 169 168 169 168 168 168 168 168 168 168 168 166 166 166 162 161 160 159 158 155 155 157 158 157 155 152 150 146 146 148 148 147 145 143 145 147 149 152 151 152 156 159 158 155 152 149 149 150 148 147 145 143 144 146 148 148 146 144 144 144 144 146 147 147 149 150 151 154 156 157 160 163 167 171 173 172 171 171 171 170 168 166
137 140 137 138 142 145 146 149 153 155 159 165 168 167 170 172 172 171 170 168 167 166 165 165 166 166 167 167 165 162 162 163 161 159 158 158 159 157 155 153 154 154 153 151 148 146 148 152 153 150 147 145 143 145 148 154 157 159 160 161 160 157 154 152 151 149 148 147 145 143 145 146 147 149 147 145 145 146 146 145 146 147 150 152 152 153 154 155 157 158 162 167 169 171 173 175 176 175 174 172
137 139 137 139 140 143 145 146 149 151 156 161 164 167 170 171 172 172 171 170 169 167 166 165 164 164 167 168 167 164 160 159 158 157 157 157 157 157 157 156 154 153 150 148 146 146 151 155 156 154 151 145 144 144 148 156 160 160 158 159 159 157 155 153 149 148 147 147 147 145 148 148 148 149 147 146 146 147 147 145 146 147 150 153 154 155 156 158 162 165 165 165 165 169 172 174 176 178 178 177
137 139 138 138 140 141 144 145 146 148 151 156 163 167 169 170 171 171 171 170 169 168 167 166 164 163 165 167 167 166 161 158 157 156 156 156 155 157 158 157 156 154 150 147 148 151 153 155 156 155 150 145 144 145 148 156 160 158 156 156 157 156 154 151 149 149 150 151 150 145 146 147 148 148 148 146 147 149 149 146 147 147 148 150 153 155 157 161 166 170 171 173 171 168 170 171 173 176 179 178
137 140 138 139 139 140 142 144 145 147 150 154 157 165 166 168 170 171 170 169 168 167 167 165 163 162 164 166 166 166 164 161 158 155 154 155 156 155 155 156 153 151 147 146 149 152 151 151 151 151 148 145 144 145 148 152 157 157 154 153 154 156 154 153 152 152 151 149 148 145 144 145 146 147 149 148 148 149 149 146 147 150 150 150 152 154 157 161 167 171 174 175 173 172 172 171 171 175 178 180
135 140 138 139 140 142 144 147 148 149 151 151 156 163 167 169 170 171 171 169 167 166 166 165 165 162 163 164 164 164 163 161 160 157 154 155 156 155 154 155 153 150 148 146 147 149 148 147 148 147 146 145 144 145 146 148 150 152 152 152 152 154 152 152 152 151 149 147 147 145 145 146 146 147 148 149 149 148 147 147 149 151 152 153 153 155 158 161 165 169 174 177 175 175 175 173 172 175 178 180
137 138 138 140 140 141 143 147 148 148 148 150 156 162 168 170 170 170 168 167 166 165 164 165 166 163 161 162 162 162 161 159 160 158 156 153 154 153 152 152 152 150 149 148 147 147 146 147 147 145 145 144 144 144 144 145 147 148 150 150 150 151 152 152 150 149 148 147 147 146 146 146 147 147 148 149 149 148 147 148 149 150 153 155 155 155 157 160 163 168 173 176 177 177 177 176 176 177 180 182
136 139 138 139 139 142 143 145 147 147 146 149 154 159 165 168 170 169 167 166 165 165 164 164 166 165 162 160 159 159 159 158 157 156 154 152 152 151 151 150 149 148 147 147 147 147 147 148 148 147 144 143 144 144 144 145 146 147 147 148 149 151 153 151 150 149 148 148 147 147 147 147 147 146 148 149 149 148 149 149 150 151 154 156 156 157 159 163 167 172 175 178 178 178 179 179 179 180 182 184
136 139 138 138 139 142 144 143 145 145 145 148 153 158 162 166 167 166 166 166 163 164 163 163 165 166 164 161 158 158 157 156 155 155 154 152 152 151 150 149 148 147 148 148 147 148 148 148 149 149 147 147 146 144 144 144 145 145 145 147 149 152 154 152 151 150 149 148 147 148 149 149 148 148 149 150 150 149 149 150 150 151 153 154 156 158 162 167 171 175 178 181 180 180 180 180 181 182 182 184
136 137 138 139 140 142 144 142 143 144 145 150 154 157 160 163 164 165 165 164 163 161 160 162 165 166 165 163 162 160 159 157 156 155 155 156 156 154 152 150 148 149 150 151 151 149 149 149 148 148 148 148 146 145 145 145 146 146 145 146 151 154 154 153 152 151 149 148 149 150 150 150 150 150 152 152 152 151 150 149 149 150 150 151 154 157 160 165 173 175 178 181 180 180 180 180 181 181 182 183
135 136 139 138 140 141 141 140 142 145 149 150 153 156 158 159 161 163 162 161 161 159 163 164 165 166 166 166 165 164 162 159 158 158 157 158 157 155 151 150 149 149 151 155 154 151 150 150 149 149 149 149 149 149 148 150 152 151 147 146 150 153 153 153 152 150 150 150 150 151 152 153 153 153 155 156 157 155 152 149 150 153 154 153 153 155 158 162 166 169 173 176 178 178 178 178 179 178 179 179
135 136 138 138 139 139 141 141 146 149 152 153 155 156 158 159 159 160 160 158 158 159 162 164 164 166 167 167 166 165 162 162 162 161 160 159 157 154 151 150 150 150 152 156 156 153 152 154 156 154 151 153 156 155 155 158 160 157 150 146 146 149 151 152 151 151 152 154 153 154 154 154 155 157 160 162 161 156 151 149 153 156 158 157 155 155 156 157 158 160 162 164 166 170 172 174 174 173 173 175
137 136 139 138 139 140 143 143 145 149 152 153 155 156 157 158 157 158 158 156 161 162 163 164 166 167 167 167 167 166 165 165 164 163 161 158 156 154 151 152 154 153 152 154 156 155 157 161 159 155 153 155 160 162 162 163 161 157 151 147 146 147 148 150 152 152 155 157 157 157 157 157 160 163 164 163 158 152 150 150 153 155 157 159 159 157 156 157 158 161 162 162 162 162 165 165 168 169 173 178
136 136 138 138 138 139 141 142 145 148 150 152 154 156 157 157 155 155 155 155 159 162 164 165 166 166 167 167 168 168 168 168 166 164 160 157 155 154 152 154 157 157 155 156 159 161 163 164 161 160 159 155 159 165 165 160 156 152 148 147 147 147 147 149 152 154 156 158 160 161 161 163 165 163 159 156 152 152 152 152 152 155 155 158 160 162 160 161 164 169 172 172 172 169 168 169 167 168 172 175
136 136 138 138 138 139 141 141 144 147 151 154 156 156 155 155 153 153 154 155 158 160 164 165 165 165 165 166 168 168 169 169 168 165 161 157 155 154 153 154 157 159 159 161 166 168 168 167 164 163 163 160 160 164 162 157 152 149 148 147 148 148 148 149 151 154 155 158 160 162 164 165 163 158 154 153 152 153 153 153 154 157 158 157 159 162 163 165 169 175 178 178 177 175 175 176 173 171 170 172
136 136 138 138 138 139 140 142 143 147 151 153 154 155 154 152 152 152 155 156 157 159 161 162 164 162 162 164 166 168 169 170 169 168 165 162 160 157 155 154 156 159 163 166 168 167 166 165 162 160 161 163 164 163 158 153 151 150 148 148 149 150 150 150 151 152 155 156 159 160 160 160 158 154 152 153 153 154 153 154 155 157 159 160 160 162 163 167 171 176 179 181 180 180 181 181 178 179 179 177
137 137 138 138 138 139 139 141 144 147 150 152 153 152 151 152 156 157 157 158 159 158 159 161 161 159 160 161 164 167 168 170 170 170 169 166 161 158 156 155 157 160 166 163 159 157 156 154 152 151 154 163 168 166 159 154 151 151 150 150 150 151 151 152 152 152 153 154 156 157 157 156 155 153 153 154 154 155 154 154 155 156 158 160 162 163 166 171 173 176 178 180 182 184 185 186 184 185 186 184
137 138 138 138 137 139 139 141 143 145 147 149 151 150 150 154 156 157 157 158 158 158 159 158 159 158 162 162 163 165 168 169 170 171 169 164 158 155 154 154 157 159 159 154 153 151 150 149 148 148 149 159 167 169 165 159 155 153 152 151 151 151 152 153 152 152 152 153 154 155 155 155 154 154 154 155 156 157 155 154 156 157 158 159 159 162 165 172 177 179 181 181 183 185 187 188 189 190 191 190
135 139 139 138 138 138 139 141 142 144 146 148 149 148 152 155 155 156 156 157 158 157 157 157 157 157 162 165 166 166 169 170 170 169 167 159 153 151 149 151 155 157 155 151 149 148 147 147 146 146 146 153 165 169 168 164 160 155 154 153 153 153 154 153 153 153 152 153 153 154 155 155 154 155 155 155 158 160 157 154 156 158 159 160 160 160 162 166 174 179 183 182 184 185 186 189 191 194 195 194
135 139 139 138 138 138 139 140 143 142 144 146 146 149 153 153 154 154 154 156 156 155 156 156 155 157 161 165 167 168 169 169 169 167 164 157 153 151 148 148 153 158 153 149 147 146 145 144 143 144 144 147 156 164 168 166 163 159 157 156 156 155 154 154 154 154 153 154 154 155 156 156 156 156 156 158 161 161 158 156 159 160 161 163 165 166 167 164 167 173 178 180 181 182 185 189 192 196 199 200
136 140 138 138 137 138 139 141 143 142 144 144 146 151 153 150 150 150 150 152 152 154 155 154 154 157 160 164 166 167 168 169 168 165 160 154 152 151 149 147 152 158 152 148 146 145 143 143 143 143 143 144 148 157 167 169 168 166 164 161 159 157 155 155 155 155 155 155 156 157 157 157 157 157 157 160 162 159 157 157 160 162 164 167 170 174 176 173 170 168 171 174 177 179 183 187 191 194 199 202
136 140 138 138 138 138 139 139 141 141 142 143 147 150 150 148 146 147 150 153 153 154 153 152 155 157 158 161 164 165 166 167 167 163 157 152 149 150 149 147 152 156 152 148 145 145 142 142 142 142 142 143 147 158 170 175 174 172 169 165 161 158 157 157 157 156 156 157 158 158 158 158 158 158 159 162 164 162 159 158 161 163 165 168 171 176 180 180 179 175 174 180 181 182 182 185 190 194 200 204
136 140 139 138 138 139 140 140 140 142 142 144 147 146 145 145 147 151 152 153 153 152 151 155 156 157 157 158 160 162 163 165 164 162 157 152 149 149 149 147 154 156 152 148 148 146 144 143 142 141 141 143 146 157 172 177 176 174 172 168 163 159 157 157 158 157 157 157 157 157 157 157 158 158 160 164 165 162 159 158 161 164 165 167 169 173 178 182 184 181 175 181 185 187 188 187 190 194 199 203
136 139 138 138 138 139 140 140 141 142 142 143 144 143 143 147 150 152 152 151 152 150 152 155 156 156 156 156 155 157 158 160 160 160 157 151 148 148 148 147 152 153 152 147 146 145 145 144 142 141 141 142 146 154 167 172 171 170 169 166 163 158 157 157 158 158 157 156 156 155 155 156 157 158 159 162 165 162 161 160 161 162 164 166 168 171 175 181 186 185 181 178 183 187 190 192 192 195 199 204
137 138 138 138 138 139 139 139 140 142 141 141 141 141 143 147 151 151 149 148 149 150 152 154 154 155 155 155 152 152 153 155 157 158 156 150 148 147 146 145 147 147 147 145 144 143 143 143 142 141 140 142 144 149 160 168 168 166 165 163 161 158 158 159 158 159 158 156 154 154 154 155 156 155 157 160 163 163 163 164 162 163 165 169 173 176 176 179 185 187 186 182 180 185 189 194 196 197 200 203
137 139 138 138 137 138 139 140 140 140 139 140 140 140 143 146 150 150 147 146 150 152 153 153 153 154 152 150 147 147 146 151 156 156 151 146 146 145 145 144 146 147 145 145 143 142 141 140 140 140 140 140 142 146 153 163 168 166 162 161 159 159 159 159 159 158 157 156 154 152 153 154 154 153 155 156 160 162 164 165 164 165 168 172 177 181 181 180 184 188 188 187 186 186 187 193 197 200 201 205
138 138 138 137 137 138 139 139 139 140 140 140 140 140 142 146 149 147 145 146 148 151 152 151 151 153 150 145 145 144 144 151 157 156 149 144 144 144 144 143 142 143 143 143 142 141 140 140 140 140 140 140 141 143 149 160 167 166 163 160 160 160 159 159 158 157 155 154 151 150 151 152 152 152 153 155 157 160 162 163 164 165 169 174 180 185 184 183 183 187 190 191 192 192 189 190 197 202 205 207
138 138 137 137 137 137 138 138 140 143 143 142 141 142 144 147 148 146 145 145 147 149 150 150 149 151 149 144 144 143 143 150 154 154 147 143 143 143 143 142 143 142 141 141 141 140 139 139 139 139 139 139 140 142 145 153 162 165 164 162 162 161 161 159 156 155 153 151 150 149 150 151 152 153 154 155 156 158 160 161 163 164 167 172 178 183 186 187 188 188 190 193 195 197 196 192 195 201 206 210
137 137 136 136 136 137 137 137 139 142 143 143 142 143 144 146 147 146 144 145 147 148 148 148 148 149 146 143 142 141 142 144 146 149 144 141 141 141 141 141 142 142 141 139 139 138 138 138 139 139 138 139 139 140 141 145 150 155 160 162 162 161 161 160 155 152 150 149 148 149 150 151 153 155 155 155 156 158 159 160 161 163 165 168 172 178 185 188 189 190 192 193 196 200 200 198 195 199 205 211
137 136 136 136 136 137 137 138 139 142 143 142 143 143 144 145 147 145 144 146 146 146 147 147 148 149 145 143 142 141 140 139 139 140 140 139 139 140 140 140 142 142 141 139 139 138 138 138 139 139 138 138 138 139 140 141 143 146 152 159 161 159 157 155 153 150 149 147 148 151 150 151 153 155 157 155 155 157 158 160 163 165 166 169 172 174 180 186 188 190 192 195 198 201 203 202 200 200 205 211
137 137 137 137 137 137 137 138 140 142 144 143 143 144 144 144 144 144 147 146 145 145 145 145 146 148 146 143 142 140 139 138 138 138 138 139 140 144 145 143 141 141 140 139 138 138 138 138 139 138 138 138 138 138 139 140 141 142 144 149 152 151 149 148 149 148 147 145 148 152 151 151 153 154 154 154 155 156 158 161 163 166 169 173 179 181 179 182 186 191 193 195 198 203 207 206 204 202 206 211
137 137 137 137 137 137 137 138 139 142 143 143 143 143 140 140 142 146 147 147 145 143 143 145 145 147 145 143 141 139 137 137 137 138 138 139 144 152 154 152 144 140 139 138 138 138 138 138 138 137 138 138 138 138 138 138 139 140 141 142 143 144 143 144 144 145 144 143 146 149 150 150 152 154 153 153 153 154 157 162 165 167 169 175 182 184 186 186 186 189 192 194 197 201 205 208 208 205 206 211
136 137 137 136 137 137 137 137 139 142 143 143 142 142 141 141 141 146 148 147 146 143 143 145 145 146 147 142 141 139 137 136 136 136 137 138 145 152 155 157 153 142 139 138 137 137 138 137 137 138 138 138 138 138 138 138 138 139 140 140 141 141 142 142 143 143 143 143 145 147 148 150 152 153 152 152 153 153 156 160 162 164 167 171 177 184 189 190 190 190 191 193 196 200 205 209 210 208 208 212
136 138 136 136 137 137 137 137 139 141 143 142 140 139 141 142 142 145 147 147 147 144 141 143 144 146 147 141 139 138 137 136 136 136 136 137 142 148 153 154 155 145 139 138 137 137 138 138 137 138 138 138 138 138 139 139 139 139 140 140 140 140 141 142 142 143 143 142 143 145 148 151 153 153 152 151 152 153 155 156 158 161 164 167 173 181 186 187 188 191 193 196 199 202 206 209 211 211 210 212
136 136 136 136 136 137 137 137 138 141 142 142 139 139 141 139 142 144 146 146 146 144 140 141 142 145 145 141 138 137 138 137 136 136 136 136 138 141 145 146 148 144 138 137 137 137 137 137 137 138 138 138 138 139 139 139 139 140 140 140 140 140 140 141 141 142 143 142 142 145 149 152 154 152 151 150 152 153 154 156 159 162 164 166 170 175 177 178 180 187 191 194 198 202 205 209 211 212 213 215
136 136 136 136 137 137 136 138 138 139 141 141 137 139 141 139 141 144 146 145 144 142 141 139 139 141 143 142 137 137 139 138 137 137 136 136 137 137 137 138 139 138 137 137 137 137 137 137 137 138 138 138 139 139 139 139 139 140 140 140 140 140 141 141 141 141 142 142 143 144 149 153 153 151 150 151 152 153 155 159 163 166 166 165 166 167 170 174 176 179 185 190 193 199 202 205 207 210 213 215
135 137 137 136 137 137 137 138 138 138 140 139 137 139 141 141 141 144 145 142 143 140 139 139 137 136 138 140 137 140 140 140 140 143 143 140 138 137 137 137 137 137 137 137 137 137 137 138 138 138 139 139 139 139 139 139 139 140 140 141 140 140 140 141 142 142 142 142 143 144 147 152 152 149 149 151 153 155 158 163 166 166 162 162 166 170 176 183 186 185 183 184 187 193 198 200 205 210 214 216
136 137 136 137 137 137 137 138 138 138 139 139 137 138 141 142 141 142 145 141 142 139 137 137 137 135 135 136 136 137 137 138 141 143 144 144 142 138 137 137 137 137 138 137 137 137 138 138 139 140 140 140 140 140 140 140 140 139 140 140 140 140 141 141 142 142 143 143 144 144 145 148 150 148 149 150 152 154 156 160 163 160 162 165 170 176 182 189 192 193 193 192 190 189 192 199 205 209 213 216
137 135 136 137 138 137 136 136 137 137 139 139 137 138 141 141 143 143 144 141 141 139 136 136 136 135 135 135 135 136 137 138 139 140 142 143 144 142 138 137 137 137 138 137 137 137 138 138 139 140 141 141 141 141 140 140 140 140 140 140 140 140 140 141 142 142 143 144 145 144 145 146 147 147 148 150 151 153 154 156 157 159 164 167 173 180 187 192 195 198 199 199 199 196 194 200 204 208 211 215
137 136 136 136 137 138 137 136 136 136 137 138 137 137 138 138 140 141 141 141 139 138 135 135 135 135 135 135 135 137 138 138 139 139 140 141 143 144 142 137 137 138 138 138 137 138 138 138 139 139 141 141 141 141 141 140 141 140 140 140 140 141 141 141 142 142 143 144 144 145 145 145 146 147 149 150 151 152 154 155 155 158 163 166 171 178 185 190 194 197 200 202 203 201 198 204 207 211 214 216
137 137 136 135 137 138 137 136 136 135 137 137 137 136 136 137 137 138 140 138 136 135 136 136 136 136 136 136 136 138 138 139 139 139 140 140 141 142 142 138 137 137 138 138 138 138 138 139 139 139 139 139 140 140 141 141 141 141 142 142 142 143 144 142 141 142 142 143 144 144 145 145 146 148 148 150 151 152 153 154 156 158 161 164 169 174 178 183 186 190 197 202 204 204 202 204 207 212 214 215
137 137 135 136 136 137 137 136 136 136 136 136 136 136 136 136 136 136 137 137 136 136 136 136 136 137 137 137 137 138 138 139 139 139 139 139 140 140 140 137 136 137 137 137 137 139 139 139 139 140 141 141 141 142 143 143 142 142 143 145 144 146 147 146 144 143 142 143 144 145 145 145 146 147 148 150 151 152 153 155 156 157 161 165 167 169 170 174 180 187 195 202 205 206 206 206 209 212 214 212
137 136 137 137 137 137 137 137 136 136 136 136 136 136 136 136 136 136 136 136 136 135 135 136 136 136 136 136 137 137 137 137 138 138 138 138 138 138 140 140 137 137 137 137 137 139 139 139 139 140 141 141 142 144 145 145 145 145 144 145 145 146 147 146 146 145 143 142 143 144 145 146 147 148 148 150 151 152 153 154 155 157 160 163 164 164 166 173 183 190 197 202 205 208 209 209 211 213 212 208
137 136 136 138 136 137 137 137 136 136 136 136 136 136 136 136 136 136 136 136 136 135 135 135 135 135 135 136 136 136 136 136 136 136 137 137 136 137 138 138 136 137 137 137 138 140 142 143 141 140 140 140 139 139 142 145 147 147 147 146 146 145 144 144 144 144 143 143 143 143 143 144 145 146 147 148 150 151 152 153 154 157 159 159 160 163 167 173 181 189 193 200 205 209 211 212 211 210 208 205
137 135 137 138 136 137 137 137 136 136 136 137 136 137 137 137 137 137 137 136 135 135 135 135 135 135 135 136 136 136 136 136 136 135 135 136 136 136 136 136 136 137 137 138 139 141 151 151 150 146 140 139 139 139 139 140 143 146 145 144 143 143 142 143 143 143 143 144 144 143 144 145 144 144 145 148 149 150 150 153 154 155 155 156 159 164 170 177 182 187 192 200 205 207 209 209 208 207 205 200
136 137 138 139 136 137 137 137 136 136 136 137 137 137 137 137 137 138 138 136 136 136 136 135 135 135 136 136 136 136 136 136 136 136 136 136 136 135 136 136 136 136 137 138 140 141 151 153 151 149 148 143 140 139 139 138 138 139 141 143 144 144 143 143 143 143 143 144 144 144 144 145 146 145 145 146 148 148 149 151 151 152 154 155 157 162 168 174 180 187 194 200 203 205 206 206 205 203 200 196
137 137 137 138 136 137 137 137 136 136 137 137 137 137 137 137 137 139 139 137 136 136 136 136 135 135 136 136 136 135 135 135 135 136 136 135 134 135 135 136 137 137 138 141 138 140 145 147 147 150 152 149 144 141 141 140 139 142 143 145 146 146 146 145 145 145 145 144 144 145 145 146 147 146 145 146 146 146 148 148 149 151 151 153 155 160 165 168 175 183 191 197 200 201 201 203 202 200 197 195
137 136 137 137 136 137 137 137 137 137 137 137 136 136 136 137 139 140 139 137 136 137 137 137 136 136 136 136 136 136 135 135 135 136 136 137 136 136 137 136 138 139 140 143 138 140 142 147 150 149 151 152 150 146 145 144 142 142 143 145 145 145 145 145 145 145 145 145 145 145 146 146 146 145 145 145 146 146 147 148 148 148 148 150 155 158 160 164 171 176 184 190 192 193 193 199 198 192 195 196
137 136 137 137 136 137 137 137 137 137 137 137 136 137 136 137 140 143 140 137 136 136 137 137 136 137 137 136 136 136 136 136 137 137 138 140 140 140 140 139 138 139 140 140 138 140 143 148 153 155 151 149 149 147 146 145 144 142 142 143 143 143 144 144 144 145 144 145 145 145 146 146 146 146 145 146 147 147 146 146 147 148 149 149 152 155 157 162 165 170 175 179 182 184 189 195 193 183 187 190
137 137 137 137 137 138 137 137 137 137 137 137 137 137 137 137 141 144 143 138 137 136 136 136 136 136 137 136 138 138 137 138 138 138 142 147 148 149 148 142 139 139 140 140 138 139 143 146 148 147 150 147 146 146 146 147 146 143 142 143 143 143 143 144 144 144 144 145 145 145 145 146 146 147 147 148 148 149 149 148 148 148 148 149 150 151 155 159 161 166 166 169 176 177 185 184 182 179 176 184
137 136 137 137 136 137 137 137 137 137 137 137 137 137 137 139 143 145 142 139 138 137 137 137 136 137 137 138 141 141 138 139 140 146 158 158 160 153 147 148 141 139 139 140 139 138 141 144 148 150 149 146 145 147 148 148 147 146 144 143 144 143 143 143 144 144 144 145 145 146 146 146 148 149 149 149 149 151 151 150 151 153 150 149 149 150 151 154 159 162 160 166 170 171 176 170 168 173 170 176
137 136 136 137 136 137 136 137 137 138 137 137 137 139 138 141 144 146 144 141 141 139 138 138 137 137 138 141 144 143 140 140 145 158 164 163 171 170 160 149 142 142 141 140 139 139 140 143 145 149 149 147 145 147 148 148 148 148 147 145 146 145 144 143 144 144 145 145 149 147 146 148 149 151 152 152 150 151 152 153 155 157 153 150 150 150 150 152 153 154 154 163 165 168 169 160 158 161 164 169
137 136 136 137 137 137 137 137 137 137 137 137 138 139 140 143 146 147 145 144 144 143 143 141 142 139 139 141 144 145 144 145 150 156 160 168 175 182 175 167 148 144 144 141 140 139 139 140 141 143 145 143 144 144 145 146 147 148 148 146 146 148 147 146 145 145 146 149 149 148 148 150 149 150 152 151 151 151 153 154 156 157 156 159 157 156 152 152 152 153 152 155 161 163 160 155 156 157 160 163
136 136 136 137 137 137 137 137 137 137 137 137 137 138 141 144 147 147 146 147 149 149 152 152 148 144 141 142 145 149 151 150 155 165 173 168 159 162 169 166 159 149 146 143 140 140 139 140 140 140 142 145 147 147 147 144 145 146 148 147 146 147 148 148 148 148 149 150 150 149 149 150 149 149 150 151 151 153 153 154 156 156 158 166 168 166 160 156 157 157 154 153 156 158 155 158 161 158 158 159
136 137 137 137 137 137 137 137 137 137 137 137 137 139 142 144 147 148 149 150 150 150 152 155 150 145 144 144 146 150 152 154 159 166 172 174 175 168 165 163 160 157 150 147 143 142 140 141 141 141 145 146 147 148 148 146 144 147 149 149 147 147 148 149 149 149 149 150 150 150 149 150 151 150 151 151 153 155 156 157 159 160 159 162 166 169 164 160 161 161 158 154 154 154 155 160 163 165 165 163
137 137 137 138 137 139 137 137 137 137 137 137 137 139 142 145 147 150 152 150 150 152 151 152 152 146 146 149 150 153 155 159 164 169 173 176 176 176 172 166 165 162 159 152 145 143 141 141 142 141 142 145 145 147 148 147 146 145 145 146 147 147 147 148 148 148 149 149 150 150 150 150 151 152 153 153 153 156 158 160 164 165 164 163 165 169 167 165 167 167 162 159 156 156 159 167 164 166 172 171
138 137 137 137 136 137 137 138 137 137 137 137 137 139 141 145 148 152 153 152 151 152 153 151 151 146 148 153 155 156 159 162 166 172 176 177 177 175 171 167 164 163 157 152 148 144 142 141 143 143 143 143 143 144 146 146 146 145 145 145 145 146 146 146 147 148 149 150 150 150 150 150 152 154 154 155 155 156 159 164 169 172 172 171 168 176 175 172 175 175 171 171 167 168 170 173 169 167 177 181
137 137 137 138 136 137 137 137 137 137 137 137 137 139 142 147 150 153 154 155 154 154 155 154 151 150 152 155 158 160 164 167 168 171 176 177 177 175 170 168 165 162 158 158 154 148 144 142 143 144 145 145 144 143 144 146 146 145 144 145 145 145 145 146 147 148 150 150 150 150 150 151 153 154 156 157 157 158 161 166 174 180 182 179 172 182 184 180 184 185 179 180 176 179 181 178 169 172 185 193
137 137 137 136 137 137 137 137 137 137 137 137 137 138 142 147 150 153 154 155 155 155 155 154 153 153 154 156 159 162 167 170 171 171 174 175 156 169 166 163 163 160 162 159 156 152 147 143 143 145 145 146 145 143 143 144 146 147 145 145 146 146 146 147 147 148 150 150 150 150 151 153 155 155 157 158 160 160 164 168 177 186 189 182 174 180 188 189 193 193 189 190 187 191 192 182 172 176 190 201
137 137 137 136 137 137 137 137 137 137 137 137 137 137 140 144 147 150 151 151 153 155 154 154 152 152 152 154 157 162 168 170 170 170 169 166 151 152 153 149 145 143 161 159 157 153 149 146 145 144 144 145 145 145 145 144 145 148 147 146 147 147 148 149 148 149 149 150 150 151 151 153 156 157 159 160 162 163 166 169 177 186 190 185 182 179 184 192 200 203 201 201 200 200 197 185 174 179 192 203
137 137 137 136 137 137 137 137 137 137 137 137 137 138 140 143 145 148 149 152 153 155 155 152 150 150 147 148 150 158 166 168 165 164 164 161 163 171 170 162 147 152 156 156 154 151 148 147 146 144 144 146 146 147 149 149 148 148 149 148 148 148 148 151 150 149 149 150 151 151 152 152 155 157 159 161 163 166 169 171 178 187 193 192 191 187 183 192 203 207 206 203 199 192 186 181 175 184 198 205
138 138 136 137 136 137 137 137 138 137 137 137 137 138 140 144 148 151 152 154 155 156 156 151 145 147 145 144 146 154 160 162 158 158 160 155 157 163 160 156 150 149 149 150 147 145 144 144 146 145 145 146 147 148 149 149 150 151 151 151 150 149 149 151 151 151 151 150 151 152 152 153 155 157 159 161 163 165 168 171 176 185 194 197 197 191 185 193 204 208 207 201 192 185 182 181 184 185 196 207
140 139 136 137 137 137 137 137 138 137 137 137 137 137 139 143 148 152 152 153 156 157 155 148 142 142 142 141 143 147 151 155 155 153 156 153 155 153 152 150 148 146 145 144 143 142 142 143 144 145 146 147 148 148 149 149 149 150 151 151 151 151 150 150 152 153 153 152 152 154 154 154 156 157 159 160 162 166 171 175 177 183 193 198 199 195 189 196 204 208 207 202 193 188 192 191 198 197 197 208
135 140 136 138 137 137 137 137 138 137 137 136 137 137 138 142 146 150 149 151 153 154 149 145 142 140 140 140 141 143 145 149 153 148 150 148 148 147 146 146 142 140 140 140 141 141 142 143 144 145 146 147 149 149 150 150 150 150 150 151 151 151 152 151 151 153 154 155 159 162 161 158 158 158 159 160 164 170 176 183 188 187 189 196 200 199 193 195 202 207 204 196 191 197 203 201 206 210 207 209
137 136 136 141 140 137 137 137 137 138 137 137 137 137 138 140 144 148 149 151 148 147 145 143 141 139 138 138 139 142 144 145 145 142 142 141 141 141 140 143 138 139 139 140 141 142 142 143 144 146 146 147 148 150 150 151 151 151 152 152 152 153 153 153 152 152 153 154 159 165 166 164 163 162 162 164 166 173 180 188 197 196 195 197 200 202 199 196 201 206 205 199 197 206 209 210 210 214 215 215
138 136 136 140 139 138 137 137 137 138 137 137 137 137 137 140 143 148 150 149 146 144 143 143 142 141 139 137 139 139 139 139 138 139 140 139 140 139 138 138 139 140 140 141 142 142 140 140 142 145 145 145 146 149 150 150 150 150 151 152 152 153 153 154 154 153 153 154 157 162 166 169 169 169 169 173 174 174 179 188 195 199 203 205 204 205 205 201 202 208 209 204 198 204 209 211 213 214 216 218
138 138 135 138 139 139 139 137 137 137 138 137 137 137 137 139 142 144 147 148 146 143 141 142 141 140 138 137 139 136 136 137 137 138 138 138 138 138 139 140 142 143 145 145 138 138 138 141 141 145 145 146 146 147 147 148 148 150 151 152 152 152 152 153 154 154 154 154 157 161 165 168 170 172 176 178 180 180 183 185 188 198 204 207 208 209 210 208 205 209 211 208 203 202 205 211 214 215 216 218
138 138 138 135 140 140 142 139 138 138 138 137 137 137 137 138 141 141 141 144 142 140 138 138 137 136 136 135 136 136 136 137 137 137 138 140 144 149 146 148 149 150 151 146 142 140 140 140 143 145 146 149 150 148 148 148 149 149 150 151 152 153 153 154 155 155 155 155 156 160 163 165 167 169 170 172 176 175 175 178 184 194 196 199 206 210 213 213 211 211 214 212 209 207 208 214 216 214 213 215
138 138 138 138 135 140 139 139 141 139 139 139 138 137 138 139 140 141 138 138 138 136 136 135 135 136 136 136 136 137 137 137 138 139 141 143 150 152 152 148 147 152 151 145 144 144 143 143 145 145 145 148 151 151 150 150 150 150 150 150 151 152 153 154 154 155 155 155 155 157 160 161 164 165 165 167 168 170 174 175 177 181 184 188 196 203 211 218 216 216 218 218 216 214 213 217 216 214 210 208
139 138 138 138 137 135 140 139 138 138 139 139 138 138 138 138 140 139 136 136 136 136 135 136 136 136 135 136 137 139 140 140 142 146 148 148 149 156 157 154 150 153 152 149 145 145 147 148 152 150 148 146 148 150 151 151 151 150 150 150 151 152 152 153 154 154 155 155 156 156 157 159 162 164 164 165 167 171 177 183 182 185 192 196 192 202 211 222 218 219 220 221 221 220 219 220 219 217 214 208
139 139 139 139 139 136 137 139 138 138 139 139 137 138 138 138 139 139 137 136 135 134 137 136 136 136 136 138 140 142 145 146 148 150 152 151 149 153 160 165 164 157 153 146 147 146 150 155 161 158 154 150 147 147 148 149 150 149 150 150 151 152 152 153 154 154 155 155 156 157 158 158 160 163 163 164 168 174 179 187 192 193 201 203 196 203 211 216 217 217 219 221 221 222 222 222 221 219 216 210
139 139 139 140 139 138 135 138 138 138 139 138 137 138 138 137 138 138 137 136 136 137 137 137 137 137 138 140 143 147 152 152 150 151 152 154 151 154 162 169 169 158 149 148 147 150 159 165 170 166 160 155 151 148 148 148 148 149 149 150 151 152 153 153 153 154 155 155 157 159 163 163 159 161 162 163 166 172 178 186 195 200 205 205 200 199 207 212 211 213 215 218 221 223 224 223 222 218 214 213
138 139 139 138 138 138 138 135 138 138 139 138 138 138 137 137 137 137 137 137 137 137 137 137 137 140 142 145 150 152 153 154 156 150 150 157 151 160 166 172 172 162 150 148 148 153 164 167 166 166 163 157 152 151 153 152 149 149 149 150 150 151 152 152 153 154 154 156 158 159 161 164 162 162 162 163 164 168 173 179 187 195 199 199 200 200 203 206 209 214 217 220 223 224 225 225 223 221 216 218
138 138 138 138 138 138 138 136 137 139 139 138 138 138 138 138 137 137 137 137 137 137 139 138 139 141 145 149 152 152 150 151 151 152 151 151 155 161 168 175 174 165 154 146 147 151 163 160 159 160 161 157 154 153 155 154 150 149 150 150 151 151 152 153 154 155 156 157 162 163 162 164 164 166 166 165 164 165 171 175 177 181 188 190 196 203 208 210 213 216 219 220 222 224 226 226 225 224 218 220
138 138 138 138 138 139 138 138 135 139 139 138 138 138 138 137 138 138 138 138 138 137 138 142 142 141 142 145 147 147 149 148 151 150 145 152 156 155 158 163 173 166 161 149 146 150 159 156 156 160 163 159 157 155 155 155 151 150 150 150 151 152 153 154 155 156 157 158 163 164 164 165 166 169 170 168 166 165 166 168 169 174 179 182 192 199 207 213 216 217 217 216 219 221 224 225 225 224 220 220
138 138 139 138 138 139 138 137 135 139 139 138 139 138 138 137 137 138 138 138 140 138 138 139 140 139 139 140 141 143 145 146 147 145 144 147 155 153 155 151 155 150 148 153 148 151 155 154 157 163 160 156 155 155 155 155 152 152 151 151 151 153 154 155 155 156 157 157 160 163 164 167 169 172 175 172 171 170 170 171 170 170 174 181 189 193 198 209 215 216 213 210 213 216 218 222 224 222 221 223
138 138 138 137 138 138 139 136 137 139 139 139 139 138 138 138 137 139 140 142 145 144 140 138 138 139 141 141 142 142 142 142 145 144 144 144 145 155 155 151 153 151 154 152 150 150 151 154 160 161 152 148 147 151 153 154 153 154 156 154 153 156 158 159 159 159 159 159 159 163 165 169 172 175 178 179 178 177 180 179 176 172 171 176 182 184 192 204 212 214 210 203 207 214 223 226 226 224 224 225
138 138 138 137 138 138 138 134 140 140 140 139 138 138 138 137 138 139 142 145 148 147 143 140 140 143 145 144 142 141 142 144 144 143 144 146 147 147 148 148 150 150 150 147 148 150 157 161 160 152 146 145 145 149 150 149 150 151 154 154 155 157 160 160 163 164 164 163 161 164 167 169 173 178 183 186 187 186 191 187 181 180 176 173 174 183 191 200 208 210 206 200 212 222 227 228 227 226 226 226
