# 100 100
211 208 204 203 210 214 216 215 214 215 214 213 210 206 205 210 216 223 227 226 223 221 216 213 211 209 208 206 201 195 191 187 184 183 178 174 173 177 186 198 204 206 205 200 195 201 202 202 206 215 225 226 222 214 208 206 209 205 199 193 187 181 180 182 193 196 192 188 183 178 175 171 170 170 171 171 172 173 176 179 184 183 182 182 183 188 193 191 186 176 169 165 165 164 164 175 182 186 190 188
212 207 204 204 210 216 218 218 218 216 214 212 208 206 209 214 217 223 230 232 230 225 221 218 214 211 208 206 203 198 193 188 185 185 179 175 173 179 190 198 198 200 201 197 191 192 196 198 207 213 222 229 226 219 214 214 215 209 201 193 187 183 179 178 183 186 185 184 180 175 173 171 169 169 171 173 174 178 182 183 188 187 188 186 186 188 194 196 193 187 181 173 177 172 174 185 189 189 189 188
212 210 205 203 209 216 222 222 222 218 216 215 212 211 209 215 223 224 229 232 231 228 226 222 216 211 206 202 200 197 192 189 188 186 180 175 172 178 187 190 192 195 195 190 187 195 201 202 206 214 223 229 230 226 219 213 211 209 202 196 190 186 180 176 176 178 178 179 177 173 171 169 170 171 171 173 177 185 192 189 192 192 190 189 188 189 193 196 197 197 193 184 188 185 189 191 190 189 188 187
211 206 204 208 212 217 224 226 225 221 221 220 216 216 213 214 223 227 230 232 231 228 222 220 217 212 206 203 202 197 193 191 189 186 182 176 173 173 177 180 185 190 189 184 188 197 199 200 206 209 219 227 227 228 222 208 202 200 196 193 186 183 179 178 176 174 174 173 172 171 170 169 169 171 172 175 179 183 191 196 196 194 192 190 190 191 193 196 197 197 196 195 194 192 191 190 189 188 187 186
212 208 205 212 217 221 225 228 229 227 226 223 219 221 219 217 217 223 230 232 230 225 220 213 210 210 205 205 204 199 194 190 187 185 182 178 174 172 172 173 180 185 183 182 192 195 194 195 199 206 210 216 218 222 222 214 204 197 191 188 189 185 181 182 181 176 172 173 174 170 168 168 168 173 174 178 184 190 197 201 198 195 193 193 192 193 193 195 196 197 198 196 193 191 190 189 188 187 186 187
210 206 206 211 215 219 222 226 229 231 231 229 225 226 224 224 221 225 229 230 223 219 214 211 204 203 199 199 201 199 193 190 186 181 178 178 179 176 174 171 179 183 180 182 190 191 188 190 197 199 204 209 213 213 217 213 204 199 196 196 197 194 191 190 186 180 175 177 176 171 168 171 172 173 174 178 185 197 203 203 201 197 195 194 194 192 192 193 194 194 195 196 195 192 190 188 187 186 185 186
209 206 209 210 213 217 220 224 228 230 233 233 231 231 230 228 223 229 233 230 224 216 211 208 205 202 199 194 192 192 190 187 183 179 181 183 182 179 175 172 174 179 178 178 184 186 183 183 188 193 203 207 208 208 210 214 209 203 202 204 204 199 195 192 189 185 180 179 175 170 167 174 180 176 175 177 182 191 197 201 202 200 197 196 194 193 190 191 192 191 190 193 196 194 192 190 188 187 185 185
209 206 208 211 212 215 217 221 225 227 231 232 234 234 232 228 226 231 235 233 229 220 211 206 202 202 201 199 193 190 187 184 180 181 187 186 182 178 176 172 171 173 174 174 179 181 179 182 188 193 197 200 202 202 206 208 211 209 208 208 206 200 195 188 183 180 178 178 175 169 167 175 178 180 180 180 183 184 193 201 203 201 199 197 196 195 191 189 190 190 188 190 193 196 196 193 191 189 187 184
208 207 207 210 212 213 215 218 221 223 227 232 234 233 231 228 228 230 230 231 230 225 218 210 202 197 199 200 198 196 192 189 182 185 192 189 186 181 177 174 172 170 170 171 174 176 182 183 184 188 194 199 201 199 200 202 205 208 206 204 205 201 195 188 182 181 179 173 171 168 166 171 173 174 177 179 177 182 191 196 202 203 202 202 200 196 193 191 188 188 187 187 189 193 197 196 194 192 189 186
210 209 207 208 211 212 213 215 217 219 225 230 232 231 229 228 228 225 222 222 223 222 221 214 207 199 193 194 196 195 191 187 184 190 196 194 192 186 180 179 178 176 172 169 171 177 185 189 185 189 194 200 201 198 196 198 199 199 198 199 199 196 191 189 186 185 179 173 174 171 167 167 169 169 173 174 173 176 180 189 201 204 205 207 203 199 195 191 188 186 187 187 188 189 193 195 194 194 192 189
213 211 209 208 210 211 212 213 216 219 223 228 230 227 225 224 223 223 218 212 211 213 215 209 203 197 191 187 187 188 185 183 187 197 199 198 196 190 186 184 185 182 175 171 169 174 179 181 190 199 203 204 202 201 197 194 194 193 191 193 193 193 189 186 185 182 178 176 177 175 170 166 166 167 170 170 171 174 180 193 200 202 203 205 204 200 195 191 188 185 185 188 190 190 191 192 192 194 194 192
215 213 211 209 209 210 212 215 217 220 224 227 227 224 221 221 218 218 216 210 204 207 207 204 198 192 189 189 190 191 192 188 190 199 205 204 199 196 192 191 191 185 180 174 170 171 176 182 190 199 206 208 207 206 201 197 192 189 187 189 191 190 189 188 185 182 181 182 183 179 173 168 165 166 167 168 171 174 178 185 197 198 199 200 200 199 195 192 188 185 183 185 188 190 190 189 189 192 192 192
217 214 212 211 210 212 214 216 218 223 227 229 227 221 217 216 214 212 212 210 205 201 200 197 194 192 200 202 201 202 201 197 197 205 208 204 201 197 194 196 194 188 183 177 171 170 176 181 188 196 208 215 213 211 207 201 195 191 188 185 186 185 186 188 188 189 187 187 185 179 174 168 165 165 166 169 174 180 180 183 191 194 193 195 198 196 193 191 187 184 182 182 185 186 187 187 188 192 191 189
218 215 213 211 211 213 215 217 219 223 227 230 228 223 217 213 209 206 207 207 204 200 196 195 194 198 208 212 210 213 208 207 207 208 206 203 199 197 196 193 191 187 180 175 170 171 183 190 196 205 215 220 220 218 212 205 199 194 189 185 182 181 180 181 182 186 187 186 183 177 171 165 164 166 169 173 183 190 192 189 187 187 187 190 193 193 191 188 186 184 184 182 182 183 184 185 188 189 188 187
218 216 214 213 213 213 214 216 219 223 225 227 227 224 218 213 210 207 203 203 200 199 197 202 202 198 206 216 221 221 217 216 212 209 205 201 199 195 192 191 186 182 177 172 169 176 186 195 202 208 215 219 219 217 212 206 200 195 191 187 182 180 179 176 174 183 186 181 178 174 168 164 167 169 175 179 184 188 188 184 180 178 179 185 188 191 190 189 188 186 186 184 182 180 180 183 184 185 185 184
221 221 218 217 216 213 211 213 216 219 219 221 222 220 217 212 209 206 204 201 205 205 207 208 206 204 213 216 226 227 225 221 216 211 206 201 198 197 193 186 182 177 174 172 168 175 183 191 197 203 208 213 214 211 207 202 198 194 190 187 186 186 184 179 173 180 184 180 175 170 165 163 171 176 179 183 183 184 181 177 175 174 175 179 183 188 188 185 184 185 186 185 184 182 179 179 180 181 182 181
226 226 222 220 217 214 211 210 211 212 213 216 216 215 215 213 210 207 204 205 211 213 216 216 215 209 218 220 225 229 227 224 220 214 209 203 196 194 193 189 181 181 180 176 169 170 177 185 192 196 202 207 207 205 202 200 196 194 191 188 189 188 184 179 173 175 181 179 175 170 164 166 174 178 179 178 178 180 180 176 172 174 180 180 181 183 184 180 176 176 183 185 185 184 182 180 177 178 179 179
232 231 227 223 219 217 213 209 207 207 208 211 211 211 211 211 210 208 206 209 212 218 223 224 225 216 223 225 227 227 225 222 217 213 209 205 200 195 190 187 187 189 185 180 174 168 170 179 185 190 197 201 203 202 199 196 194 192 191 190 189 187 184 179 174 170 177 176 173 168 165 165 172 176 175 174 176 177 177 173 172 178 183 183 181 179 180 177 174 173 177 178 182 182 181 179 177 176 177 178
235 234 231 226 223 219 215 212 208 206 204 206 206 207 207 209 209 208 209 214 217 219 224 228 229 223 227 222 218 217 217 216 211 208 206 203 201 199 196 194 195 194 189 183 176 170 167 173 180 187 192 197 200 200 199 197 194 191 190 190 187 185 181 177 172 168 172 173 171 167 165 164 171 171 169 171 173 173 173 169 171 177 180 178 176 172 171 173 175 178 178 176 175 176 177 176 178 180 182 181
235 235 232 228 223 219 215 213 210 206 203 202 202 204 205 207 209 209 211 216 220 224 226 228 229 225 225 221 214 208 209 209 206 202 200 199 199 197 196 196 196 195 191 185 177 171 167 172 177 182 190 194 197 199 198 196 194 190 188 188 186 184 182 179 174 171 167 166 167 164 163 168 171 167 164 164 166 167 167 166 168 171 172 170 169 170 175 180 184 185 185 184 180 180 177 184 185 186 186 184
234 233 230 226 222 218 215 212 209 207 206 204 201 201 203 206 209 209 209 212 217 222 224 227 227 223 216 212 206 201 200 202 200 198 196 194 195 195 193 192 193 193 190 184 175 169 169 175 183 188 192 196 200 200 198 196 194 190 187 184 183 181 180 181 179 175 171 168 164 162 165 166 168 155 161 164 164 163 164 164 165 166 167 168 170 173 180 186 190 192 193 191 187 188 184 190 190 189 188 187
232 232 230 225 220 218 215 213 211 210 207 203 201 199 200 203 206 208 207 210 213 217 219 222 223 222 215 206 201 197 194 193 192 192 191 190 189 191 190 187 188 190 186 179 172 167 170 177 187 192 198 202 205 203 200 197 194 191 188 185 185 184 179 178 178 175 171 169 165 162 162 162 164 152 160 166 168 168 166 167 168 171 171 175 179 180 186 192 197 200 200 198 192 195 190 195 194 192 191 190
230 230 228 225 221 217 215 213 211 210 206 204 204 200 198 199 203 204 207 210 212 213 215 217 219 219 215 210 205 203 199 196 192 188 185 184 184 187 189 186 183 185 181 175 170 167 169 176 187 195 200 204 205 202 198 196 195 193 190 187 187 185 180 175 174 174 174 173 171 168 166 163 161 158 160 161 164 167 168 169 172 176 177 182 186 190 192 201 206 209 208 204 203 203 200 203 199 196 194 193
226 225 224 222 220 218 216 213 210 208 207 209 208 203 201 197 199 204 208 210 212 212 212 213 215 214 213 210 208 206 203 200 197 193 189 184 180 181 184 185 182 178 175 172 168 166 172 179 182 188 197 200 199 195 190 188 188 189 187 184 182 181 178 174 171 175 176 176 175 173 171 168 163 161 159 159 163 166 167 170 174 179 183 185 190 197 204 210 218 221 220 214 214 210 212 211 205 201 198 195
221 222 221 218 216 217 217 215 214 212 212 210 209 206 202 197 198 205 208 210 211 210 210 213 212 211 209 208 206 205 204 200 197 194 191 188 183 178 178 180 181 178 173 169 166 168 180 186 191 192 193 194 191 188 184 182 183 184 182 179 177 175 174 172 171 175 176 177 177 175 172 166 163 160 160 159 161 164 164 169 173 177 184 189 192 198 206 218 230 237 232 228 227 225 222 218 212 207 202 198
218 219 219 216 213 214 215 216 216 216 213 208 206 206 201 197 195 201 206 209 209 206 208 211 211 209 206 204 203 203 203 201 197 192 189 186 183 179 174 174 175 176 173 169 166 171 179 185 185 187 185 184 183 181 179 177 179 182 180 178 176 173 171 166 169 173 173 176 176 173 169 165 161 160 160 159 158 159 162 165 170 177 184 191 200 205 209 219 233 244 242 240 236 232 228 220 217 213 209 203
215 217 217 215 213 210 210 212 215 214 211 206 204 205 203 199 194 198 204 208 207 204 203 206 208 207 204 200 199 201 201 200 199 196 191 187 181 177 177 175 172 171 170 168 165 169 174 178 179 180 180 178 177 177 175 174 175 179 176 173 174 173 172 168 165 168 170 173 172 169 166 163 163 162 161 160 158 158 160 163 169 176 184 191 200 209 213 224 232 234 228 238 239 233 228 221 218 215 212 203
214 214 214 211 211 209 206 208 209 209 205 203 200 202 202 198 192 197 202 207 208 204 200 203 205 204 203 200 196 198 198 197 196 195 191 187 183 181 181 179 175 171 168 167 165 168 173 175 177 178 178 175 172 172 172 171 170 172 171 168 169 170 169 168 164 162 166 164 162 167 168 166 166 162 162 160 158 158 158 162 168 175 182 190 197 200 207 217 219 214 217 238 240 235 230 222 214 212 209 204
213 212 213 210 208 206 203 204 203 204 201 198 196 198 198 195 191 197 203 207 207 203 199 199 201 201 201 199 196 194 196 195 193 191 189 186 183 183 182 177 173 170 168 165 164 171 175 176 178 177 176 173 170 167 167 167 165 166 165 164 163 163 163 161 159 158 157 157 156 165 166 162 164 162 162 162 160 158 157 161 167 172 176 181 190 193 200 204 203 205 222 236 240 235 229 222 215 209 204 202
212 211 212 213 211 207 204 202 200 198 197 195 193 192 194 193 191 199 205 207 206 202 198 195 196 196 199 199 196 192 194 194 192 190 189 188 186 183 179 173 168 166 165 164 166 171 175 176 177 176 173 172 170 167 164 162 162 161 160 160 159 159 158 157 157 157 155 155 155 156 158 158 160 162 163 162 161 158 156 160 165 171 175 170 182 187 188 192 198 216 233 242 241 234 226 220 215 209 204 204
208 210 213 216 214 210 209 207 208 205 203 200 195 191 189 189 193 200 204 206 204 201 198 195 192 193 196 196 195 191 191 193 193 192 190 188 186 181 176 170 164 163 164 166 170 173 175 174 174 171 168 166 167 165 163 160 159 159 158 157 157 157 156 156 156 156 155 155 156 155 155 156 158 163 161 160 160 157 156 161 165 169 175 178 183 188 192 203 211 224 238 241 238 230 214 210 214 210 207 205
211 213 216 217 215 214 214 213 213 209 205 202 196 192 187 193 198 202 204 205 202 199 199 196 192 189 192 193 192 190 188 189 190 190 188 186 183 179 174 169 164 164 170 173 173 173 173 171 168 165 165 163 163 163 162 159 159 159 158 158 158 158 157 156 156 156 156 156 156 155 155 155 157 162 161 159 159 156 156 161 165 171 178 183 190 197 203 213 222 233 238 235 235 232 222 210 202 202 201 198
214 217 218 217 216 216 216 215 214 210 203 198 193 189 187 195 199 202 203 203 202 197 194 194 194 191 188 185 189 188 185 184 185 185 184 181 179 176 172 168 165 162 168 173 173 171 169 167 164 162 162 161 161 161 160 159 159 159 159 159 159 159 158 157 157 157 157 158 157 155 155 155 156 160 160 159 158 156 155 158 164 169 174 183 190 197 207 214 224 233 237 232 226 223 223 220 207 189 186 185
217 217 216 215 214 213 214 214 212 208 203 198 195 190 186 191 196 199 202 201 200 200 196 195 194 193 190 185 186 186 185 183 180 179 178 176 173 172 169 168 166 164 163 170 171 168 165 164 162 161 160 160 160 161 161 160 160 161 164 165 164 163 161 160 159 158 158 157 156 155 155 155 154 157 157 158 158 156 154 155 161 167 174 180 186 192 197 204 215 228 235 235 227 213 211 211 207 198 188 178
215 215 213 212 211 210 212 212 209 206 202 202 199 194 187 185 191 196 199 199 198 197 197 194 192 191 189 186 182 180 179 179 179 177 175 174 174 171 167 166 166 165 162 165 167 166 164 163 161 163 164 164 164 164 162 160 160 164 168 170 169 167 165 162 160 159 158 157 155 155 155 154 154 156 157 156 156 156 155 154 161 170 177 183 188 191 197 211 223 232 234 229 223 216 204 199 198 192 184 179
213 211 210 209 208 208 211 212 210 209 207 205 200 196 191 185 184 191 195 197 196 194 194 192 188 189 187 185 184 181 178 175 178 176 174 171 169 169 167 164 165 164 162 161 161 162 162 162 163 168 169 169 168 166 162 160 160 166 172 173 173 172 169 165 162 161 159 158 156 154 154 153 154 156 156 156 156 156 156 154 161 169 176 183 191 197 205 211 222 232 235 230 215 207 200 197 193 188 189 189
211 209 208 206 207 209 211 212 209 207 206 204 201 198 195 189 184 184 190 194 194 192 189 189 187 184 184 182 181 180 178 173 174 172 169 168 166 165 164 164 164 163 163 162 162 162 161 165 169 171 173 172 170 166 164 163 162 167 173 175 176 175 171 168 166 166 163 160 156 154 154 153 154 154 155 156 156 156 156 153 160 168 174 182 190 197 206 216 225 229 229 228 225 216 211 209 203 202 200 193
208 209 207 205 206 208 211 212 209 206 203 202 199 196 194 191 186 181 185 190 192 190 187 185 184 182 179 178 177 176 175 172 169 168 166 166 167 165 167 169 169 169 167 164 167 168 169 171 174 174 175 174 171 167 164 162 163 167 175 177 177 176 174 170 170 170 167 163 158 155 154 153 153 152 154 155 155 155 155 153 158 166 173 179 186 192 202 210 217 218 220 219 222 220 221 219 215 206 197 189
203 206 206 205 204 207 211 213 211 209 206 204 201 197 192 188 185 181 181 188 190 187 185 182 181 179 177 174 173 173 172 170 167 169 171 171 169 166 169 171 170 169 166 167 170 173 174 174 176 176 177 175 172 167 162 160 162 171 175 176 177 176 173 173 174 173 171 167 160 154 154 153 152 152 153 154 155 154 155 153 155 164 170 176 180 187 195 200 204 207 204 205 206 206 208 211 208 198 187 180
200 202 203 202 204 209 212 212 211 210 209 208 205 200 196 192 188 183 179 185 188 186 183 181 178 178 176 175 173 170 168 169 172 173 172 170 168 166 170 171 169 167 166 171 173 176 177 177 178 179 178 176 172 166 161 162 167 173 176 177 176 175 174 177 176 175 172 169 161 156 154 152 152 152 152 152 152 153 153 153 152 160 165 170 175 181 185 189 190 191 192 190 193 194 196 196 193 186 178 170
197 199 200 201 205 209 211 211 209 207 208 208 207 203 199 195 190 185 180 180 185 185 184 182 179 176 175 173 171 169 169 173 174 173 170 167 168 170 172 171 168 167 171 174 176 178 178 179 181 180 178 175 171 166 162 164 170 175 176 178 177 177 177 179 178 176 174 170 163 158 155 152 152 152 152 152 151 151 151 152 151 155 158 163 168 171 174 177 178 179 181 180 184 180 183 182 179 174 168 163
200 200 202 203 207 209 211 209 206 205 202 203 204 202 199 196 191 186 181 177 181 183 182 180 179 178 175 172 170 170 173 175 174 171 168 170 173 173 173 170 168 170 175 177 177 179 180 181 182 181 177 174 169 165 163 164 171 175 177 177 178 180 181 179 180 178 175 171 165 159 156 154 152 152 151 151 151 151 151 151 150 151 153 156 159 161 162 165 169 170 170 173 175 171 172 171 167 163 157 153
203 201 203 206 208 210 211 210 206 202 200 198 200 201 197 194 191 187 183 179 176 177 176 175 175 174 171 171 172 175 177 177 175 171 168 174 176 176 174 170 168 170 175 178 178 180 182 183 183 180 177 174 168 164 162 164 172 176 176 176 178 181 182 181 181 180 177 172 164 161 157 155 153 151 151 151 151 151 150 150 149 149 150 150 152 153 154 156 159 162 163 167 167 164 163 163 159 154 149 146
206 206 204 206 208 209 210 209 206 202 198 196 196 198 197 194 190 186 183 180 178 176 177 175 172 173 174 177 179 179 178 176 174 170 169 176 179 179 175 171 169 172 173 178 180 181 183 184 183 181 177 173 168 165 161 166 171 173 173 177 180 182 183 183 184 182 178 174 165 160 158 156 153 153 153 154 155 153 150 150 150 149 148 150 149 148 148 149 151 156 157 159 159 158 156 155 150 147 145 145
208 208 208 208 208 207 206 206 203 199 196 194 192 193 194 193 191 189 186 184 183 183 181 177 174 178 179 181 182 181 177 173 170 169 172 176 179 179 176 172 171 176 174 177 179 183 184 185 183 180 177 177 173 167 162 163 164 166 171 176 179 183 184 185 186 183 179 174 168 162 160 158 157 157 156 156 158 157 153 151 151 151 151 150 149 149 148 148 148 149 151 151 151 151 148 147 146 145 146 147
207 208 209 209 207 204 202 203 202 199 197 196 193 190 192 192 189 188 187 186 185 184 181 177 175 181 183 182 183 181 177 171 171 176 182 183 180 177 174 172 173 178 176 179 180 182 184 185 184 182 179 177 174 170 165 163 163 162 168 174 180 184 186 187 187 184 180 176 170 164 161 162 163 163 161 159 157 156 155 153 154 156 156 154 154 152 152 150 148 148 148 148 147 147 147 146 147 146 146 150
204 208 209 209 207 205 203 199 198 196 194 194 192 189 189 191 190 188 185 182 181 180 178 176 177 183 186 186 184 180 176 172 170 178 183 185 182 178 174 172 175 180 178 180 183 183 184 185 184 182 179 177 174 171 169 166 165 162 168 174 181 185 187 188 187 185 181 177 172 168 165 167 165 162 159 157 158 157 157 161 162 162 162 159 160 159 158 156 153 150 148 148 147 147 147 147 147 147 147 152
203 207 208 209 209 207 205 201 198 196 194 191 189 188 186 186 185 183 182 182 183 184 181 178 181 182 186 188 186 183 180 177 172 172 177 182 182 179 177 174 176 181 180 182 184 185 185 185 184 182 180 178 175 174 171 169 165 163 170 177 182 185 187 189 187 185 180 177 173 173 170 168 164 159 161 163 165 164 164 166 169 170 169 166 165 165 164 162 160 157 153 150 148 148 147 148 151 152 149 150
203 205 206 207 208 208 206 204 202 200 198 195 192 189 187 184 183 187 187 188 188 190 187 183 186 186 186 189 188 185 183 180 176 172 175 182 183 181 180 177 175 182 181 182 185 186 186 186 184 182 180 178 176 174 172 170 163 165 172 177 181 184 187 189 187 185 181 179 177 175 172 169 163 162 168 169 169 169 170 171 173 174 174 172 170 169 168 167 164 161 156 155 156 155 157 158 157 155 150 150
204 203 204 205 206 207 207 205 203 200 198 196 193 192 190 187 186 189 192 193 193 193 190 188 187 190 189 190 188 178 178 177 175 172 178 184 184 183 182 178 176 182 182 182 184 185 187 187 186 183 181 180 178 176 174 169 163 166 173 178 180 184 187 188 188 185 182 179 178 175 172 170 167 166 171 172 172 172 173 174 175 176 176 175 173 172 170 166 164 162 163 163 163 163 164 162 158 152 150 154
203 202 203 203 204 205 205 204 202 200 197 195 195 193 190 187 191 191 194 196 196 195 193 189 190 192 191 189 185 177 174 175 175 178 182 184 185 184 181 178 177 183 184 185 184 186 187 188 187 185 183 180 178 176 174 169 164 165 174 180 183 186 188 189 188 186 182 179 175 174 171 167 163 164 169 171 173 174 174 175 175 176 176 175 173 170 169 169 169 169 169 168 167 166 163 159 154 151 153 161
200 200 201 201 203 204 202 202 200 199 197 194 191 190 188 192 194 195 197 197 198 197 195 192 192 192 188 184 175 176 175 179 180 182 185 185 185 183 180 178 180 185 186 187 186 187 189 190 189 186 183 180 177 174 171 168 164 164 174 180 185 187 189 190 189 186 182 179 176 172 168 166 168 166 165 167 169 170 172 173 174 175 175 174 173 172 173 173 173 172 170 168 165 163 158 153 150 152 159 165
198 199 199 201 203 204 202 199 198 196 196 195 192 193 194 195 197 197 196 195 196 197 194 192 190 186 181 177 176 175 175 182 185 184 188 188 187 184 181 178 184 188 188 189 189 189 190 192 190 187 184 182 180 176 171 166 164 168 175 178 184 187 189 190 189 186 183 182 180 176 169 173 178 173 168 167 168 169 168 170 172 174 176 175 175 175 175 175 173 171 167 164 160 158 154 151 154 159 164 169
203 203 202 202 203 205 204 201 199 197 195 194 193 197 197 197 197 196 192 188 190 191 188 185 183 180 177 178 180 178 177 184 189 189 190 191 189 186 182 181 186 190 190 192 193 193 192 193 192 189 186 183 181 178 173 167 164 169 173 179 183 185 187 190 189 187 185 182 179 174 171 175 176 174 171 171 172 173 172 170 173 173 176 177 176 177 176 175 172 168 162 157 154 153 153 156 160 162 169 172
205 205 204 205 205 206 206 205 203 201 199 198 197 197 195 194 194 191 188 183 183 183 180 178 178 178 180 183 186 184 182 187 192 193 193 190 185 182 181 186 189 192 193 194 196 196 196 195 193 191 188 185 183 179 174 167 164 169 179 188 185 187 188 189 189 188 186 183 178 172 175 179 176 172 173 175 175 175 173 172 175 175 175 176 177 178 176 174 169 164 160 154 155 159 161 164 167 166 171 173
204 205 205 206 207 207 205 204 202 199 195 195 194 191 188 186 185 184 182 180 180 179 181 183 182 183 187 189 190 190 190 189 193 193 190 187 183 183 187 191 193 194 196 196 198 198 198 197 195 193 190 186 182 178 173 168 165 167 179 184 180 188 191 190 188 186 184 181 176 174 180 182 181 180 178 177 177 176 174 172 177 176 177 178 178 176 174 173 170 165 159 155 157 166 167 170 172 170 172 173
202 202 203 205 206 204 201 197 194 192 189 187 187 183 182 182 182 181 182 183 186 185 185 189 188 187 190 194 195 196 196 194 193 190 188 186 185 188 191 194 196 197 197 197 197 197 197 197 195 193 189 186 182 176 171 168 165 169 180 185 182 189 191 191 189 187 183 178 177 181 183 182 183 180 172 175 179 177 173 173 178 178 178 179 178 177 174 171 168 164 160 154 160 169 172 174 175 173 173 174
199 199 200 202 202 201 196 192 189 188 185 184 184 185 186 187 188 186 186 191 193 191 189 192 194 193 194 195 198 200 200 198 195 192 190 187 187 193 195 196 197 196 193 193 193 195 196 197 195 192 188 185 180 175 170 165 167 172 180 186 186 187 190 192 190 187 182 181 182 184 184 181 181 177 179 179 179 176 176 175 177 179 179 179 178 176 172 169 168 166 160 156 163 171 175 177 176 175 175 175
197 198 199 200 200 199 198 194 191 186 185 189 190 192 193 194 194 188 186 194 198 197 195 193 198 200 199 198 198 199 199 197 192 190 188 186 188 192 196 197 196 193 187 178 188 193 195 196 195 192 190 187 183 179 172 166 169 176 180 185 189 191 191 192 190 187 183 185 184 184 182 179 179 181 180 181 177 177 180 180 179 179 180 179 177 174 170 165 163 160 158 157 165 172 176 178 178 177 177 176
200 201 201 200 202 203 201 197 193 187 187 194 195 199 200 200 199 192 186 189 197 202 202 200 199 204 203 200 198 196 195 193 189 190 190 190 193 194 195 197 197 195 192 183 189 193 195 196 196 194 192 188 182 179 172 166 169 179 184 187 190 194 193 191 188 187 186 186 184 181 184 184 179 183 182 181 178 177 182 181 180 181 180 179 177 173 169 169 166 160 156 160 167 174 177 178 178 179 178 177
204 204 202 201 203 203 197 192 189 186 189 198 201 202 200 198 196 193 188 187 194 200 204 205 205 207 205 203 200 196 193 191 192 195 196 195 197 198 198 198 198 193 190 188 186 190 193 194 194 193 191 187 183 177 171 166 173 183 187 192 194 193 194 191 192 189 188 184 180 183 188 186 179 183 182 181 177 181 183 183 182 182 181 179 176 173 174 172 166 158 156 161 168 173 177 179 180 179 179 177
206 204 203 202 204 201 193 188 188 189 193 202 204 201 197 196 194 194 192 189 192 194 201 206 209 209 208 204 200 197 197 195 195 199 200 199 200 199 198 197 196 191 183 184 185 188 191 192 191 189 187 185 180 175 168 169 176 184 189 194 197 197 196 194 194 192 191 184 177 182 184 183 180 182 181 179 180 185 185 184 184 184 181 179 178 177 177 173 166 162 158 157 165 172 177 180 181 181 180 179
206 205 203 204 203 197 191 188 193 196 198 203 203 200 200 200 200 198 196 192 195 196 199 205 210 210 208 203 200 201 202 200 198 200 202 202 200 198 196 194 190 189 184 185 184 186 190 190 188 185 181 180 177 172 167 171 177 183 189 193 197 198 197 196 197 195 192 183 176 176 177 177 181 180 180 180 185 187 186 186 186 184 182 181 181 180 178 174 170 167 162 157 165 172 176 180 181 183 182 182
207 205 205 204 201 194 189 192 195 199 204 205 204 204 205 205 203 198 196 194 197 200 200 205 209 210 208 205 204 207 207 205 203 202 203 202 199 196 194 192 192 193 190 189 188 183 185 187 186 182 179 174 172 167 168 174 181 186 191 196 199 199 198 199 199 197 194 190 186 180 180 182 183 181 184 186 187 188 188 187 187 184 184 184 183 182 180 176 173 170 163 158 163 169 174 179 183 183 185 184
209 207 206 205 199 193 189 194 200 201 205 208 206 206 208 208 206 201 201 198 197 204 204 206 210 211 211 209 207 209 210 209 208 206 205 202 199 197 195 193 195 194 192 191 190 186 181 181 182 180 176 172 168 168 172 175 183 188 192 197 199 200 200 200 200 198 196 193 191 189 185 179 183 186 188 189 189 189 189 188 188 186 185 185 184 182 179 176 172 168 161 160 167 169 174 179 182 185 185 185
210 208 206 203 199 195 191 191 198 204 208 210 209 209 211 211 209 207 205 202 200 205 209 210 213 213 213 212 210 210 211 211 209 208 205 202 200 199 197 195 196 195 193 192 191 188 186 182 178 175 173 169 167 174 179 179 181 187 191 195 197 199 200 201 199 199 196 194 191 189 185 186 187 189 191 191 191 190 188 186 187 187 187 185 183 181 177 173 169 165 159 166 171 171 175 178 179 183 186 184
210 209 207 204 199 195 193 190 196 202 208 211 211 211 212 212 212 212 210 208 205 204 212 211 213 213 212 211 210 210 210 209 209 207 205 202 200 199 197 197 197 195 194 193 191 189 185 182 180 177 172 169 169 177 183 186 186 185 185 190 193 196 200 201 199 198 196 194 192 189 188 190 189 191 192 192 191 189 187 185 185 186 186 184 181 180 177 173 166 159 163 170 174 176 174 176 179 182 184 184
210 209 209 206 204 200 194 190 196 200 206 208 209 211 211 211 212 212 213 212 208 205 212 213 213 214 214 213 210 207 205 204 205 207 205 203 201 200 199 196 195 193 190 190 189 185 180 176 174 173 172 169 170 178 185 190 191 191 191 190 189 194 199 201 200 198 196 194 191 188 191 192 192 192 192 191 189 187 187 185 183 183 184 183 180 178 175 170 165 160 168 173 176 178 176 177 179 182 184 182
208 206 205 203 204 202 196 192 193 199 202 201 201 206 207 207 208 211 213 214 213 209 214 217 216 216 217 216 212 207 204 200 199 201 202 201 199 199 197 193 190 187 184 185 186 179 176 178 179 175 170 168 169 177 183 188 191 192 194 194 193 193 197 201 201 200 197 194 191 189 191 193 194 194 192 190 188 186 186 186 184 182 183 183 181 178 173 170 165 160 170 175 178 180 180 180 181 183 183 181
204 203 201 200 198 199 199 193 193 194 195 197 200 201 204 204 207 209 212 215 216 213 217 219 218 217 216 214 210 208 208 204 199 196 197 196 194 193 189 187 185 182 183 180 180 178 183 182 174 169 170 171 174 176 179 183 187 190 193 195 196 196 196 199 201 200 197 193 191 192 192 192 193 194 192 189 187 186 185 184 183 180 181 182 180 176 172 167 161 166 172 177 181 182 182 182 183 183 183 181
207 205 205 205 201 197 194 193 197 198 199 200 205 203 202 206 210 212 214 216 217 217 216 220 219 216 214 212 211 213 211 207 205 201 196 193 191 188 189 190 188 186 188 185 181 184 185 180 172 170 174 177 180 183 184 185 188 190 192 196 198 198 198 199 200 200 197 194 193 194 194 193 193 194 192 190 189 188 187 183 181 178 178 181 178 174 169 163 164 171 175 178 182 184 184 183 182 182 181 178
209 207 205 201 196 194 195 198 202 205 205 202 207 207 206 206 208 213 217 219 219 218 217 219 220 218 216 214 213 213 212 210 208 205 201 198 192 192 196 194 190 191 191 187 185 188 185 178 173 170 175 182 186 188 189 190 189 191 193 195 197 198 199 200 200 199 196 194 194 195 195 194 194 194 193 192 191 189 187 185 184 181 176 176 175 169 163 163 170 176 177 180 183 184 184 182 180 179 177 175
207 204 199 196 197 197 198 202 206 209 209 206 208 211 211 210 212 213 218 221 220 219 220 221 221 219 217 213 211 212 211 208 204 200 196 193 196 199 198 193 194 194 192 189 187 190 186 180 175 171 172 183 190 192 193 193 192 193 194 195 195 197 199 200 200 198 196 195 194 193 194 194 194 193 192 190 189 189 186 185 184 181 176 171 171 164 166 171 174 176 179 182 184 185 184 183 180 179 179 177
203 203 198 201 204 200 197 198 202 207 211 212 212 214 215 215 216 218 220 222 221 220 221 222 222 220 217 214 209 208 208 204 200 196 197 199 202 201 197 197 198 195 192 189 190 191 187 180 174 170 174 183 191 194 195 194 194 194 194 194 194 196 197 199 199 197 196 195 194 193 192 194 194 193 190 188 187 185 184 183 183 181 178 173 168 165 171 176 178 177 178 181 183 185 185 183 181 181 182 181
201 200 197 202 206 203 201 200 199 204 210 212 213 213 214 216 218 220 222 222 221 220 221 221 220 218 215 212 209 205 204 201 198 200 202 203 203 201 197 200 199 196 193 191 192 189 183 175 171 174 177 183 190 194 195 195 195 194 193 192 193 193 195 197 196 194 193 192 192 192 190 191 191 190 188 186 184 181 177 180 181 180 177 172 166 167 176 179 181 182 181 181 182 185 186 185 184 184 184 182
204 201 199 200 205 207 205 203 201 201 207 207 206 208 209 211 215 219 222 222 221 219 218 218 217 215 210 207 205 203 201 201 201 205 205 204 202 199 201 202 199 196 193 193 191 187 179 172 177 182 185 187 189 192 194 194 195 193 191 190 191 191 192 194 194 191 189 188 188 188 186 186 186 185 184 182 179 175 171 174 178 177 173 166 167 170 178 182 183 185 184 183 185 187 188 188 187 186 184 182
204 201 203 201 202 207 209 207 205 203 203 204 208 211 212 212 212 215 220 221 222 221 218 216 214 211 209 210 209 207 206 206 208 206 206 204 202 201 203 203 201 198 196 194 191 185 179 173 177 185 190 193 195 194 194 194 194 193 191 189 189 188 187 192 191 188 186 184 184 183 180 178 177 178 180 177 173 168 169 168 169 170 168 167 175 177 180 184 186 187 186 184 187 187 189 188 187 185 184 186
202 204 205 204 202 204 209 210 209 207 209 208 214 216 215 215 217 215 217 219 222 222 222 220 218 215 212 215 214 211 209 208 210 208 206 204 202 204 204 203 201 198 195 191 187 183 178 174 173 184 191 195 197 196 194 193 193 191 190 188 188 185 184 187 185 182 184 184 180 177 174 172 172 170 172 170 170 174 177 173 171 169 166 171 179 182 183 185 188 189 189 188 188 189 189 188 186 184 183 183
206 206 208 207 204 204 205 209 212 212 213 211 215 219 218 217 220 218 216 217 221 223 224 223 222 219 215 217 216 214 211 211 213 210 208 207 207 206 205 202 198 195 193 192 190 187 182 176 172 182 190 196 197 195 193 191 191 190 188 186 186 182 179 180 178 176 176 179 177 173 176 179 177 172 172 175 179 182 182 179 179 176 170 173 180 185 187 187 187 190 191 191 191 191 190 189 188 187 186 184
208 208 211 210 207 207 210 208 211 215 216 214 215 220 220 219 222 221 219 220 220 222 224 224 223 221 217 218 218 215 215 216 216 214 212 211 210 209 206 203 200 198 197 196 193 189 183 176 172 181 189 196 198 196 194 191 189 189 187 185 184 182 182 178 178 183 181 177 177 179 182 184 181 175 180 183 185 186 187 184 184 180 173 175 180 185 188 189 189 189 191 192 192 190 189 189 187 187 185 183
211 211 211 212 210 209 213 212 209 214 217 219 218 219 222 221 224 224 221 222 223 223 223 222 222 220 219 221 220 218 219 219 219 217 216 214 212 210 208 205 203 201 200 197 193 188 182 175 174 182 189 196 199 198 196 194 190 188 188 186 186 185 182 177 184 188 187 186 186 185 186 187 184 179 184 189 191 192 191 189 187 182 175 175 183 185 187 190 192 191 191 192 191 188 186 185 183 182 181 180
212 213 213 215 213 211 214 215 212 211 217 221 222 221 223 224 225 225 224 225 225 224 224 223 222 222 222 222 221 221 220 219 218 216 214 212 209 207 208 207 205 204 202 198 194 188 182 175 174 181 189 195 199 200 199 196 194 192 190 188 188 186 182 178 186 190 192 192 191 189 190 191 187 185 188 191 195 196 194 192 188 183 177 178 186 188 187 189 191 192 192 192 190 188 188 185 183 180 177 174
212 215 216 217 216 213 215 217 215 212 215 220 224 224 224 225 226 226 226 226 225 224 223 223 223 222 222 221 221 220 216 214 213 210 209 206 203 202 206 206 206 204 202 198 193 188 181 175 174 180 186 193 199 200 200 197 195 193 190 188 186 183 180 180 183 191 195 196 194 191 195 194 187 190 194 193 197 199 197 195 191 186 178 178 184 189 190 190 191 193 193 191 190 189 188 186 185 183 181 176
215 215 218 220 218 215 216 218 217 214 215 221 224 225 225 225 225 225 226 226 225 224 222 222 222 222 220 218 218 219 215 209 207 204 201 200 197 198 201 203 203 201 199 195 191 186 179 173 177 184 189 194 198 199 198 196 194 192 188 184 180 179 182 187 186 189 196 199 197 194 197 195 188 196 198 197 198 200 198 196 192 185 180 181 187 187 190 192 192 192 193 191 190 187 184 183 182 181 179 176
219 218 218 221 220 219 219 219 218 216 215 219 223 225 225 224 224 223 225 225 225 224 223 221 220 222 222 220 216 212 213 208 200 198 193 192 190 194 196 197 197 195 194 191 186 181 175 175 183 189 194 199 201 200 198 195 191 188 185 180 183 186 187 192 193 190 197 201 200 197 197 195 192 199 201 199 200 200 197 194 190 187 184 183 190 191 190 192 194 194 193 193 191 190 188 185 181 176 173 171
222 222 221 221 223 222 221 220 218 216 217 220 223 225 225 224 222 221 223 224 223 222 221 219 218 222 222 221 216 211 207 204 199 198 197 192 186 185 190 191 191 189 187 186 181 175 174 183 189 195 199 203 204 202 198 194 191 187 182 183 189 192 192 194 197 193 198 203 203 202 201 197 195 203 204 203 203 201 199 196 192 191 185 185 192 194 193 192 194 194 193 193 192 190 188 185 182 178 173 167
222 224 224 223 223 223 221 219 217 218 221 222 223 225 224 223 222 220 221 221 218 217 218 216 218 221 221 220 217 213 211 208 207 204 200 195 189 182 184 184 183 179 175 176 176 173 179 188 194 199 204 206 205 203 199 195 192 188 182 185 192 196 197 199 199 197 198 205 206 205 202 198 198 205 206 205 205 203 200 197 195 193 188 185 194 196 195 194 193 191 190 190 190 188 186 182 178 174 170 165
220 223 224 224 224 223 221 220 220 219 220 222 223 224 224 222 221 219 218 217 215 214 213 213 218 219 220 220 219 217 216 214 210 204 198 192 186 178 175 176 177 175 178 178 176 179 187 194 200 204 206 206 205 203 199 195 192 187 182 187 194 198 201 201 202 201 202 205 207 206 203 199 201 206 207 207 207 205 202 200 196 192 186 189 193 198 198 197 195 193 190 187 185 183 182 179 173 169 164 163
219 223 224 224 223 223 223 222 222 221 220 221 222 224 225 223 222 223 222 219 220 219 215 210 217 217 219 218 218 217 216 214 209 202 195 190 182 176 178 179 177 182 185 185 186 190 195 199 203 206 206 206 204 202 199 195 191 186 182 188 194 199 202 203 204 204 204 206 207 206 205 202 201 204 207 207 207 206 204 201 197 193 188 194 194 197 199 198 197 195 192 189 186 182 177 173 169 163 165 170
217 219 222 223 221 221 222 223 222 222 222 222 222 223 224 224 225 225 224 222 222 221 217 210 214 214 217 217 216 215 214 212 208 202 196 189 182 176 181 188 189 191 191 192 193 196 200 203 205 204 203 203 203 201 198 194 190 184 183 190 195 198 202 204 204 206 206 207 209 208 207 205 204 204 207 208 207 206 204 200 197 193 189 195 196 196 198 198 197 194 190 187 185 182 178 171 165 166 172 173
213 215 218 221 220 218 221 222 221 221 221 222 223 223 224 225 225 225 224 223 222 221 217 211 208 212 214 216 216 215 211 211 208 202 196 189 181 177 183 193 197 198 196 198 199 200 203 204 203 201 199 199 198 197 195 193 188 183 185 188 194 198 200 201 204 207 206 208 210 210 208 207 204 205 208 208 207 204 201 197 195 191 193 196 198 199 197 195 194 191 186 182 179 177 171 165 163 170 177 176
209 212 215 217 218 216 220 221 221 219 218 219 220 221 223 225 225 224 223 221 218 217 214 209 204 207 213 215 216 215 212 205 203 199 194 186 178 179 186 194 201 203 203 203 203 202 203 201 199 197 194 193 193 192 192 189 185 184 190 191 189 191 195 199 201 204 207 208 210 211 209 208 205 207 208 207 205 203 201 200 197 193 197 199 200 200 197 194 190 186 183 177 171 168 165 168 171 176 180 178
209 210 211 212 214 215 219 221 221 220 219 217 215 216 220 222 223 224 223 221 220 218 215 211 205 206 214 216 215 213 211 206 198 193 190 184 177 182 189 196 203 207 207 205 202 199 198 196 193 190 188 187 187 187 187 186 187 188 191 195 195 193 195 201 204 205 206 207 209 211 210 208 207 208 208 208 206 205 203 201 198 196 196 201 202 201 198 196 193 190 185 178 169 165 173 175 178 181 183 181
214 213 211 212 212 213 216 218 218 220 220 219 217 214 216 218 222 223 223 221 219 215 213 210 203 205 213 215 214 211 207 204 200 194 186 180 176 182 193 199 206 209 209 205 199 193 190 189 188 190 192 193 192 191 190 191 192 191 194 195 199 200 198 198 203 206 208 207 209 210 210 209 208 208 209 209 208 206 204 201 200 199 197 201 202 200 196 191 188 186 182 174 166 170 179 181 183 184 183 183
217 215 213 216 215 215 214 215 216 219 221 219 216 213 212 217 221 222 221 220 219 215 212 206 199 204 212 215 214 212 207 200 195 189 184 177 180 188 196 203 207 208 209 206 197 190 191 194 194 196 197 197 197 197 196 196 195 195 197 197 202 204 204 202 202 207 208 208 209 210 210 209 209 210 210 209 208 207 205 203 201 199 199 201 200 197 192 186 182 178 175 167 166 176 184 186 187 187 185 185
217 213 216 218 218 218 216 216 218 219 221 220 216 214 211 213 217 218 219 216 214 213 210 204 197 204 212 213 212 211 208 203 198 191 181 179 186 193 199 204 206 205 204 202 196 191 190 191 193 195 198 199 200 200 200 199 198 197 200 200 204 207 208 208 206 209 208 209 210 210 210 209 209 210 210 210 209 207 204 202 200 200 202 200 197 193 188 182 173 167 166 169 177 178 187 189 190 189 186 187
217 215 216 220 221 220 219 218 220 220 222 222 219 217 213 207 211 211 214 215 212 208 207 201 195 205 211 211 209 207 207 203 197 190 183 179 187 194 201 204 205 205 203 199 194 191 195 196 193 193 193 196 200 201 201 200 200 200 200 202 205 207 209 210 210 209 206 209 209 210 211 211 210 210 210 210 209 208 205 203 201 202 202 200 196 191 183 176 167 169 176 177 184 183 185 189 191 190 189 189
219 217 216 220 222 222 221 220 222 222 223 223 221 220 216 211 205 203 206 211 212 208 201 195 196 206 210 210 207 203 204 203 197 191 184 179 188 194 200 203 204 204 202 199 196 193 199 201 201 201 197 193 194 196 197 199 200 200 200 201 204 206 208 209 211 209 204 210 210 210 211 211 210 210 210 209 208 206 205 203 202 202 202 200 197 191 184 176 167 177 183 184 189 189 189 190 192 191 191 190
222 219 218 219 221 223 223 221 224 224 224 224 221 220 219 216 212 206 200 203 209 209 203 195 194 202 205 204 204 201 198 201 197 191 183 179 189 196 201 204 205 204 203 201 197 195 201 204 204 203 199 197 195 195 195 195 195 197 198 200 202 204 207 208 210 211 212 211 211 210 211 210 210 209 209 208 207 206 205 204 203 202 199 197 194 188 181 172 168 181 188 191 195 195 193 192 192 192 192 189
223 220 222 223 222 223 225 224 225 225 225 224 221 216 217 216 213 208 202 195 202 206 203 196 189 197 199 197 196 195 192 197 196 190 182 181 191 198 204 207 208 206 203 200 197 196 203 205 204 202 200 200 201 203 202 201 198 195 195 197 199 202 204 207 209 210 211 212 212 212 210 209 208 207 207 206 205 206 205 204 204 202 199 194 187 184 175 169 178 186 193 196 199 198 196 193 192 192 190 187
