# 100 100
235 240 243 243 241 241 242 244 248 250 250 248 247 247 246 243 242 240 237 236 235 228 226 227 224 220 221 225 224 223 221 215 209 208 206 204 205 209 221 229 235 236 233 229 227 226 226 224 224 230 233 234 233 232 230 229 228 227 225 222 221 220 218 214 209 204 202 207 209 212 211 205 201 198 195 197 202 203 200 200 207 212 211 211 215 218 218 216 211 209 208 207 205 204 203 201 200 199 196 191
233 238 242 245 247 246 245 245 249 251 251 250 248 247 243 241 238 235 234 230 228 228 234 231 229 227 230 232 228 225 221 217 214 214 215 210 202 207 217 224 228 235 235 232 230 231 230 226 222 224 228 228 226 224 221 219 219 223 219 214 214 212 209 206 203 206 213 215 216 216 213 207 202 198 198 202 206 208 205 202 204 210 214 214 217 220 221 219 215 212 210 208 206 204 202 201 199 196 190 186
235 237 241 245 248 249 248 247 248 250 252 252 250 250 246 248 244 242 240 236 233 235 239 237 236 235 235 233 231 227 225 221 221 220 218 212 203 205 215 216 222 231 234 236 235 235 233 229 225 221 221 220 218 217 215 215 213 215 214 209 208 207 206 207 208 210 217 219 218 216 212 207 204 202 204 203 210 214 211 207 204 208 215 217 217 220 221 219 214 211 209 207 204 201 199 196 193 189 188 192
232 236 240 243 246 248 250 251 251 251 253 254 254 253 249 252 250 248 245 242 236 241 244 241 239 238 234 228 224 222 224 226 225 222 218 211 204 203 208 211 214 222 228 233 236 236 235 232 229 226 223 221 220 218 218 220 216 211 210 214 215 214 212 216 218 219 220 219 216 213 212 208 210 205 208 208 209 217 216 212 208 207 212 217 219 220 220 215 209 206 205 205 205 202 198 195 190 190 192 196
236 236 237 240 242 245 249 252 254 254 255 257 257 255 251 255 254 250 249 247 241 242 244 237 231 229 225 217 216 215 214 219 220 214 211 208 203 200 203 206 210 217 220 228 230 228 229 228 231 230 230 229 229 227 227 225 220 215 214 217 219 217 214 219 221 222 221 218 214 212 212 211 214 209 208 214 214 216 219 215 210 208 210 215 219 220 219 216 211 207 203 202 205 203 199 195 191 196 198 199
240 243 244 243 244 248 250 252 256 257 257 259 260 258 254 257 256 252 248 245 243 245 244 239 233 228 221 219 224 220 215 211 212 208 207 206 208 207 201 201 206 212 218 225 222 219 222 221 225 225 227 228 228 228 228 227 224 220 219 220 219 218 215 216 220 221 219 217 215 215 217 217 216 211 211 215 219 219 219 216 213 213 213 214 218 219 217 214 211 208 205 200 198 196 194 194 195 199 203 203
242 245 248 249 250 251 255 257 257 260 260 260 261 260 257 258 258 253 253 251 250 248 243 239 237 230 221 225 227 221 217 213 211 212 216 216 218 214 206 198 201 205 211 218 216 212 217 215 220 218 220 220 219 220 224 226 226 225 224 222 223 222 219 217 220 222 220 217 216 218 220 219 217 213 217 218 220 220 219 218 218 217 217 217 218 218 216 214 211 206 206 202 197 199 201 200 200 201 203 205
241 243 245 248 252 255 258 260 261 261 261 261 262 262 260 260 260 258 257 254 248 242 236 231 228 224 227 234 229 225 224 218 219 223 226 224 220 214 209 203 196 197 201 209 208 205 210 209 213 212 215 212 212 214 217 220 226 227 226 224 224 223 221 219 221 221 220 218 218 218 219 220 219 217 220 221 219 218 217 217 218 218 219 219 218 218 218 215 212 207 201 200 204 208 206 202 202 205 206 206
230 232 236 242 250 255 258 260 261 260 258 257 259 262 262 262 262 261 256 249 242 238 235 233 231 229 233 238 233 230 227 222 225 228 225 224 220 216 214 209 204 197 194 195 197 196 200 204 206 208 210 207 205 209 212 213 221 222 224 222 219 220 221 220 221 220 218 216 217 217 219 220 221 219 220 221 220 217 215 215 215 215 215 216 216 217 216 213 210 206 203 208 210 212 209 206 206 206 208 208
227 230 233 238 244 249 253 257 256 250 250 249 252 259 262 262 263 262 256 250 250 245 243 240 235 233 239 241 237 234 228 230 231 227 221 217 217 215 213 211 208 200 194 195 196 196 192 195 199 206 209 205 201 205 206 208 212 212 214 210 209 214 218 220 219 217 216 212 216 218 220 221 222 222 222 222 220 218 215 213 212 211 211 212 212 214 213 209 206 202 205 212 211 213 213 211 210 208 209 209
234 240 240 245 249 249 250 253 251 244 241 244 250 259 260 260 262 262 260 255 251 246 242 240 234 237 244 246 244 239 234 236 233 227 221 215 207 204 203 202 201 199 196 198 200 199 192 190 191 201 206 205 200 200 202 203 204 204 209 205 202 207 210 213 217 214 214 207 211 217 218 221 222 223 221 221 219 217 216 215 214 213 211 210 209 210 209 207 203 205 209 214 215 215 214 213 212 210 210 208
236 243 247 250 251 249 248 246 240 236 241 248 251 257 257 255 259 261 259 258 255 252 244 239 236 240 247 248 245 243 241 239 232 226 221 215 208 206 210 208 207 204 202 200 197 195 192 190 189 192 196 196 196 194 198 198 196 195 198 198 196 199 201 202 210 212 206 202 205 213 215 218 219 219 215 219 216 214 214 214 214 214 213 212 209 208 206 205 204 207 210 213 216 215 214 213 211 210 209 207
242 246 248 249 247 243 241 238 232 236 240 241 246 254 254 250 257 260 258 257 255 252 249 243 239 245 248 243 238 239 240 239 234 230 226 221 213 208 218 216 213 208 208 206 204 202 201 197 194 190 189 188 188 189 193 193 190 187 187 188 193 194 193 196 201 204 202 197 200 204 204 209 212 210 209 215 213 209 211 212 211 212 212 212 212 210 208 206 207 209 210 213 217 218 216 214 211 209 208 207
239 243 246 245 240 233 235 231 227 231 235 241 245 248 248 248 256 259 257 255 255 250 245 241 243 250 247 241 235 232 232 230 228 226 226 222 213 210 225 223 216 214 214 213 209 208 211 208 203 199 194 190 188 191 191 189 188 187 188 186 189 190 189 190 189 191 197 193 195 198 190 194 202 202 203 209 209 204 209 210 208 206 207 210 212 212 210 208 209 212 213 215 217 217 216 213 210 208 205 207
231 237 242 239 236 230 224 223 224 227 232 238 243 242 243 248 256 258 257 253 252 249 245 246 249 251 246 239 234 233 229 226 225 221 218 215 212 219 229 227 219 221 221 217 211 213 217 210 210 211 204 198 193 190 189 187 188 190 194 191 186 187 186 185 184 184 187 190 190 186 182 182 189 195 197 201 202 203 208 206 204 202 203 207 210 213 213 211 210 212 215 217 217 215 213 210 209 209 205 203
237 241 238 230 224 223 219 226 232 237 234 234 237 241 246 252 258 258 256 255 253 252 251 251 254 251 245 240 238 237 235 235 233 227 227 224 216 226 233 230 225 228 226 220 217 214 219 217 215 213 207 202 196 190 188 190 192 198 199 198 192 186 186 188 188 186 184 185 185 184 184 184 182 186 190 195 196 203 204 201 199 198 201 204 209 214 216 215 214 214 215 218 218 215 212 210 208 205 203 200
242 243 233 220 213 217 224 236 240 243 243 240 240 241 246 253 258 257 254 254 254 255 255 255 255 251 248 245 245 243 240 240 236 233 232 226 219 228 236 232 229 231 229 224 220 218 221 221 218 212 206 201 193 189 191 194 200 207 206 207 202 192 194 194 192 188 185 183 183 185 189 187 184 182 182 188 192 197 198 196 197 201 202 204 207 214 218 218 218 218 218 219 219 218 215 214 212 209 208 204
242 240 231 220 211 225 230 235 239 241 244 247 247 247 250 255 257 256 254 252 253 254 255 255 255 255 253 250 249 247 245 243 240 237 234 224 225 231 236 235 232 228 226 224 221 219 219 216 215 210 203 197 190 188 191 197 206 211 208 207 198 197 203 201 196 189 186 186 189 191 191 189 187 182 181 182 188 190 192 195 200 205 206 207 209 213 218 219 219 219 217 219 219 218 216 214 212 211 208 206
237 229 221 215 209 218 221 227 232 240 245 250 253 254 256 257 256 255 253 252 251 253 253 254 254 255 252 247 245 243 241 239 237 233 229 225 230 235 237 236 233 228 221 217 214 211 211 208 206 204 200 195 188 187 190 200 212 212 208 204 198 208 209 208 200 191 198 199 202 198 194 192 190 183 181 187 192 195 199 203 204 206 209 210 211 212 214 217 219 217 214 214 215 215 212 209 207 207 204 199
229 221 214 208 208 214 224 227 230 235 241 247 253 256 256 254 252 252 252 252 250 250 251 252 254 255 253 248 243 240 239 236 234 233 233 233 234 232 228 231 233 231 227 221 216 209 203 200 195 193 192 191 189 188 188 196 214 216 212 205 202 214 214 213 202 195 208 207 207 202 197 195 190 182 181 186 195 200 202 203 204 203 206 207 209 213 215 216 217 216 213 210 209 210 209 205 203 202 199 197
217 215 208 209 218 221 225 232 237 239 241 247 252 253 252 251 249 248 249 250 248 250 251 254 255 256 255 252 249 246 245 241 238 235 232 228 226 222 219 220 223 224 223 219 213 208 201 193 192 196 197 197 191 187 187 188 197 215 210 203 208 214 218 213 202 196 207 212 211 207 202 199 193 184 181 180 185 197 194 191 192 191 194 196 201 208 213 213 211 212 213 211 208 205 204 202 201 199 200 205
215 206 205 215 227 230 232 234 240 245 246 249 249 249 247 246 246 245 246 247 249 253 254 255 255 255 254 253 252 250 246 241 235 227 222 218 215 213 212 214 217 214 212 210 205 201 194 193 196 203 204 204 199 191 187 187 194 213 211 206 207 213 219 215 206 198 204 215 215 211 205 198 191 184 184 182 181 186 186 183 181 181 182 188 194 200 206 205 201 207 212 211 208 205 205 206 206 204 207 209
211 203 206 215 222 228 235 239 241 244 247 250 247 244 242 242 245 247 250 252 253 255 255 255 253 250 247 246 248 246 243 237 232 228 229 225 222 218 211 206 207 204 200 197 196 195 195 201 203 209 210 209 205 196 188 187 203 215 208 209 213 214 220 218 209 202 208 217 212 206 200 198 192 186 185 184 183 181 181 181 180 180 180 182 189 195 196 194 191 202 205 209 209 208 208 208 210 210 211 212
204 201 205 209 215 223 228 230 235 236 240 248 248 243 240 245 249 250 251 253 255 255 255 254 252 247 241 237 242 242 240 238 235 236 233 229 224 216 210 203 198 197 195 196 193 193 198 203 208 213 215 210 203 195 188 194 209 215 210 213 218 217 221 217 209 207 215 219 212 209 207 205 199 190 193 190 189 187 186 187 188 185 181 180 182 186 187 184 183 188 196 204 203 198 197 196 202 211 214 213
200 203 211 212 213 218 219 224 227 234 240 247 250 245 239 243 247 246 247 250 253 253 249 248 251 250 245 238 234 238 239 238 237 235 229 221 217 211 202 198 200 200 201 199 198 202 205 204 212 216 215 209 202 193 189 203 214 217 212 215 221 222 224 220 213 209 219 223 216 215 212 206 199 195 195 199 200 195 190 192 196 191 185 180 179 178 179 178 177 177 184 192 189 185 183 184 191 201 206 209
199 206 213 220 215 216 223 223 225 230 237 247 252 247 241 238 242 241 243 246 250 251 246 242 246 249 248 242 234 226 233 232 230 226 226 222 213 205 198 201 210 209 211 208 211 213 207 209 213 217 215 209 201 192 191 202 214 219 215 215 221 226 228 224 218 213 219 225 222 220 216 211 206 202 197 203 207 202 193 200 202 198 195 185 180 180 179 180 178 177 177 179 181 179 177 176 177 185 189 193
206 212 214 224 223 220 223 230 230 232 241 251 252 247 241 236 236 239 243 247 250 249 245 239 241 245 247 243 235 227 219 216 215 213 214 215 208 201 199 204 216 220 220 221 220 214 208 215 219 218 213 208 201 191 190 198 207 219 216 219 221 225 229 227 219 220 220 226 225 222 220 212 205 201 200 205 206 199 197 207 206 202 200 190 186 182 182 187 184 182 179 177 176 177 176 175 175 175 179 181
210 216 220 224 228 227 227 228 238 240 248 252 252 248 243 239 235 234 241 247 246 244 240 235 240 242 242 243 236 229 225 222 218 213 207 204 201 201 203 208 221 230 228 225 218 211 213 220 222 220 216 214 203 191 192 200 208 220 219 219 225 227 230 228 223 225 224 227 225 217 213 208 205 206 208 210 206 203 204 209 209 206 200 192 187 182 183 191 190 188 183 179 176 176 176 175 176 175 174 175
211 220 226 228 231 233 233 233 242 249 251 251 250 249 246 242 237 232 239 245 239 237 236 230 240 237 238 241 240 237 235 231 222 214 207 202 205 210 217 221 228 232 228 223 217 212 216 221 225 223 219 214 201 192 194 202 211 221 221 220 226 230 233 231 227 230 230 229 223 215 211 211 211 213 217 215 212 208 208 208 213 209 200 194 189 181 182 192 197 194 189 185 179 177 179 183 180 177 176 175
212 214 222 228 230 235 241 243 247 250 250 248 245 246 242 239 233 234 241 244 237 231 230 227 234 231 234 237 237 237 232 224 216 209 203 207 214 221 228 230 231 227 222 217 215 219 223 222 226 224 216 208 199 191 195 207 215 220 223 222 225 231 235 234 231 234 233 226 220 218 217 217 218 221 220 216 217 212 211 211 215 212 206 199 191 182 181 188 202 201 197 193 190 188 194 193 191 183 178 179
219 214 216 220 224 230 239 247 249 249 248 245 240 240 237 232 229 235 243 244 238 232 226 223 226 226 231 231 228 231 226 216 211 205 208 217 220 227 233 231 227 223 220 222 223 224 227 227 226 220 213 205 196 191 197 217 224 225 226 227 226 229 235 237 237 237 236 229 227 225 224 223 225 224 223 220 219 216 214 217 217 215 210 203 195 184 182 185 201 209 206 203 197 195 208 203 197 188 181 184
225 221 222 223 223 228 235 244 246 246 248 244 237 233 230 229 229 239 242 239 235 233 229 225 219 219 223 223 220 221 216 209 206 207 213 222 228 230 234 230 226 228 226 226 231 231 231 230 227 219 214 206 196 192 197 213 224 229 230 231 230 229 234 238 240 239 238 235 232 230 229 229 229 226 226 224 222 219 218 219 214 205 203 199 192 184 183 188 203 216 210 202 199 207 209 199 187 185 188 191
229 229 225 227 228 234 241 243 242 244 247 247 241 233 226 225 233 236 235 233 228 225 220 220 218 213 212 211 212 211 209 208 211 216 219 223 233 236 236 232 231 232 231 229 232 232 230 229 227 222 212 201 194 194 199 210 221 228 231 234 235 233 234 238 241 239 236 232 226 224 223 225 225 226 226 223 222 220 216 209 204 196 192 188 185 186 190 198 208 219 210 212 209 210 202 192 189 195 197 196
228 232 231 230 233 238 243 241 238 240 244 246 241 234 226 223 230 230 227 224 221 216 215 216 214 211 211 209 211 211 212 213 219 218 227 226 234 241 238 236 234 234 235 234 234 227 221 217 217 215 203 195 196 200 203 210 215 217 222 231 237 238 239 241 241 236 230 227 222 217 212 211 214 218 213 212 216 212 203 198 191 188 187 188 188 191 194 202 214 222 218 215 217 212 201 191 197 205 206 201
225 230 234 234 237 239 239 238 236 237 243 247 242 236 232 227 222 222 220 218 218 218 223 224 220 219 217 213 217 224 218 219 228 224 226 234 235 243 243 240 237 237 239 239 236 228 222 216 210 205 201 196 199 200 203 207 211 213 220 230 240 242 242 242 241 236 232 227 222 218 217 212 205 205 198 198 202 199 193 190 191 195 197 195 192 197 201 203 215 224 223 219 219 212 202 194 206 214 212 202
228 230 234 237 236 233 232 234 234 237 244 249 247 244 239 232 224 220 222 224 225 228 233 234 232 226 218 215 226 228 220 225 234 232 229 233 241 245 245 243 240 240 241 239 236 229 225 222 215 205 199 196 201 203 205 208 217 219 220 228 238 243 240 236 236 231 228 228 224 221 221 217 207 198 202 197 195 194 195 193 201 205 205 197 194 203 204 211 215 225 225 223 222 212 200 200 219 219 209 200
232 235 236 236 230 227 229 231 233 238 246 250 248 244 238 230 224 228 233 231 233 233 240 240 236 228 218 221 232 226 224 224 232 238 237 237 242 246 245 243 241 239 237 234 229 226 221 217 211 201 197 202 205 207 212 212 214 225 224 228 238 241 235 229 227 227 222 220 219 214 212 211 204 201 210 205 201 201 202 199 206 212 207 198 196 208 206 210 220 227 228 227 223 211 200 211 220 213 208 200
233 236 234 232 226 228 230 232 235 240 246 249 247 241 236 230 228 238 241 238 238 240 242 238 232 224 220 230 232 228 231 228 228 235 241 243 244 240 238 238 234 233 227 230 226 219 218 212 205 201 198 205 212 213 217 221 216 221 231 233 241 243 238 232 226 221 218 214 212 211 210 206 202 202 220 213 208 210 210 203 208 215 207 203 198 205 213 217 220 228 228 226 218 208 204 219 223 220 213 204
234 235 229 222 225 232 234 235 236 240 244 247 248 244 237 231 231 238 243 244 244 246 240 233 230 222 226 236 233 233 236 236 233 234 238 243 241 234 231 235 230 226 223 222 223 220 212 205 198 196 199 209 220 221 222 230 224 219 225 237 243 244 238 231 226 222 221 220 218 220 217 214 205 203 224 221 218 218 212 202 212 219 212 210 203 202 217 223 226 229 224 218 214 207 205 219 228 223 214 209
232 233 227 220 230 232 234 236 239 241 243 248 250 245 238 234 239 239 241 246 250 250 243 238 232 224 230 239 236 241 243 242 241 241 241 242 239 232 225 229 229 226 220 215 213 212 207 197 195 198 199 206 221 228 226 234 233 227 227 232 244 245 240 233 229 228 226 226 226 227 223 214 204 203 213 225 226 217 209 206 216 223 218 215 209 202 217 227 231 230 222 218 216 214 210 222 228 225 220 217
232 232 226 217 222 225 228 231 236 241 244 248 252 250 245 238 241 244 245 247 251 251 246 241 232 224 233 242 240 245 247 247 246 243 238 235 231 229 224 219 218 217 216 214 211 204 198 195 196 203 204 200 210 225 230 235 238 238 238 238 246 246 242 237 235 233 231 231 231 227 217 206 206 211 211 219 229 222 211 210 222 228 227 221 210 205 218 232 234 232 225 225 221 214 214 227 230 226 220 212
225 220 214 214 221 226 226 227 231 234 239 246 253 252 246 242 243 247 251 251 251 247 239 234 228 228 237 244 244 248 247 243 244 240 234 229 227 223 221 218 216 213 211 208 204 198 197 198 200 212 211 205 203 216 229 231 235 239 244 245 247 245 242 239 234 231 229 225 219 212 208 206 214 221 220 220 229 227 216 212 226 232 232 223 209 210 221 234 237 232 230 226 219 221 222 229 227 218 211 210
214 212 216 223 223 230 232 231 231 232 235 241 249 252 248 247 249 249 253 253 250 242 237 231 229 235 242 250 250 250 245 239 239 241 238 234 231 230 231 229 227 223 222 218 207 198 204 207 208 221 218 210 203 212 223 220 222 228 238 245 242 237 233 233 229 222 219 214 211 210 213 211 216 227 227 226 231 231 221 214 224 234 229 216 212 214 221 236 239 236 235 228 223 228 228 233 226 215 217 221
211 222 227 228 226 226 230 234 236 239 241 242 247 254 255 253 253 253 253 251 249 245 239 231 235 243 248 253 252 250 245 239 233 235 241 241 238 236 235 232 227 225 220 214 202 200 207 214 219 226 222 214 206 208 213 217 223 227 233 241 240 233 227 225 224 218 213 214 218 216 222 217 222 227 236 232 237 236 228 218 229 237 228 216 217 224 225 239 241 240 238 232 228 234 235 234 225 218 225 228
213 224 229 231 232 231 229 231 236 241 246 249 251 257 257 256 254 254 253 249 243 241 236 235 242 247 255 254 249 246 242 237 231 227 232 240 240 234 226 223 221 213 207 202 201 206 209 213 222 229 223 216 212 207 208 217 223 230 237 242 243 235 228 223 220 215 218 224 225 222 226 222 231 231 241 239 242 240 230 220 229 238 227 217 224 233 230 243 244 243 238 234 237 239 239 236 227 222 228 229
212 219 224 229 233 236 235 232 233 237 243 249 255 257 256 254 252 250 252 250 247 243 237 240 244 253 256 252 246 239 236 232 229 226 223 231 235 229 224 216 211 205 200 202 204 210 215 220 221 229 226 223 218 214 210 219 225 230 235 242 245 241 235 230 225 218 221 230 232 229 227 232 231 241 244 245 242 236 227 228 233 240 229 220 229 240 236 244 246 243 241 242 242 241 238 234 228 227 231 229
215 224 227 227 231 236 240 238 237 238 241 246 254 256 254 252 250 248 247 248 247 241 238 247 254 257 255 250 245 241 239 238 235 230 224 219 223 226 221 215 207 200 205 211 211 211 219 225 228 231 232 227 221 214 211 217 223 231 237 243 242 238 234 228 223 218 224 229 236 236 231 237 237 243 249 247 241 236 234 234 237 243 235 225 230 243 244 247 247 244 244 244 243 240 234 231 229 230 231 229
217 221 228 231 233 236 242 245 244 245 247 252 256 257 255 254 254 252 249 245 242 241 245 250 255 257 256 254 252 250 249 247 243 238 232 222 216 215 214 212 204 199 206 219 218 216 216 220 228 234 231 223 216 214 218 220 226 231 239 245 243 236 230 225 225 224 222 233 238 242 241 241 246 247 252 251 247 244 240 238 242 243 237 226 232 243 249 249 248 246 244 242 240 237 237 236 235 234 232 228
223 219 223 229 234 238 243 249 250 252 253 256 257 257 257 257 257 256 252 248 247 248 250 254 255 254 253 250 250 250 249 246 244 243 237 229 227 221 216 208 201 200 208 226 224 220 222 221 227 234 232 224 217 220 227 229 232 238 245 245 243 239 233 228 231 228 223 227 235 243 247 250 252 254 256 255 251 245 241 244 245 240 236 231 234 243 249 251 250 247 245 243 241 239 237 236 233 231 228 223
228 224 221 222 227 232 237 242 244 245 248 252 255 255 256 257 258 257 254 251 252 253 254 254 253 249 250 245 240 241 242 243 240 241 242 239 235 230 221 208 200 202 212 228 229 225 228 226 232 233 229 223 216 220 225 231 235 241 244 244 240 237 232 235 236 232 227 225 232 238 245 251 254 256 257 256 253 251 249 250 247 243 240 235 240 241 248 252 251 249 247 246 243 240 236 231 227 223 219 215
238 230 225 224 224 227 232 235 237 241 248 253 252 252 253 255 256 257 256 255 255 254 254 253 251 246 246 243 236 233 233 237 238 233 239 239 231 225 217 205 202 208 216 226 234 233 234 233 233 232 227 224 220 223 226 226 231 237 243 246 243 240 236 238 242 237 230 227 230 237 243 247 250 253 254 255 255 255 254 253 251 246 240 238 244 247 249 251 251 249 247 244 243 242 239 236 232 229 225 220
246 234 230 227 228 228 230 232 236 243 251 252 251 250 252 255 256 255 255 255 254 253 252 252 250 244 240 241 238 233 229 229 234 232 228 235 230 223 213 203 205 212 218 225 232 235 237 239 238 236 232 228 222 227 233 231 230 237 243 247 248 244 242 241 246 241 237 233 229 233 238 242 244 247 249 251 253 254 255 255 253 249 246 243 244 247 247 248 247 245 244 241 238 238 237 236 233 228 223 218
250 237 234 230 232 234 234 235 239 247 251 250 248 250 254 255 255 253 251 253 253 252 250 251 252 247 240 234 235 232 229 224 224 224 222 228 230 226 215 204 208 214 218 221 223 227 232 238 240 236 231 225 224 232 239 239 235 237 242 247 251 250 249 246 247 245 241 235 231 231 235 238 240 243 246 250 252 252 253 253 253 252 249 247 247 246 244 242 241 238 238 238 235 232 229 229 231 229 223 217
252 246 240 235 234 238 241 243 247 250 249 247 248 252 253 253 253 252 249 250 251 250 249 251 252 250 244 236 230 228 227 224 221 219 216 215 216 219 215 207 205 211 215 217 221 224 229 236 240 238 231 225 228 234 240 243 242 242 247 250 253 254 253 250 249 246 242 239 236 235 235 240 243 246 248 251 251 249 250 247 247 250 250 249 246 244 241 238 236 233 233 235 233 231 229 224 223 226 221 213
248 252 248 242 237 241 248 250 250 248 246 245 248 250 249 249 248 250 248 248 249 248 248 251 251 246 241 238 238 235 236 231 228 225 224 221 216 211 208 205 207 217 222 224 227 231 231 234 239 239 235 230 227 231 238 244 245 246 250 253 255 255 254 252 251 249 247 245 242 240 237 241 244 245 248 249 249 246 248 245 241 244 249 247 244 242 239 237 235 234 231 230 231 227 223 221 219 217 215 216
245 251 254 249 242 244 250 251 249 247 245 243 246 246 244 244 244 247 246 246 247 245 247 251 252 250 248 247 246 243 243 238 237 234 232 229 223 217 210 206 208 216 222 227 232 236 237 239 241 243 241 237 233 230 235 242 246 249 251 253 255 255 253 250 248 248 248 248 247 244 241 240 242 244 246 247 248 243 241 240 236 239 246 245 242 237 239 238 237 237 234 229 228 225 228 227 225 222 223 227
241 249 255 255 250 248 251 252 250 250 249 245 241 241 240 241 241 245 244 243 243 245 249 251 251 250 249 246 245 244 243 242 238 233 228 224 218 213 213 209 207 214 220 226 232 234 235 239 243 246 245 241 237 232 235 238 241 247 250 251 253 254 253 251 248 244 243 246 248 247 245 244 245 247 248 248 246 244 237 232 230 238 241 241 233 227 227 231 228 231 234 233 230 230 232 232 229 228 229 229
244 250 255 256 255 255 254 254 252 251 249 245 243 240 238 238 239 241 240 241 246 249 251 251 251 248 244 240 237 234 234 237 236 234 230 223 216 222 220 210 209 214 220 226 227 227 231 237 243 247 247 242 237 235 237 243 244 245 248 251 252 253 253 253 251 247 242 239 243 246 247 246 246 247 248 243 239 234 236 230 228 234 229 231 231 223 219 221 221 225 225 227 226 224 225 222 220 222 221 218
246 251 253 254 255 255 255 254 252 250 247 245 245 242 239 235 236 238 241 248 250 251 250 251 252 251 248 244 242 237 231 227 225 224 222 219 223 225 217 208 211 217 222 223 222 226 230 235 242 248 249 246 243 240 237 243 248 250 252 253 253 252 251 250 250 249 245 239 237 240 241 239 243 244 246 242 231 228 225 222 227 226 222 223 227 226 219 215 216 217 217 218 215 213 216 214 210 212 212 209
244 248 251 253 254 254 254 253 251 249 247 246 243 238 234 236 240 243 248 249 248 248 247 246 250 253 251 249 243 238 232 228 228 227 225 228 228 224 217 208 210 217 220 218 222 227 232 236 242 248 251 249 246 242 239 242 247 252 254 255 254 252 250 246 247 247 244 240 233 232 233 237 238 235 238 240 235 224 217 219 227 222 216 219 218 220 219 213 210 211 210 209 207 206 207 205 202 204 206 203
252 253 252 250 249 250 255 255 250 246 243 242 241 236 234 240 245 248 250 248 244 244 243 242 247 252 252 248 242 239 236 236 237 237 235 232 227 218 211 207 209 212 214 216 221 226 232 238 243 247 250 250 247 245 243 245 249 252 253 254 254 254 253 248 242 239 237 237 236 230 227 231 232 228 229 232 231 227 219 214 220 221 214 213 213 211 211 209 205 204 203 200 198 198 197 195 195 195 197 194
247 244 242 241 239 244 253 258 256 250 245 240 237 235 233 238 241 247 252 250 245 240 238 240 244 249 251 248 246 246 244 242 240 237 234 230 222 213 208 212 211 218 220 220 221 224 228 235 238 242 249 249 247 245 245 246 248 250 251 252 254 254 252 250 246 242 238 232 235 234 229 224 223 221 223 226 224 223 220 214 211 213 207 205 206 204 202 201 198 195 196 203 205 203 202 203 201 195 192 193
239 236 233 233 234 241 252 257 258 255 248 243 239 235 232 233 239 246 250 250 247 243 238 236 242 249 249 244 241 245 245 242 237 232 229 226 222 215 209 216 215 216 224 227 228 230 230 232 236 243 249 249 246 244 243 244 246 248 248 250 252 251 250 250 247 241 236 231 227 230 229 226 221 217 217 219 219 217 214 212 208 205 205 208 207 208 207 202 198 200 211 219 217 216 216 214 213 211 209 206
233 232 228 229 236 241 246 248 255 258 254 247 242 237 232 233 241 246 247 248 248 242 235 234 244 248 246 241 236 241 244 244 240 236 232 227 220 215 210 217 219 216 221 229 231 234 238 239 241 247 250 250 247 244 241 241 244 245 245 248 249 248 247 248 245 239 233 229 225 223 222 222 221 219 215 212 211 208 206 205 205 205 213 216 215 216 215 212 210 215 221 226 226 225 223 218 212 206 203 198
227 228 225 230 237 239 237 237 245 256 253 246 240 236 231 233 237 242 243 242 247 243 235 231 237 244 243 238 233 234 240 243 239 235 231 226 221 217 210 215 222 222 219 226 233 237 240 244 246 248 250 249 247 244 241 240 242 242 243 245 245 245 245 249 248 244 239 233 232 228 223 220 217 217 216 213 209 208 208 212 211 207 219 223 222 225 224 222 222 222 219 215 215 217 215 210 202 202 204 210
223 224 222 228 234 235 232 233 241 252 253 244 238 233 230 230 232 237 239 238 243 243 237 229 230 239 242 240 235 229 234 240 237 233 230 227 221 213 212 216 224 227 223 222 227 233 239 242 245 246 248 248 247 244 241 239 240 239 242 242 241 242 246 249 249 245 239 238 236 231 226 222 218 215 214 213 213 216 218 218 210 209 222 232 233 233 230 223 217 213 210 209 207 205 204 204 206 211 213 218
221 219 220 226 230 232 228 231 233 245 251 248 243 240 237 230 228 229 231 231 236 240 236 227 227 232 235 239 237 230 226 235 237 235 228 222 218 212 218 219 226 231 229 228 225 228 234 237 240 243 246 248 247 246 244 241 238 237 239 239 240 244 248 249 246 242 240 240 237 231 227 223 220 217 219 220 220 222 223 217 209 216 227 237 235 229 223 216 214 215 218 215 210 212 210 216 216 222 222 219
221 215 221 223 226 229 225 227 237 245 248 249 247 246 243 237 230 227 226 227 231 237 234 225 222 224 229 232 235 229 223 231 235 231 226 221 214 212 221 224 225 233 234 234 232 229 230 233 239 242 245 247 248 247 245 242 240 236 236 239 243 246 249 248 244 240 239 240 239 236 230 225 221 220 223 224 226 228 225 217 210 222 234 238 232 226 223 215 219 224 226 220 216 219 216 221 227 233 229 215
221 213 216 220 224 224 222 225 232 239 247 248 246 242 240 236 235 235 228 225 226 230 232 225 219 220 222 225 233 231 220 220 223 221 218 213 211 213 221 229 227 233 239 240 239 237 236 236 237 241 245 247 247 244 243 241 240 238 234 240 244 247 249 248 244 240 237 239 241 239 234 229 224 224 227 231 233 230 225 216 212 226 235 238 235 229 224 217 224 229 232 223 219 223 225 227 236 236 226 216
221 213 212 220 220 217 217 223 226 236 244 246 247 243 244 244 244 243 235 231 227 223 225 222 222 222 219 220 225 223 217 216 215 215 214 213 215 218 222 232 233 232 239 242 243 241 241 242 240 242 245 246 245 242 240 238 238 236 234 239 243 246 249 250 247 243 239 236 240 242 238 232 227 227 231 237 233 225 220 212 216 224 229 238 238 231 222 218 232 235 236 228 222 227 232 235 238 231 221 225
217 214 208 214 212 211 215 219 225 234 238 245 248 246 246 248 247 245 242 238 230 224 225 224 228 226 220 220 218 217 219 221 220 219 220 217 220 227 226 232 238 237 238 242 243 242 242 243 243 242 245 245 245 243 241 238 235 234 234 241 244 246 249 251 251 248 243 237 235 241 239 235 234 233 234 235 232 224 214 214 219 223 228 237 240 232 223 219 229 238 240 234 225 231 232 239 236 229 227 233
207 205 204 208 211 215 218 224 224 228 233 238 245 248 248 248 246 243 238 232 228 228 234 236 230 224 224 231 225 224 225 227 225 227 225 219 220 230 234 236 241 242 243 243 243 242 241 242 243 243 245 245 245 243 241 240 238 235 232 239 244 247 249 251 251 250 246 239 232 236 240 241 240 236 229 224 219 215 216 219 226 228 230 238 242 233 224 221 231 235 241 236 228 233 238 239 241 233 236 239
200 205 213 220 221 225 221 226 230 231 231 235 241 247 249 247 244 242 236 231 231 233 234 238 232 223 232 239 234 233 230 233 232 234 228 222 218 227 236 238 238 240 242 243 243 242 241 243 244 244 246 246 247 247 246 243 241 238 231 235 240 243 246 249 251 250 245 240 234 230 231 236 234 233 224 217 219 221 226 226 229 236 237 243 239 232 225 222 233 238 243 237 234 238 246 245 246 235 241 240
200 211 220 228 229 229 227 224 229 236 239 238 244 249 248 245 241 238 235 235 239 240 240 238 229 223 231 238 241 240 235 239 238 235 231 224 219 224 232 232 230 233 237 240 242 241 241 245 246 246 246 247 248 248 246 242 238 235 230 235 240 244 247 249 251 250 245 238 233 230 227 229 226 222 218 221 229 226 234 234 231 239 245 246 241 234 228 223 232 240 244 240 241 246 249 250 242 242 246 244
202 209 216 224 232 234 233 230 229 234 243 246 249 251 249 245 242 245 243 243 245 245 244 239 234 226 231 239 243 244 242 241 237 232 229 224 221 223 225 226 229 230 232 235 238 238 242 247 247 246 245 244 246 247 246 241 236 231 228 234 239 244 247 249 250 249 244 238 232 229 227 225 225 226 220 226 236 231 235 240 237 240 246 242 235 232 226 230 235 241 246 246 244 252 254 249 249 251 251 249
209 215 220 226 233 239 238 237 235 234 239 246 250 251 251 249 245 247 247 247 246 244 242 240 235 230 229 237 244 246 245 241 235 230 227 224 226 229 229 231 235 236 233 233 236 240 244 247 245 244 241 239 242 246 245 243 240 236 231 228 232 240 245 246 248 249 246 240 235 237 233 233 235 232 223 225 239 239 237 241 244 246 243 234 230 230 231 230 238 243 249 251 247 253 255 251 254 254 252 249
210 216 222 227 232 238 242 245 245 244 243 247 249 252 253 252 249 247 249 248 247 245 243 239 241 235 227 232 240 246 246 241 234 233 232 228 226 231 235 237 240 240 238 239 240 242 244 243 241 240 238 236 243 245 244 241 239 238 236 231 228 237 241 241 245 249 246 241 240 242 241 241 239 234 224 224 236 243 243 243 249 250 244 234 233 236 237 237 237 244 252 255 253 255 258 256 256 254 251 249
207 213 216 221 226 234 240 245 247 247 248 249 250 252 253 253 250 249 248 248 247 245 243 242 241 237 230 229 235 242 244 242 238 237 236 232 230 231 233 236 240 242 242 243 243 242 243 240 236 235 234 233 240 242 244 241 237 236 236 232 226 231 236 238 245 249 246 243 245 247 246 243 238 231 225 223 232 245 248 251 253 249 241 235 234 241 242 243 246 245 249 256 259 257 261 260 259 257 254 254
218 223 224 226 231 233 237 242 245 244 244 245 247 250 253 253 252 251 250 247 245 243 241 241 240 234 230 232 232 235 240 243 243 241 240 235 235 237 236 236 240 243 243 242 241 240 240 240 238 232 228 228 231 233 240 240 238 234 232 233 226 228 231 236 243 248 249 248 250 250 246 239 233 232 232 227 228 238 245 251 252 249 242 237 234 241 247 248 251 252 254 256 260 262 263 262 261 260 258 257
225 229 230 230 232 233 234 238 240 239 237 239 244 249 251 252 252 253 252 250 247 244 240 237 236 232 231 236 238 236 237 241 245 245 244 240 239 242 240 239 242 244 244 241 237 234 237 238 236 235 230 224 223 226 232 235 235 231 228 231 225 229 236 240 241 246 250 251 252 252 246 239 236 240 237 232 227 235 243 250 252 250 245 240 236 244 249 250 252 255 258 260 263 263 263 261 260 259 258 258
229 231 231 232 232 230 231 234 235 235 233 239 243 246 248 251 252 252 251 250 248 245 242 239 235 236 236 235 240 242 243 241 245 248 248 245 246 245 243 243 243 244 241 238 233 231 236 236 231 234 232 226 221 223 226 228 230 228 224 224 222 230 238 244 246 248 251 253 254 254 250 244 240 244 243 237 229 236 244 249 252 251 246 240 237 240 242 243 245 250 254 259 262 262 262 259 257 255 254 254
229 230 231 232 230 226 230 232 232 230 232 236 240 244 248 250 250 249 249 249 248 246 243 239 236 239 241 239 239 244 247 246 244 249 251 249 250 248 247 245 243 239 236 233 228 230 233 233 226 224 226 223 218 221 224 221 222 221 220 223 226 230 238 246 248 249 250 252 254 255 253 247 243 247 246 239 231 236 245 248 252 253 250 246 242 240 245 246 246 247 251 257 259 260 260 259 257 256 254 252
228 230 229 228 227 224 228 230 229 228 231 236 242 245 247 249 248 246 244 246 246 245 243 241 241 240 242 244 243 244 249 249 247 248 252 251 249 247 246 245 241 237 231 228 227 226 230 232 227 219 217 216 215 218 219 218 220 220 226 232 233 234 240 245 246 243 243 246 252 255 255 252 248 250 248 242 235 235 242 244 250 254 254 250 244 244 251 253 252 253 250 253 256 256 258 260 260 259 257 256
229 229 226 222 220 221 223 224 226 230 234 237 239 239 245 246 247 246 243 240 245 246 247 247 247 246 244 246 248 247 249 252 252 251 252 250 246 240 239 240 239 237 233 229 225 222 225 228 227 220 213 213 216 217 218 224 229 226 231 238 239 239 242 242 240 235 236 245 252 256 257 255 253 251 247 240 235 233 238 245 252 255 255 253 247 244 249 254 256 257 254 253 254 257 259 260 260 259 259 258
229 228 220 213 216 220 223 228 230 232 234 234 234 234 241 238 241 244 242 237 242 246 248 249 250 250 250 248 250 252 251 253 254 254 252 247 242 237 233 231 231 229 227 225 223 220 219 224 227 222 215 216 223 226 226 230 235 233 235 240 241 241 240 236 230 230 233 238 246 253 257 255 253 251 247 240 237 234 238 245 249 253 255 254 250 247 248 253 257 258 258 258 258 259 261 260 258 258 259 259
223 226 216 211 224 228 228 228 229 230 230 227 228 233 236 232 237 240 239 234 241 244 245 248 251 252 252 252 251 253 254 254 253 253 251 248 244 240 236 231 226 225 225 225 222 219 217 219 225 223 214 217 225 229 231 235 238 237 234 234 237 236 231 230 225 229 233 237 240 249 256 255 250 248 244 243 243 236 239 243 246 252 256 255 251 251 250 251 254 256 258 259 260 261 261 260 259 257 258 258
214 222 213 208 221 225 226 226 228 229 226 222 226 230 231 227 235 236 232 232 239 239 240 246 249 251 251 253 253 253 253 252 251 250 247 245 244 240 235 231 231 234 234 233 230 226 222 214 218 222 214 216 222 226 231 236 233 233 228 227 230 229 226 222 223 231 239 244 242 248 254 255 251 246 246 249 245 238 239 246 250 254 257 257 256 256 255 255 256 256 257 259 260 261 261 261 259 255 257 256
209 217 211 204 211 216 222 224 225 224 222 219 224 223 225 224 230 231 227 231 234 233 237 244 246 246 247 250 253 254 253 250 248 246 244 241 239 236 235 237 239 239 237 232 226 223 217 215 212 215 213 211 219 225 230 232 227 227 225 221 222 221 219 219 228 236 239 246 247 247 254 256 253 251 251 250 247 243 239 244 250 254 256 258 259 259 257 256 257 257 257 258 259 260 259 259 258 253 255 255
205 213 209 201 209 220 223 224 225 220 217 216 220 217 218 220 222 225 224 225 228 230 234 240 241 243 248 252 254 254 253 252 248 245 243 241 241 243 243 242 241 238 233 228 222 222 224 224 218 211 207 214 225 230 230 226 221 223 219 216 217 213 216 220 226 232 240 248 250 250 255 257 255 253 250 248 246 243 240 245 248 250 252 256 258 259 258 255 255 255 253 255 257 259 257 256 256 251 251 254
207 211 206 199 210 222 223 225 225 218 213 216 215 213 216 218 220 221 224 231 233 236 235 236 241 246 250 253 254 254 253 252 251 250 248 247 247 246 244 241 238 235 229 224 228 231 232 229 224 215 207 213 224 226 226 221 216 217 212 209 211 216 223 227 228 231 235 244 251 253 256 258 256 252 249 246 243 241 241 245 246 248 251 254 257 259 258 255 252 252 250 253 256 258 255 252 254 251 246 251
203 207 202 200 213 217 220 224 223 219 211 212 210 218 225 228 228 229 233 237 238 241 243 243 243 246 249 253 253 252 251 250 250 251 250 249 247 245 241 236 233 230 227 228 233 237 237 232 222 214 210 206 209 213 219 219 212 209 205 211 217 219 223 228 233 237 241 246 252 254 257 258 256 252 249 247 246 245 242 245 249 252 256 257 258 257 255 252 249 248 250 255 257 257 254 248 251 250 245 250
197 199 196 199 207 212 217 220 220 215 207 211 217 221 226 230 233 236 239 241 243 244 246 246 246 248 248 250 251 251 249 247 248 249 249 247 245 243 239 236 235 231 232 233 239 240 236 228 225 222 214 211 208 205 209 215 208 202 201 205 214 218 223 227 230 233 235 242 247 253 257 258 255 252 249 247 246 244 244 249 254 257 258 258 257 254 250 248 246 245 250 254 255 255 252 245 248 248 242 245
193 193 192 197 203 211 217 219 215 208 207 217 219 222 226 228 230 234 235 236 243 243 240 238 242 241 238 238 247 250 249 246 244 246 246 246 245 241 239 242 240 235 238 240 244 239 234 232 231 226 219 220 216 211 205 204 203 206 205 200 205 214 216 218 220 224 232 235 239 249 254 257 255 252 250 250 249 246 247 251 254 257 257 256 253 251 247 243 242 247 252 254 255 252 247 242 242 245 243 239
189 189 192 199 209 216 220 222 219 209 204 208 213 221 224 226 225 228 227 232 239 238 231 228 232 233 227 235 245 244 245 244 243 241 242 244 244 242 242 244 244 241 244 246 246 243 242 239 237 230 226 224 218 218 212 211 216 220 212 201 201 205 210 213 222 226 230 236 242 247 250 255 256 253 253 254 252 249 248 251 254 256 256 253 249 246 246 243 240 249 253 254 254 253 250 245 239 236 240 236
187 190 195 200 209 215 220 223 222 215 208 202 205 212 220 221 219 224 220 226 233 235 232 223 224 226 224 235 242 240 238 240 243 241 239 242 244 245 246 247 248 246 248 249 248 246 244 242 240 237 235 228 223 223 221 222 227 225 215 205 198 201 211 222 223 226 231 234 237 246 252 257 258 256 256 255 254 253 253 253 254 255 254 252 250 247 243 240 239 247 251 252 253 252 250 246 241 235 232 234
192 192 195 200 209 216 219 221 223 222 221 212 199 204 213 213 215 221 216 222 230 233 232 223 213 218 231 237 241 239 234 238 242 242 238 240 242 245 247 249 251 250 249 248 247 244 240 236 237 239 238 231 229 229 229 229 232 227 221 213 201 197 204 218 227 229 232 237 242 247 253 257 259 258 258 256 254 254 254 253 252 251 248 250 249 246 243 238 238 247 250 250 252 251 249 244 237 231 228 237
191 192 194 200 208 214 217 218 220 222 223 221 206 196 202 204 208 210 216 223 229 231 228 214 210 225 232 236 239 236 230 235 239 241 238 236 238 241 246 250 252 251 248 244 241 240 239 235 231 235 238 236 234 233 232 232 231 227 221 211 202 195 200 209 216 226 230 233 236 243 249 255 258 259 257 254 250 251 251 249 248 245 243 247 248 246 241 235 236 247 248 248 250 251 250 249 244 235 225 229
185 189 194 199 205 212 213 211 215 219 222 223 215 201 192 195 202 216 222 225 227 226 217 207 210 220 222 229 233 233 226 228 235 240 240 235 234 239 244 250 252 251 249 246 242 236 234 233 227 229 233 231 227 224 225 227 226 218 211 206 196 196 202 205 209 214 219 224 232 235 243 250 254 256 255 252 247 245 245 243 241 239 240 245 246 244 242 235 234 245 246 246 247 247 248 248 247 239 228 223
181 189 193 194 199 208 208 207 210 214 220 222 220 210 195 191 203 218 223 222 221 216 211 202 209 213 215 220 224 228 223 223 233 239 239 237 232 237 243 249 251 250 247 245 242 236 230 228 226 225 226 221 218 216 215 216 220 216 206 199 194 199 214 219 219 218 218 222 225 233 241 249 254 255 253 250 248 247 243 240 238 235 240 243 241 240 237 233 232 244 244 246 245 241 242 244 244 240 230 222
181 186 189 190 196 205 204 204 207 211 216 218 219 214 201 188 195 211 215 213 213 206 202 197 204 206 211 213 219 221 217 224 233 237 236 233 233 240 244 249 250 248 243 241 241 238 233 228 223 219 219 218 214 212 209 208 211 211 203 194 193 207 221 225 228 227 228 230 234 241 245 249 253 255 253 252 251 250 247 244 241 236 236 240 236 237 233 228 234 244 243 243 243 238 235 237 236 237 232 222
