# 100 100
134 133 133 134 134 134 134 134 134 134 134 135 134 134 134 134 134 134 134 135 135 135 135 135 136 136 136 136 136 136 136 136 136 136 137 138 139 139 138 138 138 138 138 137 137 138 138 138 138 138 137 137 138 137 137 137 138 138 139 139 141 144 145 147 147 147 148 147 149 148 147 146 147 148 149 149 151 152 154 155 156 158 160 161 160 160 160 161 164 168 170 170 169 167 167 167 167 167 169 174
133 133 134 134 133 134 134 134 134 134 135 134 134 134 134 134 134 134 134 135 135 135 135 135 135 135 136 136 136 135 135 135 136 136 136 137 138 138 138 138 137 138 138 138 138 138 138 138 138 138 138 137 138 137 137 137 138 138 138 139 141 146 149 147 145 146 147 146 150 149 146 146 148 147 148 151 153 154 155 155 155 157 159 160 158 158 157 159 162 164 164 162 162 162 163 163 166 168 173 177
133 134 133 133 133 134 134 134 134 134 136 134 134 134 134 134 134 134 135 134 135 135 135 135 136 136 136 136 136 135 136 136 136 136 136 136 137 137 138 137 137 138 138 138 138 138 138 138 139 138 138 138 137 137 137 137 138 139 138 139 145 148 150 149 144 144 144 144 145 145 145 146 147 148 150 151 153 155 156 156 155 156 159 158 156 156 156 158 159 159 158 157 159 161 162 164 169 173 177 180
135 135 133 133 134 134 134 134 134 136 135 134 134 134 134 134 134 134 134 134 135 135 135 135 135 136 136 135 135 135 136 136 136 136 136 136 136 137 137 137 137 137 138 138 138 138 139 139 139 139 139 138 138 138 138 138 138 138 139 140 144 147 148 146 143 142 143 144 144 145 146 146 148 149 150 151 153 154 154 154 155 155 156 156 154 154 154 155 156 158 159 161 164 166 168 168 169 174 177 178
135 134 134 134 134 134 134 134 134 136 134 134 134 134 134 134 134 134 134 134 135 135 135 135 135 135 135 135 135 136 136 136 136 136 137 137 136 137 137 137 137 137 138 138 138 139 139 139 140 139 139 138 138 138 138 138 138 138 139 139 141 142 142 142 141 142 143 144 144 145 145 146 147 148 150 151 151 152 152 153 154 154 154 153 152 152 155 157 159 161 164 167 170 171 173 173 170 172 176 178
134 134 134 134 134 134 134 134 135 135 134 134 134 134 134 134 134 134 134 134 134 134 134 135 135 135 135 135 135 135 136 136 136 137 136 136 136 136 137 136 136 137 138 138 138 139 139 139 139 139 139 138 138 138 138 138 138 138 138 139 142 144 143 141 142 142 143 144 144 144 145 146 146 147 148 148 149 149 150 152 152 152 152 152 152 155 158 161 162 165 168 172 175 177 178 177 175 173 176 179
134 134 134 134 134 134 134 134 135 134 134 134 134 134 134 134 134 134 134 134 134 134 134 135 135 135 134 134 135 135 135 136 136 136 136 136 136 136 136 136 136 137 138 138 139 140 141 140 139 139 139 138 138 137 137 137 138 138 138 140 145 149 149 144 144 143 144 144 145 145 145 145 146 147 147 148 149 150 151 152 152 151 151 151 155 159 162 165 167 170 173 176 180 181 181 180 178 176 179 180
134 134 134 134 134 134 134 134 135 135 135 134 134 134 134 134 134 134 134 134 134 134 134 134 134 134 134 134 135 135 135 135 136 136 136 136 136 136 136 136 136 137 138 138 139 141 141 140 139 139 138 138 137 137 138 138 138 138 138 141 145 150 152 150 148 145 144 145 145 145 145 145 145 147 147 148 150 150 150 151 150 150 151 154 158 162 167 171 172 175 178 180 182 183 182 181 179 178 181 182
134 134 134 134 134 134 134 134 136 134 134 134 134 134 134 134 134 134 134 134 134 134 134 134 134 134 135 134 135 135 135 135 135 136 136 136 136 136 136 136 136 137 138 138 139 140 141 140 139 138 137 137 137 137 138 138 138 138 139 141 146 149 153 155 154 148 147 146 145 144 144 144 145 146 147 147 148 149 149 149 149 151 153 156 161 167 173 176 177 179 182 183 184 184 182 181 181 182 183 182
134 134 134 135 134 134 134 135 134 134 134 134 134 134 134 134 134 134 134 134 133 134 135 134 134 134 134 134 134 134 134 135 135 135 135 135 135 135 135 135 136 136 137 138 138 139 140 139 138 137 137 136 137 138 139 138 137 138 139 142 147 151 155 159 160 155 147 146 144 144 144 144 145 146 146 147 148 149 149 149 151 153 155 159 164 173 178 180 182 183 184 185 185 185 184 184 184 184 183 184
134 134 134 134 134 134 135 134 134 134 134 134 134 134 134 134 134 134 134 134 133 133 134 133 133 134 133 133 134 134 134 134 135 135 135 135 135 135 135 136 136 136 136 137 137 138 139 139 138 137 136 137 137 138 139 138 137 138 140 143 148 153 158 162 162 154 146 144 144 144 144 145 145 146 146 148 149 149 149 150 151 153 155 160 165 174 178 181 183 184 185 185 186 186 186 186 187 186 184 184
134 134 134 134 134 135 135 134 133 134 134 134 134 134 134 134 134 134 134 134 133 133 133 134 134 134 134 134 134 134 134 134 134 134 134 134 134 135 136 136 136 136 136 136 136 137 137 137 137 137 136 136 137 138 137 137 138 139 142 146 150 154 160 164 161 151 145 143 143 144 144 145 145 145 146 147 148 148 148 149 151 152 154 157 161 167 172 178 182 184 185 186 186 186 186 187 188 187 184 183
135 134 134 134 135 134 134 134 134 134 134 134 134 134 134 134 134 134 134 134 134 134 133 133 133 134 134 134 134 134 134 134 134 135 135 135 135 135 136 136 136 136 136 136 136 136 136 137 137 136 136 136 137 138 137 137 138 142 145 149 152 157 163 165 159 150 144 143 143 143 143 144 144 145 145 146 146 146 146 148 150 151 153 155 158 162 167 174 179 183 185 186 186 186 185 186 185 184 184 183
135 135 134 135 135 134 134 134 134 134 134 134 134 134 134 134 134 134 134 134 134 133 133 133 133 134 134 134 134 134 134 134 134 135 135 135 135 136 136 136 136 136 136 136 136 136 136 136 137 136 136 136 137 137 137 137 140 147 150 152 155 159 166 162 155 148 143 142 142 142 143 143 143 144 144 144 145 145 145 146 148 150 151 153 155 158 162 170 180 184 185 187 186 185 185 185 185 183 182 183
134 135 135 135 134 134 134 134 134 134 134 134 134 134 134 134 134 134 134 134 134 133 134 133 134 134 134 134 134 134 134 134 135 135 135 135 136 136 136 136 136 136 136 136 136 136 136 136 137 136 136 136 137 137 137 138 142 148 152 154 155 157 160 157 150 145 143 142 142 142 142 142 142 143 143 144 144 144 144 145 147 149 150 151 153 156 160 168 178 183 185 185 183 182 182 184 184 182 180 181
134 134 134 134 134 134 134 134 134 134 134 134 134 134 134 134 134 134 134 134 134 134 134 134 134 134 134 134 133 134 134 134 135 135 135 135 136 136 136 137 136 136 136 136 136 136 136 137 137 136 137 137 136 137 137 139 142 146 150 152 153 153 154 154 149 144 142 141 140 141 142 142 142 142 143 144 144 144 144 145 146 146 147 149 151 154 158 164 174 182 184 184 182 177 178 180 180 179 177 179
134 134 134 134 134 134 134 134 134 134 134 134 134 134 134 134 134 134 134 134 134 134 134 134 134 134 134 134 134 133 133 133 134 135 135 136 136 136 136 136 137 137 136 136 136 136 136 137 136 136 137 137 136 136 137 138 140 144 147 149 149 150 150 150 146 143 142 140 140 140 140 141 142 142 143 143 143 143 144 144 145 144 145 146 149 152 155 160 167 175 179 181 181 177 173 175 173 172 175 180
134 134 134 134 134 134 134 134 134 134 134 134 134 134 134 134 134 133 133 134 134 133 133 134 133 133 133 134 133 133 134 134 134 135 136 136 136 136 136 136 136 136 136 136 136 136 136 136 136 137 136 136 136 137 138 140 141 142 144 145 146 146 146 146 143 141 140 139 139 139 139 140 141 142 142 142 142 143 143 143 144 143 143 144 146 149 152 155 159 164 169 173 175 174 169 167 166 173 178 181
134 134 134 134 134 135 135 136 136 134 134 134 134 134 134 134 133 133 133 133 133 134 133 133 133 133 134 133 134 134 134 134 135 135 136 136 136 136 136 136 136 136 136 136 136 136 136 136 136 136 136 136 137 137 138 141 144 143 143 142 143 143 143 142 140 139 139 139 139 139 139 139 140 140 141 141 142 142 142 143 143 143 143 143 144 146 149 152 155 158 161 164 166 167 165 160 165 175 179 180
134 134 134 135 136 140 139 139 139 137 135 134 134 134 134 134 134 133 133 133 133 134 133 133 133 133 134 133 134 135 135 135 135 135 136 136 136 136 136 136 136 136 136 136 136 136 136 136 136 136 136 136 137 137 138 140 142 143 142 142 141 140 140 139 139 139 139 138 139 139 139 140 140 140 141 140 140 140 142 142 142 142 143 143 143 144 146 149 152 154 156 156 158 159 157 157 164 172 177 177
134 134 135 135 134 134 135 135 135 135 134 134 134 134 134 134 134 134 134 134 134 134 133 133 133 134 134 134 135 135 135 135 136 135 136 136 136 136 136 136 136 136 136 136 136 136 136 136 136 136 136 136 136 137 137 138 139 142 142 140 140 139 139 139 139 139 138 138 138 138 139 139 139 139 140 140 139 140 141 142 141 142 142 142 143 143 144 147 149 151 152 152 153 153 153 156 160 167 173 172
134 134 134 134 134 134 134 134 134 134 134 134 134 134 134 134 134 134 133 134 134 134 134 134 134 134 134 134 135 135 135 135 136 136 136 136 136 136 136 136 136 136 136 136 136 136 135 136 136 136 136 136 136 136 137 137 137 138 139 139 138 138 138 138 139 138 138 138 138 139 139 139 139 139 140 140 140 140 141 142 142 142 142 142 143 144 144 146 147 149 150 150 150 153 157 160 159 162 166 167
134 134 134 134 134 134 134 134 134 134 134 134 134 134 134 135 134 134 133 133 134 134 134 134 134 134 134 135 135 135 136 136 136 136 136 136 136 136 136 136 136 136 136 136 136 136 136 136 136 136 136 136 137 136 136 137 137 137 138 138 138 138 138 138 138 138 138 138 139 139 139 139 140 140 140 141 141 142 143 142 142 142 142 142 143 144 145 146 147 147 147 149 153 159 163 167 166 164 164 168
134 134 134 134 134 134 134 133 134 134 134 134 134 134 134 135 134 134 134 134 134 134 134 134 134 134 134 134 135 135 135 135 135 136 136 136 136 136 136 137 136 136 136 136 136 136 136 136 136 136 136 137 137 137 137 137 137 136 137 138 138 138 138 138 138 138 138 139 139 139 140 142 140 141 144 146 148 149 150 149 147 145 143 142 143 143 145 146 145 145 148 153 158 165 170 173 173 171 170 172
134 134 134 134 134 134 134 134 134 134 134 134 134 134 134 134 134 134 134 134 134 134 134 134 134 134 134 134 135 135 135 135 135 135 136 136 136 136 136 136 136 136 135 135 136 136 136 136 136 136 136 136 137 137 137 137 137 137 137 137 137 138 138 138 138 138 138 139 140 141 142 143 141 143 148 151 153 156 158 160 157 154 148 143 142 143 144 145 144 146 150 156 163 171 175 176 176 175 174 176
134 134 134 134 134 135 134 134 134 134 135 134 134 134 134 134 134 134 134 135 134 134 134 134 134 134 134 134 135 135 135 135 135 135 136 136 136 137 138 137 136 136 135 135 136 136 136 136 136 136 136 136 136 136 136 137 137 137 137 137 137 138 138 138 138 138 139 140 142 145 147 146 145 144 146 149 154 158 163 166 165 163 158 148 143 143 143 144 144 147 152 157 164 172 175 176 177 176 176 177
134 134 134 134 134 134 134 134 134 134 134 134 134 134 134 134 134 134 134 134 134 134 134 134 134 134 134 134 134 134 135 135 135 135 135 136 138 138 138 137 135 135 135 135 136 135 136 135 136 136 136 136 136 136 137 137 137 137 138 137 138 138 138 138 138 138 139 141 145 148 150 152 151 150 149 150 154 159 164 167 164 160 160 153 145 142 143 143 143 145 150 155 162 169 173 174 174 174 174 176
134 134 134 134 135 134 134 134 134 134 133 133 134 134 134 134 134 134 134 134 134 134 134 134 134 134 134 134 134 134 135 135 136 136 136 137 138 138 136 135 135 135 135 135 136 136 136 136 136 136 136 136 135 136 136 136 137 137 137 137 138 138 138 138 138 138 139 140 144 147 151 154 156 156 157 157 159 161 164 166 164 158 157 156 148 142 143 143 142 143 147 152 158 165 170 171 169 169 171 173
134 133 134 135 134 134 134 134 133 133 134 134 134 134 134 134 134 134 134 133 134 134 134 134 134 134 134 134 134 134 134 135 136 136 136 135 135 136 136 136 136 136 136 136 136 136 136 136 136 136 136 137 136 135 136 136 136 136 137 138 138 138 138 138 139 139 140 140 142 146 150 153 155 157 163 165 164 164 165 166 164 158 153 153 147 143 142 142 142 143 146 150 156 163 168 169 165 165 169 170
134 134 134 135 134 134 134 134 134 134 134 134 134 134 134 134 134 134 134 134 134 134 134 134 134 134 134 134 134 134 134 135 136 135 135 135 135 135 136 137 137 137 137 137 136 136 136 136 136 136 137 136 136 136 136 136 136 136 136 137 137 138 138 138 139 139 140 140 142 144 147 149 152 154 156 160 163 165 165 165 163 160 154 149 146 143 142 142 142 143 145 149 155 160 166 168 164 160 164 166
134 134 134 135 134 134 134 134 134 134 134 134 134 134 134 134 134 134 134 134 134 134 134 134 134 135 138 137 135 134 135 136 135 135 135 135 135 135 135 135 136 136 136 136 137 137 137 137 137 137 136 137 136 136 136 136 136 137 137 137 137 138 138 138 140 140 141 141 142 143 145 147 148 150 151 153 157 160 162 163 162 161 155 149 145 143 142 142 142 142 144 148 152 156 160 162 160 154 157 164
135 135 134 134 134 134 134 134 134 134 134 134 134 134 134 134 134 134 134 134 134 134 134 135 137 137 139 136 135 135 136 135 135 136 136 135 135 135 135 135 135 136 136 136 136 136 136 137 137 137 136 136 136 137 137 136 137 137 138 137 138 139 139 138 139 139 141 142 142 143 143 144 145 147 147 149 152 154 156 158 159 158 156 152 146 142 141 141 142 141 142 146 149 150 151 152 152 149 154 159
134 134 134 134 134 134 134 134 134 134 134 133 134 134 134 134 134 134 134 134 134 134 135 136 138 136 135 134 135 136 134 135 135 135 136 136 135 135 135 135 136 136 136 136 136 136 136 136 136 137 138 137 137 138 138 137 137 137 137 137 137 138 139 137 138 139 139 140 139 140 140 141 142 143 143 145 147 148 151 152 153 153 153 152 145 140 140 140 140 140 141 144 148 146 144 143 143 144 149 152
134 134 134 134 134 134 134 134 134 134 134 134 134 134 135 135 134 134 135 135 136 136 136 135 135 134 135 136 135 135 135 135 135 135 135 135 136 135 135 135 135 136 136 136 136 136 137 137 137 137 137 137 137 137 137 137 137 137 137 138 137 138 138 137 137 137 138 139 139 139 139 139 140 140 140 142 143 144 146 149 149 148 147 147 141 140 140 139 139 139 139 142 141 140 140 140 141 141 142 143
134 134 134 134 134 134 134 134 134 134 134 134 135 135 135 136 135 135 135 138 139 136 134 134 135 135 134 134 134 134 134 135 135 135 135 135 136 136 135 135 136 136 136 136 136 136 136 137 137 137 137 137 137 137 137 137 137 137 137 137 138 138 137 138 138 138 137 138 139 139 139 139 138 138 138 138 139 138 139 141 141 144 141 140 139 139 139 138 138 138 139 140 139 139 139 139 139 140 139 140
134 133 134 134 134 134 136 134 134 134 134 134 136 135 136 136 136 136 135 138 136 134 134 135 134 134 134 134 134 134 134 135 135 135 135 135 135 136 135 135 136 136 136 136 136 136 136 136 137 137 137 137 137 137 137 137 137 137 137 137 138 138 137 138 138 138 138 137 138 138 138 138 138 138 138 139 139 138 139 139 138 138 138 138 138 138 139 139 140 140 140 141 140 140 139 139 140 139 139 139
134 134 134 134 134 134 134 134 134 134 134 134 135 136 136 136 136 135 134 134 134 135 135 134 134 134 134 134 134 134 134 135 135 135 135 135 135 135 135 136 136 136 136 136 136 136 136 137 137 137 137 137 137 137 137 138 138 138 138 138 138 138 138 138 138 138 138 138 138 138 138 139 139 139 139 139 139 139 139 140 139 138 138 139 139 139 140 140 141 141 141 141 142 141 141 141 142 142 142 140
133 134 134 134 134 134 134 134 134 134 134 134 134 135 135 136 135 134 134 135 135 134 134 134 134 134 134 134 134 134 134 135 135 135 135 135 135 135 135 136 136 136 136 136 136 136 136 137 137 137 137 137 137 137 137 138 138 138 138 138 138 138 138 138 139 139 139 139 138 139 139 139 139 139 140 140 140 140 140 140 139 139 139 140 140 140 140 141 141 141 141 141 142 143 142 142 142 144 145 144
134 134 134 134 133 134 134 134 134 135 135 134 134 134 135 135 134 135 135 135 134 134 134 134 134 134 134 134 134 134 134 135 135 135 135 135 135 135 135 135 135 136 136 136 136 136 137 137 137 137 137 137 137 137 137 138 138 137 138 138 138 139 139 140 140 140 139 140 140 139 140 139 140 142 144 145 147 144 143 143 140 142 143 141 140 140 140 140 140 140 141 142 142 144 143 142 144 147 149 150
134 134 134 134 134 134 134 134 134 135 135 135 134 134 135 135 135 135 134 134 134 134 134 134 134 134 134 134 134 135 136 135 135 135 135 135 135 135 135 135 135 136 136 136 136 136 137 137 137 137 137 137 137 137 137 138 137 138 138 138 139 140 141 141 141 141 141 140 141 141 141 141 142 145 148 147 148 146 145 144 142 146 148 147 147 146 144 142 141 140 141 143 143 144 143 142 146 150 154 156
133 134 134 134 134 134 134 134 134 135 135 135 135 135 135 135 135 135 134 134 134 134 134 134 134 134 134 134 135 136 137 135 135 135 135 135 135 135 135 135 136 136 136 136 136 137 137 138 139 139 138 138 138 138 138 138 138 138 138 139 141 142 142 142 142 142 143 143 144 145 144 144 146 148 148 146 145 145 144 143 144 150 152 153 153 153 151 148 144 141 142 142 143 144 143 143 147 152 157 161
134 134 134 134 134 134 134 134 134 135 135 135 135 135 135 136 136 136 135 134 134 134 134 134 134 134 134 134 135 136 135 134 134 134 134 135 135 135 135 135 136 136 136 136 138 139 140 142 143 142 141 139 139 139 138 138 137 139 139 140 141 143 144 144 144 144 145 146 147 148 149 150 151 152 150 148 145 146 145 144 146 152 156 156 154 151 149 147 144 142 141 142 143 144 144 143 147 153 158 163
134 134 134 134 134 134 134 134 134 135 135 135 136 135 136 136 136 136 135 134 134 134 134 135 135 134 134 134 134 134 134 134 134 134 134 135 135 135 135 135 136 136 136 138 141 143 145 148 151 149 145 142 140 140 139 139 139 140 140 141 142 145 146 147 148 149 150 150 151 152 155 156 156 156 155 152 149 152 152 151 151 155 159 157 152 149 147 145 144 142 141 141 142 143 144 143 144 149 154 160
134 134 134 134 134 134 134 134 135 135 136 136 136 136 136 136 136 135 134 134 134 135 135 134 135 134 134 134 134 134 134 134 134 134 134 135 135 135 135 135 136 136 136 138 140 143 147 152 155 155 152 145 143 142 141 142 141 141 142 144 145 147 149 151 153 153 154 154 154 154 156 155 155 154 153 152 152 157 159 158 157 158 157 153 150 147 145 144 143 141 141 141 143 144 145 146 144 145 149 154
134 134 134 134 134 134 134 134 135 135 136 136 136 136 136 136 136 134 134 134 134 134 134 134 134 134 134 134 134 134 134 134 134 134 134 135 135 135 135 135 136 136 136 137 139 142 147 151 153 154 152 149 147 147 146 148 148 147 148 148 150 151 152 154 154 153 151 151 152 152 152 151 150 150 149 152 154 158 160 160 159 158 154 151 148 147 145 144 143 142 141 142 143 144 148 150 149 145 145 148
134 134 134 134 134 134 134 135 135 135 136 136 136 136 135 135 134 134 134 134 134 134 134 134 134 134 134 134 134 134 134 134 134 134 134 134 135 135 135 135 135 135 136 136 138 140 143 147 150 152 152 148 147 148 149 151 152 153 152 151 150 151 152 153 152 150 149 149 149 149 149 149 149 149 151 155 158 158 158 158 157 155 152 149 147 146 145 145 144 143 142 142 143 145 148 152 150 146 145 147
134 134 134 134 134 134 135 135 135 136 136 136 135 135 135 134 134 134 134 134 134 134 134 134 134 134 134 134 134 134 134 135 134 134 134 134 134 134 135 135 135 135 135 136 138 139 142 144 146 149 151 150 149 149 149 150 152 152 151 151 150 150 150 150 149 148 148 148 148 149 148 148 149 150 153 156 159 157 156 155 154 152 151 149 147 146 146 145 144 143 143 143 145 146 149 151 151 147 145 148
134 134 134 134 135 135 135 135 136 135 135 135 135 135 135 134 134 134 134 134 134 134 134 134 134 134 134 134 134 134 134 136 135 134 134 135 134 134 135 135 135 135 135 136 136 138 141 143 144 145 147 149 149 150 149 150 153 154 152 151 150 149 149 148 147 146 147 148 149 150 149 149 151 151 154 156 157 155 155 154 152 151 149 148 147 146 145 145 144 144 144 144 146 148 151 154 154 150 146 147
134 134 134 134 134 135 135 134 135 134 134 135 134 134 133 134 134 134 134 134 134 134 134 134 134 134 134 134 134 134 134 134 134 134 134 134 134 135 135 135 135 135 135 135 136 137 139 140 142 142 143 145 148 150 150 150 151 153 153 152 150 149 148 147 147 147 148 149 149 150 151 152 154 153 151 152 152 153 154 154 152 150 149 148 147 147 146 146 146 145 144 145 148 151 154 157 158 154 149 147
134 134 134 134 134 134 134 135 134 134 134 134 134 134 134 134 134 134 134 134 134 134 134 134 134 134 133 134 133 134 134 134 134 134 134 134 134 134 134 134 135 135 135 135 136 137 137 139 140 140 142 143 145 148 148 148 150 151 151 153 152 149 147 146 147 148 149 150 151 152 152 154 157 156 153 152 152 152 153 153 152 151 150 150 149 148 148 148 147 146 145 146 148 152 156 160 161 158 153 149
135 135 135 135 136 136 136 137 135 135 135 135 135 134 134 134 134 135 135 135 135 134 134 135 136 135 135 137 136 135 135 135 134 134 134 135 136 136 136 135 135 135 135 135 136 137 137 139 140 140 141 142 143 145 146 147 148 148 148 150 151 150 150 148 149 150 151 151 153 153 153 156 158 158 158 157 155 153 153 155 153 152 153 153 152 151 150 149 148 146 145 146 149 151 155 160 163 159 153 151
135 136 135 136 136 136 138 138 136 136 136 136 136 135 135 135 136 136 136 136 136 135 135 136 136 136 136 136 136 136 136 135 135 135 135 136 136 136 136 136 135 135 135 135 136 137 138 139 139 140 140 140 142 143 145 146 147 147 147 149 150 149 149 148 149 151 151 152 154 155 155 157 160 161 161 159 157 157 154 157 157 155 155 153 153 151 149 148 147 146 147 147 149 150 154 161 163 160 154 156
134 135 136 136 136 137 136 137 137 136 136 136 136 135 135 136 136 136 136 136 136 136 136 136 136 136 136 136 136 136 136 136 135 136 136 136 136 136 136 136 136 136 136 136 136 137 138 139 139 140 139 140 141 142 143 145 145 145 146 146 146 147 146 148 149 150 152 153 154 155 157 158 162 165 164 161 160 160 157 155 158 159 159 157 154 152 149 148 148 148 149 150 150 153 157 162 164 161 156 161
135 136 136 136 136 137 136 136 136 136 136 136 135 135 135 136 136 136 136 136 136 136 136 136 136 136 136 136 136 136 136 136 136 136 136 136 136 136 136 136 136 136 136 136 136 137 138 139 139 140 139 140 140 140 141 141 143 144 145 144 145 146 147 148 149 150 151 152 154 156 159 160 164 167 166 164 164 162 157 155 157 160 161 159 156 153 151 150 149 150 151 153 153 155 161 165 166 162 159 164
138 136 136 136 136 136 136 136 136 136 135 135 135 135 135 136 136 136 136 136 136 136 136 136 136 136 136 136 136 136 136 136 136 136 136 136 136 137 136 136 136 136 136 136 136 137 138 139 140 140 142 141 141 141 143 145 148 146 143 144 145 146 148 149 149 150 151 153 155 159 163 165 164 167 167 166 166 163 158 156 155 157 159 159 159 156 153 151 150 152 154 157 157 159 163 167 168 164 161 165
138 137 137 137 138 136 136 136 136 136 135 135 135 135 135 136 136 136 136 136 136 136 136 136 136 136 136 136 136 136 136 136 136 136 136 136 136 136 136 136 136 136 136 136 136 137 138 139 140 141 142 143 143 144 146 147 147 146 145 144 144 146 147 148 149 149 152 154 158 162 166 167 165 165 166 166 164 162 159 158 157 156 157 158 160 159 157 154 153 156 157 160 160 162 166 168 169 166 163 164
136 138 137 137 137 136 136 136 136 135 135 135 135 135 135 136 136 136 136 136 136 136 136 136 136 136 136 136 136 136 136 136 136 136 136 136 136 136 136 136 136 136 136 137 136 136 137 139 139 141 142 144 145 144 145 146 146 146 147 146 145 146 146 147 149 150 151 154 157 162 166 168 167 166 167 167 166 163 160 158 157 157 157 159 160 161 162 159 157 158 160 161 162 164 166 168 168 167 166 165
135 136 138 138 136 136 136 136 136 136 135 135 135 135 136 136 136 136 136 136 136 136 136 136 136 136 136 136 136 136 136 136 136 136 136 136 136 136 136 136 136 136 136 137 137 136 137 138 138 140 141 145 146 146 146 145 145 146 146 146 146 146 147 147 148 150 151 155 157 163 165 167 168 168 169 170 169 167 162 160 158 158 159 160 161 161 162 163 162 160 160 162 162 164 165 166 167 168 167 169
135 136 138 138 136 136 136 136 136 136 136 135 135 135 136 136 136 136 136 136 136 136 136 136 136 136 136 136 136 136 136 136 136 136 136 136 136 137 137 136 136 136 136 137 137 136 137 137 138 139 140 143 145 146 147 147 147 147 146 146 146 147 147 147 148 151 152 154 158 164 164 166 166 168 170 172 172 169 165 160 159 161 162 163 162 162 162 164 166 164 161 160 160 162 164 164 164 166 168 169
135 136 136 137 137 136 136 136 136 136 136 135 135 135 136 136 136 136 136 136 136 136 136 136 136 136 136 136 136 136 136 136 136 136 136 136 136 137 136 136 136 136 136 136 137 136 137 137 138 139 142 143 145 147 149 150 149 148 147 147 147 147 147 147 149 151 152 155 158 164 165 166 166 168 171 172 172 169 165 161 160 162 162 162 163 162 161 163 165 165 161 159 157 159 161 161 163 165 167 167
135 136 136 136 137 136 136 136 136 136 136 136 136 136 136 136 136 136 136 136 136 136 136 136 136 136 136 136 135 135 136 136 136 136 136 136 137 136 136 136 136 136 136 136 136 136 137 137 138 139 142 143 145 148 151 152 151 149 148 148 147 147 148 150 149 150 151 154 157 164 165 161 164 166 170 172 172 169 166 163 162 160 160 161 161 160 159 162 164 164 160 157 156 158 159 161 163 165 167 167
135 135 135 136 137 136 136 136 136 136 136 136 136 136 136 136 136 136 136 136 136 136 136 136 136 136 136 135 135 135 135 136 136 136 136 137 136 136 136 136 136 136 136 136 136 137 137 137 138 139 141 142 144 148 151 154 154 153 151 149 149 148 148 149 148 149 151 153 157 167 168 163 160 163 167 168 169 168 166 165 162 160 158 157 158 157 157 160 163 161 158 156 155 157 158 159 161 165 166 166
134 135 135 135 136 137 136 136 136 136 136 136 136 136 136 136 136 136 136 136 136 136 136 136 136 136 136 135 135 135 135 136 136 136 136 136 136 136 136 136 136 136 136 136 136 136 137 137 139 140 140 142 144 147 150 153 154 154 152 151 151 149 149 148 148 148 150 153 157 170 167 162 158 160 162 165 166 166 164 163 162 161 158 156 156 155 155 158 160 160 157 155 154 155 157 160 163 166 167 166
134 135 135 136 136 137 136 136 136 136 136 136 136 136 136 136 136 136 136 136 136 136 136 136 136 136 136 135 135 135 135 136 136 136 136 136 136 136 136 136 136 136 136 136 136 137 137 138 140 140 141 142 144 145 147 150 154 154 153 152 152 150 150 149 147 148 149 152 156 164 164 163 158 156 158 162 163 162 160 161 160 159 157 156 155 154 154 157 160 159 156 153 153 155 159 162 165 166 166 165
135 136 136 136 136 137 136 136 136 136 136 136 136 136 136 136 136 136 136 136 136 136 136 136 136 136 136 136 136 136 136 136 136 136 136 136 136 136 136 136 136 136 136 136 137 138 139 141 142 142 143 143 144 146 148 152 155 154 153 152 153 151 150 149 148 148 149 152 156 161 165 163 159 156 156 159 158 157 157 158 158 157 156 156 155 153 152 154 157 156 154 152 154 158 160 163 164 164 164 162
135 136 136 136 136 137 136 136 136 136 136 136 136 136 136 136 136 136 136 136 136 136 136 135 135 135 135 136 136 136 136 136 136 136 136 136 136 136 136 136 136 136 136 136 136 138 140 141 143 145 145 146 147 150 152 155 157 155 154 152 152 151 149 149 148 148 150 152 155 159 165 165 162 159 154 155 154 154 155 156 156 157 156 155 154 151 151 153 154 154 153 152 156 159 161 164 165 163 162 158
135 136 136 136 136 137 137 136 136 136 136 136 136 136 136 136 136 136 136 136 136 136 135 135 135 135 135 136 136 136 136 136 136 136 136 136 136 136 136 136 136 136 136 136 136 137 140 141 144 145 147 149 152 156 158 159 159 157 156 154 150 149 149 149 148 149 150 151 154 159 162 164 162 157 152 151 151 152 154 154 154 155 154 153 152 152 151 151 152 153 153 152 153 157 161 164 164 161 158 155
134 136 136 136 136 137 138 136 136 136 136 136 136 136 136 136 136 136 136 136 136 136 136 135 135 135 135 136 136 136 136 136 136 136 136 136 136 136 136 136 136 136 136 136 136 136 138 140 143 146 148 153 157 159 160 160 160 158 155 153 150 148 148 148 148 149 150 151 155 157 159 161 158 154 151 150 149 151 152 151 153 154 153 152 151 150 150 151 152 151 151 150 152 154 158 161 161 160 158 155
134 135 136 136 136 138 136 136 136 136 136 136 136 136 136 136 136 136 136 136 136 136 137 136 135 135 135 136 136 136 136 136 136 136 136 136 136 136 136 136 136 136 136 136 136 136 137 138 141 143 147 151 154 157 158 157 156 155 152 150 147 146 147 148 149 150 152 153 154 155 156 157 155 153 150 148 148 149 149 150 153 154 153 151 150 149 149 150 150 149 149 150 152 153 155 156 156 156 155 154
135 136 136 136 138 136 136 136 136 136 136 136 136 136 136 136 136 136 136 136 136 136 137 137 136 136 136 136 136 136 136 136 136 136 136 136 136 136 136 136 136 136 136 136 136 136 137 137 138 140 142 144 146 149 151 152 152 151 149 147 145 145 148 150 151 153 154 154 153 153 154 154 153 152 150 147 147 148 149 150 152 153 151 149 149 148 148 149 149 148 148 149 150 150 154 154 151 153 152 149
135 136 136 137 137 136 136 136 136 136 136 136 136 136 136 136 136 136 136 136 136 137 137 137 137 136 136 136 136 136 136 136 136 136 136 136 136 136 136 136 136 136 136 136 136 136 137 137 137 137 138 141 142 143 145 147 148 149 148 149 148 146 145 149 151 153 155 155 152 151 153 151 151 153 150 147 145 146 147 148 149 151 150 148 147 148 149 149 149 148 148 148 147 148 150 150 149 148 145 144
134 136 136 138 136 136 137 137 137 137 138 137 137 137 137 137 137 136 136 136 136 137 137 137 136 136 136 136 136 136 136 136 136 136 136 136 136 136 136 136 136 136 136 136 136 136 136 137 137 136 137 138 140 141 142 146 149 150 153 153 152 149 145 144 148 152 154 155 153 150 152 152 149 150 148 146 145 145 146 146 148 149 149 146 150 152 152 151 151 151 152 151 150 147 145 146 145 144 144 144
134 136 137 138 136 137 138 139 140 141 140 138 138 138 138 138 137 137 136 137 137 137 138 137 136 136 136 136 136 136 136 136 136 136 136 136 135 135 136 136 136 136 136 136 136 136 136 136 136 136 136 137 138 140 142 149 152 154 154 154 152 151 148 143 144 148 152 155 155 151 150 151 148 148 147 145 144 144 144 146 149 148 146 147 150 150 152 153 155 153 152 150 150 149 148 144 143 144 144 144
135 137 139 137 138 138 140 142 144 146 146 144 139 139 139 138 137 136 137 138 138 138 138 138 137 137 137 137 136 136 136 136 136 136 136 136 135 135 136 136 136 136 136 136 136 136 136 136 136 136 136 136 137 138 139 144 149 153 153 152 150 149 147 144 141 146 152 152 152 152 150 149 146 146 144 144 148 147 146 147 149 147 145 148 148 147 148 150 151 148 147 146 146 146 144 143 144 145 145 146
136 139 139 138 138 138 141 143 144 146 146 145 143 144 141 138 136 137 138 138 138 137 137 137 137 137 137 136 136 136 136 136 136 136 136 135 135 135 136 136 136 136 136 136 136 137 137 137 136 135 135 136 137 138 138 140 143 147 148 146 144 144 145 143 141 144 148 148 148 150 151 148 146 144 143 146 152 150 148 148 148 146 145 147 148 146 146 146 146 145 144 144 144 144 143 143 144 145 146 147
137 137 138 140 141 140 140 143 145 145 145 144 145 143 139 138 136 136 137 137 136 136 136 136 137 137 136 136 136 136 136 136 136 136 136 136 136 136 136 136 136 136 136 136 136 137 138 137 136 135 135 136 136 137 138 139 140 140 140 140 140 140 141 141 141 143 145 145 145 146 146 146 146 145 143 147 148 146 145 145 144 144 145 148 148 147 145 144 144 144 143 143 144 143 142 143 144 146 147 149
138 137 138 141 141 141 142 143 144 143 143 144 144 143 140 137 136 136 136 136 136 136 136 136 136 136 136 136 136 136 136 136 136 136 136 136 136 136 136 137 137 136 136 137 137 137 138 137 136 135 136 137 136 136 137 138 139 138 138 138 138 139 140 145 144 141 143 143 145 144 143 144 145 145 142 144 143 143 142 143 143 144 146 148 148 147 145 143 142 143 142 143 143 143 143 144 145 146 148 152
137 137 138 139 141 141 142 141 142 144 143 143 142 143 140 138 136 136 136 136 136 136 136 136 136 136 136 136 136 136 136 136 136 136 136 136 136 136 136 137 137 136 136 136 136 136 136 136 136 136 136 136 136 137 136 137 138 137 138 138 138 138 141 144 142 140 141 141 142 143 142 142 144 143 142 143 143 144 143 142 142 144 146 147 147 147 145 142 141 142 143 143 144 143 143 145 146 148 151 152
137 136 137 138 139 140 139 139 143 143 141 141 140 139 138 137 136 136 136 136 136 136 136 136 136 136 136 136 136 136 136 136 136 136 136 136 136 137 137 137 137 136 136 136 136 136 136 136 136 137 136 137 138 138 135 135 137 139 138 138 138 138 139 140 139 139 140 140 142 142 141 142 142 143 144 145 145 146 145 143 142 144 145 146 146 145 144 141 141 141 142 143 143 143 144 146 150 149 151 153
137 136 137 138 138 139 138 138 138 139 138 138 139 138 138 137 136 136 136 136 136 136 136 136 136 136 136 136 136 136 136 136 136 137 137 137 137 137 137 137 137 136 136 137 137 136 136 136 137 137 137 139 138 137 136 136 138 139 138 139 139 139 139 140 140 140 140 140 141 140 142 142 143 144 145 145 147 146 145 144 143 145 145 145 145 145 142 141 141 141 142 142 143 144 146 147 149 150 150 152
137 137 138 138 139 139 139 138 138 138 138 138 139 138 138 137 137 136 136 136 136 136 136 136 136 136 136 136 136 136 136 137 137 138 138 137 136 136 136 137 137 136 137 137 138 137 137 138 138 139 140 139 139 138 137 138 139 139 140 140 140 140 140 139 139 140 141 141 142 141 142 143 144 145 145 144 145 144 144 144 141 144 145 144 145 145 142 142 143 142 143 144 144 145 147 147 147 149 150 153
137 138 138 138 139 139 140 140 139 138 138 138 138 138 139 138 137 137 136 136 136 136 136 136 136 136 135 136 136 136 136 137 137 138 137 136 136 136 136 136 137 136 137 138 138 138 139 139 138 138 139 139 139 138 138 140 141 141 139 139 139 138 139 139 139 141 144 144 144 144 144 146 145 144 144 143 143 143 142 142 142 143 144 144 144 142 142 143 143 143 143 144 144 147 150 150 148 150 152 155
137 137 136 136 137 137 139 141 140 139 139 139 139 140 140 139 138 137 136 136 136 136 136 136 136 136 136 136 136 136 136 137 137 137 136 136 136 136 136 136 136 137 138 139 139 139 139 138 139 139 139 139 139 139 139 139 139 138 139 141 140 139 139 139 140 144 147 148 149 148 147 147 146 145 144 143 143 143 142 142 142 144 144 143 142 141 142 143 143 142 143 143 145 146 148 150 152 153 158 159
138 138 138 136 136 137 138 139 139 139 139 139 140 142 141 138 138 137 137 136 136 136 136 135 135 136 137 136 136 136 136 137 136 136 136 136 136 136 136 137 137 138 138 139 139 139 139 138 139 139 139 138 139 139 139 138 138 138 138 141 141 139 139 140 144 148 151 152 152 151 149 150 149 148 146 145 146 145 143 141 141 144 141 141 141 141 141 142 142 143 144 145 147 149 151 154 156 157 161 166
136 138 137 136 137 137 138 138 140 141 140 139 139 140 139 139 138 138 137 136 136 136 136 136 135 136 136 136 136 137 137 137 137 137 137 136 136 136 137 137 138 138 138 138 138 138 138 138 139 139 138 138 139 138 138 137 138 138 138 141 143 141 142 145 148 152 151 148 148 151 153 155 154 151 148 145 145 145 142 141 140 140 141 140 141 141 142 144 146 146 145 145 147 149 152 157 161 164 166 169
136 138 137 136 137 137 138 137 139 140 140 140 141 141 143 143 141 138 137 136 136 136 136 136 136 136 136 136 137 137 138 138 138 138 137 137 137 137 137 138 138 138 137 137 137 137 138 138 139 138 138 138 139 139 138 137 137 138 138 141 146 145 146 150 152 150 147 145 147 152 156 157 156 154 149 146 143 142 140 140 140 140 141 141 141 142 144 145 146 148 148 146 146 148 153 157 163 168 171 174
137 139 137 136 136 137 137 137 138 139 141 142 144 146 148 149 146 141 138 136 136 137 136 136 136 136 136 136 137 138 137 138 138 138 138 138 138 137 138 138 137 137 137 137 137 137 138 138 138 138 137 138 139 141 140 138 137 138 140 143 148 146 148 150 148 145 143 145 149 154 158 158 156 151 145 143 141 140 139 140 140 140 141 141 143 145 146 145 147 148 148 147 146 148 152 156 162 168 173 177
138 138 136 135 136 136 136 137 139 141 144 147 149 152 153 154 150 143 139 138 138 138 137 136 136 137 137 136 136 137 139 138 139 138 138 138 138 137 137 137 137 137 137 137 137 137 138 138 139 139 137 137 138 139 139 138 138 140 144 148 146 144 147 144 141 141 143 148 153 157 159 158 154 147 143 141 141 140 140 140 143 144 145 146 147 146 146 147 148 149 150 149 147 148 151 155 160 167 171 176
138 137 136 136 136 136 136 138 140 145 148 151 153 155 155 155 152 145 140 138 138 137 137 137 137 137 137 138 138 138 138 138 138 137 137 138 137 137 137 137 138 137 137 137 137 137 138 138 140 139 137 137 137 138 138 139 139 143 146 144 141 141 141 139 139 143 147 150 154 157 156 154 150 145 142 140 140 140 139 144 145 145 146 147 146 145 145 147 149 151 153 151 149 149 150 154 159 164 167 171
138 138 138 137 136 136 138 139 142 149 152 154 155 155 154 153 151 147 141 138 138 138 138 137 137 137 137 137 137 138 140 142 140 141 138 138 138 138 138 138 138 138 137 137 137 138 137 137 137 137 137 137 136 137 138 140 141 143 141 139 138 138 139 140 140 143 144 147 151 152 152 151 148 146 143 140 139 139 141 144 144 144 145 146 145 144 146 149 151 153 154 152 149 150 151 155 158 161 162 165
136 137 138 137 136 136 137 138 141 148 151 153 153 153 152 150 148 145 143 139 138 137 137 136 136 136 136 136 137 139 143 144 139 138 138 138 138 139 139 139 139 138 138 138 138 138 138 138 137 137 137 137 137 138 139 140 141 139 139 138 138 140 144 146 142 141 143 145 147 147 147 147 145 145 145 142 139 139 141 142 142 144 144 145 148 145 148 151 153 153 152 150 150 150 152 154 156 160 164 167
136 137 137 137 137 136 136 137 140 145 148 148 148 149 149 146 145 142 142 139 138 137 136 137 137 137 136 136 137 139 142 143 138 138 138 138 138 139 139 139 139 139 139 138 138 139 139 139 138 137 137 138 138 138 138 139 137 138 138 139 141 146 152 151 144 143 146 150 147 145 145 144 143 144 144 140 139 139 141 142 142 141 141 142 145 146 149 150 150 149 149 151 152 153 154 156 160 164 168 171
137 139 138 138 137 137 137 137 139 141 143 143 141 142 141 141 140 139 138 138 137 136 137 137 137 138 137 137 138 140 141 140 139 138 138 138 138 138 139 139 140 140 139 139 139 140 140 139 138 138 138 138 138 138 138 138 138 138 139 141 146 151 153 149 146 147 149 151 149 145 143 142 142 144 142 139 139 140 143 144 144 144 144 142 143 146 147 146 146 148 149 152 154 156 159 161 164 167 170 172
138 138 137 138 137 137 137 137 138 139 139 139 138 138 138 139 139 138 138 137 137 137 137 137 137 138 139 138 138 139 140 138 138 138 138 139 139 139 139 139 139 140 140 139 140 141 140 139 139 139 138 138 139 138 138 138 138 139 142 147 152 155 153 147 145 148 150 152 151 148 144 141 141 142 141 139 139 140 143 144 146 147 147 144 144 145 145 145 146 146 148 150 154 157 162 165 167 168 170 170
138 136 137 138 137 137 137 137 138 138 139 137 137 137 137 137 138 138 138 138 137 137 137 137 138 138 139 139 139 139 139 138 138 138 138 139 139 139 138 139 138 140 140 140 140 141 140 141 141 140 138 138 138 138 138 138 138 141 148 154 157 156 150 145 144 147 151 152 150 148 144 141 140 139 139 142 144 143 142 143 145 148 148 147 146 146 146 148 149 148 148 150 154 158 161 163 164 165 166 166
137 137 137 138 138 138 138 137 138 138 138 138 139 138 139 138 138 138 139 138 137 137 138 138 138 138 138 138 139 138 139 138 138 138 138 139 139 139 139 139 139 139 140 140 141 140 141 142 141 140 139 137 138 138 138 138 139 145 152 155 155 150 146 142 142 146 148 146 144 142 140 138 139 141 145 146 143 141 141 141 143 147 148 148 147 147 147 150 152 152 150 151 153 156 159 159 160 165 167 169
137 138 138 139 139 140 138 137 139 139 141 142 142 141 139 139 139 140 139 138 137 138 139 139 139 139 139 138 138 138 139 138 139 139 139 138 138 139 139 139 140 140 140 140 140 140 140 141 141 140 139 137 138 138 138 138 139 141 146 147 145 141 139 139 139 141 142 140 139 139 138 139 142 143 142 141 140 141 142 141 141 143 145 145 146 147 149 150 152 154 152 150 152 154 155 161 166 171 172 172
137 138 139 140 139 139 139 141 144 146 146 146 144 142 140 139 139 139 139 139 139 140 139 139 140 140 138 138 139 139 139 139 139 139 139 139 139 139 139 139 138 139 139 140 140 140 140 140 139 139 139 139 138 139 138 138 138 138 138 138 138 138 139 139 138 138 138 138 138 138 140 142 143 142 140 140 141 144 143 142 142 142 142 144 146 148 148 149 150 152 152 151 153 155 159 166 171 175 174 175
138 139 140 142 140 141 143 145 146 146 144 141 140 139 138 139 139 141 141 139 139 140 140 139 139 139 139 139 140 139 139 138 139 139 139 138 139 139 139 138 139 139 140 140 140 141 140 140 139 139 140 139 139 139 138 137 138 137 137 137 137 138 139 138 138 139 138 138 138 138 139 139 140 140 139 140 142 144 143 142 142 142 144 147 148 148 147 148 151 154 155 156 158 160 162 169 174 176 177 178
139 139 140 143 143 145 147 145 143 141 140 140 140 140 141 141 141 142 143 140 140 142 141 140 139 138 138 138 138 138 138 138 138 139 138 138 139 138 139 139 139 139 140 141 141 142 140 140 140 140 141 143 144 141 139 137 137 138 137 137 137 138 138 138 138 139 143 142 139 140 140 139 140 142 141 142 144 143 142 143 142 143 146 146 146 149 148 148 151 156 160 163 165 166 165 170 175 177 178 178
