# 100 100
222 220 217 214 214 212 211 209 206 203 203 204 206 206 206 205 204 202 202 203 201 200 199 199 199 200 199 199 200 200 199 199 199 201 201 202 203 202 202 203 204 205 203 201 200 197 192 193 197 201 210 216 218 217 217 215 213 211 207 204 199 197 197 197 194 192 193 191 190 187 190 191 188 186 184 193 193 192 188 183 178 172 179 182 183 185 184 182 178 180 180 182 180 176 173 166 162 161 160 158
216 216 214 212 212 212 211 209 206 204 204 207 208 208 208 207 207 205 203 201 201 200 200 200 200 200 200 201 202 202 201 200 199 199 199 201 201 200 201 201 201 202 200 198 196 193 192 195 199 205 212 217 220 221 221 220 216 211 206 203 201 203 202 200 196 196 197 196 193 189 191 192 189 186 187 193 193 189 184 181 177 173 182 185 185 186 186 183 181 182 181 180 177 175 172 167 162 162 160 159
208 209 209 209 211 210 208 207 206 206 207 210 211 211 210 209 208 206 205 203 202 201 201 201 201 201 202 202 204 203 203 202 201 200 198 198 198 198 200 200 198 198 197 195 193 193 195 198 201 206 213 218 221 223 223 222 218 212 209 209 207 207 205 202 199 199 200 198 195 192 193 194 191 185 191 192 190 186 181 178 177 174 183 186 187 187 186 185 184 184 182 178 173 169 169 164 160 159 158 158
202 203 205 209 209 206 206 206 207 207 209 212 214 214 212 210 208 207 207 206 205 204 204 203 203 203 204 205 206 205 205 205 205 204 203 202 201 198 196 196 195 195 196 196 194 196 199 201 205 209 213 217 220 222 223 222 220 216 215 215 211 210 209 207 204 203 203 200 197 195 197 195 193 187 191 191 189 185 183 183 180 175 182 186 187 187 187 187 186 185 182 178 171 166 162 162 161 159 158 165
201 202 203 206 205 205 205 206 207 209 212 215 218 217 216 214 212 212 211 209 208 209 208 207 206 207 208 209 209 209 208 208 209 209 208 208 207 204 201 201 200 199 200 198 196 197 200 204 209 212 216 217 219 220 222 222 221 220 219 218 215 214 214 212 208 208 207 203 197 200 199 196 192 188 192 192 191 188 186 184 180 176 180 185 187 186 186 187 187 184 181 177 171 167 165 167 162 158 159 165
206 206 204 204 204 205 206 207 210 213 215 219 221 221 220 219 217 216 215 214 213 214 213 212 211 211 212 214 215 213 212 212 213 214 213 212 210 209 208 207 204 203 201 200 198 199 201 206 209 211 214 216 217 218 219 220 220 220 219 219 218 218 217 215 213 211 208 202 200 204 201 197 192 189 193 193 192 190 187 184 178 181 184 185 186 187 187 187 186 182 177 173 170 167 168 170 162 158 159 167
209 209 208 208 207 207 208 211 214 216 219 220 221 221 221 221 220 219 218 216 216 217 217 217 216 216 217 218 219 217 216 216 216 216 216 215 214 212 211 210 207 205 203 201 201 202 203 205 207 209 211 213 214 215 215 216 218 218 218 218 218 219 218 216 214 210 205 202 205 207 203 199 196 192 190 193 192 189 187 185 179 184 187 187 186 187 187 186 183 178 173 170 170 171 174 172 163 159 159 165
213 214 212 212 210 209 212 215 218 220 220 219 217 218 219 220 218 217 216 216 215 215 216 216 217 218 218 219 220 220 219 218 217 215 214 215 214 213 212 210 208 206 204 204 204 205 205 205 205 206 208 210 211 211 211 213 216 217 215 215 218 219 218 217 212 208 207 208 210 209 204 202 197 193 191 193 191 189 187 185 180 185 188 187 185 185 185 184 180 175 173 177 177 178 179 173 164 159 159 165
217 216 214 214 213 213 216 218 220 220 217 215 213 213 215 216 214 214 213 213 212 212 213 212 213 215 215 216 217 219 219 218 216 213 211 211 211 211 210 209 208 206 205 206 206 206 205 203 202 203 207 208 207 207 208 211 213 213 212 214 217 218 218 218 215 213 213 212 212 209 205 200 196 193 195 194 191 189 187 185 181 184 188 187 184 182 182 182 178 174 180 183 182 183 179 169 162 159 159 165
218 217 215 214 213 215 217 219 219 218 215 212 210 209 211 211 210 210 210 209 208 209 209 207 207 209 210 210 213 214 214 214 213 212 209 207 208 208 207 207 206 204 206 206 206 205 203 201 200 203 205 205 204 204 207 209 209 209 210 214 217 217 217 218 216 215 214 213 211 209 205 200 194 195 196 193 191 188 185 184 181 185 188 187 186 184 181 178 176 178 186 186 183 181 175 162 159 160 164 175
218 216 214 212 212 214 215 216 216 214 212 210 207 205 208 209 208 207 208 206 205 206 206 204 203 204 204 205 207 208 208 209 208 209 208 204 205 206 205 203 203 203 205 205 205 203 200 198 198 202 203 202 201 202 204 204 206 208 211 213 215 215 214 216 214 213 212 211 209 205 201 197 194 196 196 193 191 187 185 183 183 187 189 188 187 186 183 179 182 184 188 186 180 174 166 159 160 161 172 179
216 215 213 211 210 212 212 212 212 210 209 207 205 203 204 207 206 205 207 205 202 202 204 203 201 199 199 201 203 202 203 204 202 204 205 203 202 204 202 201 200 200 203 204 204 202 198 195 197 200 200 200 199 200 201 203 207 209 211 211 212 212 211 212 210 209 209 208 206 202 198 195 196 198 198 196 193 190 188 186 187 188 189 189 187 184 182 183 188 189 188 185 177 169 161 159 163 171 167 167
213 212 210 209 208 209 209 210 210 209 207 205 204 202 202 205 205 204 205 205 202 200 202 204 202 199 196 199 199 198 202 201 198 199 199 199 201 203 201 199 198 199 202 203 202 201 199 195 194 197 198 198 198 197 200 204 206 207 208 209 208 208 207 207 206 206 206 205 204 200 197 196 198 199 200 197 195 193 190 187 190 190 190 190 187 186 189 188 190 189 188 185 175 165 160 159 165 181 180 178
210 210 209 210 209 207 207 207 207 207 206 204 202 201 201 203 204 203 202 204 202 198 199 202 202 201 197 195 195 195 199 198 195 194 197 199 202 203 202 199 197 197 200 201 200 199 197 194 192 195 196 197 196 197 200 201 202 204 205 205 204 203 203 204 202 203 203 202 201 199 198 198 200 201 200 198 195 193 190 189 191 191 190 190 188 189 191 191 191 187 186 181 173 165 161 159 166 181 182 181
213 214 213 213 213 209 207 205 204 204 203 203 201 199 199 200 201 202 200 202 201 198 196 199 197 196 196 194 192 193 197 197 193 194 200 202 203 203 203 201 198 196 198 198 197 195 194 191 191 195 195 195 195 194 196 197 199 200 202 202 201 200 200 200 199 200 200 199 199 199 201 202 203 203 202 199 196 193 192 193 193 193 191 190 190 190 191 192 191 187 182 177 169 165 161 159 162 174 180 180
218 218 217 216 214 211 208 206 205 203 203 202 201 201 199 198 200 200 199 200 200 198 193 193 192 191 191 192 190 189 193 195 191 190 199 203 202 202 202 202 200 196 194 194 193 191 189 188 191 194 194 193 193 192 193 195 196 196 198 199 198 197 198 199 198 198 197 198 199 200 202 204 205 205 204 202 198 194 194 195 194 194 192 191 191 191 191 192 192 189 185 178 171 165 161 159 161 166 172 178
221 221 219 218 215 212 210 210 209 208 207 206 205 204 202 198 199 200 197 197 197 195 191 192 195 193 190 188 188 187 187 189 188 187 195 202 201 199 200 199 199 197 194 192 190 188 187 186 189 192 194 193 192 194 192 192 194 194 194 195 195 195 195 196 196 195 196 197 199 201 203 205 207 207 205 202 197 195 195 194 192 191 190 190 191 191 192 192 192 190 185 176 170 165 161 160 163 167 171 178
223 223 221 218 216 214 213 212 212 211 210 209 207 204 203 199 197 196 196 194 193 192 193 198 201 199 196 193 190 191 189 187 185 185 190 197 199 195 194 193 196 195 194 193 192 191 189 185 187 191 195 194 191 192 190 191 193 192 191 192 192 194 193 193 193 194 196 199 201 203 205 208 210 209 207 202 197 193 194 192 189 187 188 187 187 189 191 191 191 189 183 176 170 164 159 160 166 175 179 180
224 223 221 219 217 216 214 214 213 212 211 209 207 206 205 203 200 196 196 197 198 198 198 203 206 204 201 198 195 199 197 192 191 188 185 189 193 192 187 188 192 191 191 189 188 189 187 183 184 186 190 189 189 190 189 188 189 188 189 190 191 192 192 193 194 196 197 200 204 207 208 210 213 211 209 205 201 196 190 188 185 183 184 184 183 185 188 188 186 182 179 176 171 163 159 160 164 175 182 183
222 221 220 218 216 214 213 212 211 211 210 208 206 205 203 201 199 199 200 202 203 203 203 206 208 207 204 198 200 204 202 196 197 194 188 184 184 185 184 183 184 184 185 183 182 182 183 187 189 187 186 185 185 187 187 188 189 189 190 190 190 192 193 193 195 197 199 201 205 208 211 213 214 213 211 208 204 198 194 191 186 181 179 182 182 181 188 186 181 176 174 171 167 163 160 160 161 167 178 179
216 217 217 215 213 211 210 210 209 209 209 207 203 202 201 200 202 204 204 205 206 206 206 208 210 209 205 200 205 207 205 202 202 198 192 187 183 182 182 183 181 181 181 182 184 183 189 193 195 195 194 192 188 190 191 193 192 191 193 193 192 194 196 196 196 197 200 203 206 210 212 214 214 213 210 206 202 199 197 194 190 184 179 177 178 178 187 184 180 176 170 167 165 164 163 161 160 160 162 168
209 211 214 212 209 208 209 208 208 207 207 205 203 204 204 204 204 204 204 205 206 208 209 210 211 211 209 206 208 210 209 208 207 203 196 191 190 191 190 189 184 180 183 188 190 186 187 194 198 199 197 194 192 195 195 195 194 191 194 196 195 197 199 199 200 201 200 203 207 211 213 213 213 211 206 202 198 195 197 196 193 188 183 179 175 174 179 180 177 174 171 170 171 167 166 165 162 161 160 163
203 206 208 208 206 207 211 212 211 208 206 205 205 206 205 205 205 204 204 205 206 207 209 211 212 212 211 209 210 211 210 210 208 202 198 198 198 196 194 189 183 180 184 191 193 191 186 192 198 200 198 195 195 198 198 197 195 193 196 198 199 200 202 203 204 205 204 203 207 211 213 212 212 210 204 199 195 192 190 193 194 190 185 180 176 172 173 178 175 174 174 174 175 171 170 170 166 162 161 162
200 202 203 203 203 205 209 209 208 207 206 206 205 204 203 203 206 206 204 203 204 207 209 211 212 212 212 210 210 210 210 210 208 206 204 202 198 194 190 185 180 181 186 190 194 193 188 194 200 201 201 200 198 200 200 198 196 194 196 199 201 203 205 207 208 209 208 208 207 209 210 211 212 211 207 204 202 198 191 186 189 189 184 180 175 171 168 173 177 178 176 174 173 172 171 170 167 162 161 162
207 210 211 209 205 204 206 207 206 205 205 205 204 203 202 202 204 205 204 202 204 206 208 210 211 211 210 208 207 208 209 209 208 206 204 202 195 189 185 182 180 186 192 192 195 194 190 196 201 204 204 204 202 202 201 199 197 197 198 198 201 204 207 210 212 213 213 213 212 210 211 214 215 215 213 210 208 204 197 189 182 183 182 182 179 174 168 169 179 176 172 166 166 167 165 163 163 162 162 162
215 215 214 210 206 205 206 206 207 206 205 205 203 202 202 201 202 203 202 200 203 205 206 208 209 209 208 205 202 204 207 207 205 202 201 200 196 190 184 180 181 191 197 197 196 195 192 195 200 203 206 206 205 205 203 201 198 199 202 200 200 203 207 211 214 216 217 216 215 214 214 217 218 218 217 214 212 209 202 194 187 180 177 177 178 175 170 166 172 164 162 162 162 163 163 163 163 163 163 162
217 217 214 210 206 205 206 208 208 207 206 204 203 202 202 200 201 204 200 198 201 202 204 205 206 207 206 203 199 201 204 204 202 197 194 194 191 186 182 179 182 193 200 201 199 197 194 194 198 202 205 207 207 207 204 202 200 203 204 203 202 203 206 211 214 217 218 217 215 214 216 218 219 218 216 215 214 211 206 199 192 184 179 174 171 171 169 165 162 162 164 165 165 165 164 165 167 168 167 165
216 215 214 210 207 206 207 208 208 207 205 203 202 200 201 199 201 203 199 197 198 199 201 202 204 204 203 201 196 198 201 200 201 198 191 187 186 182 179 180 186 196 202 202 201 199 196 195 198 200 204 208 209 207 205 203 202 206 207 207 206 206 207 210 213 215 216 213 209 210 214 217 217 216 213 211 211 208 205 199 193 187 181 180 175 168 166 163 162 168 173 172 179 177 172 174 179 179 173 168
214 213 212 210 208 207 207 208 207 206 205 203 204 203 200 197 200 202 199 195 195 197 198 200 201 202 201 198 193 195 198 196 197 196 190 184 181 180 179 183 192 198 201 202 202 201 199 199 201 203 205 208 210 209 207 204 204 207 209 210 210 210 210 210 212 213 212 209 204 206 211 213 214 213 210 205 204 202 200 196 191 187 185 184 179 171 164 162 169 183 184 180 189 190 189 185 186 186 176 174
212 210 208 207 207 208 208 208 207 206 205 206 205 204 203 200 197 198 197 193 196 198 198 199 200 202 201 198 193 191 194 192 194 193 188 182 179 179 182 188 195 197 199 201 203 202 202 203 204 207 208 209 211 212 209 207 208 209 211 213 214 213 212 212 213 211 208 205 201 204 209 211 210 210 210 205 198 193 192 191 190 190 187 182 177 171 164 165 181 186 185 185 189 190 191 191 190 184 176 181
209 207 204 203 203 205 208 208 207 206 207 206 204 203 202 200 198 194 193 192 197 201 200 200 200 201 201 199 195 189 189 188 190 191 187 181 177 180 187 193 195 194 196 199 202 204 205 206 208 210 212 213 214 214 213 212 212 212 213 214 215 214 212 212 211 209 205 200 198 203 209 209 207 209 210 206 201 194 187 183 185 188 185 181 175 169 164 172 181 177 177 181 185 188 190 189 188 183 180 182
205 203 200 199 198 201 204 205 205 206 206 205 203 202 202 201 200 195 191 193 198 202 202 201 201 200 200 198 195 191 186 184 185 187 184 180 177 181 190 193 193 192 193 195 199 203 206 208 211 214 216 218 218 217 216 216 215 215 215 215 214 213 209 208 208 205 201 196 196 202 206 207 204 207 207 203 199 195 190 184 178 177 177 176 170 166 164 169 169 171 172 176 178 181 185 189 189 186 186 184
203 201 199 198 197 196 198 200 203 206 205 204 201 199 199 199 197 192 191 196 199 203 204 202 202 201 199 195 193 192 189 184 181 180 180 179 177 183 191 192 192 190 189 192 196 201 206 210 212 217 220 222 222 221 220 219 217 216 215 214 210 209 205 202 203 199 195 193 195 200 203 202 200 204 202 200 195 190 187 186 184 176 170 170 166 164 166 169 180 181 178 183 184 181 184 187 191 191 191 188
203 200 199 201 202 199 195 195 200 202 203 202 199 195 195 194 191 190 197 200 202 202 203 202 201 200 198 194 189 189 190 188 184 180 177 176 177 186 191 190 188 187 187 193 198 202 207 210 213 217 221 224 225 224 222 220 217 214 212 209 204 200 198 195 198 195 191 192 197 199 200 197 197 201 198 196 194 188 182 182 183 177 169 164 164 165 175 175 184 187 184 186 188 184 189 192 193 195 195 192
204 202 202 205 207 204 199 193 194 196 198 198 197 193 190 189 188 194 201 202 201 201 202 202 200 197 193 190 186 185 186 185 184 181 177 176 178 185 187 185 183 184 188 194 200 203 206 209 211 214 218 222 223 222 219 215 213 208 205 205 201 194 191 191 194 191 188 193 195 196 197 194 192 196 194 191 191 187 181 175 174 169 165 165 170 176 184 185 180 187 187 189 191 188 189 195 197 198 199 196
206 204 205 205 207 206 203 197 192 191 191 193 193 190 187 187 191 197 201 202 201 200 201 201 198 194 188 185 183 182 182 181 180 179 177 175 176 181 182 179 183 188 190 194 199 203 204 204 206 207 210 215 216 213 212 208 204 202 197 200 199 193 188 189 193 189 186 194 195 194 194 190 186 191 189 185 186 185 181 176 170 166 165 172 180 180 187 189 185 189 191 190 193 192 192 195 200 201 201 201
206 204 203 203 204 203 203 201 196 191 188 189 189 187 185 189 195 199 201 201 199 199 198 198 198 190 186 183 181 179 179 178 178 177 177 175 175 178 178 179 186 191 194 196 200 203 203 201 198 199 201 206 206 202 205 205 199 197 194 194 194 189 185 189 190 186 188 194 194 192 190 186 183 183 183 180 182 181 178 176 170 166 167 173 180 187 190 192 189 193 194 194 195 196 198 198 202 204 204 205
206 201 200 201 202 200 199 201 199 194 189 187 187 186 185 191 196 199 200 200 199 195 193 194 195 186 187 182 178 177 177 177 177 177 176 176 175 176 177 179 183 187 191 195 198 202 204 202 197 193 194 199 199 195 198 201 198 193 191 188 188 185 182 187 188 183 189 194 193 190 189 189 188 182 177 176 178 178 174 173 169 166 167 172 176 184 191 193 193 196 197 197 199 200 201 202 204 205 207 209
205 200 198 199 200 197 194 196 196 192 189 187 185 185 186 190 194 196 198 198 199 199 193 188 188 186 183 180 177 176 176 176 176 176 174 175 175 175 175 176 179 181 185 189 193 198 202 201 197 193 189 192 193 190 191 195 196 194 190 185 183 181 180 183 185 181 187 193 192 190 189 189 189 185 180 177 174 172 170 168 166 165 166 177 181 181 190 195 196 197 197 198 199 200 201 202 203 204 207 210
204 200 196 196 196 193 191 191 190 188 187 186 185 184 185 187 189 191 193 194 196 198 197 189 183 181 179 178 177 176 176 176 176 175 175 175 175 175 174 174 176 183 189 191 194 197 201 201 197 192 189 187 187 186 187 190 193 194 191 188 181 178 178 183 184 180 187 192 191 188 189 188 187 186 184 182 177 168 167 166 166 166 167 175 185 188 191 195 197 196 194 195 196 196 197 198 201 202 207 211
204 200 196 194 193 192 191 192 192 191 189 187 185 184 184 184 184 185 188 191 191 192 197 194 186 180 178 177 178 178 177 177 178 179 178 177 176 176 175 174 176 185 193 198 200 201 203 203 200 196 195 191 185 182 183 184 186 188 187 184 181 178 178 182 182 178 186 190 189 185 186 186 185 184 183 180 172 166 165 168 169 173 171 172 181 190 194 196 195 193 190 191 192 192 195 196 200 203 207 211
201 199 196 194 194 194 196 200 202 201 196 191 188 186 184 183 182 182 184 185 186 186 189 191 186 180 177 178 182 184 182 182 184 185 185 183 182 181 177 174 174 183 191 197 201 202 204 203 201 197 194 192 187 182 180 178 180 180 180 178 178 178 175 177 176 178 184 184 184 181 182 182 181 181 179 174 168 166 166 172 177 182 181 174 179 186 194 194 192 189 187 188 192 195 198 199 202 206 209 212
200 198 196 197 201 201 201 207 211 209 202 195 191 188 187 185 183 181 181 182 183 182 183 183 180 178 177 181 187 190 188 188 190 191 190 189 187 182 178 174 174 181 189 196 199 199 200 200 198 194 192 191 190 186 185 177 175 175 175 173 175 176 174 173 176 181 182 178 178 177 178 174 176 175 171 169 166 166 169 175 180 187 189 184 190 194 193 191 189 186 185 191 193 195 196 197 201 206 210 211
203 201 199 201 206 207 206 209 213 213 206 200 196 193 193 189 184 183 182 181 180 180 180 179 178 178 178 184 190 192 193 193 193 192 191 190 188 186 182 175 175 182 188 193 195 193 195 195 194 193 192 191 191 190 188 183 179 174 173 173 172 175 173 172 175 179 179 176 173 172 172 169 168 168 167 166 166 167 169 172 177 185 188 190 192 193 191 188 185 183 186 189 190 191 193 197 201 206 209 209
209 207 205 205 208 210 208 208 211 213 209 204 201 199 196 191 187 186 185 183 181 180 179 179 178 178 179 183 187 189 192 194 194 192 190 189 188 187 184 178 173 178 184 188 189 187 189 191 192 191 190 188 190 189 186 183 181 177 172 173 173 171 172 173 172 174 174 172 170 169 168 167 167 167 167 168 170 174 172 169 171 179 180 186 190 190 190 188 184 182 186 185 187 192 197 200 202 205 207 207
213 213 209 207 208 209 207 206 208 210 210 207 205 201 197 194 191 192 189 188 186 183 181 180 178 181 184 184 185 188 191 193 194 192 191 191 191 189 185 179 174 173 178 182 182 183 187 188 189 188 187 185 184 185 182 179 177 174 172 170 170 169 170 172 171 171 170 169 169 169 169 170 170 171 170 175 181 187 183 174 170 173 179 188 188 187 187 188 184 180 182 183 189 194 198 200 201 202 204 206
211 213 210 207 206 205 203 204 207 209 211 210 206 201 199 198 197 197 194 192 187 183 181 179 179 186 191 190 188 188 191 193 194 193 192 191 191 188 184 180 176 173 173 177 182 186 188 187 185 182 182 180 180 180 178 176 173 172 171 171 170 170 169 169 169 169 169 169 169 170 175 175 174 174 173 175 183 187 187 178 170 174 182 187 187 185 183 186 183 179 180 182 186 193 197 199 199 199 201 203
209 210 209 205 204 202 202 205 206 208 210 211 207 203 200 199 200 199 197 192 185 181 179 179 183 189 192 192 191 192 194 194 194 195 194 192 191 190 187 182 177 174 172 177 181 184 185 184 181 179 176 174 174 173 172 172 172 171 171 172 173 173 171 169 170 170 173 177 178 173 180 179 179 180 179 178 184 186 186 182 174 171 178 184 181 182 179 179 178 178 184 190 187 189 195 197 197 197 199 201
204 206 206 203 201 200 202 204 205 207 208 209 205 201 199 199 199 197 195 190 183 180 179 182 188 191 193 194 194 195 196 196 196 195 192 191 190 189 187 180 176 174 172 174 176 179 180 179 176 173 172 172 171 171 171 171 171 171 171 176 179 180 177 175 174 177 181 186 182 175 178 181 184 185 183 182 186 188 186 184 179 172 177 179 175 174 175 175 176 178 184 193 193 189 190 192 196 197 198 200
199 200 200 200 199 200 202 204 206 205 207 208 207 201 196 195 194 189 187 187 183 179 180 183 189 192 194 195 196 195 194 194 193 191 189 189 189 185 182 178 175 173 173 172 173 173 173 172 171 171 171 171 171 171 171 171 171 171 172 180 185 186 185 181 180 184 186 187 186 181 175 181 186 188 187 184 188 190 189 185 181 176 171 172 173 176 176 179 183 182 183 191 196 195 193 196 199 200 200 200
198 199 199 199 200 201 202 204 205 205 208 210 209 204 200 197 193 192 187 184 182 181 186 189 190 193 197 198 198 195 192 190 188 188 186 186 187 185 180 176 177 178 177 174 172 172 172 171 171 171 171 171 171 171 173 173 174 177 179 178 183 187 187 188 187 187 186 186 182 179 179 181 186 189 189 189 188 190 188 185 180 176 171 173 177 182 182 185 190 190 186 187 195 199 200 201 202 201 200 200
200 202 201 200 200 200 201 202 203 204 206 210 210 206 206 204 201 196 188 181 181 185 193 194 194 197 200 200 199 197 193 192 190 186 186 183 182 181 178 180 184 186 184 180 176 174 172 172 172 171 171 172 171 172 173 175 181 186 186 185 184 186 188 190 189 187 185 183 179 186 186 183 185 188 190 190 188 188 187 186 181 176 172 174 179 186 186 187 193 193 189 188 195 198 202 203 202 200 199 199
205 205 204 204 203 202 202 202 205 205 205 210 210 206 203 199 196 191 185 180 183 189 197 198 198 200 201 201 200 198 197 197 195 190 192 189 184 181 183 188 190 191 189 186 181 177 174 173 172 171 172 172 172 174 177 179 181 184 187 189 189 190 190 190 189 187 184 181 182 188 189 187 188 187 188 187 187 187 186 186 181 176 176 176 179 187 190 191 195 194 191 194 194 196 202 203 202 200 198 198
203 206 206 206 206 205 204 204 206 207 208 211 210 207 205 199 189 185 181 183 185 185 195 200 201 201 201 200 200 200 199 198 196 193 195 195 190 187 191 193 194 193 190 185 180 177 175 173 172 173 173 174 173 176 182 185 184 184 187 190 191 190 190 189 189 188 185 184 184 187 189 189 189 187 186 186 187 187 184 181 178 180 181 180 179 187 192 194 197 196 195 198 199 199 202 203 202 199 197 199
199 203 204 204 205 206 205 205 206 209 211 213 211 205 199 195 187 182 184 191 196 189 189 195 199 200 200 200 200 200 200 199 197 195 197 197 195 194 194 195 193 190 186 182 178 177 175 173 174 175 175 174 174 176 182 186 187 188 189 190 190 189 188 187 189 188 187 187 186 187 189 190 189 186 185 184 187 187 186 185 181 182 189 185 182 184 190 195 198 199 198 198 199 200 201 201 200 198 197 198
195 198 201 203 206 206 207 208 210 212 214 215 210 204 196 192 186 182 185 194 200 197 192 190 194 197 198 199 201 201 200 199 198 197 197 196 196 195 195 194 188 183 181 179 176 175 174 174 178 178 176 175 176 177 180 184 187 189 190 190 190 188 185 185 187 188 188 187 188 188 190 190 189 187 184 182 184 186 188 189 185 182 191 191 188 187 190 197 199 200 199 198 196 197 198 198 196 196 199 201
196 200 201 203 205 207 208 210 211 213 214 213 208 202 195 190 188 183 186 195 202 202 199 195 192 194 197 200 201 201 200 200 199 198 197 195 194 194 194 192 185 187 184 180 178 176 174 174 179 179 177 176 179 181 180 183 186 189 189 189 188 187 183 182 186 186 186 186 187 188 189 190 189 187 184 182 185 186 188 191 189 186 187 191 193 196 194 194 198 200 200 196 193 193 194 195 197 197 201 203
197 202 205 205 205 206 205 205 208 209 212 215 213 209 198 187 184 183 189 193 197 202 203 200 196 194 198 201 202 201 200 199 199 198 197 196 194 190 189 187 189 190 187 184 181 178 177 175 178 179 178 177 181 185 185 183 185 188 189 189 188 186 182 179 183 184 182 183 186 188 189 189 188 185 181 182 185 187 189 192 191 189 187 188 193 198 198 196 199 201 200 195 196 200 201 201 202 200 201 204
193 199 206 204 202 200 198 199 202 204 209 212 210 205 190 185 190 192 199 204 200 200 203 203 199 196 199 201 202 201 200 199 199 198 197 196 194 193 194 193 194 192 189 185 182 181 180 176 177 179 180 178 181 186 188 187 186 188 188 188 188 187 185 180 177 178 180 186 187 188 189 188 185 182 179 183 185 186 188 191 192 193 193 193 193 197 198 198 199 200 198 193 199 204 205 206 206 204 201 205
192 194 202 203 199 195 194 197 202 207 207 206 197 192 187 186 197 201 201 204 203 202 203 203 201 200 200 201 201 201 200 199 199 199 198 196 195 194 196 196 194 192 190 187 186 184 181 178 176 178 181 180 183 188 189 189 189 188 188 186 186 186 185 181 175 176 183 185 186 187 187 186 183 177 179 180 183 187 191 192 193 194 195 196 194 195 198 199 199 198 195 191 197 203 207 208 208 207 204 206
194 191 197 201 198 194 192 195 203 207 206 202 194 188 185 190 200 206 205 204 204 204 204 204 203 203 202 201 201 200 200 199 198 198 198 197 196 194 195 195 195 193 192 190 188 185 181 178 176 179 182 183 186 188 190 191 189 188 187 183 183 183 184 181 176 173 178 176 177 179 182 183 180 176 185 182 186 190 192 193 194 194 195 196 197 197 198 201 199 195 192 193 199 202 206 209 211 209 207 210
196 192 192 197 198 196 191 191 197 201 198 193 188 185 187 195 204 205 205 203 201 201 202 202 203 203 202 201 200 200 199 198 197 197 197 197 196 194 192 194 195 194 191 188 186 183 179 177 179 182 184 186 186 188 191 191 189 187 185 181 179 178 182 179 171 169 169 169 170 171 174 178 175 178 187 185 185 190 192 192 193 194 195 196 197 198 199 200 197 193 189 193 196 199 204 209 212 212 210 214
192 190 190 196 199 196 192 188 190 192 195 192 186 185 189 196 203 204 202 200 196 196 196 198 201 202 201 200 199 199 199 198 195 195 194 194 194 193 189 191 193 193 189 185 183 181 177 180 183 183 186 190 191 191 193 192 191 187 183 181 181 175 177 176 167 174 175 177 179 178 174 172 180 184 188 188 185 188 190 190 192 194 196 196 197 198 198 196 194 190 190 193 198 200 204 208 212 214 211 215
189 188 190 194 195 192 189 186 186 186 186 185 184 187 193 198 202 202 200 198 195 193 192 195 198 201 200 199 197 198 198 198 197 195 194 191 190 189 187 187 189 190 187 183 181 179 178 183 186 182 183 188 191 193 196 195 192 188 185 185 185 181 174 169 167 180 184 186 188 186 180 173 179 184 188 189 189 185 186 189 191 193 195 196 197 197 197 194 189 194 196 196 197 200 203 208 213 216 214 216
190 188 188 190 190 189 186 187 189 192 191 191 191 190 192 199 202 201 198 196 196 196 192 189 196 200 199 196 195 195 196 197 197 197 197 195 193 191 189 187 185 184 184 181 180 179 182 188 191 184 180 181 187 194 197 196 192 189 186 184 184 182 178 169 169 177 183 188 190 188 183 177 174 179 185 189 190 189 188 191 193 195 196 196 196 196 194 191 189 199 201 204 204 205 207 209 215 218 216 220
194 191 187 187 187 187 188 190 190 192 195 197 198 196 196 198 200 200 198 197 198 197 195 191 189 196 197 195 192 190 192 194 194 196 197 197 196 194 192 189 184 183 182 181 180 181 186 192 193 188 181 177 183 190 193 193 191 187 185 180 179 175 171 166 175 185 187 190 191 190 187 185 177 180 186 189 189 190 191 192 194 195 195 195 195 195 192 187 192 195 200 205 209 210 211 212 217 219 219 222
197 192 188 187 187 188 192 194 193 193 195 197 200 200 201 201 201 200 198 198 199 199 198 194 187 189 194 195 194 191 185 186 189 193 196 196 194 192 189 185 181 180 181 182 184 184 187 193 195 191 185 178 175 182 189 187 187 188 187 183 177 167 165 169 175 185 188 191 192 191 190 186 177 179 186 189 189 191 192 193 194 194 194 194 192 192 190 189 198 199 201 205 209 210 212 215 219 221 222 223
195 189 189 189 189 188 190 194 195 197 199 200 201 202 204 204 203 201 198 199 199 199 199 195 189 185 191 192 190 188 184 181 188 192 194 194 192 189 184 181 178 178 181 185 187 186 188 193 195 193 185 178 172 177 186 181 181 186 187 181 172 165 173 181 174 179 184 189 192 193 192 186 178 180 188 189 188 190 192 192 192 193 193 192 189 189 187 190 197 199 201 203 203 206 208 212 216 218 221 223
192 190 192 191 193 194 191 190 195 199 200 201 201 202 202 204 204 202 200 199 199 198 197 195 190 183 186 186 183 182 180 180 188 192 191 190 188 187 182 177 177 181 184 188 190 189 189 193 195 193 186 179 172 172 181 176 173 177 178 174 165 171 181 183 181 185 186 190 193 194 193 189 181 177 187 188 187 189 190 190 191 191 192 191 189 186 185 191 194 195 196 199 208 213 213 215 215 218 223 226
190 195 195 194 196 198 195 190 192 196 197 198 198 200 199 203 203 202 200 198 196 197 195 193 192 186 179 179 176 174 174 181 188 190 188 185 182 180 177 175 176 182 186 190 193 190 190 192 194 194 188 180 172 168 168 169 165 165 165 165 164 174 186 187 183 189 192 194 195 195 193 189 182 176 184 186 184 187 188 188 188 189 190 189 187 184 186 189 193 197 200 202 208 213 218 221 221 222 227 229
194 198 197 197 198 198 195 192 192 191 192 194 197 199 200 203 202 200 197 195 194 195 194 191 189 186 179 177 180 179 171 181 187 186 183 180 177 176 174 173 177 181 186 191 193 192 191 192 193 194 188 180 177 175 166 162 164 167 168 169 174 180 190 190 186 188 193 195 195 195 192 187 182 178 181 184 181 184 185 183 184 188 188 184 183 185 190 193 197 201 205 208 212 218 221 223 225 228 231 231
194 194 196 199 199 199 195 192 194 193 193 194 196 198 200 202 202 199 197 195 192 192 193 189 183 181 181 186 185 182 174 174 179 180 178 177 175 174 173 173 177 183 187 191 192 191 192 193 194 193 188 181 183 177 168 161 172 183 185 184 186 186 193 195 191 190 192 195 195 195 192 190 188 183 178 178 179 179 180 180 181 184 184 182 187 190 192 195 198 201 204 208 210 216 221 224 228 231 232 231
191 192 196 199 200 199 196 193 194 196 196 196 196 197 199 201 201 199 197 196 194 190 190 188 184 187 189 190 189 188 183 174 169 170 174 179 177 173 172 172 177 184 190 192 191 190 191 193 194 192 189 186 187 179 171 162 168 177 183 185 190 194 196 197 195 194 194 195 195 194 194 193 191 187 184 181 184 185 185 187 181 180 181 183 187 191 193 195 197 200 202 204 208 212 219 223 227 228 230 227
191 192 196 199 199 198 197 195 193 195 197 197 197 197 199 200 201 199 196 195 195 191 187 187 191 194 194 193 193 192 189 183 175 168 171 179 177 173 170 171 178 185 191 191 188 187 190 192 194 193 190 192 188 180 171 165 161 163 167 172 184 195 198 198 198 197 196 196 195 194 193 193 191 188 186 183 183 187 189 189 188 185 186 187 185 189 191 194 198 202 205 207 210 214 217 222 224 226 226 223
191 194 197 200 200 198 197 195 194 195 197 199 200 200 200 200 201 199 196 194 194 191 189 193 195 196 194 193 191 187 183 180 174 167 169 176 175 171 169 173 177 181 186 187 186 186 189 192 194 194 193 194 189 184 180 175 169 161 160 166 177 192 190 196 198 198 197 196 195 194 193 191 189 187 185 184 185 188 190 191 191 190 190 190 188 189 193 196 199 202 205 209 211 214 215 218 223 224 223 221
192 195 199 200 199 197 196 195 195 196 197 199 201 202 201 201 202 200 198 195 193 193 194 196 196 195 192 188 183 179 174 171 170 165 168 172 171 168 170 181 182 185 185 184 183 187 191 193 194 195 196 195 192 188 186 177 167 170 165 159 164 177 178 185 185 189 193 197 196 194 193 190 189 189 188 188 188 188 189 190 191 191 192 193 192 191 192 195 198 201 204 207 210 211 213 217 221 221 220 219
194 196 200 200 198 196 196 196 197 198 199 199 202 203 202 202 203 202 200 198 197 197 196 196 196 193 187 183 176 171 169 166 165 163 165 166 166 168 179 187 190 187 183 180 183 186 190 194 196 196 196 193 188 184 176 171 178 181 171 165 158 162 169 175 171 175 190 195 195 194 194 193 193 193 192 190 188 187 187 188 189 190 192 194 195 194 194 196 199 202 205 207 207 209 213 216 219 218 215 217
196 199 199 200 198 197 197 198 199 200 201 201 203 203 202 202 202 201 201 199 198 197 196 194 192 190 186 179 172 168 163 162 164 166 168 170 168 169 181 182 184 183 179 183 189 190 190 195 197 197 194 188 181 177 177 180 192 186 176 173 162 157 165 164 165 169 182 185 192 194 194 194 194 193 192 191 188 185 184 185 185 188 192 196 196 196 196 197 200 203 205 205 205 209 212 213 215 215 210 212
199 200 200 199 199 198 199 200 201 202 201 202 203 204 202 200 200 200 201 199 196 194 193 192 187 183 178 176 170 163 162 168 175 176 175 179 174 170 171 172 173 175 178 184 190 193 193 194 197 196 192 186 188 191 193 192 198 191 187 176 169 159 157 157 158 165 169 179 192 194 195 195 196 194 192 190 186 183 180 181 182 187 192 196 197 197 196 198 200 202 204 202 204 207 209 210 210 209 206 206
200 200 199 199 199 199 200 201 201 203 204 204 203 204 202 199 197 197 199 198 194 188 189 190 189 180 170 167 163 161 166 177 184 181 180 183 177 173 174 174 179 181 179 187 193 195 196 196 197 197 194 190 196 202 207 207 208 203 193 184 169 165 164 160 156 158 169 178 178 184 191 195 195 194 193 190 185 181 178 177 182 188 192 195 195 196 195 196 197 199 201 198 200 203 205 206 205 203 201 200
197 198 198 199 200 200 201 202 201 202 203 204 204 205 203 200 195 194 197 196 193 187 182 180 183 182 173 165 160 165 174 183 187 185 185 183 177 174 181 183 183 187 181 185 193 197 197 198 198 198 195 193 201 207 211 212 210 204 192 179 169 182 174 173 163 155 156 164 168 180 183 191 191 193 193 191 187 183 180 176 179 186 191 193 192 192 192 192 193 195 197 195 195 200 204 205 201 197 195 195
196 195 197 199 200 201 202 202 201 200 202 204 204 203 203 201 197 191 190 190 190 187 181 174 169 171 169 162 159 168 180 186 189 188 187 183 178 177 184 189 187 189 186 182 188 194 197 199 200 199 198 199 201 208 212 213 206 194 187 179 175 183 181 178 170 161 153 158 168 178 178 184 186 191 191 188 185 182 180 176 175 183 189 190 188 187 188 187 189 191 191 191 198 204 205 203 198 192 190 197
198 197 197 199 201 202 202 201 199 196 199 201 201 200 199 200 198 194 189 185 182 179 175 174 173 165 164 160 161 174 179 186 189 190 187 184 180 181 185 190 191 191 192 187 185 191 194 197 199 201 201 204 206 209 213 215 208 192 183 184 183 187 192 187 172 167 156 155 161 171 171 180 186 189 188 184 181 180 177 174 173 181 187 187 184 182 185 183 184 186 187 196 201 203 203 201 196 190 188 194
200 200 199 199 200 202 201 199 196 193 196 196 196 197 195 198 198 196 196 193 188 182 183 185 181 169 163 160 161 175 183 186 188 189 186 182 183 188 189 193 195 195 195 192 186 187 191 194 197 200 203 205 209 211 214 214 210 194 192 195 192 194 199 193 181 171 159 153 154 162 171 176 180 184 183 179 176 177 176 175 171 178 184 185 182 179 182 179 181 185 191 197 199 199 198 196 193 188 184 189
201 201 199 198 200 200 199 197 194 189 189 188 190 190 191 195 193 193 195 196 194 192 192 189 182 172 164 158 162 174 183 186 186 185 183 179 182 189 192 195 198 198 199 195 192 190 191 193 198 201 204 206 209 211 212 213 211 202 201 202 199 197 195 195 188 176 165 155 152 156 161 168 176 179 179 174 172 174 176 176 171 171 180 183 179 175 176 178 186 192 195 198 197 194 193 191 190 186 181 184
201 202 200 197 197 196 194 193 191 188 188 186 183 182 183 183 185 185 188 191 193 194 193 189 182 172 162 157 169 179 183 184 182 177 175 175 182 188 193 197 200 201 201 199 197 195 193 198 199 204 206 208 210 209 205 206 205 197 199 198 194 192 188 184 183 178 169 158 151 152 156 164 170 173 175 171 168 171 172 173 171 170 178 180 175 173 178 184 189 193 196 198 195 190 187 186 186 184 179 180
201 203 203 200 197 196 196 195 195 194 196 195 191 186 182 179 175 175 176 179 183 186 190 188 178 168 159 160 176 185 185 181 179 173 171 176 185 191 194 197 199 200 202 203 201 199 196 200 203 205 209 210 210 208 201 196 195 192 190 192 189 188 185 180 177 175 171 162 156 151 152 160 164 169 171 169 166 166 168 169 166 170 175 175 170 178 184 188 191 192 195 195 193 189 183 181 182 181 178 177
199 202 203 201 199 198 198 199 200 199 200 200 199 198 195 191 186 179 174 170 170 173 178 182 177 166 157 163 182 187 185 181 173 169 172 177 183 190 192 193 196 198 202 204 203 203 200 201 205 206 209 211 211 209 205 199 191 186 184 186 184 182 182 178 172 171 169 168 166 159 150 153 162 167 168 167 166 163 161 161 162 167 170 168 169 178 183 187 190 192 193 194 190 187 183 178 179 179 176 177
195 198 200 201 200 201 201 199 200 201 201 201 201 201 200 197 195 192 187 180 171 166 165 171 173 163 156 164 183 184 183 178 170 169 172 178 184 188 188 193 199 202 204 205 205 205 203 201 206 209 210 211 211 207 202 201 196 186 180 178 178 176 177 176 170 166 164 167 167 160 150 151 159 163 165 165 166 165 158 163 166 167 169 172 178 180 181 185 187 190 190 190 188 183 180 176 175 176 173 177
188 192 196 197 200 201 201 200 198 199 200 199 199 200 198 197 195 194 193 191 185 176 166 161 161 159 154 164 176 177 174 170 165 166 168 173 179 183 184 192 198 202 206 207 207 207 205 203 208 211 211 211 210 206 200 198 197 190 182 172 169 168 169 172 170 167 163 160 160 159 151 149 156 160 162 162 164 162 158 168 172 176 179 180 184 186 186 186 187 189 189 188 186 182 177 174 172 173 171 177
183 183 189 193 197 199 199 198 195 195 197 197 198 198 196 195 191 190 190 191 190 184 175 167 162 157 154 159 174 177 170 164 162 167 175 181 178 179 183 189 194 200 205 206 208 208 207 206 209 211 213 211 209 204 199 191 188 186 179 176 180 170 164 165 165 165 165 161 156 154 151 148 154 156 160 159 161 158 161 169 174 177 180 182 184 186 187 186 185 186 185 183 182 179 176 171 169 169 173 178
188 181 181 189 194 196 195 195 192 190 195 194 196 198 196 194 191 191 187 184 185 187 185 180 174 165 157 154 166 173 167 161 167 177 181 186 189 192 190 193 199 201 203 205 208 209 209 208 210 212 213 210 208 204 196 190 184 181 180 186 185 179 173 166 161 159 158 159 157 152 148 147 150 152 154 153 154 154 159 165 171 177 181 182 183 184 184 184 181 182 182 180 178 176 174 171 168 167 172 175
184 180 176 179 187 193 190 190 187 189 191 191 197 200 198 195 194 194 191 185 180 181 184 183 176 169 159 152 160 165 159 161 174 180 183 189 192 195 195 193 199 204 207 208 209 210 210 209 210 212 211 209 206 205 201 198 193 190 190 191 188 184 178 173 171 167 159 152 151 149 148 154 153 152 153 156 154 157 162 167 172 175 179 179 180 179 180 180 178 176 177 176 174 173 172 171 170 165 169 174
179 179 179 174 178 190 190 182 182 188 185 189 196 199 200 197 194 192 191 186 181 176 177 182 179 172 160 151 155 158 155 164 169 170 173 185 191 192 194 196 197 201 204 206 209 209 209 208 209 210 209 208 204 202 200 196 192 188 187 187 184 181 175 171 169 168 164 157 152 147 149 159 160 160 162 163 158 160 165 168 171 173 175 176 176 175 176 176 174 172 173 172 172 170 169 168 169 164 170 174
187 190 190 182 173 179 188 182 180 182 183 191 194 198 198 196 192 189 187 185 186 180 172 175 178 170 161 152 150 153 159 160 166 170 171 174 182 184 190 196 199 203 204 206 207 206 205 206 207 208 207 206 204 201 199 195 193 190 184 180 176 172 167 163 161 161 162 160 156 149 147 155 160 162 163 162 163 162 165 168 170 171 172 171 171 170 170 172 171 169 169 169 170 170 169 166 164 163 170 174
193 194 191 185 177 170 177 181 173 177 188 196 195 197 200 198 194 189 184 182 183 182 176 168 173 167 158 152 149 155 168 166 171 180 181 177 181 184 188 194 199 203 204 206 205 202 200 204 203 205 205 204 202 201 199 196 192 189 184 177 173 174 174 170 165 160 155 154 152 148 146 149 157 160 161 164 165 165 165 167 168 168 167 167 167 167 165 167 168 167 165 166 168 170 170 168 163 163 171 171
194 195 194 192 186 177 168 174 171 183 191 189 186 189 195 196 193 188 181 176 179 179 172 166 170 163 156 150 151 160 172 174 169 179 187 188 187 190 192 196 200 202 203 204 203 196 198 203 199 200 203 203 201 200 198 196 192 187 183 180 182 183 182 176 171 164 160 159 155 151 146 150 158 158 162 164 165 165 164 165 165 165 163 162 164 165 162 163 164 162 163 165 166 168 169 167 162 163 169 168
195 195 193 190 187 180 171 165 166 177 182 180 180 184 188 191 190 188 185 181 172 173 166 163 166 159 153 148 152 164 174 180 174 182 191 192 192 194 196 199 200 200 201 201 199 192 198 202 197 195 201 201 199 197 197 197 194 191 189 188 188 188 184 178 172 170 168 165 159 152 146 151 155 155 160 163 163 163 163 163 163 163 160 158 162 163 160 160 160 161 164 163 163 167 168 166 160 161 163 162
197 195 191 188 184 180 175 172 164 165 173 173 183 186 188 189 190 190 188 184 175 165 161 158 159 155 150 147 154 166 179 182 180 180 185 188 192 195 197 197 197 197 197 199 195 187 194 199 194 190 198 200 197 195 194 195 194 193 192 191 190 186 184 180 178 176 171 165 157 151 146 146 151 158 163 164 163 162 161 162 163 162 158 156 159 161 160 156 158 163 164 160 161 163 164 161 157 160 163 168
198 196 194 196 194 190 183 181 170 162 164 173 180 185 187 187 188 188 186 182 179 170 161 155 153 154 150 147 156 167 175 181 183 186 189 191 194 197 197 195 194 194 193 197 193 185 185 191 189 185 194 197 195 195 190 190 191 193 192 189 188 186 184 182 180 177 172 166 161 157 151 145 148 156 160 162 161 160 159 160 160 160 159 155 154 158 156 156 162 163 161 156 154 155 156 155 160 169 172 174
