# 100 100
189 188 183 190 194 197 198 196 193 192 192 189 181 169 167 173 186 189 192 197 200 203 204 205 207 209 199 188 186 194 204 197 194 188 179 173 170 168 163 159 157 161 163 162 162 163 165 168 172 176 188 199 207 207 205 202 201 199 199 199 199 198 197 196 197 201 202 201 201 202 201 199 197 194 191 191 188 185 187 185 177 166 165 182 188 191 193 193 193 195 197 199 203 204 205 202 201 203 203 201
185 184 184 190 195 198 201 201 201 198 195 191 184 170 166 176 184 185 186 190 193 196 198 197 202 206 206 195 181 184 189 184 179 170 165 169 171 167 163 159 157 163 165 163 163 165 168 173 181 184 199 202 207 206 205 200 199 199 198 198 198 197 196 197 200 202 203 202 201 201 200 198 195 191 188 183 178 177 181 180 175 166 165 181 181 188 190 189 190 190 194 199 203 207 207 204 202 204 203 200
192 190 189 192 193 196 200 202 204 202 194 191 188 175 166 170 182 182 181 184 186 193 195 193 193 200 202 196 181 177 176 172 167 161 158 160 166 166 162 158 158 163 167 165 166 169 172 178 189 187 195 204 206 204 201 199 198 198 198 197 197 198 198 200 201 200 200 200 198 197 193 192 189 181 170 167 166 167 168 168 166 162 165 172 175 179 182 182 186 189 194 199 203 208 206 204 204 204 201 199
197 194 193 197 197 197 199 202 205 204 197 189 185 179 167 166 178 181 179 179 183 192 195 190 189 194 195 194 184 172 169 164 160 159 158 158 158 160 159 158 158 166 168 168 171 175 179 194 200 195 202 204 205 202 200 199 199 198 198 198 199 200 201 200 198 195 193 191 189 182 180 174 172 167 167 169 179 181 181 173 169 167 164 171 185 188 184 184 192 192 194 198 203 206 205 205 206 203 200 199
200 197 195 198 199 200 200 200 201 201 199 194 187 178 169 165 173 182 180 179 184 188 190 190 185 185 187 190 183 172 168 160 159 159 159 160 160 159 158 158 160 165 172 173 176 181 192 204 203 200 204 204 203 201 200 199 199 199 198 198 200 202 201 197 191 189 188 187 183 174 167 167 170 174 178 177 184 186 181 173 176 177 167 174 186 196 195 189 190 194 197 199 204 206 205 206 205 202 200 198
202 200 198 197 197 199 199 197 197 198 198 197 192 185 176 167 165 180 183 178 179 185 188 190 189 185 180 181 184 178 168 160 159 159 163 164 162 161 161 164 167 165 173 183 188 196 201 208 205 202 203 201 200 200 200 199 200 199 199 198 200 200 197 193 193 195 195 191 180 169 171 179 184 187 186 181 184 186 178 173 180 183 173 169 190 198 199 195 191 195 198 202 207 209 206 206 204 202 201 200
203 199 197 195 194 196 198 197 194 195 197 196 193 186 180 170 165 172 180 180 175 184 188 191 192 190 184 179 173 172 168 161 159 158 161 167 166 165 170 174 178 178 171 182 192 201 206 209 207 204 202 200 200 198 197 197 198 197 195 197 199 198 196 197 196 196 193 184 173 171 185 187 190 191 187 183 186 185 178 178 186 188 177 171 191 200 200 198 199 201 201 202 204 204 203 205 204 203 202 199
204 201 199 195 193 194 198 198 196 193 196 195 193 192 188 181 175 170 166 166 168 178 184 188 190 191 190 186 178 172 168 162 159 158 160 167 170 170 175 185 185 187 180 176 184 191 196 207 207 203 199 197 194 192 192 192 193 191 191 196 199 198 199 199 196 193 189 179 171 176 190 191 192 190 187 184 189 187 184 185 187 185 174 184 197 200 201 203 204 204 204 206 204 201 200 201 202 202 201 199
207 204 200 197 194 192 193 197 197 193 191 194 194 194 194 189 186 183 178 175 170 165 174 186 189 190 190 189 186 179 172 167 160 159 159 165 174 178 172 178 185 188 186 178 181 186 194 202 202 199 195 193 193 193 192 191 191 190 190 196 200 200 199 198 193 187 184 173 178 184 192 193 191 187 185 188 193 192 192 192 188 183 176 186 194 199 203 205 205 205 208 209 206 202 201 199 197 201 202 200
206 204 201 199 197 195 190 190 195 194 189 187 187 190 190 187 184 179 173 175 177 167 168 180 183 184 185 182 181 179 174 167 161 160 160 163 177 186 180 175 182 190 189 184 187 194 202 203 199 195 196 198 198 198 195 194 194 193 189 194 199 197 192 192 188 181 178 173 174 184 193 194 192 189 189 191 195 196 195 195 191 182 183 195 195 199 204 205 203 204 207 206 203 201 202 202 198 196 200 199
205 201 199 196 193 191 190 187 192 193 190 187 184 188 189 186 181 171 173 170 168 169 167 165 171 178 172 169 174 175 172 164 161 160 160 165 178 188 185 178 182 194 194 189 193 196 200 200 200 201 202 202 200 198 200 200 199 196 192 189 192 189 183 182 181 180 181 182 175 183 191 192 192 193 194 195 197 197 196 196 188 182 183 192 198 201 203 202 203 204 204 203 202 200 199 197 195 192 197 195
204 200 196 196 195 191 188 184 185 188 190 186 182 188 189 187 177 174 184 180 181 182 175 168 165 166 163 163 163 164 164 161 160 160 161 168 178 188 190 183 189 197 197 195 192 195 199 201 203 203 204 203 201 200 203 204 203 200 196 190 185 185 191 191 192 190 188 181 178 179 183 185 191 196 198 199 199 196 195 192 186 192 192 188 195 202 203 202 202 204 205 204 203 201 200 199 199 195 189 189
205 202 200 200 198 194 190 186 183 179 181 183 180 176 178 181 176 176 189 188 189 184 182 177 173 170 173 172 167 164 161 161 161 162 167 174 185 196 194 186 190 195 198 198 195 198 202 203 202 201 203 203 202 204 206 206 205 201 197 194 194 193 197 198 196 191 187 178 185 186 183 186 186 193 199 200 199 196 191 188 193 200 199 198 193 198 202 200 202 204 206 205 203 202 201 202 201 196 194 188
206 204 203 202 200 194 190 184 181 182 185 180 179 180 181 177 176 182 190 191 189 187 186 183 184 181 177 171 165 162 161 161 165 168 177 189 191 198 196 193 195 194 195 199 198 200 202 201 200 198 199 200 201 205 207 207 204 202 201 200 201 199 199 199 195 192 186 177 189 189 188 193 194 190 198 199 199 195 190 193 198 201 201 198 197 198 196 200 203 204 204 204 205 204 203 200 196 193 195 189
204 203 202 201 199 194 185 186 190 190 192 188 192 189 189 187 184 184 190 192 193 191 189 188 186 180 173 168 164 162 161 163 174 179 179 189 197 201 199 195 200 200 197 198 201 202 203 200 198 197 197 196 197 201 202 202 201 202 203 204 202 199 198 195 190 184 178 180 195 193 196 198 198 192 196 199 199 196 192 194 201 202 201 200 202 203 200 201 203 203 202 202 205 203 201 197 196 191 190 186
200 198 197 196 194 189 183 192 195 192 194 192 194 193 193 190 186 187 187 191 193 192 189 188 183 175 171 168 163 162 162 166 180 188 188 188 198 203 202 198 199 202 199 199 201 203 202 201 198 197 197 195 195 197 198 200 201 201 202 202 200 197 195 189 180 180 189 195 201 198 201 200 197 197 199 201 198 195 196 198 202 203 201 203 205 205 203 204 203 202 200 198 200 198 197 196 195 193 191 187
199 196 192 191 188 187 191 189 195 195 196 194 194 194 192 190 189 188 188 189 190 191 188 183 178 172 170 167 162 162 162 168 183 192 195 194 198 205 206 204 201 203 202 202 203 204 202 200 198 198 196 195 195 196 198 199 198 199 199 198 195 194 193 185 180 189 195 200 204 201 201 203 201 198 202 202 199 199 202 204 204 205 204 203 205 206 206 205 204 200 196 194 197 196 193 193 194 194 192 188
201 195 191 188 191 198 199 192 190 195 197 198 198 196 195 193 190 188 187 185 184 186 187 181 175 171 169 166 163 163 165 173 182 188 192 197 202 206 208 207 206 206 205 204 203 202 201 200 198 198 197 196 194 195 197 197 198 195 195 195 191 186 182 182 191 197 198 205 206 205 204 204 201 200 204 203 201 203 206 207 207 208 208 206 207 208 207 203 202 198 194 193 195 194 189 191 193 193 192 192
194 192 195 194 201 201 198 194 192 192 196 199 199 197 194 191 190 189 185 183 182 179 183 181 175 173 170 164 163 166 171 179 187 192 194 197 201 205 208 209 208 208 208 206 203 201 201 201 199 198 197 196 196 194 193 196 196 195 190 189 185 182 188 191 196 202 200 202 206 207 207 205 203 200 204 204 203 204 208 208 209 210 210 210 209 209 206 198 193 190 189 193 189 185 182 184 188 184 185 189
197 201 199 194 200 201 199 197 195 196 196 198 199 197 195 193 193 193 190 189 187 182 177 176 172 170 166 162 164 169 173 179 186 191 194 195 199 204 205 206 206 206 208 208 205 203 202 202 200 199 199 197 196 193 191 194 195 195 192 187 182 186 193 197 198 203 205 203 204 206 208 207 205 204 202 206 207 208 208 207 208 210 209 205 204 202 195 190 187 184 188 189 183 177 173 173 171 169 173 180
205 206 200 197 199 202 201 198 198 201 200 198 199 200 198 196 195 194 193 193 190 183 180 179 171 169 164 163 165 171 175 179 186 191 190 193 198 201 202 201 202 204 206 206 206 206 205 203 199 198 199 198 196 193 191 189 193 193 190 186 184 190 194 199 202 204 206 208 208 208 209 207 205 203 204 208 210 210 208 206 204 206 206 202 198 195 194 197 191 184 185 182 177 177 180 179 176 173 168 166
207 205 201 201 204 204 203 202 202 203 203 201 199 200 198 195 193 193 193 193 189 182 181 176 175 171 164 163 164 169 173 179 186 188 185 188 192 194 197 200 203 205 206 204 204 206 206 204 201 198 199 200 199 196 191 188 187 188 185 184 187 192 195 200 204 207 208 210 211 211 210 208 206 205 208 209 210 209 208 207 204 201 199 199 197 201 202 199 193 185 180 177 177 184 185 185 181 184 181 180
209 206 207 204 207 207 206 206 206 205 203 201 201 198 193 190 188 187 189 189 186 181 177 178 180 172 165 164 163 165 167 176 185 184 184 190 192 196 201 204 206 206 205 203 200 201 203 203 202 200 200 200 199 197 192 187 187 186 189 189 187 193 197 200 204 206 208 209 211 212 211 210 207 206 207 210 210 209 207 205 204 201 201 202 203 204 203 201 198 192 186 184 180 185 188 189 188 190 192 187
210 208 209 207 207 209 209 209 208 206 203 202 203 200 193 190 188 186 183 182 181 180 184 185 181 175 169 167 164 164 165 170 176 176 184 190 192 196 201 204 205 205 203 200 197 196 198 199 199 199 198 198 197 195 193 190 188 187 189 193 191 191 196 200 202 203 205 208 212 213 213 211 210 208 208 210 212 211 209 206 204 203 203 204 204 204 203 202 201 196 189 183 184 192 190 190 191 191 190 182
209 209 210 210 209 210 211 211 209 207 205 204 203 200 194 191 189 187 186 185 188 190 188 187 183 178 175 171 165 164 165 167 170 179 184 187 190 195 199 202 202 204 203 197 193 191 193 195 199 202 201 201 200 197 193 191 191 191 189 194 194 192 192 194 198 202 205 209 212 213 214 215 213 213 212 211 213 212 210 209 207 206 204 205 205 203 202 201 199 194 186 185 184 192 193 192 190 186 182 176
197 201 208 211 210 210 211 210 207 206 206 204 202 198 194 196 193 191 192 192 192 190 186 184 184 180 174 169 165 165 166 168 172 184 188 189 191 194 195 196 199 200 199 192 188 189 195 199 203 207 206 206 203 200 195 197 197 194 191 193 197 198 196 196 197 201 205 208 209 211 214 216 216 216 215 213 213 214 212 210 208 206 206 206 204 201 199 198 194 190 190 189 184 191 195 194 192 189 185 179
183 189 205 210 209 209 207 201 197 197 205 204 201 197 198 200 197 195 196 195 192 186 181 180 179 177 168 166 165 166 168 169 173 181 185 188 190 189 194 197 199 198 194 188 186 192 198 202 204 207 209 208 204 200 197 202 201 197 193 193 199 201 200 201 201 199 202 204 206 209 212 216 218 218 217 215 214 215 213 211 209 208 208 205 201 197 196 194 193 194 194 188 186 192 195 196 196 193 186 185
177 183 200 205 204 204 199 198 190 191 198 201 200 196 197 198 197 199 198 194 191 183 174 172 171 169 166 166 166 167 168 170 173 179 183 187 186 185 193 195 196 193 190 185 189 195 197 198 198 203 209 210 207 203 200 205 205 200 195 192 199 203 203 204 205 204 205 208 211 213 214 215 217 218 218 217 216 215 214 212 210 208 206 203 202 200 200 197 197 199 196 189 185 189 191 195 197 194 189 193
174 176 187 191 194 198 191 192 190 183 181 190 198 197 194 195 192 196 195 187 180 172 168 167 166 166 166 167 167 168 168 169 174 180 180 180 180 181 186 191 191 187 183 184 194 195 192 196 198 199 205 210 209 205 203 207 209 205 199 194 195 200 204 206 207 208 211 213 215 216 216 216 216 215 216 216 217 217 215 212 210 207 205 206 205 204 203 201 201 201 196 190 188 186 190 195 198 196 195 195
175 173 179 183 184 183 181 179 181 178 173 176 188 198 191 185 180 186 190 182 171 168 168 168 167 166 167 169 171 171 171 169 170 171 171 171 173 173 176 183 183 180 182 187 190 190 190 198 202 203 202 206 210 209 207 208 211 208 200 199 196 197 203 206 208 209 211 213 214 215 215 213 211 209 211 212 215 216 216 215 212 210 210 209 208 206 205 203 202 200 196 191 189 188 189 192 197 198 198 198
180 175 175 178 177 175 173 172 171 172 171 171 175 183 175 172 170 171 177 176 170 168 170 171 172 172 174 178 178 174 175 173 170 171 173 176 175 176 174 175 176 184 188 184 187 189 190 196 202 206 206 204 208 212 212 212 211 206 203 204 200 197 199 203 205 207 209 211 211 211 211 210 206 205 206 209 211 214 217 216 214 213 212 210 208 204 202 200 198 195 193 191 190 189 190 192 195 198 199 198
188 180 174 174 173 172 172 172 172 171 170 170 170 171 170 169 169 169 169 171 168 168 176 179 182 181 182 185 184 180 177 175 173 175 178 187 188 187 181 177 174 176 180 190 194 196 194 199 203 207 208 206 206 211 214 215 212 209 207 207 203 200 199 201 208 212 211 212 211 207 206 207 204 201 207 211 213 214 216 217 216 214 213 211 208 205 200 194 191 189 191 191 191 192 192 194 196 199 198 197
193 186 178 175 174 177 177 179 174 173 173 172 171 170 170 171 173 171 169 168 168 169 173 179 182 187 191 193 192 188 182 178 181 181 181 191 193 193 189 186 178 173 182 189 194 197 197 200 206 209 210 209 208 209 213 216 216 215 212 209 206 204 202 201 204 209 212 214 214 211 206 200 204 198 206 209 210 208 211 216 215 212 207 207 206 202 196 190 187 186 190 194 195 195 195 196 198 199 190 179
194 187 182 180 177 179 180 185 183 177 177 175 174 174 176 178 178 176 174 171 171 169 172 178 183 187 191 195 196 193 186 185 191 189 186 187 191 192 193 189 177 175 187 190 194 199 201 200 206 209 211 212 210 210 214 218 220 219 216 214 209 210 207 204 203 208 212 212 208 208 204 196 200 194 200 201 204 199 201 208 211 207 202 197 198 201 195 187 184 189 195 199 199 198 199 200 199 193 175 161
194 189 184 181 179 182 185 188 187 182 182 180 183 188 192 187 187 185 179 179 177 173 170 176 185 191 193 196 199 197 190 190 196 195 194 191 190 190 194 191 177 176 186 194 199 203 205 204 206 209 213 214 213 211 215 218 220 220 219 217 213 214 212 208 205 209 213 209 201 197 196 190 191 190 194 194 194 191 195 198 206 203 198 192 192 196 191 184 183 193 200 202 200 195 197 199 196 182 169 163
194 189 187 187 184 183 191 195 190 190 189 189 201 201 201 196 195 192 187 191 189 180 171 172 179 191 196 198 200 199 196 197 197 201 201 198 195 193 195 191 178 179 185 194 199 203 205 206 207 210 213 216 216 214 214 217 218 219 219 218 216 216 212 209 209 211 212 208 200 194 188 183 182 187 186 186 185 182 182 191 195 194 191 191 186 189 187 182 183 194 199 199 196 189 190 192 190 179 168 164
196 198 196 196 190 185 193 202 193 197 198 201 210 208 205 198 193 190 195 195 191 182 174 172 176 185 196 201 203 203 201 202 201 204 203 199 198 198 197 191 181 177 188 188 194 198 197 199 201 204 210 214 217 216 215 216 216 216 217 217 217 216 214 212 211 211 211 208 203 195 188 187 176 176 172 172 175 172 173 177 180 174 170 173 178 179 181 180 183 193 194 189 192 185 184 171 168 169 165 165
203 207 206 199 188 194 198 205 199 199 207 210 215 212 206 199 197 196 196 192 190 186 178 174 172 182 193 199 204 205 204 208 207 207 205 204 205 202 197 192 185 178 184 190 191 194 198 203 205 205 211 214 217 218 217 217 215 213 214 213 213 213 212 209 204 202 203 204 196 194 195 183 174 174 176 175 177 179 183 177 171 170 171 170 169 172 178 175 178 180 182 184 186 179 174 164 165 165 164 169
211 213 210 200 191 196 206 208 204 199 208 214 216 214 208 205 205 203 198 195 190 185 184 176 172 181 196 202 206 208 207 210 211 212 209 210 209 206 203 198 190 183 178 183 189 199 205 209 211 208 211 216 218 218 218 216 215 212 210 210 208 207 206 204 206 206 202 198 195 197 190 180 178 187 189 188 186 184 190 190 186 184 185 183 176 170 171 168 167 167 171 178 179 172 169 164 172 172 171 180
214 210 207 202 193 196 207 211 206 202 207 214 218 217 214 212 210 207 201 198 195 186 178 172 173 179 186 196 205 210 212 212 213 214 214 214 213 211 205 197 184 178 178 189 192 197 207 213 215 212 211 215 216 217 216 215 213 212 211 209 210 210 210 209 208 206 206 201 196 186 179 177 182 195 199 197 195 190 191 195 198 196 194 191 185 181 177 171 167 166 167 167 167 165 165 165 167 178 184 186
205 201 199 196 197 203 211 212 207 208 213 217 218 214 213 212 211 207 196 191 193 179 172 172 180 188 186 192 196 207 212 215 215 216 216 215 213 212 206 192 178 187 190 199 196 195 203 212 217 215 211 213 216 217 217 216 216 216 214 214 214 213 212 208 199 192 192 183 181 180 184 186 189 197 204 203 199 195 198 198 201 201 196 191 185 179 175 171 170 172 172 168 168 174 172 170 165 172 183 188
210 207 206 203 202 207 214 214 210 210 215 217 216 210 207 207 208 205 191 181 180 173 173 185 196 199 195 195 200 202 211 214 216 216 214 209 208 211 204 188 179 192 198 204 202 197 205 214 219 218 216 214 216 217 217 217 217 217 215 212 207 206 202 198 187 180 179 180 184 182 192 196 200 201 206 206 205 203 204 204 203 201 195 189 182 174 171 177 178 182 180 177 182 188 185 179 167 167 176 188
218 214 214 211 209 214 217 216 214 214 215 216 213 206 200 201 204 193 180 173 172 173 179 198 205 206 200 197 204 205 209 213 214 212 209 205 204 207 200 188 179 186 197 206 206 202 202 211 218 220 219 217 217 217 216 215 214 215 212 201 186 185 185 182 187 190 188 188 195 195 199 203 208 206 205 206 207 207 206 204 204 199 193 187 178 170 177 184 184 188 185 187 192 192 188 182 169 171 185 182
225 221 218 214 217 219 219 218 215 212 212 214 209 203 198 198 198 186 177 174 176 176 180 201 209 210 206 201 207 210 211 212 211 205 202 199 198 197 192 182 183 190 197 208 212 211 205 206 215 219 217 216 216 215 212 211 211 209 203 191 184 190 190 193 203 198 200 196 203 207 209 210 210 206 200 200 203 205 202 197 200 192 188 186 176 172 180 188 189 190 192 194 194 191 185 174 168 178 192 188
227 225 223 221 219 217 217 216 213 208 211 212 208 204 200 193 191 184 175 179 187 186 185 196 212 213 210 207 206 209 211 212 211 208 207 201 194 190 186 181 188 199 203 211 216 214 211 207 212 216 214 212 212 212 209 206 209 206 197 186 190 204 204 201 205 204 205 206 207 212 213 211 210 207 201 196 197 199 196 189 193 188 179 175 173 180 185 189 194 196 198 198 196 188 182 174 169 183 196 196
225 224 223 220 216 212 210 209 204 203 212 211 209 205 199 193 183 179 173 187 202 200 192 194 208 212 212 213 210 212 213 213 213 213 210 204 199 196 189 182 190 202 209 212 215 215 212 211 215 216 212 210 207 208 209 207 205 200 192 185 190 204 208 207 205 209 207 210 211 212 211 207 206 207 204 198 192 191 188 186 183 179 176 180 183 185 187 193 200 201 201 200 196 191 186 177 170 181 196 202
226 222 217 216 214 211 207 202 205 201 201 198 187 185 183 181 178 174 176 196 206 207 202 192 198 207 210 212 214 214 211 209 211 211 209 207 205 197 185 188 195 199 205 205 212 216 215 215 218 218 216 212 207 203 206 209 207 203 200 188 191 206 212 211 208 212 211 211 211 210 207 204 202 203 205 202 197 195 194 193 187 180 178 189 190 193 193 197 203 206 204 199 194 190 183 173 173 183 192 202
226 223 217 208 202 198 196 194 198 205 192 183 188 195 198 193 187 175 178 193 205 209 204 197 200 201 205 210 214 215 210 205 206 207 210 211 206 194 184 187 192 197 196 203 211 216 218 217 219 220 218 213 208 203 201 200 202 202 194 190 199 208 211 212 213 214 213 210 208 207 202 199 196 195 199 203 202 200 195 189 181 179 183 194 198 201 201 204 208 208 205 200 196 189 179 175 179 181 184 191
219 214 204 201 202 207 209 213 198 189 189 194 202 205 204 197 184 174 181 191 199 208 207 201 207 209 205 207 212 214 208 203 202 205 207 204 194 188 184 190 201 207 202 198 203 209 214 217 219 220 218 213 207 209 208 203 198 195 192 188 190 200 207 210 213 215 213 210 205 203 200 197 197 194 191 194 194 193 189 180 180 184 188 192 198 205 208 209 211 208 203 199 191 183 175 180 184 190 187 189
209 204 208 213 214 224 226 219 201 204 205 208 208 203 195 186 177 175 184 196 202 210 208 206 206 210 209 208 212 212 207 201 201 204 200 191 187 190 188 195 209 210 208 203 204 205 205 212 219 220 217 212 209 212 213 209 205 203 201 193 189 198 203 207 211 214 213 209 205 203 202 201 202 200 194 189 184 179 178 184 187 192 192 195 195 204 207 209 211 209 203 195 186 175 183 187 192 195 198 190
214 206 219 220 222 226 224 216 205 210 212 205 200 194 185 178 175 179 190 197 210 214 211 211 210 212 214 212 213 209 202 198 200 196 192 188 195 199 197 206 207 214 213 208 208 210 208 211 218 219 218 215 213 214 214 210 206 202 197 190 194 195 200 207 212 214 214 213 211 209 208 205 207 206 202 197 187 178 180 195 191 199 202 204 199 200 204 207 211 213 210 201 184 179 193 193 200 197 200 203
212 209 225 226 227 225 220 215 209 211 214 208 201 190 180 176 177 192 202 202 209 216 214 215 213 214 217 216 215 209 200 194 193 191 192 197 202 206 207 211 213 217 218 214 212 213 211 210 214 217 220 219 216 216 214 207 200 203 200 191 194 202 200 202 208 213 216 216 216 214 210 209 211 211 207 197 184 178 186 198 196 199 208 211 207 206 210 209 211 213 210 196 180 187 202 199 203 207 206 207
210 214 225 228 228 226 220 214 211 219 218 211 200 184 177 177 182 198 214 210 215 217 217 217 216 216 219 220 216 208 199 190 188 192 195 197 199 203 210 215 217 221 221 220 217 216 213 210 212 215 219 219 217 212 206 202 204 208 204 193 197 208 207 204 204 209 213 216 218 216 213 214 214 210 203 192 181 182 195 195 203 201 204 212 213 212 214 212 212 213 208 190 182 194 207 206 205 211 214 212
215 219 223 229 230 227 222 218 220 223 217 208 195 179 179 184 190 203 220 216 220 221 220 219 219 217 220 221 217 208 198 189 192 196 199 203 205 203 204 211 218 220 222 222 221 219 216 214 215 215 217 217 216 208 206 213 214 211 199 191 199 207 209 207 204 205 209 215 218 217 217 215 211 208 199 189 180 184 199 200 202 209 208 209 214 215 215 214 214 210 204 187 187 200 209 210 210 213 217 218
224 225 226 230 230 227 223 222 223 221 212 201 192 181 178 191 202 213 224 224 222 225 224 222 220 220 221 220 216 207 194 191 201 203 205 207 211 212 208 206 215 217 219 221 222 222 221 219 219 218 218 215 211 207 212 215 214 210 200 193 193 205 210 209 207 208 209 213 217 217 217 214 207 201 195 184 181 186 199 206 203 211 213 211 213 215 216 215 212 208 198 188 184 189 198 203 202 208 214 218
230 230 231 232 232 228 225 223 219 216 205 194 186 179 180 195 207 219 225 227 225 227 227 225 222 221 219 216 212 201 192 198 209 212 212 214 215 218 212 206 210 212 214 218 220 223 224 223 222 220 220 218 213 209 210 211 216 214 208 198 194 206 212 211 211 212 213 215 217 215 211 212 210 200 187 184 183 190 200 209 208 208 213 215 214 216 216 211 205 204 200 189 192 192 189 191 199 209 213 216
229 231 230 229 231 226 220 214 203 203 196 182 179 180 190 201 207 214 220 226 229 229 229 227 221 214 210 207 202 195 194 205 215 218 219 221 221 219 214 209 208 209 212 215 217 220 223 224 223 221 220 219 217 215 215 211 214 213 207 197 192 203 213 213 214 214 215 216 215 213 209 205 205 195 185 186 185 195 204 212 215 213 213 217 217 218 215 206 201 198 194 194 204 203 196 194 193 206 214 216
218 224 222 217 225 215 209 199 187 182 184 179 189 187 190 196 204 209 214 224 230 232 230 227 222 217 208 199 195 198 199 199 209 213 219 222 223 222 218 215 212 212 215 215 218 221 222 224 222 220 218 217 216 216 214 212 214 215 210 200 193 200 213 215 215 214 214 213 209 205 203 196 195 188 186 190 192 189 194 207 217 218 218 219 219 218 215 207 209 207 201 195 207 210 205 203 195 196 207 211
209 213 214 205 205 189 184 185 182 184 180 179 189 195 187 188 198 215 217 224 231 232 227 221 216 212 207 198 204 209 209 203 203 207 213 217 221 224 222 219 216 214 218 220 220 222 223 222 220 219 218 218 217 216 216 216 216 213 206 196 198 207 214 216 215 213 210 212 208 199 192 190 192 190 193 198 201 198 193 200 211 218 220 220 219 216 211 212 215 212 206 199 205 215 214 209 203 195 202 204
200 200 202 192 186 187 185 183 193 200 186 184 197 204 196 193 191 210 224 228 232 232 226 219 213 207 201 200 212 217 213 206 208 216 219 221 221 223 224 221 218 215 219 224 224 223 222 221 220 221 222 222 221 220 218 217 213 202 197 199 205 209 214 215 214 211 207 210 207 197 192 199 199 197 200 203 208 207 199 197 208 216 220 220 218 215 216 217 215 211 205 201 209 217 217 212 204 201 197 198
189 188 187 186 201 203 198 195 209 213 202 203 205 210 206 199 193 212 225 230 233 233 227 223 218 211 203 204 215 220 217 209 211 218 222 224 225 225 225 222 220 219 219 223 225 224 223 221 221 223 224 224 223 219 215 210 200 199 204 206 213 215 215 213 211 207 204 204 203 196 192 199 200 201 206 208 211 212 204 197 206 211 216 221 221 220 220 217 212 207 206 206 211 218 217 210 209 210 208 203
199 194 189 203 218 214 208 204 218 220 216 214 213 219 216 205 192 195 213 223 232 233 231 226 218 211 207 203 216 219 216 212 209 213 214 218 225 227 227 224 225 224 222 222 225 225 224 223 223 223 224 225 223 220 218 212 199 200 211 208 213 217 218 215 211 208 206 200 198 196 193 200 205 208 211 214 215 213 207 199 203 210 216 222 224 224 223 218 212 212 214 212 214 219 216 213 214 217 214 207
200 192 205 221 227 223 215 211 218 226 223 221 218 217 217 212 199 192 203 213 219 225 228 226 218 215 210 201 211 218 217 218 214 219 220 218 220 224 226 226 229 229 227 226 227 228 227 226 225 224 224 223 222 219 215 211 198 206 215 212 215 218 221 219 215 211 208 202 203 201 195 203 208 214 217 218 217 212 205 204 203 208 216 221 224 225 225 221 215 214 219 219 216 221 220 217 216 218 216 210
198 198 207 218 231 230 222 222 221 227 223 216 209 204 203 202 196 198 207 210 214 219 227 225 221 220 215 204 208 221 223 220 217 221 224 222 221 220 224 228 231 233 232 232 232 231 231 229 226 225 223 222 219 216 213 209 199 201 215 217 219 222 223 221 217 213 208 204 207 203 195 202 211 215 218 219 215 209 212 213 208 208 209 216 219 224 227 225 220 217 219 221 219 223 224 221 222 222 219 214
210 204 212 217 229 235 231 230 225 223 223 215 206 207 206 206 202 202 212 216 223 225 229 226 223 220 213 203 213 225 226 225 223 222 226 225 224 222 225 229 232 234 236 236 236 234 231 226 224 223 220 219 219 217 216 211 200 199 214 221 222 222 221 218 216 211 207 209 210 204 201 200 209 216 219 219 212 214 219 217 212 215 210 211 218 225 228 228 226 223 221 222 224 225 226 226 226 225 222 218
210 210 223 223 226 233 229 224 217 213 213 211 209 216 215 214 208 204 210 218 227 230 227 220 215 210 206 205 210 219 225 227 228 227 226 228 226 227 227 229 232 235 236 237 235 232 227 221 216 215 214 214 218 216 212 203 199 206 214 220 223 220 217 215 213 211 214 214 208 202 208 204 206 214 220 220 215 217 222 220 216 218 216 214 213 220 225 228 229 227 225 226 226 226 226 226 227 226 223 220
209 224 227 233 234 231 225 218 218 221 216 212 218 226 225 218 213 209 215 221 229 228 223 214 208 210 210 212 211 212 219 226 231 232 231 231 230 230 231 232 233 234 233 232 230 227 221 216 212 209 208 211 213 209 204 199 203 209 214 218 221 221 221 220 218 218 221 216 206 202 210 206 208 218 221 222 219 217 221 223 221 221 221 219 216 216 218 224 228 228 229 228 227 225 223 224 225 223 220 218
213 224 233 237 234 227 220 221 226 227 220 218 228 231 228 220 221 216 215 225 226 221 217 210 214 221 219 218 217 218 216 221 228 233 234 234 233 234 234 233 232 231 230 227 223 220 217 213 211 213 210 207 207 205 204 200 207 212 218 221 222 223 225 226 225 224 222 216 207 204 207 206 206 214 217 220 222 222 220 223 224 224 224 222 220 220 218 220 224 228 230 230 228 225 223 221 220 218 217 215
218 229 237 239 234 226 221 228 232 231 226 225 227 231 229 226 224 217 222 228 227 223 219 213 216 227 226 225 221 221 223 225 224 227 231 234 236 237 235 232 230 227 228 227 224 218 215 216 219 220 216 214 212 209 204 204 213 214 219 223 225 226 229 229 228 224 217 213 210 210 212 211 206 207 209 214 219 224 223 222 225 226 226 224 223 224 222 221 224 227 229 228 227 226 223 221 221 222 222 219
221 231 238 237 231 228 223 226 233 234 233 232 230 231 233 230 224 220 225 231 228 222 215 212 218 231 232 229 224 224 227 232 231 230 229 232 236 237 237 235 232 228 225 225 220 217 218 223 225 224 222 217 209 205 207 214 219 219 219 223 227 229 230 230 227 221 218 220 216 213 217 216 211 211 211 210 213 221 225 225 225 225 226 226 226 226 226 225 225 226 227 226 226 225 224 223 223 223 221 219
227 234 239 237 235 230 228 228 230 234 235 235 235 234 234 231 229 222 224 230 224 216 215 216 223 233 235 231 228 228 227 234 237 236 234 233 234 236 237 237 234 230 225 222 219 223 225 227 227 226 224 217 206 212 215 218 220 222 222 224 228 231 231 228 224 222 225 223 218 217 221 220 214 216 218 216 213 216 223 227 227 227 227 228 228 228 228 227 227 226 225 223 222 224 224 222 221 220 218 216
232 236 240 240 236 230 234 232 228 230 232 234 236 235 232 229 226 224 226 226 222 216 220 223 224 233 237 237 235 234 230 234 239 239 237 235 233 233 234 235 233 230 225 220 221 227 228 229 227 223 220 214 206 210 213 216 219 223 226 227 229 231 231 229 227 227 227 223 220 222 226 224 217 217 221 220 216 214 220 226 229 228 228 228 228 227 227 227 227 227 225 222 220 219 219 219 217 217 215 213
236 239 242 240 234 236 237 233 232 232 232 234 236 236 233 229 228 228 224 219 216 216 222 228 230 234 239 240 240 239 236 237 240 240 239 237 233 230 230 229 227 225 222 221 224 228 228 227 226 223 218 214 207 214 218 219 221 224 227 229 230 231 232 231 230 229 228 227 226 226 229 228 222 220 223 222 219 216 218 225 229 229 229 228 227 226 226 227 226 227 226 224 222 220 218 215 213 214 213 211
244 245 243 237 238 239 239 236 235 235 235 236 238 236 233 231 230 225 220 220 223 222 224 231 235 237 239 240 241 241 240 239 242 242 240 238 236 234 230 226 225 225 224 225 227 228 225 224 225 223 216 209 209 215 221 224 226 227 229 228 228 229 230 230 230 229 228 229 231 231 232 231 227 224 224 222 220 216 217 223 228 229 228 227 226 226 227 225 223 224 223 223 223 222 220 217 213 210 211 209
248 244 241 241 244 243 242 240 238 237 238 239 239 236 233 231 226 221 223 225 229 229 229 232 235 237 237 238 240 242 242 241 242 243 242 240 237 235 231 228 229 230 229 228 227 227 225 222 220 218 212 212 217 221 224 227 228 228 227 226 226 227 227 229 229 228 227 229 231 233 232 231 230 227 224 221 218 217 218 223 226 227 226 225 226 228 228 227 224 219 218 219 221 220 219 217 214 213 209 209
246 246 248 247 247 246 245 243 241 240 241 241 240 237 232 226 223 226 230 231 233 235 235 235 235 235 234 235 239 242 241 240 241 244 244 241 238 235 232 231 232 231 230 228 225 225 225 222 218 215 212 214 219 221 224 227 227 226 225 225 227 228 229 229 228 227 225 227 229 230 230 229 229 227 224 220 221 222 219 220 223 224 224 226 228 229 229 228 224 219 214 214 217 217 217 216 216 216 215 214
249 250 252 250 248 247 246 244 244 243 243 242 239 232 226 225 230 232 235 236 238 238 234 232 234 232 231 235 240 241 239 236 241 245 245 243 240 237 233 233 231 229 228 227 224 221 220 218 217 216 212 212 214 216 220 224 227 227 224 225 227 229 230 229 227 225 224 225 227 227 227 227 227 226 224 223 224 225 224 223 222 222 224 227 228 229 228 228 225 221 216 211 211 213 214 216 217 216 214 213
253 252 253 250 246 243 242 241 241 241 239 237 233 229 226 230 234 238 239 239 239 237 235 231 229 227 232 235 238 237 233 233 241 245 244 242 238 234 231 231 231 227 225 226 224 220 217 216 215 214 213 211 213 213 216 223 227 227 224 224 226 227 228 227 224 223 225 227 228 226 224 223 224 223 224 224 225 227 227 227 226 225 226 227 226 225 226 227 225 222 217 211 207 209 212 216 216 215 213 211
255 254 253 250 245 241 238 236 237 236 232 230 228 228 229 236 239 241 242 241 239 235 233 230 226 223 228 232 234 230 226 233 241 244 242 238 236 232 228 230 229 225 223 223 221 218 218 218 216 213 213 215 217 217 214 221 226 227 225 223 223 223 224 223 222 225 229 229 229 227 224 221 221 220 219 221 222 224 226 228 228 227 227 226 224 222 223 224 223 221 219 213 209 206 209 215 216 216 215 213
257 256 253 250 246 243 240 237 233 232 231 234 234 235 236 240 243 244 242 241 239 235 231 227 224 222 221 227 231 228 222 231 238 239 241 237 232 231 226 228 226 224 223 221 220 219 220 217 217 216 216 219 219 217 215 219 223 226 227 225 224 222 221 221 222 226 229 230 229 227 225 224 223 221 219 216 217 221 224 225 225 226 226 224 222 220 220 222 219 216 216 214 212 208 205 210 213 215 215 214
255 252 248 244 242 239 238 236 237 239 239 242 243 243 243 243 244 242 239 238 237 235 233 230 226 227 221 221 226 226 220 222 227 229 237 237 231 227 224 227 225 224 222 222 221 220 219 218 220 220 219 220 220 217 218 222 225 227 227 224 224 222 220 221 224 227 230 230 229 228 227 226 225 223 221 218 215 217 221 221 222 224 224 223 220 218 219 220 217 212 210 209 210 208 201 206 209 211 211 209
249 248 247 247 244 241 239 239 244 246 246 249 249 248 247 246 243 240 237 235 234 233 231 229 229 230 224 220 217 217 215 211 212 223 231 232 230 222 223 226 226 224 222 222 222 220 219 219 222 223 223 222 220 216 219 224 226 226 223 221 220 220 221 221 224 227 229 230 228 226 225 224 223 221 220 219 215 216 220 219 219 221 223 223 220 218 218 219 217 213 212 207 205 205 200 202 204 206 204 204
253 253 252 252 248 244 240 243 250 250 250 250 250 248 248 247 243 240 237 236 235 233 231 231 234 231 229 227 223 221 222 221 213 209 218 224 229 224 220 224 225 223 221 221 221 220 219 220 223 225 226 224 220 216 220 222 221 220 219 219 221 223 224 223 223 226 228 228 228 226 223 220 218 216 216 215 213 216 219 218 217 219 222 222 220 217 216 219 218 218 217 214 208 202 198 197 202 203 199 198
257 256 255 252 248 243 242 249 251 251 249 247 248 247 247 246 245 242 240 240 239 237 235 235 237 234 234 232 230 228 228 223 219 209 204 217 225 222 217 221 224 222 223 223 222 222 222 223 225 227 228 225 221 217 217 218 218 219 219 220 223 225 227 227 226 224 227 228 226 226 225 223 220 216 213 210 210 217 218 217 216 218 221 221 218 215 215 218 218 218 218 216 212 208 204 197 197 201 198 194
258 255 254 252 248 244 245 251 249 248 245 244 246 245 244 245 245 245 244 243 241 239 238 239 239 237 237 235 233 229 225 221 218 212 204 213 223 218 216 225 224 222 224 225 225 224 225 226 227 228 227 225 221 218 220 221 221 221 221 221 223 226 228 229 227 225 226 227 225 224 226 226 223 220 216 210 211 216 215 214 214 216 219 218 217 215 214 216 215 215 216 215 211 207 205 202 195 193 197 195
256 253 252 250 247 245 248 249 248 244 242 242 245 245 242 243 244 244 245 245 244 243 242 241 239 236 232 230 225 219 214 211 207 204 199 212 222 215 220 228 225 225 226 226 227 227 227 227 228 226 224 222 220 222 225 226 226 225 224 223 224 226 228 228 227 225 225 226 224 221 224 223 222 218 212 207 210 212 211 212 215 217 216 214 214 213 213 214 211 211 213 213 211 207 203 199 198 193 189 192
254 251 249 247 247 248 249 248 246 243 239 240 244 244 240 240 241 241 243 245 245 244 243 240 237 236 233 228 224 220 217 211 204 197 198 214 218 211 221 228 225 227 228 226 226 227 227 225 226 226 225 224 223 225 227 229 229 228 227 226 227 228 228 229 227 225 225 225 224 222 218 216 217 216 211 206 207 208 212 216 216 215 213 210 209 211 213 213 209 209 211 209 208 207 205 201 196 193 189 186
252 250 249 250 250 251 247 245 242 240 237 236 240 240 237 236 238 237 240 244 244 243 242 241 239 238 236 233 227 220 218 215 210 203 196 201 206 208 221 227 225 226 226 225 224 225 224 221 224 227 227 227 225 225 228 230 231 232 230 229 230 230 229 228 227 226 226 225 225 225 222 218 213 213 211 206 202 207 215 217 215 213 210 207 211 212 212 210 207 207 210 208 205 204 205 203 199 197 197 194
253 252 253 253 251 249 244 241 241 239 236 231 233 237 234 231 233 237 241 243 242 240 239 238 239 238 236 233 227 219 212 215 214 208 199 196 206 213 222 227 226 226 225 223 220 220 221 217 222 225 226 227 227 226 228 231 232 231 230 230 230 230 229 227 226 226 227 227 225 224 223 221 218 212 208 205 199 205 212 215 215 213 209 206 209 210 209 208 204 203 206 205 205 201 203 204 202 200 199 198
254 255 256 254 250 248 245 240 237 237 235 231 226 230 228 228 235 239 241 242 242 240 236 231 232 236 232 225 220 213 207 211 214 209 201 196 211 221 226 229 228 227 227 224 218 215 215 212 217 220 222 225 227 227 228 231 232 230 229 229 229 228 228 228 227 227 228 228 226 223 220 220 219 216 214 212 206 200 206 211 214 213 211 206 205 207 206 204 202 199 199 200 202 200 200 201 198 194 194 192
255 257 256 253 249 245 244 241 237 232 230 228 226 222 222 228 235 238 240 241 241 240 237 232 225 231 227 222 213 209 205 204 208 204 197 194 209 221 227 228 228 227 226 224 218 212 211 206 210 214 219 224 226 228 228 228 227 227 226 227 228 227 227 228 228 228 229 228 226 223 219 216 214 213 210 208 208 203 200 208 210 209 209 208 205 203 203 201 200 198 198 196 195 197 195 196 192 188 186 185
254 255 254 253 250 246 242 240 238 239 236 235 233 225 219 225 236 235 234 238 239 237 234 230 223 223 220 219 217 209 201 197 200 195 191 200 213 221 225 226 227 226 225 221 217 210 207 203 207 210 217 219 224 227 227 227 225 224 225 227 228 226 225 227 228 228 228 228 226 224 222 221 219 219 215 209 203 202 197 198 200 200 203 207 207 206 204 203 203 203 204 201 196 193 193 191 189 193 194 191
249 250 251 252 251 250 248 246 245 243 241 238 233 227 221 218 230 232 229 232 234 232 230 226 220 214 216 211 210 205 199 194 192 192 199 205 213 219 222 223 223 223 220 220 218 214 207 200 202 207 212 218 223 225 225 226 225 223 224 225 227 226 223 226 227 227 225 225 225 225 224 223 222 220 216 209 206 203 204 200 195 192 192 197 203 205 204 204 205 206 205 203 200 196 192 192 196 199 199 198
243 245 250 252 249 248 246 244 245 245 245 243 238 232 226 217 226 234 225 226 230 225 226 222 221 216 209 211 208 200 195 190 191 202 205 206 212 218 219 219 218 217 216 214 214 211 209 199 203 208 211 217 221 223 222 224 224 222 222 225 224 223 222 224 225 224 222 219 220 223 222 222 220 218 215 211 210 207 210 208 204 201 196 191 193 197 196 195 196 202 203 204 202 201 200 200 200 201 201 199
242 245 251 252 246 244 242 240 244 245 244 242 238 231 224 215 224 231 222 221 225 220 222 219 217 219 211 204 207 201 195 188 196 201 199 206 214 216 215 217 214 210 212 204 202 201 202 197 208 212 212 216 219 220 219 221 222 220 220 222 220 219 221 224 223 221 221 218 216 218 220 221 221 219 217 216 213 210 212 213 209 207 205 198 192 190 188 186 184 189 196 201 203 203 202 202 200 199 200 193
237 245 250 250 247 241 237 237 241 243 241 236 232 227 215 214 225 226 221 214 218 215 213 214 212 214 208 201 202 203 199 194 186 189 199 206 210 211 212 216 213 203 203 198 195 195 195 199 209 214 214 215 216 217 218 222 222 220 218 218 216 220 221 221 220 218 219 219 215 212 215 219 220 220 219 218 217 215 215 215 213 211 206 204 204 205 204 201 194 182 185 190 197 196 195 196 196 193 195 186
232 243 247 248 245 240 235 234 238 239 238 235 226 217 209 217 219 217 217 211 208 211 207 208 208 211 208 202 197 199 199 198 191 182 194 205 206 205 211 214 212 203 196 193 197 203 200 202 209 213 212 212 215 218 219 222 223 222 218 214 214 217 217 217 217 216 214 215 215 210 212 214 216 217 218 218 217 217 217 217 216 213 213 211 212 213 210 204 197 189 183 182 183 184 181 181 183 182 184 178
231 237 243 245 243 239 237 233 232 234 234 234 229 222 211 208 212 208 206 204 201 202 200 201 199 202 203 201 196 192 191 190 185 179 187 200 204 203 204 207 210 205 193 194 203 209 205 203 208 208 209 213 218 222 222 222 222 221 219 215 212 212 212 212 212 214 211 212 213 209 206 208 210 212 214 214 215 217 217 217 216 216 216 216 215 213 208 208 209 206 203 199 189 179 180 185 184 181 178 174
232 238 242 243 242 240 238 235 231 229 229 231 228 224 217 208 205 204 204 206 203 202 198 196 195 194 193 195 193 188 187 188 182 179 178 184 193 199 196 202 205 198 192 206 207 212 213 207 206 211 215 218 221 223 224 223 221 219 217 216 215 212 211 209 208 208 208 210 211 208 203 204 205 208 211 211 213 217 216 216 217 217 216 215 215 214 214 214 215 214 212 205 196 187 193 195 192 188 184 177
231 240 241 238 238 236 236 235 234 231 227 229 227 221 216 214 213 217 215 220 217 214 205 204 203 202 196 192 190 193 199 199 197 192 182 177 177 184 190 197 199 194 188 204 213 215 217 214 215 219 221 223 224 224 225 225 223 221 221 221 220 218 217 214 212 212 209 205 204 203 201 200 205 210 210 210 211 214 214 215 216 215 214 213 212 213 215 215 214 214 212 206 198 193 199 198 193 188 185 187
