# 100 100
178 178 178 177 176 176 173 169 168 171 168 165 160 158 157 157 158 161 165 163 162 168 171 169 160 163 173 181 184 180 178 173 164 161 166 171 177 181 179 174 172 174 171 169 170 173 174 174 172 171 175 175 178 183 186 187 188 189 189 189 190 193 195 197 198 196 193 193 194 194 194 195 195 195 194 192 191 191 192 194 195 194 194 193 191 189 189 190 190 190 188 186 184 182 182 182 181 181 180 181
178 178 177 176 175 174 171 168 165 164 162 162 160 160 158 160 160 159 159 159 161 160 166 168 161 165 176 183 185 181 177 172 167 164 164 166 175 177 171 164 166 166 166 167 168 173 173 171 171 170 173 174 179 182 185 186 188 190 191 191 191 193 195 197 197 196 194 191 192 193 192 193 194 193 192 191 191 192 193 193 194 195 194 193 191 192 192 194 195 194 193 189 185 185 184 184 184 182 182 182
175 176 176 176 176 176 172 168 167 168 166 163 160 161 159 157 161 162 165 168 170 165 161 160 160 165 175 184 186 183 178 173 168 170 169 165 172 176 167 167 174 174 176 174 169 171 169 168 169 170 171 173 178 181 183 185 187 189 191 192 193 194 195 195 194 193 191 189 189 190 190 190 190 189 188 187 189 191 192 192 193 193 192 192 192 194 195 196 197 196 196 193 190 189 187 187 187 184 183 182
175 176 177 177 177 176 174 173 173 172 167 162 164 165 161 157 159 163 167 173 176 173 171 168 167 168 176 184 187 183 179 174 170 172 172 166 170 172 166 174 181 182 180 174 170 168 168 169 169 170 170 172 175 178 180 182 185 188 190 192 193 194 195 192 190 189 189 187 185 186 187 186 186 185 186 187 191 193 192 193 192 191 191 192 194 194 195 196 197 197 196 194 191 190 190 190 189 187 184 183
178 178 179 179 180 180 180 179 177 173 166 163 168 171 166 160 158 159 161 164 170 172 177 177 176 176 176 184 185 181 177 175 174 175 175 170 166 165 169 177 184 185 181 177 173 170 172 174 172 170 169 170 173 175 176 180 183 185 188 191 192 192 191 190 186 185 186 185 183 182 184 183 183 184 187 190 193 193 194 193 191 190 189 191 194 194 194 194 195 194 194 192 190 188 188 189 190 188 185 184
178 181 181 182 182 182 182 180 175 171 165 165 172 174 171 165 163 161 159 160 160 162 170 177 181 182 182 185 185 182 180 179 178 178 178 175 175 172 173 180 185 183 181 177 174 171 171 174 174 174 171 170 170 172 177 181 183 185 187 189 190 188 188 187 185 182 182 182 180 180 181 181 183 186 189 192 194 192 193 191 188 187 187 190 192 192 190 190 190 190 190 189 188 187 187 187 188 187 186 185
181 182 183 184 184 184 183 180 177 173 167 167 175 177 175 173 170 167 164 162 162 161 163 171 179 183 186 186 187 187 186 184 182 181 181 180 181 179 179 182 186 184 179 175 174 173 173 173 172 172 176 175 173 170 173 178 181 183 184 186 186 184 184 183 182 181 179 179 178 181 182 184 186 189 193 195 193 192 190 187 185 185 185 186 187 187 185 185 184 185 186 187 187 188 188 187 187 186 186 186
184 184 186 187 185 184 183 181 178 174 168 169 177 180 180 178 177 174 169 165 165 163 161 165 172 177 182 182 184 187 186 185 184 184 183 183 185 186 187 187 187 184 180 177 179 178 178 175 173 172 175 176 174 172 171 173 175 177 179 181 181 179 179 177 176 178 177 177 180 183 184 186 187 190 191 192 191 189 186 183 183 184 184 183 184 184 183 183 182 183 184 187 187 187 187 188 188 188 188 189
187 187 189 189 185 183 181 179 175 171 168 172 179 183 183 182 180 177 173 170 169 165 161 161 163 166 172 174 178 181 182 181 181 182 182 183 186 188 189 190 190 185 182 179 179 183 183 180 176 173 173 174 174 172 171 171 171 172 175 175 175 175 174 175 176 176 176 178 182 183 184 185 187 187 188 189 188 186 185 182 182 183 185 186 186 185 183 182 182 184 184 186 187 187 189 191 191 190 190 191
187 188 188 187 184 180 177 175 172 170 174 176 179 184 185 183 181 179 176 174 172 169 165 163 161 163 167 171 173 175 175 175 176 177 179 181 184 187 188 189 190 190 188 185 183 187 188 186 182 178 174 173 173 173 173 171 171 172 172 173 173 174 174 176 179 179 178 177 178 179 180 180 182 182 182 184 184 184 184 183 183 186 188 188 188 187 185 183 183 184 185 187 187 189 191 193 193 191 192 193
185 186 187 186 183 180 176 174 174 175 177 182 183 184 184 183 181 179 177 176 173 170 167 164 161 161 164 168 170 169 169 172 175 177 181 183 184 185 187 189 191 193 193 192 190 191 191 189 187 185 180 176 175 174 175 174 173 175 174 174 174 174 175 176 178 181 181 179 178 179 179 178 180 182 183 182 182 184 184 186 187 189 191 191 190 188 187 186 185 186 188 190 190 190 192 193 193 193 193 195
182 185 187 185 182 179 177 179 179 181 182 185 186 186 185 183 181 178 175 172 171 167 163 162 162 161 164 167 166 168 173 178 181 182 185 187 187 187 189 191 193 195 196 196 194 194 193 190 188 186 184 181 177 175 177 177 175 175 176 176 178 180 180 180 181 184 184 183 182 182 182 180 181 184 185 187 187 188 187 188 191 193 194 194 192 189 189 188 188 190 192 193 192 191 190 191 192 193 193 194
183 186 187 185 182 182 181 183 183 185 187 187 187 187 186 186 182 181 178 173 169 167 166 166 165 163 162 165 168 174 179 182 184 185 185 186 186 186 188 191 193 195 197 197 196 195 193 190 186 182 182 180 177 176 180 181 178 178 179 179 183 186 186 185 188 188 188 187 186 186 184 181 180 187 187 188 190 190 190 189 193 197 197 196 193 191 191 191 190 192 194 194 193 190 188 189 191 192 191 193
186 187 188 187 186 186 186 185 186 187 188 188 188 189 187 186 185 184 180 175 173 174 172 169 166 165 162 166 172 177 181 184 185 185 184 182 179 182 186 190 192 195 197 197 196 194 191 187 184 183 183 180 178 180 183 181 180 183 183 180 185 189 191 191 192 193 193 192 191 190 186 180 180 187 190 189 190 193 194 193 194 199 199 197 195 193 194 194 193 193 193 193 192 188 188 189 191 191 192 193
187 188 188 189 188 188 188 186 187 187 187 188 188 189 189 187 186 184 180 176 176 177 175 171 168 167 165 163 166 171 175 179 183 184 179 176 179 181 183 187 190 194 197 198 196 193 189 186 190 190 187 184 180 183 185 181 184 187 186 183 184 188 192 194 196 197 197 196 194 193 188 181 181 189 194 193 191 194 196 197 196 198 200 198 196 196 197 196 194 193 193 191 189 187 189 190 189 190 192 192
187 188 188 189 189 188 190 187 186 185 186 185 186 188 188 189 187 184 181 178 178 179 178 174 170 172 171 167 164 163 166 170 178 182 176 180 186 187 185 185 189 193 196 197 196 195 191 189 194 192 189 186 181 184 187 183 186 189 188 185 186 188 190 194 198 200 201 198 196 192 187 183 184 193 198 198 196 195 198 200 199 199 200 200 199 199 198 197 196 193 191 189 186 188 189 191 190 188 190 190
185 186 186 187 187 187 186 185 184 184 184 183 184 186 187 189 188 186 183 181 180 180 180 176 174 177 176 173 173 164 165 168 170 173 173 182 190 191 189 189 191 192 195 197 196 194 191 191 194 193 191 188 183 188 189 185 185 191 191 188 189 193 194 195 198 202 202 199 196 191 187 189 190 197 200 201 200 199 199 201 202 202 202 202 201 200 199 197 194 191 189 185 187 190 189 191 190 190 189 187
182 182 183 183 184 184 184 183 182 181 182 181 181 185 188 189 189 188 186 184 183 182 180 178 179 180 178 173 170 164 169 174 175 176 178 187 193 194 192 192 195 196 196 197 197 194 193 192 193 194 193 189 187 191 191 188 186 192 194 192 192 197 200 201 201 203 203 200 195 190 190 195 194 198 202 204 204 203 202 203 204 203 203 202 201 198 197 196 192 189 187 185 185 187 188 189 189 190 189 185
177 177 179 178 179 182 182 181 180 177 179 178 182 186 188 188 187 187 187 187 186 185 182 182 183 182 178 175 168 165 172 177 182 185 187 192 196 197 195 195 198 200 200 200 198 197 197 195 194 196 194 190 189 194 193 190 186 193 196 196 195 200 204 206 206 206 205 202 197 192 192 197 197 198 202 205 207 207 206 206 205 205 203 202 199 196 193 192 190 187 183 182 180 180 182 184 187 189 187 184
169 171 173 173 175 179 178 177 176 175 175 176 181 184 185 185 185 186 187 187 187 187 186 185 184 180 175 173 169 165 167 175 182 188 191 195 198 199 199 198 201 203 204 202 201 200 198 197 197 197 195 190 193 197 196 191 188 195 199 200 201 204 208 209 209 208 206 204 199 194 192 198 201 202 205 206 208 210 209 208 207 205 203 200 198 196 193 188 187 185 181 181 180 179 178 181 185 185 185 183
163 166 168 168 171 172 171 172 172 171 170 173 177 179 180 181 181 183 185 186 187 187 188 187 184 179 174 174 170 164 167 173 178 182 186 189 194 199 201 201 203 205 205 204 203 201 200 200 200 200 197 190 196 199 198 194 189 197 202 203 205 207 210 211 211 209 206 203 200 195 192 198 202 205 207 208 209 209 208 206 206 205 201 197 195 195 192 189 184 181 185 186 184 181 179 177 181 181 181 181
159 160 162 164 166 164 165 167 168 169 173 175 174 176 178 179 180 181 182 184 186 187 188 188 186 183 181 177 169 164 168 169 171 174 177 182 186 194 201 203 205 206 206 205 204 202 204 204 202 198 195 193 198 202 201 196 191 196 201 203 206 209 210 212 211 208 205 201 198 195 193 197 201 205 207 209 209 208 205 202 202 202 200 196 192 191 189 184 182 187 192 191 186 185 183 180 177 177 176 178
161 159 162 164 166 169 170 172 174 175 176 178 180 181 183 185 186 186 185 184 185 187 187 187 186 184 183 177 169 165 174 176 176 176 178 181 183 189 196 200 204 207 208 207 206 205 207 205 202 201 201 197 199 204 202 198 194 195 198 201 204 208 210 211 209 207 204 201 198 196 195 198 202 205 207 208 208 207 204 201 198 198 197 195 192 187 185 182 187 194 193 191 189 188 185 181 178 180 178 177
167 161 161 165 169 173 176 178 179 179 180 181 183 184 186 189 189 189 188 186 186 186 187 185 183 180 177 176 169 167 176 182 183 183 184 189 191 190 192 197 204 208 210 209 208 208 209 207 204 206 204 200 200 204 202 198 196 198 201 204 206 208 210 210 208 206 203 201 199 197 198 199 203 205 206 207 207 205 203 201 198 194 194 194 191 187 184 184 189 193 192 192 194 191 185 180 182 182 180 180
172 166 164 162 166 172 176 178 180 180 180 182 184 187 189 191 192 191 189 188 187 187 187 185 182 179 176 171 166 168 177 184 189 190 189 195 200 198 197 198 203 208 211 211 210 210 210 207 207 208 206 202 203 205 203 199 200 203 207 210 211 211 211 209 207 205 202 201 201 200 201 201 203 204 205 205 203 202 201 200 198 195 191 190 188 185 185 189 192 194 194 193 194 191 186 181 186 186 184 183
175 173 170 166 163 167 172 175 176 177 178 181 184 188 191 194 194 192 191 188 188 189 188 187 183 179 175 173 168 169 177 183 191 196 195 199 204 206 206 206 205 210 212 212 212 211 210 209 211 210 207 205 205 207 206 202 203 208 211 213 213 213 211 208 206 205 204 203 203 202 202 202 203 203 203 201 199 197 197 196 195 192 189 187 186 185 189 194 196 197 196 194 193 189 184 183 189 189 188 187
179 178 175 172 167 164 165 167 169 172 175 179 183 187 190 193 194 193 191 191 190 190 190 188 184 180 177 176 170 167 172 179 187 196 201 204 207 209 210 210 210 212 213 214 213 212 211 212 213 212 210 209 210 210 210 206 205 210 213 214 214 212 210 207 206 204 203 204 203 204 204 204 203 203 201 199 196 194 193 191 191 189 187 191 192 191 189 195 198 197 197 196 192 186 186 189 192 193 192 189
181 181 180 177 174 170 168 169 168 168 169 173 178 182 186 190 193 193 192 193 192 192 191 189 186 184 181 179 174 168 168 175 183 192 200 204 206 208 210 211 212 213 214 214 214 213 214 214 215 214 213 212 212 213 212 211 207 210 214 215 214 212 210 207 206 204 203 203 203 205 205 205 203 202 200 198 197 196 194 192 189 188 193 198 198 194 190 194 198 196 194 192 189 187 193 195 197 197 195 192
183 183 183 181 178 175 173 176 176 175 172 169 170 175 180 185 189 191 190 192 193 194 194 192 189 186 182 179 175 170 168 174 181 189 194 197 199 203 207 210 212 212 213 214 214 214 215 216 215 215 214 213 213 214 214 214 212 209 213 215 215 214 212 209 207 205 203 202 203 204 205 205 204 203 202 201 199 196 194 191 189 193 198 201 198 195 192 194 198 196 194 191 188 193 197 199 200 200 198 195
185 185 185 184 183 180 178 181 182 179 177 175 172 170 173 181 184 186 188 191 193 194 194 194 191 187 184 182 179 173 168 173 181 186 188 189 194 202 207 209 210 211 212 212 214 214 215 215 215 214 213 212 212 213 214 215 214 212 213 216 216 216 213 211 208 205 203 202 201 202 204 204 204 205 204 202 200 196 193 190 193 197 200 200 198 196 193 195 197 196 194 192 189 195 199 200 201 201 199 198
186 186 186 187 186 185 184 187 187 184 182 180 178 176 173 174 178 181 184 189 191 192 193 194 192 191 189 184 178 174 170 171 178 181 181 186 197 204 207 207 207 208 207 207 211 212 212 211 209 210 210 209 209 210 213 215 216 214 215 217 216 215 214 211 209 207 205 203 200 200 202 203 203 203 203 202 200 197 194 191 196 199 200 200 198 195 194 196 197 196 194 192 191 193 197 199 200 200 199 198
185 186 187 187 188 188 188 189 191 189 186 183 182 183 180 177 174 177 182 185 186 188 191 193 194 193 191 186 181 178 174 169 174 177 178 185 193 200 203 202 201 204 202 202 206 203 202 200 200 202 204 206 208 212 214 216 217 217 218 217 216 213 211 210 208 207 205 203 200 199 199 200 201 201 202 201 200 197 193 194 199 202 201 199 197 195 197 198 197 196 194 194 193 194 197 199 199 198 198 197
181 182 184 186 187 189 190 190 193 193 190 188 188 188 186 182 177 175 179 181 182 185 189 191 192 194 193 190 186 181 175 170 170 173 179 183 188 194 197 196 197 201 197 196 199 194 196 202 206 208 206 208 212 215 218 219 220 220 220 219 217 214 210 208 207 206 205 203 201 200 201 200 198 198 200 201 201 198 194 196 202 203 201 199 199 200 199 199 198 197 196 195 194 196 198 199 198 198 197 197
176 178 181 184 186 188 190 190 192 194 194 193 192 192 190 185 179 177 183 185 186 187 189 190 191 192 193 192 189 183 177 172 170 172 177 179 185 188 190 190 195 197 193 189 190 194 203 208 211 212 212 214 216 218 220 222 222 222 222 221 218 215 212 211 210 209 209 207 205 203 202 202 200 198 198 198 198 197 194 198 203 203 201 200 201 202 201 201 200 198 197 196 196 198 200 200 198 197 196 195
181 184 187 188 190 191 191 191 192 194 195 194 193 191 189 185 178 180 187 191 190 191 192 192 191 191 192 192 191 187 181 177 173 170 172 174 178 181 182 187 192 190 185 187 194 200 204 207 210 211 213 215 217 220 222 223 224 224 223 222 220 217 217 215 214 213 213 211 209 206 205 205 203 202 202 200 196 195 195 200 203 204 202 202 202 202 203 203 201 200 199 198 198 200 201 201 199 197 196 195
175 177 182 189 193 194 194 194 193 194 195 194 191 186 183 179 180 184 190 194 195 195 194 193 192 190 189 190 191 190 186 182 180 174 171 171 174 177 182 185 188 183 183 192 197 199 201 203 205 208 211 213 215 218 221 222 223 223 223 223 222 221 219 218 217 217 216 214 212 208 208 208 207 205 204 203 201 197 196 201 203 205 203 203 203 204 204 204 203 202 201 200 201 201 202 201 199 198 197 197
177 178 176 183 189 193 195 196 196 195 196 194 191 185 182 186 187 188 193 196 197 196 195 194 192 189 187 187 189 190 188 185 183 178 174 173 171 176 179 182 180 178 182 190 193 195 196 197 201 203 205 207 209 212 216 217 218 218 219 220 221 220 218 217 218 218 217 216 213 210 211 211 209 207 205 204 202 199 200 201 203 205 204 205 204 204 204 204 203 202 202 201 201 201 201 200 199 199 198 197
184 188 180 180 189 195 198 199 198 197 196 192 189 184 188 193 193 192 196 198 198 197 194 192 190 188 185 183 186 187 185 182 181 179 176 173 172 174 175 178 181 180 181 187 190 190 190 193 197 198 198 200 203 205 208 209 211 211 211 214 216 215 213 213 215 216 216 215 214 213 213 212 210 208 206 204 202 201 204 204 204 205 205 205 205 204 203 202 201 201 201 200 199 199 198 198 197 198 197 196
188 191 183 180 188 194 197 199 200 199 196 192 191 187 189 197 198 197 198 198 197 194 191 188 187 185 184 181 183 183 180 179 178 178 177 174 171 174 176 182 185 181 179 183 185 187 186 190 191 191 191 195 197 198 202 202 203 205 204 208 211 211 207 208 211 211 213 215 215 214 213 213 211 209 208 207 205 204 205 205 205 206 206 205 205 204 202 201 200 200 199 198 196 195 194 194 194 195 195 193
190 189 183 184 186 190 196 200 202 200 196 196 196 191 188 198 200 199 197 195 193 191 188 186 186 183 184 181 179 179 176 175 174 177 176 172 172 176 176 180 182 179 177 178 180 183 182 184 185 185 188 192 192 192 197 196 199 200 198 202 205 206 204 204 206 206 211 213 213 212 211 211 209 208 207 206 206 207 206 206 207 207 206 205 203 202 202 201 199 198 197 196 195 194 193 191 190 191 192 191
193 191 185 188 192 191 197 203 204 202 201 201 200 192 188 198 201 199 197 195 193 192 191 190 189 186 182 180 177 176 175 174 173 176 176 172 174 178 177 176 176 176 176 176 177 178 178 178 179 181 183 188 187 190 193 192 196 197 195 198 201 203 201 200 202 204 209 210 210 208 207 207 207 205 204 204 206 206 206 207 208 207 206 204 203 202 202 200 200 201 200 199 198 198 196 195 192 188 188 189
196 192 187 192 196 196 197 202 204 206 206 205 200 192 190 199 202 201 199 198 197 197 197 196 191 185 182 179 177 176 176 176 174 174 174 172 176 177 175 174 174 175 176 176 177 177 177 177 178 178 179 181 183 186 190 190 192 194 192 196 200 200 197 196 197 202 205 204 204 203 202 204 203 201 202 204 206 205 206 207 207 208 207 205 204 203 204 204 203 204 203 201 199 197 196 195 193 191 188 186
199 193 188 195 199 201 200 201 205 208 209 206 199 191 191 198 203 203 202 202 201 201 201 201 194 186 183 182 181 179 178 179 176 174 175 173 173 174 174 174 174 175 178 180 180 181 180 181 180 178 179 179 180 182 185 186 188 190 190 194 198 195 192 192 195 197 197 197 198 198 199 201 200 201 203 203 204 206 207 208 208 209 209 209 207 206 206 205 205 205 204 202 199 196 194 193 192 190 189 187
201 196 191 196 203 207 206 205 208 210 210 207 200 192 194 199 203 205 205 206 205 203 201 198 192 187 184 183 183 179 180 179 177 178 179 175 174 173 173 173 174 175 178 181 183 184 183 184 183 180 179 181 180 181 182 183 185 187 187 191 196 192 189 190 193 192 192 193 194 195 196 197 200 205 207 206 206 209 211 211 210 210 211 211 211 210 209 207 206 206 205 202 199 197 195 193 191 191 191 190
204 199 193 196 205 209 210 210 211 210 208 202 195 193 194 196 201 205 208 209 208 205 201 196 190 186 184 182 180 180 182 181 179 181 178 175 174 175 175 175 175 176 177 180 183 184 185 186 185 183 180 183 183 183 183 183 183 184 184 187 188 188 188 190 190 192 196 196 197 198 199 200 205 209 211 211 210 213 214 213 211 210 211 211 211 211 210 207 205 205 204 203 201 199 197 195 194 193 194 193
204 200 196 195 202 207 210 211 211 209 204 198 194 199 200 198 200 206 210 211 210 207 202 198 194 191 187 183 180 182 183 182 182 180 177 176 176 177 179 178 177 178 179 180 181 183 185 186 187 183 183 186 189 187 186 187 189 189 191 188 188 192 193 196 197 198 202 201 201 203 202 204 207 212 215 215 215 216 217 216 213 210 210 210 209 210 209 206 203 203 202 200 200 199 198 197 195 195 197 195
205 204 200 197 199 203 207 210 210 206 202 198 196 202 206 202 201 207 211 212 212 210 206 202 199 195 189 185 182 183 182 181 180 178 180 181 179 178 181 181 179 180 183 185 184 185 187 186 185 185 189 191 192 189 192 193 194 199 200 198 194 198 199 201 203 203 206 204 205 208 206 208 210 215 218 218 218 219 218 217 214 212 210 209 206 207 207 205 203 200 199 197 197 199 198 197 196 196 198 198
207 206 204 201 199 203 208 209 209 205 201 199 201 201 207 205 202 207 210 212 212 212 210 206 202 196 190 186 185 184 181 179 179 179 182 184 182 180 183 183 181 183 185 188 188 190 190 188 185 188 195 197 196 192 197 200 197 202 205 205 200 203 204 204 209 208 209 207 211 214 212 212 215 218 220 219 219 218 218 217 215 213 211 209 206 203 205 206 205 201 199 196 193 196 196 194 194 195 198 199
209 210 207 204 202 205 210 211 208 205 201 205 207 203 205 208 205 207 211 213 214 212 211 207 202 196 191 189 188 184 182 183 183 182 181 185 185 183 185 185 183 187 188 191 193 195 195 192 187 191 199 201 201 196 199 203 203 204 209 211 207 209 211 211 214 214 212 212 216 218 217 217 219 220 220 219 218 216 217 216 214 213 210 207 207 204 200 203 203 203 199 195 193 191 191 191 191 193 196 197
212 213 211 208 204 206 210 212 209 205 202 208 210 207 205 209 208 206 210 212 213 212 211 206 202 196 193 191 188 183 185 186 187 186 184 185 187 186 187 185 188 194 193 194 198 199 198 194 188 193 201 205 204 200 200 206 209 210 214 216 215 217 219 219 220 219 216 216 219 220 220 220 221 221 220 218 217 214 213 215 214 212 210 209 210 206 201 197 196 196 196 196 196 192 189 187 189 192 194 194
214 214 213 209 206 209 212 213 211 209 206 208 210 209 206 208 209 207 208 211 211 210 208 206 202 198 194 190 186 186 188 190 189 189 185 186 190 190 190 188 191 197 199 198 200 201 197 191 190 196 203 207 207 203 201 206 211 214 217 220 222 223 224 225 224 222 219 218 219 220 220 220 220 221 220 219 219 216 212 210 211 211 210 210 209 206 203 199 196 193 191 194 197 195 190 186 187 190 190 191
214 215 213 210 209 213 215 214 213 208 205 208 211 210 208 208 210 209 209 211 209 206 203 201 199 194 191 190 192 191 194 195 192 188 187 191 195 196 196 194 192 199 202 202 203 202 196 190 196 202 205 207 208 206 206 208 211 216 219 222 224 226 229 228 226 223 220 217 216 216 217 217 219 220 221 221 220 218 214 209 206 207 209 209 207 205 202 200 197 194 190 188 192 191 188 185 184 187 187 188
214 216 215 213 213 214 215 214 211 207 206 210 212 211 211 211 212 212 212 212 210 205 203 198 194 196 196 198 198 197 199 200 194 189 191 196 200 201 201 197 195 199 204 205 205 203 197 192 198 202 204 207 210 210 211 213 214 216 218 221 225 227 228 227 226 222 217 214 212 211 212 214 217 219 220 220 218 216 214 211 208 203 205 205 203 202 200 197 194 191 188 186 186 185 184 183 182 182 184 184
215 217 216 216 216 215 214 212 209 209 209 209 212 213 214 214 214 214 214 214 212 210 209 202 197 204 206 205 203 202 202 201 194 192 197 200 204 205 203 199 200 202 205 206 205 204 199 194 195 199 202 207 210 212 214 216 216 214 214 217 222 224 225 224 222 217 212 210 208 206 210 215 217 217 218 217 215 212 211 210 208 203 198 199 198 198 197 194 191 188 186 186 186 185 183 182 182 180 180 181
215 217 217 217 217 215 212 210 210 212 211 211 212 214 215 215 215 216 216 216 214 214 212 204 198 207 211 211 209 208 205 200 195 198 201 206 208 207 204 203 206 207 207 207 204 201 198 195 195 198 202 208 212 214 216 216 214 211 209 214 218 219 218 217 216 213 209 205 206 203 210 214 215 216 216 216 213 210 207 207 207 204 198 194 193 193 193 191 188 186 187 189 190 188 185 182 181 179 179 178
216 218 219 218 217 215 213 212 213 214 213 212 212 213 214 215 215 216 216 216 216 216 213 205 200 208 214 214 212 210 206 200 201 205 207 210 212 210 207 208 209 209 207 204 200 200 198 199 201 204 205 210 213 214 215 215 213 208 206 211 213 213 212 210 210 210 208 203 202 201 207 211 211 212 213 213 213 210 206 203 206 204 201 197 194 191 189 188 187 187 188 189 188 187 185 184 183 182 182 180
217 218 218 218 216 214 213 214 214 214 213 212 212 211 211 212 213 215 217 217 217 217 213 206 201 211 215 216 213 209 205 201 206 212 214 215 214 213 211 211 210 209 205 202 205 208 207 207 208 210 210 211 213 212 212 212 211 207 202 205 207 207 207 204 203 205 204 200 200 198 204 207 206 206 208 209 209 208 205 201 204 205 203 201 198 194 189 187 187 187 189 187 185 184 183 183 184 185 184 184
217 217 215 213 212 212 214 214 214 213 211 209 210 206 205 206 209 213 216 217 217 217 213 207 203 212 217 218 217 214 210 206 208 214 217 217 216 214 213 211 210 207 205 207 211 213 212 212 213 213 212 211 211 211 210 210 209 205 200 199 201 203 204 202 199 199 198 195 198 196 201 203 202 201 202 204 206 206 202 198 202 204 204 202 198 194 188 185 186 186 187 185 183 181 181 182 184 185 186 185
217 217 214 209 207 211 213 211 211 209 205 203 205 200 200 203 207 211 213 215 217 217 214 209 204 211 217 219 219 217 214 211 211 215 218 217 216 214 212 210 208 207 209 212 215 217 217 215 213 212 211 210 210 209 207 207 205 202 199 196 198 201 202 201 198 194 193 192 193 195 199 199 198 196 197 200 203 204 202 196 198 202 202 199 196 191 186 183 185 186 185 183 180 180 180 181 183 185 186 186
217 217 215 210 204 208 210 206 203 202 200 197 198 196 205 208 208 210 212 215 217 216 215 211 206 211 218 220 220 219 218 216 216 217 217 216 215 213 212 211 211 213 215 217 218 218 217 216 213 210 208 207 208 207 205 204 202 199 197 195 198 199 199 198 197 194 191 189 190 194 196 197 196 193 194 199 201 202 202 197 192 197 198 196 193 188 183 182 183 184 182 179 180 182 182 181 182 183 185 186
217 216 213 208 202 204 208 204 197 195 193 191 192 201 211 213 213 214 215 216 216 216 214 211 209 214 218 220 220 219 219 220 219 219 218 217 216 217 216 216 216 217 219 219 218 217 215 215 214 211 208 206 205 205 203 204 203 199 195 192 195 196 195 193 193 192 190 187 188 191 193 195 195 193 191 195 199 200 199 197 191 190 194 192 190 186 182 181 181 182 179 179 183 185 185 184 182 183 185 186
216 214 210 206 200 200 204 201 195 189 186 188 194 203 210 212 212 213 214 215 215 215 214 211 212 215 217 218 219 217 218 219 221 220 219 220 221 222 222 222 221 221 222 219 217 214 212 211 211 210 208 206 204 202 200 202 203 200 196 192 191 191 191 189 188 188 188 186 185 187 189 192 194 192 188 191 195 196 194 194 191 186 188 188 186 185 183 182 180 179 178 179 183 186 186 184 185 185 186 186
214 211 207 203 196 198 201 196 191 184 185 192 196 200 201 201 204 206 209 211 213 215 215 213 212 216 217 217 215 214 213 216 220 219 220 222 224 226 226 226 224 223 221 218 215 212 209 207 207 206 206 204 203 201 199 201 202 200 197 194 190 188 186 185 185 184 185 185 183 183 183 186 189 189 185 188 191 190 188 188 188 185 183 185 183 184 184 185 184 180 177 176 180 184 186 185 184 185 187 188
211 208 203 198 193 193 196 191 185 179 184 186 188 192 191 193 196 199 201 205 210 214 215 213 214 215 216 214 212 211 210 214 217 218 221 223 227 228 228 227 225 222 218 216 215 212 209 207 205 203 202 201 200 199 197 198 200 198 196 193 190 187 186 188 187 184 182 182 182 180 179 180 182 185 182 184 185 184 181 182 184 183 180 178 181 185 186 187 184 182 179 176 177 182 185 185 186 186 186 187
207 207 202 195 189 188 192 189 182 176 179 187 186 188 194 200 204 205 206 204 209 214 216 215 215 215 215 212 209 208 209 212 214 216 220 224 227 229 229 226 222 218 214 214 214 212 210 209 208 206 204 201 199 197 195 195 198 196 193 190 188 189 190 191 189 186 186 183 181 182 181 179 178 180 180 179 179 177 176 178 180 180 180 176 180 183 184 184 182 184 182 176 176 182 186 187 188 186 186 187
201 204 203 198 191 186 184 182 178 174 182 190 191 194 200 208 213 212 210 209 213 215 216 216 216 215 214 210 207 206 208 210 213 217 221 224 226 227 225 222 218 214 212 211 210 209 207 207 208 207 206 204 202 200 198 194 195 194 190 191 193 193 193 192 189 189 191 189 185 184 183 180 177 176 176 176 175 174 174 175 176 177 176 173 174 175 177 178 179 181 182 178 175 181 187 189 188 187 186 187
194 199 202 199 196 195 192 187 178 173 184 192 198 201 210 214 217 216 213 214 216 218 218 218 217 216 212 208 204 208 212 213 216 218 221 223 224 223 221 219 215 212 210 208 207 206 205 203 204 205 204 203 201 200 199 196 193 191 191 196 198 196 194 191 191 193 194 193 189 187 185 182 180 179 178 177 177 176 176 176 174 173 172 172 172 171 170 172 174 178 178 177 174 181 188 189 188 187 186 188
189 191 197 198 197 195 192 186 176 171 182 191 203 208 212 217 218 218 218 218 219 219 219 219 218 217 214 208 203 209 215 216 219 220 221 221 221 219 217 217 217 214 212 210 210 209 208 204 201 201 200 200 199 197 196 194 192 192 193 198 200 198 196 192 195 197 198 197 194 191 188 185 183 182 182 181 179 179 180 181 179 177 177 179 179 177 174 170 169 171 173 173 174 182 190 189 188 188 187 187
188 184 188 193 193 192 190 183 171 171 182 191 205 213 215 218 219 220 220 220 220 219 219 219 219 217 215 209 203 206 213 216 219 220 220 219 218 217 214 215 216 215 214 212 212 211 209 205 202 201 199 198 197 197 197 196 197 197 195 199 201 200 198 194 197 200 201 200 197 195 191 188 185 184 182 181 181 182 184 183 182 180 180 181 179 176 173 169 168 176 180 181 182 190 192 189 188 188 187 188
193 183 174 183 187 187 186 181 169 171 183 196 209 213 215 217 218 219 220 220 218 216 216 217 218 217 215 210 205 201 208 215 217 217 217 216 216 214 213 211 212 214 215 215 214 211 209 207 206 205 202 200 200 202 203 202 203 202 199 199 203 202 199 196 197 201 202 202 200 197 194 190 188 187 184 184 184 184 185 184 181 179 178 177 175 172 170 167 169 178 184 188 192 192 195 192 189 189 188 189
189 183 172 173 176 177 180 178 169 169 180 191 199 202 211 214 213 216 219 219 215 210 211 215 216 216 213 210 204 200 210 217 217 216 215 215 213 212 211 209 209 211 213 214 215 213 212 210 209 207 204 204 205 206 207 207 206 205 202 200 204 204 200 200 199 202 203 203 201 199 196 193 190 188 187 188 189 187 185 183 180 176 174 173 169 167 167 167 172 183 186 192 197 195 198 197 194 191 189 189
183 178 170 165 167 168 172 174 167 168 179 186 187 198 210 211 207 211 215 216 212 205 209 213 214 211 209 205 198 204 213 217 216 214 214 215 215 215 213 210 207 208 212 214 213 213 212 211 210 209 208 208 209 210 210 210 208 205 202 201 204 205 203 203 201 203 204 203 202 199 197 193 191 190 191 192 193 190 187 183 179 177 172 168 167 167 168 170 180 188 190 194 199 201 202 200 196 193 191 191
175 171 166 162 160 162 166 168 163 167 177 179 184 194 203 206 201 207 210 210 206 200 206 211 211 207 202 199 199 208 212 213 212 211 213 216 217 216 214 212 208 207 212 213 212 211 211 210 209 210 211 211 211 212 211 211 209 206 205 205 206 207 206 204 203 204 204 203 201 199 197 194 193 193 195 196 195 192 188 184 178 175 171 168 167 170 177 177 184 189 193 197 201 202 203 201 197 194 193 192
168 168 166 160 160 161 161 161 162 163 171 175 180 185 193 199 196 199 204 202 197 197 205 209 209 207 201 195 198 203 204 207 210 212 214 216 217 216 213 210 207 205 210 211 211 209 207 207 206 208 209 210 211 212 211 211 210 209 209 209 208 208 207 205 204 204 204 203 201 199 197 195 195 195 196 196 194 192 188 183 178 173 168 167 166 173 183 185 185 188 192 196 200 201 202 200 198 196 194 193
164 165 162 159 164 172 172 172 172 164 166 167 169 177 184 191 192 182 192 191 192 202 205 206 206 205 202 193 195 204 208 211 214 213 214 215 216 215 212 210 207 203 203 206 209 209 206 203 203 206 206 207 210 211 211 210 210 210 211 210 210 209 207 206 205 203 202 201 198 196 194 193 193 194 194 193 191 190 187 183 179 174 167 166 167 174 182 187 189 192 196 198 200 200 200 199 198 196 196 195
162 160 159 159 166 171 177 181 179 172 166 166 164 172 176 182 186 183 188 187 198 202 203 201 201 201 198 191 195 207 212 212 212 210 212 215 216 216 214 213 211 207 201 199 203 207 206 201 200 202 203 207 210 210 210 209 209 210 210 211 210 208 207 206 205 203 200 198 196 194 192 190 189 189 188 188 187 187 185 181 177 172 166 166 168 174 181 185 189 193 197 198 199 198 198 197 196 195 197 197
161 162 161 162 165 170 173 180 181 179 175 170 164 164 168 176 179 177 181 192 201 200 200 197 196 192 188 192 203 209 212 209 206 207 212 215 215 215 214 213 212 210 206 201 197 202 205 201 197 199 205 208 209 209 208 207 208 209 209 209 209 207 206 205 205 203 201 198 196 194 193 192 191 190 187 183 182 185 185 182 178 173 167 166 167 172 178 182 186 191 195 197 197 197 195 194 194 193 196 197
168 171 175 170 172 177 175 179 183 180 175 171 166 167 165 171 171 177 187 196 196 196 197 195 189 187 197 201 211 213 211 204 201 208 210 212 212 211 211 211 210 209 207 204 197 197 202 200 195 198 204 207 208 208 207 206 205 207 207 207 207 207 205 203 202 202 201 198 197 195 192 190 192 191 189 188 183 180 185 185 181 176 169 165 165 168 174 179 184 187 190 192 194 193 191 193 193 192 194 195
176 178 183 179 182 184 182 185 188 184 184 178 168 173 167 165 170 182 191 191 191 193 193 189 183 191 203 210 217 210 204 199 198 204 205 207 208 205 204 206 205 204 206 204 197 194 199 196 194 199 204 206 206 207 206 204 203 204 205 205 205 206 206 203 201 199 198 197 196 193 190 188 191 190 186 185 184 180 179 184 181 176 170 165 165 167 175 180 181 184 186 187 188 189 188 191 191 190 191 193
187 189 195 193 192 191 190 193 193 191 188 177 171 182 176 167 168 178 187 188 193 195 189 182 187 196 205 213 213 208 203 197 192 195 197 200 203 202 197 199 200 200 204 202 197 191 194 193 197 203 204 204 204 205 205 204 202 202 202 203 203 204 204 204 202 200 197 195 193 191 189 187 187 184 183 184 180 178 175 174 175 175 170 166 165 167 174 178 178 181 183 183 183 184 185 188 189 189 189 191
202 203 206 205 202 199 198 197 196 196 192 177 171 178 172 167 171 176 181 190 191 187 181 180 194 205 207 206 207 205 201 198 192 189 190 194 198 198 195 193 195 198 202 201 199 193 189 190 200 200 202 202 203 204 204 202 201 200 200 201 202 202 202 201 201 200 198 196 193 193 190 187 188 186 188 188 187 185 182 175 170 170 169 166 164 166 170 174 176 179 180 180 179 181 184 186 187 187 186 189
207 205 204 202 201 200 198 197 194 190 185 175 176 181 173 168 172 175 178 184 181 176 182 190 199 204 201 196 195 197 193 193 189 185 185 188 191 192 189 188 190 195 198 198 196 192 188 189 193 198 204 205 205 204 203 201 200 199 199 200 200 199 199 199 198 198 197 198 196 196 192 191 191 189 188 186 185 183 179 176 178 175 169 167 165 165 167 169 173 174 175 176 180 182 183 183 185 185 184 187
205 203 201 197 195 194 194 193 194 187 178 176 188 188 180 171 171 176 178 178 174 182 188 192 197 199 191 189 187 190 186 185 184 183 181 181 184 185 185 185 188 190 192 194 192 188 185 191 199 201 204 205 206 205 202 199 199 198 201 201 199 197 196 195 195 194 195 196 196 195 193 190 188 188 185 183 181 177 178 184 182 175 170 168 166 165 165 165 168 171 175 178 179 180 180 181 183 182 181 184
208 208 205 199 195 191 188 185 184 181 177 186 194 188 179 172 169 175 177 173 178 182 183 184 186 189 185 179 181 181 180 178 178 180 178 177 178 181 182 182 184 185 187 191 190 185 185 194 201 203 205 206 204 201 198 194 196 200 202 202 199 196 195 194 195 194 192 193 193 192 190 186 188 184 182 180 178 178 181 181 177 173 170 169 167 166 167 165 165 169 175 176 175 173 173 178 179 179 178 182
212 212 209 204 199 195 191 184 181 181 185 195 195 188 183 177 170 169 172 171 174 173 175 178 173 176 177 175 176 175 175 177 176 177 177 179 178 179 179 179 180 182 184 187 186 183 186 190 195 201 201 199 197 194 193 195 198 200 201 199 197 197 197 196 196 195 194 192 191 190 189 189 190 188 184 181 180 182 183 178 175 172 170 169 169 169 172 171 164 165 168 170 168 169 171 173 173 176 178 180
214 214 210 205 198 193 187 185 189 187 191 198 197 192 184 179 173 170 171 177 176 176 172 173 178 180 180 184 181 180 180 180 180 180 179 183 184 181 181 180 179 180 181 185 185 183 186 187 190 193 194 193 192 190 191 197 200 198 197 196 196 198 199 198 197 196 194 192 192 192 190 191 192 191 189 185 184 185 183 179 175 173 172 172 171 172 176 173 168 164 163 164 168 174 174 175 175 175 177 178
216 214 210 205 199 191 188 195 198 195 199 204 198 190 186 183 180 175 174 183 192 184 182 189 195 198 196 190 188 192 192 189 186 184 181 187 187 184 185 184 185 183 180 181 182 182 184 185 187 189 192 191 189 188 193 198 199 196 195 195 193 195 195 195 196 195 193 192 192 193 191 191 192 193 191 187 188 188 185 179 179 177 176 175 174 174 175 175 172 169 164 162 164 168 173 177 178 178 178 178
218 216 210 204 197 191 195 204 208 204 206 207 201 198 195 193 187 178 178 183 200 193 189 199 202 202 199 198 198 197 199 197 193 188 181 185 187 188 190 191 192 190 186 183 181 181 182 182 185 186 189 190 188 188 193 197 196 193 194 195 191 192 190 190 191 191 191 189 189 189 189 189 192 193 193 191 190 189 185 180 183 181 179 178 176 177 179 179 178 175 171 164 161 161 165 169 172 175 178 178
218 216 211 202 194 200 203 210 214 214 214 213 210 206 202 195 184 184 187 183 199 205 198 198 200 203 204 203 202 200 201 199 194 188 182 185 188 192 195 196 198 197 191 189 186 184 183 182 183 183 185 187 186 188 190 192 192 194 194 195 195 193 193 191 190 189 189 187 186 186 186 187 190 192 193 191 190 188 184 182 182 181 180 180 180 181 182 182 181 179 176 170 163 161 160 165 170 169 171 174
213 210 208 201 198 200 208 214 215 215 214 211 209 207 203 191 187 193 193 186 196 205 204 205 205 203 204 204 203 200 198 193 189 185 187 192 196 193 195 197 200 200 197 194 190 190 189 185 184 183 183 185 186 187 190 193 195 195 195 196 196 196 196 195 194 192 190 188 187 186 184 185 188 191 191 190 188 187 187 186 184 182 181 184 184 184 183 184 183 182 179 173 165 162 160 165 175 174 173 173
206 204 203 205 209 209 210 214 212 210 207 204 202 200 196 193 198 203 198 190 191 200 202 204 204 200 197 196 196 195 191 187 186 189 192 192 198 199 195 196 199 200 200 198 195 196 195 191 188 185 183 184 186 190 195 198 198 197 196 197 198 198 199 199 197 195 193 190 189 187 185 183 186 190 190 190 189 190 190 189 186 184 184 185 185 185 185 185 183 181 179 175 166 164 161 162 174 174 176 179
209 211 211 210 216 215 215 215 212 210 207 206 205 207 202 199 206 208 203 197 193 202 206 203 200 201 200 199 195 194 191 192 190 194 197 196 195 198 199 198 198 199 199 199 199 197 195 192 190 187 188 184 186 193 197 200 199 198 197 197 199 201 201 201 200 198 195 192 189 186 184 182 187 190 191 191 191 190 190 189 186 184 184 185 184 183 184 183 181 177 175 175 166 163 160 162 171 173 178 181
215 218 219 216 219 219 218 218 216 214 212 211 210 211 207 206 209 210 206 200 196 203 204 202 204 204 204 202 201 201 197 197 194 197 201 202 201 199 199 201 199 199 199 197 196 194 191 189 189 193 192 187 185 191 197 199 198 198 197 197 199 202 201 201 200 198 196 192 189 185 182 182 188 190 192 192 192 191 191 189 185 182 180 181 179 180 181 180 178 174 170 171 167 163 159 162 170 174 179 182
218 221 222 220 221 221 220 219 217 215 213 213 213 213 211 212 213 211 206 201 199 204 204 202 202 203 204 204 204 204 200 200 199 198 204 206 206 204 201 202 202 202 200 196 194 192 191 191 193 195 194 190 187 189 194 195 196 197 198 198 199 201 201 200 199 197 195 191 187 184 180 181 186 188 189 191 187 190 195 187 183 181 180 178 175 174 175 176 175 172 169 166 165 164 159 162 173 177 180 182
221 222 222 222 221 221 220 219 216 213 211 211 212 213 214 214 212 209 206 202 203 206 204 201 201 203 205 206 206 207 205 204 203 201 205 208 209 207 205 206 206 205 203 200 197 194 192 191 191 191 190 189 187 187 190 192 194 197 198 199 199 198 198 198 196 195 194 191 187 183 180 179 180 182 183 186 188 188 190 181 180 181 183 180 176 172 170 171 170 167 167 163 162 163 160 161 171 176 179 180
224 223 222 220 221 220 219 216 212 209 207 207 209 211 212 212 209 206 204 203 204 205 204 203 205 206 207 207 208 208 208 207 206 205 207 210 211 211 210 210 209 208 207 204 199 195 192 191 189 189 190 189 190 189 189 191 194 197 199 198 197 196 195 194 194 192 192 191 188 185 183 181 178 177 176 176 176 176 176 174 175 178 179 176 173 170 167 166 165 163 162 160 160 160 159 160 167 172 176 178
223 223 222 219 218 218 217 213 210 206 205 205 207 209 208 206 206 205 205 205 205 204 204 204 205 206 206 207 207 208 209 209 209 210 211 212 214 214 213 213 212 211 209 206 201 195 192 190 188 194 197 197 196 194 193 192 194 197 199 198 196 193 192 191 191 189 190 190 188 186 186 185 183 182 182 181 178 172 172 171 169 168 168 167 166 166 164 163 162 161 164 164 163 163 162 159 162 166 170 173
225 225 223 220 215 216 214 210 207 204 202 202 203 204 203 203 202 204 205 205 204 202 201 202 202 202 202 202 203 205 207 208 209 211 212 213 214 216 215 215 214 213 210 206 201 195 195 192 188 197 203 203 201 198 198 197 196 197 198 198 196 193 191 189 188 186 187 188 186 185 185 185 184 184 184 182 176 177 182 182 174 169 167 167 165 165 165 165 166 165 172 172 167 169 165 160 159 161 165 167
226 225 223 220 214 213 213 211 208 203 199 201 202 203 203 202 201 202 205 205 202 200 199 198 199 198 198 199 200 203 204 205 206 207 207 208 210 212 213 213 212 211 209 205 200 197 198 193 189 198 206 208 207 203 203 201 200 200 201 200 197 194 191 190 188 185 184 184 184 181 180 180 179 178 176 175 176 186 187 183 177 170 171 174 171 173 173 173 172 170 174 172 170 170 165 161 159 159 161 162
225 223 219 218 215 211 209 210 208 202 200 202 203 205 204 202 201 201 203 205 202 199 198 199 199 199 198 198 200 199 200 201 202 203 203 203 204 205 206 207 208 208 207 204 201 200 196 191 192 200 209 213 212 210 209 208 206 206 204 203 198 195 192 191 189 187 186 183 182 181 184 183 182 182 177 185 189 190 188 184 178 170 175 178 176 180 180 178 175 173 176 178 176 173 167 162 160 158 158 157
