# 100 100
135 135 135 135 135 135 135 135 135 135 135 135 135 135 135 135 135 135 135 135 135 135 135 135 135 135 135 135 135 135 135 135 135 135 135 135 135 135 135 135 135 135 135 135 135 135 135 135 135 135 134 134 134 134 134 134 134 134 134 134 134 134 134 134 135 142 142 139 137 137 138 139 139 140 141 141 140 139 139 136 136 139 144 145 146 145 145 143 141 136 136 138 143 146 148 142 135 156 189 217
135 135 135 135 135 135 135 135 135 135 135 135 135 135 135 135 135 135 135 135 135 135 135 135 135 135 135 135 135 135 135 135 135 135 135 135 135 135 135 135 135 135 135 135 135 135 135 135 135 135 134 134 134 134 134 134 134 134 134 134 134 134 134 134 134 138 141 142 139 137 137 138 138 139 139 139 140 142 141 140 141 139 139 143 143 146 147 146 144 139 140 142 145 147 142 135 143 174 195 199
135 135 135 135 135 135 135 135 135 135 135 135 135 135 135 135 135 135 135 135 135 135 135 135 135 135 135 135 135 135 135 135 135 135 135 135 135 135 135 135 135 135 135 135 135 135 135 135 135 135 134 134 134 134 134 134 134 134 134 134 134 134 134 134 134 135 142 143 141 138 137 137 137 138 140 141 141 142 141 140 143 144 141 143 143 143 143 146 146 145 141 141 141 137 138 136 147 173 188 189
135 135 135 135 135 135 135 135 135 135 135 135 135 135 135 135 135 135 135 135 135 135 135 135 135 135 135 135 135 135 135 135 135 135 135 135 135 135 135 135 135 135 135 135 135 135 135 135 135 135 134 134 134 134 134 134 134 134 134 134 134 134 134 134 134 134 144 143 141 138 137 137 138 139 141 140 139 140 139 141 143 141 140 141 144 144 141 140 141 142 137 139 138 144 148 147 157 167 174 176
135 135 135 135 135 135 135 135 135 135 135 135 135 135 135 135 135 135 135 135 135 135 135 135 135 135 135 135 135 135 135 135 135 135 135 135 135 135 135 135 135 135 135 135 135 135 135 135 135 135 134 134 134 134 134 134 134 134 134 134 134 134 134 134 134 134 144 143 142 139 138 138 138 140 141 139 140 143 141 143 141 141 142 144 146 147 148 148 140 135 135 136 139 143 146 154 164 172 174 172
135 135 135 135 135 135 135 135 135 135 135 135 135 135 135 135 135 135 135 135 135 135 135 135 135 135 135 135 135 135 135 135 135 135 135 135 135 135 135 135 135 135 135 135 135 135 135 135 135 135 134 134 134 134 134 134 134 134 134 134 134 134 134 134 134 137 142 142 142 139 139 140 142 142 141 139 140 140 140 143 141 143 146 148 151 152 150 146 144 137 135 141 143 143 143 146 160 168 176 176
135 135 135 135 135 135 135 135 135 135 135 135 135 135 135 135 135 135 135 135 135 135 135 135 135 135 135 135 135 135 135 135 135 135 135 135 135 135 135 135 135 135 135 135 135 135 135 135 135 135 134 134 134 134 134 134 134 134 134 134 134 134 134 134 134 140 141 142 142 139 140 141 141 140 142 141 142 142 144 145 144 146 147 152 155 154 153 148 144 137 138 144 143 148 150 148 152 161 166 175
135 135 135 135 135 135 135 135 135 135 135 135 135 135 135 135 135 135 135 135 135 135 135 135 135 135 135 135 135 135 135 135 135 135 135 135 135 135 135 135 135 135 135 135 135 135 135 135 135 135 134 134 134 134 134 134 134 134 134 134 134 134 134 134 135 141 142 143 141 138 139 140 139 139 142 142 143 145 145 147 146 145 150 153 153 153 155 147 145 146 143 146 151 155 159 164 164 165 166 166
135 135 135 135 135 135 135 135 135 135 135 135 135 135 135 135 135 135 135 135 135 135 135 135 135 135 135 135 135 135 135 135 135 135 135 135 135 135 135 135 135 135 135 135 135 135 135 135 135 135 134 134 134 134 134 134 134 134 134 134 134 134 134 134 136 141 144 144 141 135 135 137 138 140 142 142 144 143 146 147 146 148 153 155 153 154 149 143 147 153 149 149 154 164 174 176 176 180 179 173
135 135 135 135 135 135 135 135 135 135 135 135 135 135 135 135 135 135 135 135 135 135 135 135 135 135 135 135 135 135 135 135 135 135 135 135 135 135 135 135 135 135 135 135 135 135 135 135 135 135 134 134 134 134 134 134 134 134 134 134 134 134 134 134 139 142 147 147 142 136 135 137 140 142 142 143 145 146 146 144 149 152 151 151 155 154 146 150 152 154 157 152 159 169 175 179 182 186 186 183
135 135 135 135 135 135 135 135 135 135 135 135 135 135 135 135 135 135 135 135 135 135 135 135 135 135 135 135 135 135 135 135 135 135 135 135 135 135 135 135 135 135 135 135 135 135 135 135 135 135 134 134 134 134 134 134 134 134 134 134 134 134 134 134 142 142 145 141 137 135 136 140 142 142 143 147 148 147 148 148 152 151 153 153 159 149 150 152 157 164 163 167 160 162 172 176 177 178 176 177
135 135 135 135 135 135 135 135 135 135 135 135 135 135 135 135 135 135 135 135 135 135 135 135 135 135 135 135 135 135 135 135 135 135 135 135 135 135 135 135 135 135 135 135 135 135 135 135 135 135 134 134 134 134 134 134 134 134 134 134 134 134 134 135 141 143 141 138 135 138 140 141 140 141 144 147 146 147 149 152 150 154 159 162 160 148 160 167 182 187 195 195 179 164 164 174 178 172 172 182
135 135 135 135 135 135 135 135 135 135 135 135 135 135 135 135 135 135 135 135 135 135 135 135 135 135 135 135 135 135 135 135 135 135 135 135 135 135 135 135 135 135 135 135 135 135 135 135 135 135 134 134 134 134 134 134 134 134 134 134 134 134 134 138 142 143 138 135 136 139 140 141 142 144 145 147 147 144 148 151 154 161 168 171 153 162 176 194 213 230 233 224 208 181 171 179 183 183 183 181
135 135 135 135 135 135 135 135 135 135 135 135 135 135 135 135 135 135 135 135 135 135 135 135 135 135 135 135 135 135 135 135 135 135 135 135 135 135 135 135 135 135 135 135 135 135 135 135 135 135 134 134 134 134 134 134 134 134 134 134 134 134 134 140 143 141 136 134 138 139 140 142 142 145 146 147 147 148 146 151 157 163 168 160 159 177 190 201 225 244 251 233 201 183 178 179 185 190 180 179
135 135 135 135 135 135 135 135 135 135 135 135 135 135 135 135 135 135 135 135 135 135 135 135 135 135 135 135 135 135 135 135 135 135 135 135 135 135 135 135 135 135 135 135 135 135 135 135 135 135 134 134 134 134 134 134 134 134 134 134 134 134 134 141 143 139 138 136 138 139 141 143 143 146 147 147 147 149 160 168 172 171 159 156 175 194 204 205 212 236 244 207 183 181 180 182 186 184 182 181
135 135 135 135 135 135 135 135 135 135 135 135 135 135 135 135 135 135 135 135 135 135 135 135 135 135 135 135 135 135 135 135 135 135 135 135 135 135 135 135 135 135 135 135 135 135 135 135 135 135 134 134 134 134 134 134 134 134 134 134 134 134 135 141 142 139 138 139 137 139 141 143 144 145 146 145 148 164 193 204 198 174 158 167 195 219 223 220 222 235 226 190 185 186 190 191 182 179 182 187
135 135 135 135 135 135 135 135 135 135 135 135 135 135 135 135 135 135 135 135 135 135 135 135 135 135 135 135 135 135 135 135 135 135 135 135 135 135 135 135 135 135 135 135 135 135 135 135 135 135 134 134 134 134 134 134 134 134 134 134 134 134 135 142 142 139 138 138 139 140 142 144 144 144 144 147 165 200 233 232 203 172 167 174 206 240 247 249 251 232 206 197 206 213 214 200 185 180 189 201
135 135 135 135 135 135 135 135 135 135 135 135 135 135 135 135 135 135 135 135 135 135 135 135 135 135 135 135 135 135 135 135 135 135 135 135 135 135 135 135 135 135 135 135 135 135 135 135 135 135 134 134 134 134 134 134 134 134 134 134 134 134 135 143 142 140 138 138 138 139 143 144 142 141 147 164 197 235 249 222 188 175 178 182 202 253 280 291 278 229 218 228 241 235 212 196 190 194 205 216
135 135 135 135 135 135 135 135 135 135 135 135 135 135 135 135 135 135 135 135 135 135 135 135 135 135 135 135 135 135 135 135 135 135 135 135 135 135 135 135 135 135 135 135 135 135 135 135 135 135 134 134 134 134 134 134 134 134 134 134 134 134 136 144 141 140 138 139 140 141 142 143 137 142 163 205 243 250 223 190 173 173 175 181 201 247 294 309 280 246 246 259 255 216 198 197 201 214 227 236
135 135 135 135 135 135 135 135 135 135 135 135 135 135 135 135 135 135 135 135 135 135 135 135 135 135 135 135 135 135 135 135 135 135 135 135 135 135 135 135 135 135 135 135 135 135 135 135 135 135 134 134 134 134 134 134 134 134 134 134 134 134 139 142 140 140 139 139 141 142 141 141 138 147 180 221 244 221 187 165 164 165 170 187 206 228 257 271 265 266 278 259 230 204 200 207 218 234 254 280
135 135 135 135 135 135 135 135 135 135 135 135 135 135 135 135 135 135 135 135 135 135 135 135 135 135 135 135 135 135 135 135 135 135 135 135 135 135 135 135 135 135 135 135 135 135 135 135 135 135 134 134 134 134 134 134 134 134 134 134 134 134 140 140 140 139 139 139 139 140 142 144 144 146 157 186 197 182 166 155 159 164 183 220 228 224 209 209 233 256 265 245 221 197 200 213 230 254 285 330
135 135 135 135 135 135 135 135 135 135 135 135 135 135 135 135 135 135 135 135 135 135 135 135 135 135 135 135 135 135 135 135 135 135 135 135 135 135 135 135 135 135 135 135 135 135 135 135 135 135 134 134 134 134 134 134 134 134 134 134 134 134 140 140 141 139 138 139 139 141 145 147 147 146 153 158 161 159 152 152 158 176 212 235 246 220 192 180 194 209 215 214 207 200 205 221 243 271 314 363
135 135 135 135 135 135 135 135 135 135 135 135 135 135 135 135 135 135 135 135 135 135 135 135 135 135 135 135 135 135 135 135 135 135 135 135 135 135 135 135 135 135 135 135 135 135 135 135 135 135 134 134 134 134 134 134 134 134 134 134 134 134 139 141 142 139 138 139 141 143 146 148 150 150 151 152 154 154 149 156 174 202 221 234 225 197 174 179 181 186 189 191 193 194 202 224 263 299 328 351
135 135 135 135 135 135 135 135 135 135 135 135 135 135 135 135 135 135 135 135 135 135 135 135 135 135 135 135 135 135 135 135 135 135 135 135 135 135 135 135 135 135 135 135 135 135 135 135 135 135 134 134 134 134 134 134 134 134 134 134 134 134 135 141 142 138 136 137 139 142 145 149 152 152 154 153 152 148 148 165 193 207 204 198 185 169 179 189 188 191 193 207 217 216 209 214 261 300 306 289
135 135 135 135 135 135 135 135 135 135 135 135 135 135 135 135 135 135 135 135 135 135 135 135 135 135 135 135 135 135 135 135 135 135 135 135 135 135 135 135 135 135 135 135 135 135 135 135 135 135 134 134 134 134 134 134 134 134 134 134 134 134 134 141 141 137 134 135 139 141 145 149 154 156 156 153 146 146 148 165 180 185 183 173 165 171 183 189 196 206 226 254 269 255 232 211 216 243 233 222
135 135 135 135 135 135 135 135 135 135 135 135 135 135 135 135 135 135 135 135 135 135 135 135 135 135 135 135 135 135 135 135 135 135 135 135 135 135 135 135 135 135 135 135 135 135 135 135 135 135 134 134 134 134 134 134 134 134 134 134 134 134 134 139 140 138 136 138 140 140 145 149 152 154 155 150 142 144 150 159 168 171 168 165 166 173 180 194 216 232 268 315 329 302 260 250 218 206 208 204
135 135 135 135 135 135 135 135 135 135 135 135 135 135 135 135 135 135 135 135 135 135 135 135 135 135 135 135 135 135 135 135 135 135 135 135 135 135 135 135 135 135 135 135 135 135 135 135 135 135 134 134 134 134 134 134 134 134 134 134 134 134 134 140 142 139 138 139 140 140 144 146 150 150 152 142 146 157 159 158 167 167 165 164 167 172 184 223 263 276 306 350 358 331 309 286 251 222 205 204
135 135 135 135 135 135 135 135 135 135 135 135 135 135 135 135 135 135 135 135 135 135 135 135 135 135 135 135 135 135 135 135 135 135 135 135 135 135 135 135 135 135 135 135 135 135 135 135 135 135 134 134 134 134 134 134 134 134 134 134 134 134 134 141 142 140 139 140 141 140 142 145 147 147 144 142 163 182 172 162 165 163 166 164 168 172 195 243 304 326 364 366 379 360 338 316 270 236 231 218
135 135 135 135 135 135 135 135 135 135 135 135 135 135 135 135 135 135 135 135 135 135 135 135 135 135 135 135 135 135 135 135 135 135 135 135 135 135 135 135 135 135 135 135 135 135 135 135 135 135 134 134 134 134 134 134 134 134 134 134 134 134 135 142 143 140 139 140 137 138 138 141 143 142 138 147 178 196 176 165 169 164 162 163 165 178 200 240 297 339 370 359 373 367 369 346 291 251 245 254
135 135 135 135 135 135 135 135 135 135 135 135 135 135 135 135 135 135 135 135 135 135 135 135 135 135 135 135 135 135 135 135 135 135 135 135 135 135 135 135 135 135 135 135 135 135 135 135 135 135 134 134 134 134 134 134 134 134 134 134 134 134 135 143 143 137 136 137 140 140 141 143 144 142 137 147 164 175 166 163 160 161 159 163 169 176 193 221 248 273 295 338 350 338 347 350 308 270 278 279
135 135 135 135 135 135 135 135 135 135 135 135 135 135 135 135 135 135 135 135 135 135 135 135 135 135 135 135 135 135 135 135 135 135 135 135 135 135 135 135 135 135 135 135 135 135 135 135 135 135 134 134 134 134 134 134 134 134 134 134 134 134 134 141 142 137 136 140 141 142 142 141 143 141 138 146 150 155 152 151 154 163 169 166 169 174 185 198 212 220 238 276 279 267 271 280 281 284 291 270
135 135 135 135 135 135 135 135 135 135 135 135 135 135 135 135 135 135 135 135 135 135 135 135 135 135 135 135 135 135 135 135 135 135 135 135 135 135 135 135 135 135 135 135 135 135 135 135 135 135 134 134 134 134 134 134 134 134 134 134 134 134 134 140 142 140 138 139 140 141 141 141 141 144 144 145 143 143 144 151 165 175 177 171 171 175 181 189 216 242 247 242 234 215 211 217 246 242 230 206
135 135 135 135 135 135 135 135 135 135 135 135 135 135 135 135 135 135 135 135 135 135 135 135 135 135 135 135 135 135 135 135 135 135 135 135 135 135 135 135 135 135 135 135 135 135 135 135 135 135 134 134 134 134 134 134 134 134 134 134 134 134 134 138 142 139 138 140 139 137 138 139 143 147 148 144 151 167 172 190 206 208 201 185 175 177 186 195 234 293 299 267 245 208 204 204 232 211 186 178
135 135 135 135 135 135 135 135 135 135 135 135 135 135 135 135 135 135 135 135 135 135 135 135 135 135 135 135 135 135 135 135 135 135 135 135 135 135 135 135 135 135 135 135 135 135 135 135 135 135 134 134 134 134 134 134 134 134 134 134 134 134 134 137 142 136 135 136 136 138 138 144 144 144 140 141 170 200 221 245 243 252 257 239 207 195 213 215 275 321 308 275 226 197 188 208 211 190 165 167
135 135 135 135 135 135 135 135 135 135 135 135 135 135 135 135 135 135 135 135 135 135 135 135 135 135 135 135 135 135 135 135 135 135 135 135 135 135 135 135 135 135 135 135 135 135 135 135 135 135 134 134 134 134 134 134 134 134 134 134 134 134 134 136 142 136 135 137 139 140 139 140 140 138 138 161 198 222 242 245 244 277 313 307 253 215 223 240 298 310 290 260 211 184 189 199 216 194 166 159
135 135 135 135 135 135 135 135 135 135 135 135 135 135 135 135 135 135 135 135 135 135 135 135 135 135 135 135 135 135 135 135 135 135 135 135 135 135 135 135 135 135 135 135 135 135 135 135 135 135 134 134 134 134 134 134 134 134 134 134 134 134 134 138 141 137 136 138 138 137 137 140 138 137 145 175 196 208 214 215 227 265 319 342 271 227 220 254 278 248 221 220 187 180 188 179 188 161 149 146
135 135 135 135 135 135 135 135 135 135 135 135 135 135 135 135 135 135 135 135 135 135 135 135 135 135 135 135 135 135 135 135 135 135 135 135 135 135 135 135 135 135 135 135 135 135 135 135 135 135 134 134 134 134 134 134 134 134 134 134 134 134 136 140 139 138 137 137 135 137 137 139 138 144 160 190 195 194 218 202 215 250 304 324 280 224 199 200 205 165 156 158 158 157 148 142 161 152 149 134
135 135 135 135 135 135 135 135 135 135 135 135 135 135 135 135 135 135 135 135 135 135 135 135 135 135 135 135 135 135 135 135 135 135 135 135 135 135 135 135 135 135 135 135 135 135 135 135 135 135 134 134 134 134 134 134 134 134 134 134 134 135 138 138 140 142 140 138 135 135 140 143 143 148 161 170 171 184 197 191 201 240 276 275 237 186 158 148 153 139 135 143 142 136 138 148 160 144 138 134
135 135 135 135 135 135 135 135 135 135 135 135 135 135 135 135 135 135 135 135 135 135 135 135 135 135 135 135 135 135 135 135 135 135 135 135 135 135 135 135 135 135 135 135 135 135 135 135 135 135 134 134 134 134 134 134 134 134 134 134 134 138 141 141 143 143 143 138 135 140 143 143 144 144 145 148 150 153 158 168 178 208 225 221 187 156 137 135 137 134 134 136 134 134 142 147 148 142 148 136
135 135 135 135 135 135 135 135 135 135 135 135 135 135 135 135 135 135 135 135 135 135 135 135 135 135 135 135 135 135 135 135 135 135 135 135 135 135 135 135 135 135 135 135 135 135 135 135 135 135 134 134 134 134 134 134 134 134 134 134 134 137 143 140 140 141 141 134 135 138 142 141 143 142 143 144 147 150 153 154 177 212 224 210 171 147 135 137 134 134 134 134 134 134 134 136 143 141 138 134
135 135 135 135 135 135 135 135 135 135 135 135 135 135 135 135 135 135 135 135 135 135 135 135 135 135 135 135 135 135 135 135 135 135 135 135 135 135 135 135 135 135 135 135 135 135 135 135 135 135 134 134 134 134 134 134 134 134 134 134 134 136 143 141 139 138 136 134 139 139 139 140 140 142 144 146 157 178 182 177 195 220 208 187 161 140 134 135 134 134 134 134 134 134 134 134 134 134 134 134
135 135 135 135 135 135 135 135 135 135 135 135 135 135 135 135 135 135 135 135 135 135 135 135 135 135 135 135 135 135 135 135 135 135 135 135 135 135 135 135 135 135 135 135 135 135 135 135 135 135 134 134 134 134 134 134 134 134 134 134 134 135 142 141 137 134 135 135 137 139 142 146 147 144 146 152 182 220 214 207 213 198 177 165 151 134 142 137 134 134 141 149 151 149 148 145 134 134 136 135
135 135 135 135 135 135 135 135 135 135 135 135 135 135 135 135 135 135 135 135 135 135 135 135 135 135 135 135 135 135 135 135 135 135 135 135 135 135 135 135 135 135 135 135 135 135 135 135 135 135 134 134 134 134 134 134 134 134 134 134 134 135 140 141 139 134 135 136 136 140 147 152 154 156 157 172 200 215 201 201 194 176 164 150 142 134 145 142 134 134 153 180 198 208 210 166 141 137 140 139
135 135 135 135 135 135 135 135 135 135 135 135 135 135 135 135 135 135 135 135 135 135 135 135 135 135 135 135 135 135 135 135 135 135 135 135 135 135 135 135 135 135 135 135 135 135 135 135 135 135 134 134 134 134 134 134 134 134 134 134 134 135 140 140 141 135 135 137 140 142 151 155 162 178 187 198 200 182 173 177 180 156 149 140 139 136 148 141 134 137 163 218 261 274 260 203 159 157 156 160
135 135 135 135 135 135 135 135 135 135 135 135 135 135 135 135 135 135 135 135 135 135 135 135 135 135 135 135 135 135 135 135 135 135 135 135 135 135 135 135 135 135 135 135 135 135 135 135 135 135 134 134 134 134 134 134 134 134 134 134 134 136 140 140 140 137 134 133 136 144 141 143 159 174 185 192 177 156 156 161 156 142 147 143 140 140 142 138 136 140 157 210 251 287 267 216 174 160 155 154
135 135 135 135 135 135 135 135 135 135 135 135 135 135 135 135 135 135 135 135 135 135 135 135 135 135 135 135 135 135 135 135 135 135 135 135 135 135 135 135 135 135 135 135 135 135 135 135 135 135 134 134 134 134 134 134 134 134 134 134 134 138 139 140 137 134 133 134 139 142 139 139 147 146 152 159 148 149 145 141 139 141 146 141 137 139 144 143 136 142 174 222 239 265 231 191 165 163 159 153
135 135 135 135 135 135 135 135 135 135 135 135 135 135 135 135 135 135 135 135 135 135 135 135 135 135 135 135 135 135 135 135 135 135 135 135 135 135 135 135 135 135 135 135 135 135 135 135 135 135 134 134 134 134 134 134 134 134 134 134 136 140 139 138 134 133 133 135 141 141 142 138 139 138 139 145 145 147 145 140 147 146 147 139 139 145 145 136 135 148 200 231 238 238 200 170 160 160 159 163
135 135 135 135 135 135 135 135 135 135 135 135 135 135 135 135 135 135 135 135 135 135 135 135 135 135 135 135 135 135 135 135 135 135 135 135 135 135 135 135 135 135 135 135 135 135 135 135 135 135 134 134 134 134 134 134 134 134 134 136 142 141 140 139 134 133 135 139 142 143 143 142 143 146 144 144 147 148 141 139 145 139 140 137 142 146 143 137 138 162 198 205 209 199 170 163 168 175 177 179
135 135 135 135 135 135 135 135 135 135 135 135 135 135 135 135 135 135 135 135 135 135 135 135 135 135 135 135 135 135 135 135 135 135 135 135 135 135 135 135 135 135 135 135 135 135 135 135 135 135 134 134 134 134 134 137 135 135 139 143 143 141 141 139 137 135 140 142 143 140 142 145 146 148 149 143 149 150 140 140 139 142 139 136 148 147 148 144 147 171 184 195 205 198 175 178 179 188 195 192
135 135 135 135 135 135 135 135 135 135 135 135 135 135 135 135 135 135 135 135 135 135 135 135 135 135 135 135 135 135 135 135 135 135 135 135 135 135 135 135 135 135 135 135 135 135 135 135 135 135 134 134 134 134 137 138 135 138 140 137 140 140 139 139 139 139 138 140 143 142 141 143 147 147 146 145 148 150 143 138 143 141 145 140 148 148 149 148 148 171 197 213 240 220 203 205 203 202 204 211
135 135 135 135 135 135 135 135 135 135 135 135 135 135 135 135 135 135 135 135 135 135 135 135 135 135 135 135 135 135 135 135 135 135 135 135 135 135 135 135 135 135 135 135 135 135 135 135 135 135 134 134 134 134 134 136 137 135 134 134 134 137 140 138 139 140 140 138 137 140 143 141 140 143 140 143 143 146 146 142 142 141 142 139 142 146 150 150 156 187 222 257 276 245 236 235 218 221 251 253
135 135 135 135 135 135 135 135 135 135 135 135 135 135 135 135 135 135 135 135 135 135 135 135 135 135 135 135 135 135 135 135 135 135 135 135 135 135 135 135 135 135 135 135 135 135 135 135 135 135 134 134 134 134 134 134 134 134 134 134 134 134 137 140 139 140 140 139 135 142 144 144 142 141 143 144 145 144 141 141 136 135 138 137 136 136 141 142 149 178 216 267 296 277 266 254 231 258 294 293
135 135 135 135 135 135 135 135 135 135 135 135 135 135 135 135 135 135 135 135 135 135 135 135 135 135 135 135 135 135 135 135 135 135 135 135 135 135 135 135 135 135 135 135 135 135 135 135 135 135 134 134 134 134 134 134 134 134 134 134 134 134 134 138 139 140 141 138 135 142 143 142 141 143 148 147 147 147 146 137 137 140 140 144 144 142 143 153 154 167 190 226 267 263 246 233 239 304 330 340
135 135 135 135 135 135 135 135 135 135 135 135 135 135 135 135 135 135 135 135 135 135 135 135 135 135 135 135 135 135 135 135 135 135 135 135 135 135 135 135 135 135 135 135 135 135 135 135 135 135 134 134 134 134 134 134 134 134 134 134 134 134 134 134 139 140 140 139 135 136 139 142 146 147 151 151 147 147 142 141 142 143 141 145 146 145 147 150 159 175 195 215 232 225 223 237 272 335 370 370
135 135 135 135 135 135 135 135 135 135 135 135 135 135 135 135 135 135 135 135 135 135 135 135 135 135 135 135 135 135 135 135 135 135 135 135 135 135 135 135 135 135 135 135 135 135 135 135 135 135 134 134 134 134 134 134 134 134 134 134 134 134 134 134 138 139 140 141 139 137 142 143 147 147 154 149 150 144 144 144 142 143 141 142 144 144 145 150 167 190 216 218 216 216 225 249 298 368 397 403
135 135 135 135 135 135 135 135 135 135 135 135 135 135 135 135 135 135 135 135 135 135 135 135 135 135 135 135 135 135 135 135 135 135 135 135 135 135 135 135 135 135 135 135 135 135 135 135 135 135 134 134 134 134 134 134 134 134 134 134 134 134 134 134 136 139 140 142 142 142 144 144 143 148 150 149 148 139 142 144 142 137 135 135 136 135 142 150 177 207 223 240 234 242 249 270 337 410 435 447
135 135 135 135 135 135 135 135 135 135 135 135 135 135 135 135 135 135 135 135 135 135 135 135 135 135 135 135 135 135 135 135 135 135 135 135 135 135 135 135 135 135 135 135 135 135 135 135 135 135 134 134 134 134 134 134 134 134 134 134 134 134 134 134 135 141 141 142 143 145 145 144 142 146 149 146 140 135 138 137 137 136 138 135 135 136 140 157 195 227 245 250 248 254 272 295 356 453 475 473
135 135 135 135 135 135 135 135 135 135 135 135 135 135 135 135 135 135 135 135 135 135 135 135 135 135 135 135 135 135 135 135 135 135 135 135 135 135 135 135 135 135 135 135 135 135 135 135 135 135 134 134 134 134 134 134 134 134 134 134 134 134 134 134 135 141 141 142 143 146 145 145 146 146 145 140 138 135 135 140 143 144 146 145 144 143 150 171 204 245 254 241 240 248 280 314 359 442 479 488
135 135 135 135 135 135 135 135 135 135 135 135 135 135 135 135 135 135 135 135 135 135 135 135 135 135 135 135 135 135 135 135 135 135 135 135 135 135 135 135 135 135 135 135 135 135 135 135 135 135 134 134 134 134 134 134 134 134 134 134 134 134 134 134 135 141 140 142 143 144 145 146 147 144 142 140 135 136 139 141 147 142 152 160 168 169 179 195 225 264 254 232 231 248 301 328 359 397 436 479
135 135 135 135 135 135 135 135 135 135 135 135 135 135 135 135 135 135 135 135 135 135 135 135 135 135 135 135 135 135 135 135 135 135 135 135 135 135 135 135 135 135 135 135 135 135 135 135 135 135 134 134 134 134 134 134 134 134 134 134 134 134 134 134 134 140 140 141 143 146 148 145 144 140 137 138 143 141 140 146 146 150 156 171 184 197 211 222 251 261 245 224 228 265 313 332 346 361 399 458
135 135 135 135 135 135 135 135 135 135 135 135 135 135 135 135 135 135 135 135 135 135 135 135 135 135 135 135 135 135 135 135 135 135 135 135 135 135 135 135 135 135 135 135 135 135 135 135 135 135 134 134 134 134 134 134 134 134 134 134 134 134 134 134 134 140 140 141 142 144 146 143 142 139 141 141 146 139 141 148 147 145 152 170 183 201 211 236 250 240 229 217 228 275 301 313 323 346 386 446
135 135 135 135 135 135 135 135 135 135 135 135 135 135 135 135 135 135 135 135 135 135 135 135 135 135 135 135 135 135 135 135 135 135 135 135 135 135 135 135 135 135 135 135 135 135 135 135 135 135 134 134 134 134 134 134 134 134 134 134 134 134 134 134 134 137 140 140 140 139 144 143 140 142 142 143 147 144 150 147 146 145 152 171 183 190 196 216 219 218 212 209 229 264 281 293 309 347 405 464
135 135 135 135 135 135 135 135 135 135 135 135 135 135 135 135 135 135 135 135 135 135 135 135 135 135 135 135 135 135 135 135 135 135 135 135 135 135 135 135 135 135 135 135 135 135 135 135 135 135 134 134 134 134 134 134 134 134 134 134 134 134 134 134 134 135 140 140 136 135 136 136 135 144 147 150 151 147 157 145 147 145 156 176 181 180 181 186 189 199 198 205 224 250 272 287 311 349 409 485
135 135 135 135 135 135 135 135 135 135 135 135 135 135 135 135 135 135 135 135 135 135 135 135 135 135 135 135 135 135 135 135 135 135 135 135 135 135 135 135 135 135 135 135 135 135 135 135 135 135 134 134 134 134 134 134 134 134 134 134 134 134 134 134 134 134 139 139 136 135 135 137 138 147 149 150 148 146 156 145 148 153 158 168 170 168 172 173 176 186 190 202 229 266 289 303 322 351 402 475
135 135 135 135 135 135 135 135 135 135 135 135 135 135 135 135 135 135 135 135 135 135 135 135 135 135 135 135 135 135 135 135 135 135 135 135 135 135 135 135 135 135 135 135 135 135 135 135 135 135 134 134 134 134 134 134 134 134 134 134 134 134 134 134 134 134 139 139 138 136 139 142 143 145 147 147 145 146 149 145 156 160 164 166 165 165 167 168 173 181 191 208 240 276 306 327 340 367 411 444
135 135 135 135 135 135 135 135 135 135 135 135 135 135 135 135 135 135 135 135 135 135 135 135 135 135 135 135 135 135 135 135 135 135 135 135 135 135 135 135 135 135 135 135 135 135 135 135 135 135 134 134 134 134 134 134 134 134 134 134 134 134 134 134 134 134 140 140 139 136 142 144 144 143 145 146 143 148 147 146 159 162 167 168 164 165 166 169 174 184 195 213 237 276 320 342 360 391 426 410
135 135 135 135 135 135 135 135 135 135 135 135 135 135 135 135 135 135 135 135 135 135 135 135 135 135 135 135 135 135 135 135 135 135 135 135 135 135 135 135 135 135 135 135 135 135 135 135 135 135 134 134 134 134 134 134 134 134 134 134 134 134 134 134 136 142 140 140 138 136 141 145 143 142 141 144 145 148 145 142 154 166 170 166 162 163 165 170 176 185 194 209 237 277 312 337 370 409 407 366
135 135 135 135 135 135 135 135 135 135 135 135 135 135 135 135 135 135 135 135 135 135 135 135 135 135 135 135 135 135 135 135 135 135 135 135 135 135 135 135 135 135 135 135 135 135 135 135 135 135 134 134 134 134 134 134 134 134 134 134 134 134 134 134 137 136 138 141 139 140 143 145 145 145 142 142 146 146 143 141 154 164 166 162 161 162 165 169 174 179 187 203 232 264 290 320 361 362 354 323
135 135 135 135 135 135 135 135 135 135 135 135 135 135 135 135 135 135 135 135 135 135 135 135 135 135 135 135 135 135 135 135 135 135 135 135 135 135 135 135 135 135 135 135 135 135 135 135 135 135 134 134 134 134 134 134 134 134 134 134 134 134 134 134 134 134 137 144 141 140 142 144 144 143 137 139 140 144 140 144 156 164 164 159 160 169 169 175 176 176 177 191 214 242 261 294 312 291 284 271
135 135 135 135 135 135 135 135 135 135 135 135 135 135 135 135 135 135 135 135 135 135 135 135 135 135 135 135 135 135 135 135 135 135 135 135 135 135 135 135 135 135 135 135 135 135 135 135 135 135 134 134 134 134 134 134 134 134 134 134 134 134 134 134 134 134 134 137 139 140 139 140 141 141 136 135 142 142 135 145 155 159 159 157 165 171 173 177 178 172 167 178 198 216 235 247 241 236 234 243
135 135 135 135 135 135 135 135 135 135 135 135 135 135 135 135 135 135 135 135 135 135 135 135 135 135 135 135 135 135 135 135 135 135 135 135 135 135 135 135 135 135 135 135 135 135 135 135 135 135 134 134 134 134 134 134 134 134 134 134 134 134 134 134 134 134 134 136 139 139 139 139 140 141 137 140 140 143 135 142 150 154 157 157 166 171 173 174 174 166 163 168 184 198 206 200 205 215 223 233
135 135 135 135 135 135 135 135 135 135 135 135 135 135 135 135 135 135 135 135 135 135 135 135 135 135 135 135 135 135 135 135 135 135 135 135 135 135 135 135 135 135 135 135 135 135 135 135 135 135 134 134 134 134 134 134 134 134 134 134 134 134 134 134 134 134 134 137 138 135 137 137 136 137 135 141 142 140 138 147 150 150 155 150 161 168 169 168 164 161 162 171 182 191 196 196 202 209 219 233
135 135 135 135 135 135 135 135 135 135 135 135 135 135 135 135 135 135 135 135 135 135 135 135 135 135 135 135 135 135 135 135 135 135 135 135 135 135 135 135 135 135 135 135 135 135 135 135 135 135 134 134 134 134 134 134 134 134 134 134 134 134 134 134 134 134 134 138 136 135 135 135 136 136 140 139 139 136 136 147 157 160 160 151 155 158 159 157 158 159 168 182 188 193 196 193 200 204 218 235
135 135 135 135 135 135 135 135 135 135 135 135 135 135 135 135 135 135 135 135 135 135 135 135 135 135 135 135 135 135 135 135 135 135 135 135 135 135 135 135 135 135 135 135 135 135 135 135 135 135 134 134 134 134 134 134 134 134 134 134 134 134 134 134 134 134 134 138 139 140 138 140 141 141 140 135 137 136 142 148 155 159 156 150 146 149 154 155 157 157 169 181 184 190 190 188 195 202 210 225
135 135 135 135 135 135 135 135 135 135 135 135 135 135 135 135 135 135 135 135 135 135 135 135 135 135 135 135 135 135 135 135 135 135 135 135 135 135 135 135 135 135 135 135 135 135 135 135 135 135 134 134 134 134 134 134 134 134 134 134 134 134 136 136 134 134 134 136 139 142 141 141 140 137 138 135 137 146 155 152 145 140 140 145 151 156 155 155 154 155 160 166 174 181 182 193 195 203 209 221
135 135 135 135 135 135 135 135 135 135 135 135 135 135 135 135 135 135 135 135 135 135 135 135 135 135 135 135 135 135 135 135 135 135 135 135 135 135 135 135 135 135 135 135 135 135 135 135 135 135 134 134 134 134 134 134 134 134 134 134 134 134 134 134 134 134 134 135 138 141 141 140 140 139 137 135 135 142 142 140 138 141 142 139 150 164 161 161 157 163 161 164 172 175 182 193 193 205 213 221
135 135 135 135 135 135 135 135 135 135 135 135 135 135 135 135 135 135 135 135 135 135 135 135 135 135 135 135 135 135 135 135 135 135 135 135 135 135 135 135 135 135 135 135 135 135 135 135 135 135 134 134 134 134 134 134 134 134 134 134 134 134 134 134 134 134 134 134 134 136 138 139 139 140 139 138 138 135 134 137 139 140 142 138 149 155 160 163 175 191 184 170 170 172 182 181 185 200 206 220
135 135 135 135 135 135 135 135 135 135 135 135 135 135 135 135 135 135 135 135 135 135 135 135 135 135 135 135 135 135 135 135 135 135 135 135 135 135 135 135 135 135 135 135 135 135 135 135 135 135 134 134 134 134 134 134 134 134 134 134 134 134 134 134 134 134 134 134 134 134 134 135 139 141 138 138 137 136 136 139 139 140 144 142 140 153 169 185 210 228 210 185 187 184 183 180 181 195 193 209
135 135 135 135 135 135 135 135 135 135 135 135 135 135 135 135 135 135 135 135 135 135 135 135 135 135 135 135 135 135 135 135 135 135 135 135 135 135 135 135 135 135 135 135 135 135 135 135 135 135 134 134 134 134 134 134 134 134 134 134 134 134 134 134 134 134 134 134 134 134 134 134 134 142 141 139 139 136 137 136 139 142 141 137 139 160 201 236 247 241 217 197 199 203 195 191 195 185 187 194
135 135 135 135 135 135 135 135 135 135 135 135 135 135 135 135 135 135 135 135 135 135 135 135 135 135 135 135 135 135 135 135 135 135 135 135 135 135 135 135 135 135 135 135 135 135 135 135 135 135 134 134 134 134 134 134 134 134 134 134 134 134 134 134 134 134 134 134 134 134 134 134 134 137 141 140 139 136 142 145 142 140 140 142 146 161 208 253 250 243 222 210 216 215 201 212 218 202 188 192
135 135 135 135 135 135 135 135 135 135 135 135 135 135 135 135 135 135 135 135 135 135 135 135 135 135 135 135 135 135 135 135 135 135 135 135 135 135 135 135 135 135 135 135 135 135 135 135 135 135 134 134 134 134 134 134 134 134 134 134 134 134 134 134 134 134 134 134 134 134 134 134 134 134 138 140 139 136 140 144 142 141 143 143 151 171 199 217 210 209 221 230 224 210 209 228 234 209 197 195
135 135 135 135 135 135 135 135 135 135 135 135 135 135 135 135 135 135 135 135 135 135 135 135 135 135 135 135 135 135 135 135 135 135 135 135 135 135 135 135 135 135 135 135 135 135 135 135 135 135 134 134 134 134 134 134 134 134 134 134 134 134 134 134 134 134 134 134 134 134 134 134 134 134 135 136 137 142 143 141 140 139 140 151 158 177 198 192 179 179 202 220 216 208 207 220 215 199 195 199
135 135 135 135 135 135 135 135 135 135 135 135 135 135 135 135 135 135 135 135 135 135 135 135 135 135 135 135 135 135 135 135 135 135 135 135 135 135 135 135 135 135 135 135 135 135 135 135 135 135 134 134 134 134 134 134 134 134 134 134 134 134 134 134 134 134 134 134 134 134 134 134 134 134 134 139 144 146 144 142 141 138 138 146 146 150 162 163 170 175 202 203 191 197 210 214 190 181 185 196
135 135 135 135 135 135 135 135 135 135 135 135 135 135 135 135 135 135 135 135 135 135 135 135 135 135 135 135 135 135 135 135 135 135 135 135 135 135 135 135 135 135 135 135 135 135 135 135 135 135 134 134 134 134 134 134 134 134 134 134 134 134 134 134 134 134 134 134 134 134 134 134 134 134 134 142 145 146 143 141 141 138 140 140 137 139 144 146 161 172 197 181 168 173 183 188 180 169 163 169
135 135 135 135 135 135 135 135 135 135 135 135 135 135 135 135 135 135 135 135 135 135 135 135 135 135 135 135 135 135 135 135 135 135 135 135 135 135 135 135 135 135 135 135 135 135 135 135 135 135 134 134 134 134 134 134 134 134 134 134 134 134 134 134 134 134 134 134 134 134 134 134 134 134 134 143 144 146 144 140 139 142 142 143 143 140 143 139 145 154 165 160 156 154 153 156 160 152 147 151
135 135 135 135 135 135 135 135 135 135 135 135 135 135 135 135 135 135 135 135 135 135 135 135 135 135 135 135 135 135 135 135 135 135 135 135 135 135 135 135 135 135 135 135 135 135 135 135 135 135 134 134 134 134 134 134 134 134 134 134 134 134 134 134 134 134 134 134 134 134 134 134 134 134 135 145 146 148 143 137 136 139 139 141 139 140 141 138 137 138 139 149 151 147 139 137 145 139 137 138
135 135 135 135 135 135 135 135 135 135 135 135 135 135 135 135 135 135 135 135 135 135 135 135 135 135 135 135 135 135 135 135 135 135 135 135 135 135 135 135 135 135 135 135 135 135 135 135 135 135 134 134 134 134 134 134 134 134 134 134 134 134 134 134 134 134 134 134 134 134 134 134 134 134 135 143 147 151 149 146 144 141 141 141 142 143 145 144 137 137 137 139 144 139 138 138 138 137 137 137
135 135 135 135 135 135 135 135 135 135 135 135 135 135 135 135 135 135 135 135 135 135 135 135 135 135 135 135 135 135 135 135 135 135 135 135 135 135 135 135 135 135 135 135 135 135 135 135 135 135 134 134 134 134 134 134 134 134 134 134 134 134 134 134 134 134 134 134 134 134 134 134 134 134 134 141 147 147 147 147 147 147 144 142 142 140 138 140 139 140 142 138 137 137 137 137 137 137 137 137
135 135 135 135 135 135 135 135 135 135 135 135 135 135 135 135 135 135 135 135 135 135 135 135 135 135 135 135 135 135 135 135 135 135 135 135 135 135 135 135 135 135 135 135 135 135 135 135 135 135 134 134 134 134 134 134 134 134 134 134 134 134 134 134 134 134 134 134 134 134 134 134 134 134 134 139 145 145 143 143 142 142 141 145 143 140 137 138 137 139 142 140 138 139 138 137 137 137 137 137
135 135 135 135 135 135 135 135 135 135 135 135 135 135 135 135 135 135 135 135 135 135 135 135 135 135 135 135 135 135 135 135 135 135 135 135 135 135 135 135 135 135 135 135 135 135 135 135 135 135 134 134 134 134 134 134 134 134 134 134 134 134 134 134 134 134 134 134 134 134 134 134 134 134 134 136 143 145 143 141 138 137 137 142 141 138 137 137 137 140 142 141 143 147 146 144 138 137 137 138
135 135 135 135 135 135 135 135 135 135 135 135 135 135 135 135 135 135 135 135 135 135 135 135 135 135 135 135 135 135 135 135 135 135 135 135 135 135 135 135 135 135 135 135 135 135 135 135 135 135 134 134 134 134 134 134 134 134 134 134 134 134 134 134 134 134 134 134 134 134 134 134 134 134 134 135 143 143 143 139 137 138 138 139 141 138 137 137 141 146 148 149 145 141 142 141 138 137 137 146
135 135 135 135 135 135 135 135 135 135 135 135 135 135 135 135 135 135 135 135 135 135 135 135 135 135 135 135 135 135 135 135 135 135 135 135 135 135 135 135 135 135 135 135 135 135 135 135 135 135 134 134 134 134 134 134 134 134 134 134 134 134 134 134 134 134 134 134 134 134 134 134 134 134 134 134 141 141 141 137 137 138 140 141 141 137 138 138 146 145 141 140 137 139 148 148 139 137 140 141
135 135 135 135 135 135 135 135 135 135 135 135 135 135 135 135 135 135 135 135 135 135 135 135 135 135 135 135 135 135 135 135 135 135 135 135 135 135 135 135 135 135 135 135 135 135 135 135 135 135 134 134 134 134 134 134 134 134 134 134 134 134 134 134 134 134 134 134 134 134 134 134 134 134 134 134 140 141 141 140 140 141 142 142 143 140 141 138 143 141 137 137 137 145 156 157 153 143 142 141
135 135 135 135 135 135 135 135 135 135 135 135 135 135 135 135 135 135 135 135 135 135 135 135 135 135 135 135 135 135 135 135 135 135 135 135 135 135 135 135 135 135 135 135 135 135 135 135 135 135 134 134 134 134 134 134 134 134 134 134 134 134 134 134 134 134 134 134 134 134 134 134 134 134 134 134 139 141 141 140 141 141 142 143 144 142 139 138 142 137 137 139 145 158 163 171 169 159 147 143
135 135 135 135 135 135 135 135 135 135 135 135 135 135 135 135 135 135 135 135 135 135 135 135 135 135 135 135 135 135 135 135 135 135 135 135 135 135 135 135 135 135 135 135 135 135 135 135 135 135 134 134 134 134 134 134 134 134 134 134 134 134 134 134 134 134 134 134 134 134 134 134 134 134 134 134 137 140 141 138 136 140 140 141 142 141 138 137 137 138 140 146 155 161 163 163 174 175 168 173
135 135 135 135 135 135 135 135 135 135 135 135 135 135 135 135 135 135 135 135 135 135 135 135 135 135 135 135 135 135 135 135 135 135 135 135 135 135 135 135 135 135 135 135 135 135 135 135 135 135 134 134 134 134 134 134 134 134 134 134 134 134 134 134 134 134 134 134 134 134 134 134 134 134 134 134 135 140 140 138 135 136 138 140 143 141 137 138 137 147 156 163 164 167 168 160 167 194 207 216
135 135 135 135 135 135 135 135 135 135 135 135 135 135 135 135 135 135 135 135 135 135 135 135 135 135 135 135 135 135 135 135 135 135 135 135 135 135 135 135 135 135 135 135 135 135 135 135 135 135 134 134 134 134 134 134 134 134 134 134 134 134 134 134 134 134 134 134 134 134 134 134 134 134 134 134 135 139 140 139 135 136 139 141 146 145 141 137 139 161 187 190 171 162 157 159 182 218 239 247
135 135 135 135 135 135 135 135 135 135 135 135 135 135 135 135 135 135 135 135 135 135 135 135 135 135 135 135 135 135 135 135 135 135 135 135 135 135 135 135 135 135 135 135 135 135 135 135 135 135 134 134 134 134 134 134 134 134 134 134 134 134 134 134 134 134 134 134 134 134 134 134 134 134 134 134 134 140 141 139 135 135 138 143 147 147 144 137 152 171 193 188 168 157 152 159 195 227 241 247
135 135 135 135 135 135 135 135 135 135 135 135 135 135 135 135 135 135 135 135 135 135 135 135 135 135 135 135 135 135 135 135 135 135 135 135 135 135 135 135 135 135 135 135 135 135 135 135 135 135 134 134 134 134 134 134 134 134 134 134 134 134 134 134 134 134 134 134 134 134 134 134 134 134 134 134 134 140 140 140 138 137 142 144 147 147 143 140 154 169 194 185 162 160 156 165 189 208 215 207
135 135 135 135 135 135 135 135 135 135 135 135 135 135 135 135 135 135 135 135 135 135 135 135 135 135 135 135 135 135 135 135 135 135 135 135 135 135 135 135 135 135 135 135 135 135 135 135 135 135 134 134 134 134 134 134 134 134 134 134 134 134 134 134 134 134 134 134 134 134 134 134 134 134 134 134 134 140 140 141 138 140 142 141 147 147 145 145 153 176 197 183 161 165 158 161 176 185 168 158
