# 100 100
134 134 134 134 134 134 134 134 134 134 134 134 134 134 134 134 134 134 134 134 134 134 134 134 134 134 134 134 134 134 134 134 134 134 134 134 134 134 134 134 134 134 134 134 134 134 134 134 134 134 134 134 134 134 134 134 134 134 134 134 134 134 134 134 134 134 134 134 134 134 134 134 134 134 134 134 134 134 134 134 134 134 134 134 134 134 134 134 134 134 134 135 139 140 140 140 140 140 139 138
134 134 134 134 134 134 134 134 134 134 134 134 134 134 134 134 134 134 134 134 134 134 134 134 134 134 134 134 134 134 134 134 134 134 134 134 134 134 134 134 134 134 134 134 134 134 134 134 134 134 134 134 134 134 134 134 134 134 134 134 134 134 134 134 134 134 134 134 134 134 134 134 134 134 134 134 134 134 134 134 134 134 134 134 134 134 134 134 134 134 134 136 139 140 140 140 140 139 138 138
134 134 134 134 134 134 134 134 134 134 134 134 134 134 134 134 135 134 134 134 134 134 134 134 134 134 134 134 134 134 134 134 134 134 134 134 134 134 134 134 134 134 134 134 134 134 134 134 134 134 134 134 134 134 134 134 134 134 134 134 134 134 134 134 134 134 134 134 134 134 134 134 134 134 134 134 134 134 134 134 134 134 134 134 134 134 134 134 134 134 134 137 139 139 140 140 139 139 138 138
134 134 134 134 134 134 134 134 134 134 134 134 134 134 134 134 135 137 136 135 134 134 134 134 134 134 134 134 134 134 134 134 134 134 134 134 134 134 134 134 134 134 134 134 134 134 134 134 134 134 134 134 134 134 134 134 134 134 134 134 134 134 134 134 134 134 134 134 134 134 134 134 134 134 134 134 134 134 134 134 134 134 134 134 134 134 134 134 134 134 135 138 139 140 140 140 139 138 138 138
134 134 134 134 134 134 134 134 134 134 134 134 134 134 134 134 134 135 139 141 134 134 134 134 134 134 134 134 134 134 134 134 134 134 134 134 134 134 134 134 134 134 134 134 134 134 134 134 134 134 134 134 134 134 134 134 134 134 134 134 134 134 134 134 134 134 134 134 134 134 134 134 134 134 134 134 134 134 134 134 134 134 134 134 134 134 134 134 134 134 137 140 140 140 140 140 138 138 138 138
134 134 134 134 134 134 134 134 134 134 134 134 134 134 134 134 134 144 142 141 138 135 134 134 134 134 134 134 134 134 134 134 134 134 134 134 134 134 134 134 134 134 134 134 134 134 134 134 134 134 134 134 134 134 134 134 134 134 134 134 134 134 134 134 134 134 134 134 134 134 134 134 134 134 134 134 134 134 134 134 134 134 134 134 134 134 134 134 134 135 140 141 141 141 141 140 140 138 138 138
134 134 134 134 134 134 134 134 134 134 134 134 134 134 134 134 134 142 141 141 139 137 134 134 134 134 134 134 134 134 134 134 134 134 134 134 134 134 134 134 134 134 134 134 134 134 134 134 134 134 134 134 134 134 134 134 134 134 134 134 134 134 134 134 134 134 134 134 134 134 134 134 134 134 134 134 134 134 134 134 134 134 134 134 134 134 134 134 135 138 141 141 140 140 141 141 141 140 139 138
134 134 134 134 134 134 134 134 134 134 134 134 134 134 134 134 137 146 141 140 139 134 134 134 134 134 134 134 134 134 134 134 134 134 134 134 134 134 134 134 134 134 134 134 134 134 134 134 134 134 134 134 134 134 134 134 134 134 134 134 134 134 134 134 134 134 134 134 134 134 134 134 134 134 134 134 134 134 134 134 134 134 134 134 134 134 134 135 139 142 142 141 140 140 140 141 143 142 143 137
134 134 134 134 134 134 134 134 134 134 134 134 134 136 137 134 134 140 140 140 140 137 134 135 134 134 134 134 134 134 134 134 134 134 134 134 134 134 134 134 134 134 134 134 134 134 134 134 134 134 134 134 134 134 134 134 134 134 134 134 134 134 134 134 134 134 134 134 134 134 134 134 134 134 134 134 134 134 134 134 134 134 134 134 134 134 134 138 142 141 140 141 139 139 139 140 143 145 143 141
134 135 138 135 134 134 134 134 134 134 134 134 134 138 143 136 134 136 143 140 141 141 142 140 134 134 134 134 134 134 134 134 134 134 134 134 134 134 134 134 134 134 134 134 134 134 134 134 134 134 134 134 134 134 134 134 134 134 134 134 134 134 134 134 134 134 134 134 134 134 134 134 134 134 134 134 134 134 134 134 134 134 134 134 134 134 135 139 141 138 138 139 139 138 139 138 142 143 143 142
134 139 140 138 134 134 136 134 134 134 134 134 134 139 143 136 134 135 142 142 141 141 143 137 134 134 134 134 134 134 134 134 134 134 134 134 134 134 134 134 134 134 134 134 134 134 134 134 134 134 134 134 134 134 134 134 134 134 134 134 134 134 134 134 134 134 134 134 134 134 134 134 134 134 134 134 134 134 134 134 134 134 134 134 134 134 136 140 140 138 138 138 139 139 138 137 139 142 143 143
134 140 141 140 142 143 143 141 138 135 134 137 136 138 139 134 134 135 143 142 142 142 144 142 134 134 134 134 134 134 134 134 134 134 134 134 134 134 134 134 134 134 134 134 134 134 134 134 134 134 134 134 134 134 134 134 134 134 134 134 134 134 134 134 134 134 134 134 134 134 134 134 134 134 134 134 134 134 134 134 134 134 134 134 134 135 138 138 137 138 138 138 140 141 140 138 139 140 145 142
135 139 136 134 136 141 143 145 149 142 138 140 137 134 134 134 134 134 137 139 136 141 143 144 141 134 134 134 134 134 134 134 134 134 134 134 134 134 134 134 134 134 134 134 134 134 134 134 134 134 134 134 134 134 134 134 134 134 134 134 134 134 134 134 134 134 134 134 134 134 134 134 134 134 134 134 134 134 134 134 134 134 134 134 134 137 138 138 137 137 138 139 140 139 140 142 141 139 145 137
134 134 134 134 134 134 134 139 147 145 142 136 134 134 134 134 134 134 134 134 134 138 143 145 142 134 134 134 134 134 134 134 134 134 134 134 134 134 134 134 134 134 134 134 134 134 134 134 134 134 134 134 134 134 134 134 134 134 134 134 134 134 134 134 134 134 134 134 134 134 134 134 134 134 134 134 134 134 134 134 134 134 134 134 135 138 138 137 136 137 136 139 139 138 138 141 139 138 143 136
134 134 134 134 134 134 134 135 144 143 139 134 134 134 134 134 134 134 134 134 134 135 139 144 138 134 134 134 134 134 136 134 134 134 134 134 134 134 134 134 134 134 134 134 134 134 134 134 134 134 134 134 134 134 134 134 134 134 134 134 134 134 134 134 134 134 134 134 134 134 134 134 134 134 134 134 134 134 134 134 134 134 134 134 137 138 137 137 136 135 139 139 138 138 138 138 138 138 139 134
134 134 134 134 134 134 134 134 137 142 140 134 134 134 134 134 134 134 134 134 134 134 134 136 134 134 134 134 134 135 136 134 134 134 134 134 134 134 134 134 134 134 134 134 134 134 134 134 134 134 134 134 134 134 134 134 134 134 134 134 134 134 134 134 134 134 134 134 134 134 134 134 134 134 134 134 134 134 134 134 134 134 134 136 139 137 136 137 137 137 137 138 138 139 139 139 137 135 134 134
134 134 134 134 134 134 134 134 136 138 141 138 134 134 134 134 134 134 134 134 134 134 134 134 134 134 134 134 134 134 134 134 134 134 134 134 134 134 134 134 134 134 134 134 134 134 134 134 134 134 134 134 134 134 134 134 134 134 134 134 134 134 134 134 134 134 134 134 134 134 134 134 134 134 134 134 134 134 134 134 134 134 135 138 138 136 135 136 136 137 138 138 138 139 141 140 137 136 134 135
134 134 134 134 134 134 134 134 134 134 135 137 134 134 134 134 134 134 134 134 134 134 134 134 134 134 134 134 134 134 134 134 134 134 134 134 134 134 134 134 134 134 134 134 134 134 134 134 134 134 134 134 134 134 134 134 134 134 134 134 134 134 134 134 134 134 134 134 134 134 134 134 134 134 134 134 134 134 134 134 134 134 135 139 136 134 135 135 136 137 137 138 137 139 142 138 136 135 135 140
134 134 134 134 134 134 134 134 134 134 134 134 134 134 134 134 134 134 134 134 134 134 134 134 134 134 134 134 134 134 134 134 134 134 134 134 134 134 134 134 134 134 134 134 134 134 134 134 134 134 134 134 134 134 134 134 134 134 134 134 134 134 134 134 134 134 134 134 134 134 134 134 134 134 134 134 134 134 134 134 134 134 135 138 137 134 134 134 135 136 137 138 138 137 137 137 136 134 136 140
134 134 134 134 134 134 134 134 134 134 134 134 134 134 134 134 134 134 134 134 134 134 134 134 134 134 134 134 134 134 134 134 134 134 134 134 134 134 134 134 134 134 134 134 134 134 134 134 134 134 134 134 134 134 134 134 134 134 134 134 134 134 134 134 134 134 134 134 134 134 134 134 134 134 134 134 134 134 134 134 135 135 134 135 140 135 134 134 134 135 137 138 138 136 134 134 134 134 136 137
134 134 134 134 134 134 134 134 134 134 134 134 134 134 134 134 134 134 134 134 134 134 134 134 134 134 134 134 134 134 134 134 134 134 134 134 134 134 134 134 134 134 134 134 134 134 134 134 134 134 134 134 134 134 134 134 134 134 134 134 134 134 134 134 134 134 134 134 134 134 134 134 134 134 134 134 134 134 135 137 139 140 141 137 135 135 135 135 134 137 138 138 138 135 134 134 134 134 134 134
134 134 134 134 134 134 134 134 134 134 134 134 134 134 134 134 134 134 134 134 134 134 134 134 134 134 134 134 134 134 134 134 134 134 134 134 134 134 134 134 134 134 134 134 134 134 134 134 134 134 134 134 134 134 134 134 134 134 134 134 134 134 134 134 134 134 134 134 134 134 134 134 134 134 134 134 134 135 138 140 140 139 139 142 138 134 134 135 134 136 137 137 136 135 134 134 134 138 143 142
134 134 134 134 134 134 134 134 134 134 134 134 134 134 134 134 134 134 134 134 134 134 134 134 134 134 134 134 134 134 134 134 134 134 134 134 134 134 134 134 134 134 134 134 134 134 134 134 134 134 134 134 134 134 134 134 134 134 134 134 134 134 134 134 134 134 134 134 134 134 134 134 134 134 134 134 134 138 141 140 139 138 137 137 135 134 134 134 134 134 134 135 135 134 134 135 139 146 150 148
134 134 134 134 134 134 134 134 134 134 134 134 134 134 134 134 134 134 134 134 134 134 134 134 134 134 134 134 134 134 134 134 134 134 134 134 134 134 134 134 134 134 134 134 134 134 134 134 134 134 134 134 134 134 134 134 134 134 134 134 134 134 134 134 134 134 134 134 134 134 134 134 134 134 134 134 136 140 141 139 139 137 138 137 135 134 134 134 134 134 134 134 134 134 135 138 142 147 149 147
134 134 134 134 134 134 134 134 134 134 134 134 134 134 134 134 134 134 134 134 134 134 134 134 134 134 134 134 134 134 134 134 134 134 134 134 134 134 134 134 134 134 134 134 134 134 134 134 134 134 134 134 134 134 134 134 134 134 134 134 134 134 134 134 134 134 134 134 134 134 134 134 134 134 134 135 140 139 139 138 138 138 138 138 136 134 134 134 134 134 134 135 136 137 140 142 146 149 151 146
134 134 134 134 134 134 134 134 134 134 134 134 134 134 134 134 134 134 134 134 134 134 134 134 134 134 134 134 134 134 134 134 134 134 134 134 134 134 134 134 134 134 134 134 134 134 134 134 134 134 134 134 134 134 134 134 134 134 134 134 134 134 134 134 134 134 134 134 134 134 134 134 134 134 134 138 140 139 139 136 138 138 138 139 137 135 134 134 134 134 135 136 138 140 142 144 148 150 148 142
134 134 134 134 134 134 134 134 134 134 134 134 134 134 134 134 134 134 134 134 134 134 134 134 134 134 134 134 134 134 134 134 134 134 134 134 134 134 134 134 134 134 134 134 134 134 134 134 134 134 134 134 134 134 134 134 134 134 134 134 134 134 134 134 134 134 134 134 134 134 134 134 134 134 136 141 139 139 138 135 137 138 139 138 138 136 134 134 134 135 137 138 141 143 146 148 148 150 148 145
134 134 134 134 134 134 134 134 134 134 134 134 134 134 134 134 134 134 134 134 134 134 134 134 134 134 134 134 134 134 134 134 134 134 134 134 134 134 134 134 134 134 134 134 134 134 134 134 134 134 134 134 134 134 134 134 134 134 134 134 134 134 134 134 134 134 134 134 134 134 134 134 134 134 137 142 139 139 137 135 136 138 138 138 137 135 134 134 137 139 140 140 140 143 146 147 146 149 147 142
134 134 134 134 134 134 134 134 134 134 134 134 134 134 134 134 134 134 134 134 134 134 134 134 134 134 134 134 134 134 134 134 134 134 134 134 134 134 134 134 134 134 134 134 134 134 134 134 134 134 134 134 134 134 134 134 134 134 134 134 134 134 134 134 134 134 134 134 134 134 134 134 134 135 137 142 139 138 137 134 136 136 137 137 136 134 135 137 136 139 141 141 142 147 146 146 142 147 149 146
134 134 134 134 134 134 134 134 134 134 134 134 134 134 134 134 134 134 134 134 134 134 134 134 134 134 134 134 134 134 134 134 134 134 134 134 134 134 134 134 134 134 134 134 134 134 134 134 134 134 134 134 134 134 134 134 134 134 134 134 134 134 134 134 134 134 136 136 135 134 134 134 134 135 137 142 139 137 136 134 136 135 135 135 134 135 140 142 142 145 144 144 140 142 143 142 142 145 149 145
134 134 134 134 134 134 134 134 134 134 134 134 134 134 134 134 134 134 134 134 134 134 134 134 134 134 134 134 134 134 134 134 134 134 134 134 134 134 134 134 134 134 134 134 134 134 134 134 134 134 134 134 134 134 134 134 134 134 134 134 134 134 134 134 134 137 141 139 137 134 134 134 134 134 136 141 140 136 135 134 135 134 134 134 134 139 144 146 147 148 147 141 139 140 145 144 148 151 151 149
134 134 134 134 134 134 134 134 134 134 134 134 134 134 134 134 134 134 134 134 134 134 134 134 134 134 134 134 134 134 134 134 134 134 134 134 134 134 134 134 134 134 134 134 134 134 134 134 134 134 134 134 134 134 134 134 134 134 134 134 134 136 136 138 140 141 141 141 140 137 135 134 134 134 134 136 138 134 134 134 134 134 134 135 138 143 147 148 150 151 152 148 146 146 150 149 152 159 157 153
134 134 134 134 134 134 134 134 134 134 134 134 134 134 134 134 134 134 134 134 134 134 134 134 134 134 134 134 134 134 134 134 134 134 134 134 134 134 134 134 134 134 134 134 134 134 134 134 134 134 134 134 134 134 134 134 134 134 134 134 134 138 141 141 140 141 141 141 141 140 140 139 139 139 134 134 134 134 134 134 134 134 134 138 142 144 146 148 149 150 153 153 151 156 157 154 157 159 161 159
134 134 134 134 134 134 134 134 134 134 134 134 134 134 134 134 134 134 134 134 134 134 134 134 134 134 134 134 134 134 134 134 134 134 134 134 134 134 134 134 134 134 134 134 134 134 134 134 134 134 134 134 134 134 134 134 134 134 134 134 134 138 140 140 141 141 142 142 142 143 147 145 141 140 139 135 134 134 134 134 134 134 137 140 144 145 144 146 145 147 155 156 158 161 164 156 160 170 173 181
134 134 134 134 134 134 134 134 134 134 134 134 134 134 134 134 134 134 134 134 134 134 134 134 134 134 134 134 134 134 134 134 134 134 134 134 134 134 134 134 134 134 134 134 134 134 134 134 134 134 134 134 134 134 134 134 134 134 134 134 134 138 141 142 142 142 142 142 143 147 153 150 145 143 140 139 136 134 134 134 134 134 137 141 145 143 140 142 147 146 152 155 161 162 164 162 157 167 183 205
134 134 134 134 134 134 134 134 134 134 134 134 134 134 134 134 134 134 134 134 134 134 134 134 134 134 134 134 134 134 134 134 134 134 134 134 134 134 134 134 134 134 134 134 134 134 134 134 134 134 134 134 134 134 134 134 134 134 134 134 134 142 141 142 142 142 142 142 145 153 151 146 143 141 140 139 139 137 134 134 136 137 137 140 143 142 141 141 145 147 149 153 160 163 167 162 163 165 181 210
134 134 134 134 134 134 134 134 134 134 134 134 134 134 134 134 134 134 134 134 134 134 134 134 134 134 134 134 134 134 134 134 134 134 134 134 134 134 134 134 134 134 134 134 134 134 134 134 134 134 134 134 134 134 134 134 134 134 134 134 140 143 142 142 142 143 143 143 146 145 144 143 144 141 140 140 141 140 135 135 136 139 137 138 140 142 141 145 145 145 146 151 156 160 166 172 175 179 188 213
134 134 134 134 134 134 134 134 134 134 134 134 134 134 134 134 134 134 134 134 134 134 134 134 134 134 134 134 134 134 134 134 134 134 134 134 134 134 134 134 134 134 134 134 134 134 134 134 134 134 134 134 134 134 134 134 134 134 134 135 141 141 142 142 143 144 145 146 146 144 143 144 149 143 141 139 139 138 135 134 135 139 138 138 139 143 143 147 148 146 146 150 156 160 165 176 187 189 195 217
134 134 134 134 134 134 134 134 134 134 134 134 134 134 134 134 134 134 134 134 134 134 134 134 134 134 134 134 134 134 134 134 134 134 134 134 134 134 134 134 134 134 134 134 134 134 134 134 134 134 134 134 134 134 134 134 134 134 134 135 143 142 141 142 143 146 148 148 144 144 144 146 150 146 143 140 137 135 135 138 139 138 139 139 141 147 147 147 148 148 149 154 160 163 167 174 183 189 194 208
134 134 134 134 134 134 134 134 134 134 134 134 134 134 134 134 134 134 134 134 134 134 134 134 134 134 134 134 134 134 134 134 134 134 134 134 134 134 134 134 134 134 134 134 134 134 134 134 134 134 134 134 134 134 134 134 134 134 134 140 141 141 140 142 145 150 152 146 144 148 148 152 153 145 141 138 136 135 137 140 143 142 139 136 139 148 153 154 153 151 153 155 160 163 166 166 169 178 183 193
134 134 134 134 134 134 134 134 134 134 134 134 134 134 134 134 134 134 134 134 134 134 134 134 134 134 134 134 134 134 134 134 134 134 134 134 134 134 134 134 134 134 134 134 134 134 134 134 134 134 134 134 134 134 134 134 137 136 134 140 140 138 141 145 147 150 149 143 143 150 149 155 148 143 139 136 136 140 142 143 146 145 141 143 146 151 155 153 157 158 159 159 159 160 160 160 163 173 178 180
134 134 134 134 134 134 134 134 134 134 134 134 134 134 134 134 134 134 134 134 134 134 134 134 134 134 134 134 134 134 134 134 134 134 134 134 134 134 134 134 134 134 134 134 134 134 134 134 134 134 134 134 134 134 134 134 144 145 139 136 135 137 143 148 150 150 146 142 142 146 152 151 143 141 137 138 144 145 146 146 149 147 147 152 153 157 156 156 160 162 164 164 162 162 161 159 162 170 172 169
134 134 134 134 134 134 134 134 134 134 134 134 134 134 134 134 134 134 134 134 134 134 134 134 134 134 134 134 134 134 134 134 134 134 134 134 134 134 134 134 134 134 134 134 134 134 134 134 134 134 134 134 134 134 134 137 146 148 141 135 134 136 141 146 149 148 143 143 144 146 149 145 142 138 140 149 155 154 154 154 151 148 148 152 154 155 155 155 159 162 163 164 164 163 163 160 161 164 165 166
134 134 134 134 134 134 134 134 134 134 134 134 134 134 134 134 134 134 134 134 134 134 134 134 134 134 134 134 134 134 134 134 134 134 134 134 134 134 134 134 134 134 134 134 134 134 134 134 134 134 134 134 134 134 137 142 143 143 138 134 134 134 140 143 146 146 145 147 151 153 150 144 141 141 142 150 156 157 154 154 150 145 148 150 152 153 153 152 155 157 157 162 165 168 167 165 162 160 164 168
134 134 134 134 134 134 134 134 134 134 134 134 134 134 134 134 134 134 134 134 134 134 134 134 134 134 134 134 134 134 134 134 134 134 134 134 134 134 134 134 134 134 134 134 134 134 134 134 134 134 138 134 134 136 143 144 146 142 137 134 137 136 139 140 147 149 148 151 160 159 148 146 146 145 146 152 157 154 148 151 152 152 154 154 154 154 156 157 154 152 155 163 175 188 190 181 168 164 167 168
134 134 134 134 134 134 134 134 134 134 134 134 134 134 134 134 134 134 134 134 134 134 134 134 134 134 134 134 134 134 134 134 134 134 134 134 134 134 134 134 134 134 134 134 134 134 134 134 134 136 141 140 142 144 144 148 149 144 139 135 136 140 145 144 149 150 149 154 165 160 152 155 151 147 148 152 157 156 151 155 160 162 162 159 158 158 161 160 157 155 163 171 190 205 207 201 187 177 172 171
134 134 134 134 134 134 134 134 134 134 134 134 134 134 134 134 134 134 134 134 134 134 134 134 134 134 134 134 134 134 134 134 134 134 134 134 134 134 134 134 134 134 134 134 134 134 134 134 135 140 142 143 143 145 150 151 147 142 139 137 138 143 149 160 155 149 153 162 168 160 156 157 152 148 151 156 158 159 159 162 165 163 164 162 163 165 165 164 161 158 162 169 180 194 203 207 206 197 187 181
134 134 134 134 134 134 134 134 134 134 134 134 134 134 134 134 134 134 134 134 134 134 134 134 134 134 134 134 134 134 134 134 134 134 134 134 134 134 134 134 134 134 134 134 134 134 134 134 136 142 143 144 144 146 151 148 144 141 139 141 142 144 156 163 153 151 157 165 163 158 158 157 153 150 154 159 158 160 161 164 166 167 169 163 164 164 163 164 163 163 166 165 168 179 196 219 229 225 209 200
134 134 134 134 134 134 134 134 134 134 134 134 134 134 134 134 134 134 134 134 134 134 134 134 134 134 134 134 134 134 134 134 134 134 134 134 134 134 134 134 134 134 134 134 134 134 134 134 138 145 143 142 144 145 145 144 141 141 141 143 141 145 155 158 156 155 160 162 158 154 157 157 154 153 159 161 160 161 163 167 167 171 172 169 162 160 160 163 166 169 169 168 167 175 198 221 239 242 231 228
134 134 134 134 134 134 134 134 134 134 134 134 134 134 134 134 134 134 134 134 134 134 134 134 134 134 134 134 134 134 134 134 134 134 134 134 134 134 134 134 134 134 134 134 134 134 134 134 141 146 144 141 141 142 142 141 141 142 142 143 140 145 149 150 152 154 163 160 157 156 158 157 153 154 156 154 153 159 161 159 166 170 172 175 176 173 167 166 167 172 173 171 168 175 187 201 221 241 248 255
134 134 134 134 134 134 134 134 134 134 134 134 134 134 134 134 134 134 134 134 134 134 134 134 134 134 134 134 134 134 134 134 134 134 134 134 134 134 134 134 134 134 134 134 135 134 134 136 144 143 144 141 139 139 139 141 141 143 143 141 141 145 144 145 149 154 160 157 156 156 157 156 153 151 151 150 155 160 158 158 164 173 185 194 196 193 181 172 171 174 176 172 169 171 176 188 208 230 255 281
134 134 134 134 134 134 134 134 134 134 134 134 134 134 134 134 134 134 134 134 134 134 134 134 134 134 134 134 134 134 134 134 134 134 134 134 134 134 134 134 134 134 134 135 140 138 140 145 143 142 145 141 139 138 137 137 138 140 141 138 144 146 145 143 144 156 154 152 155 155 157 156 157 156 151 154 160 162 158 161 167 182 203 219 220 208 196 193 185 183 185 183 174 172 176 185 201 225 263 303
134 134 134 134 134 134 134 134 134 134 134 134 134 134 134 134 134 134 134 134 134 134 134 134 134 134 134 134 134 135 135 134 134 134 134 134 134 134 134 134 134 134 134 136 141 140 145 149 144 137 137 141 141 139 138 137 137 138 137 137 147 147 144 141 148 154 151 148 151 151 153 155 159 161 157 158 162 163 160 165 170 186 215 235 231 213 209 207 198 202 216 210 186 181 189 191 200 230 273 313
134 134 134 134 134 134 134 134 134 134 134 134 134 134 134 134 134 134 134 134 134 134 134 134 134 134 134 134 134 134 134 134 134 134 134 134 134 134 134 134 134 134 134 135 142 146 145 146 141 136 135 136 139 139 140 139 137 138 137 139 147 149 147 143 148 147 146 148 145 148 153 157 159 161 163 165 166 165 164 166 177 199 227 243 229 212 209 210 215 228 245 232 203 195 197 193 199 239 275 307
134 134 134 134 134 134 134 134 134 134 134 134 134 134 134 134 134 134 134 134 134 134 134 134 134 134 134 134 134 134 134 134 134 134 134 134 134 134 134 134 134 134 134 134 136 140 147 145 139 134 134 135 138 140 141 140 140 140 137 139 143 146 140 144 148 144 144 149 150 154 158 158 160 169 180 188 181 171 169 171 183 206 230 239 226 216 218 221 228 238 244 237 221 207 193 182 199 239 261 282
134 134 134 134 134 134 134 134 134 134 134 134 134 134 134 134 134 134 134 134 134 134 134 134 134 134 134 134 134 134 134 134 134 134 134 134 134 134 134 134 134 134 134 134 134 137 144 147 139 134 134 135 140 142 143 143 146 138 136 138 143 142 139 143 145 142 145 153 156 158 165 163 163 181 203 216 206 188 178 176 186 203 222 235 233 229 229 231 240 247 252 235 220 201 178 171 197 229 241 250
134 134 134 134 134 134 134 134 134 134 134 134 134 134 134 134 134 134 134 134 134 134 134 134 134 134 134 134 134 134 134 134 134 134 134 134 134 134 134 134 134 134 134 134 134 134 134 143 135 134 134 134 136 138 137 140 139 140 144 146 144 143 139 140 141 140 143 151 157 168 177 171 178 199 224 236 222 201 188 179 184 195 214 236 242 242 242 242 245 250 246 221 201 183 166 166 191 214 217 218
134 134 134 134 134 134 134 134 134 134 134 134 134 134 134 134 134 134 134 134 134 134 134 134 134 134 134 134 134 134 134 134 134 134 134 134 134 134 134 134 134 134 134 134 134 134 139 135 134 134 134 134 134 134 139 140 139 152 150 144 149 142 143 143 143 142 146 158 162 170 178 177 196 227 250 252 238 216 200 188 183 190 214 239 247 245 236 231 232 229 222 201 183 170 161 163 184 198 196 194
134 134 134 134 134 134 134 134 134 134 134 134 134 134 134 134 134 134 134 134 134 134 134 134 134 134 134 134 134 134 134 134 134 134 134 134 134 134 134 134 134 134 134 134 134 134 134 134 134 134 134 134 134 135 141 141 152 157 157 147 144 143 146 144 147 149 152 162 169 168 173 188 217 249 265 259 250 229 212 198 188 193 215 234 235 227 215 210 210 209 196 182 170 163 159 164 181 190 183 180
134 134 134 134 134 134 134 134 134 134 134 134 134 134 134 134 134 134 134 134 134 134 134 134 134 134 134 134 134 134 134 134 134 134 134 134 134 134 134 134 134 134 134 134 134 134 134 134 134 134 134 134 134 136 143 152 161 158 154 145 140 150 149 147 147 150 156 168 174 176 179 194 219 243 248 246 247 241 223 201 191 197 216 229 223 210 195 194 199 196 183 172 163 159 155 160 178 185 177 174
134 134 134 134 134 134 134 134 134 134 134 134 134 134 134 134 134 134 134 134 134 134 134 134 134 134 134 134 134 134 134 134 134 134 134 134 134 134 134 134 134 134 134 134 134 134 134 134 134 134 134 134 134 134 140 152 158 156 151 144 145 151 150 147 145 151 157 168 175 181 191 202 216 224 234 241 250 249 226 199 189 197 222 238 230 206 189 184 188 185 175 165 159 156 154 160 182 184 175 172
134 134 134 134 134 134 134 134 134 134 134 134 134 134 134 134 134 134 134 134 134 134 134 134 134 134 134 134 134 134 134 134 134 134 134 134 134 134 134 134 134 134 134 134 134 134 134 134 134 134 134 134 134 135 145 156 158 157 153 149 151 151 149 146 147 152 157 166 172 182 195 205 208 223 244 253 252 242 217 192 181 198 233 250 237 208 187 175 173 172 165 158 155 153 153 160 172 178 172 168
134 134 134 134 134 134 134 134 134 134 134 134 134 134 134 134 134 134 134 134 134 134 134 134 134 134 134 134 134 134 134 134 134 134 134 134 134 134 134 134 134 134 134 134 134 134 134 134 134 134 134 135 139 150 151 150 157 158 149 148 151 148 143 140 142 151 156 163 167 174 183 189 197 224 254 253 239 220 202 184 174 188 214 223 217 197 181 170 162 161 156 151 151 150 149 154 158 161 159 160
134 134 134 134 134 134 134 134 134 134 134 134 134 134 134 134 134 134 134 134 134 134 134 134 134 134 134 134 134 134 134 134 134 134 134 134 134 134 134 134 134 134 134 134 134 134 134 134 134 134 134 138 145 149 140 151 157 153 145 150 145 146 140 140 143 154 157 162 168 171 180 184 191 214 236 225 212 199 187 173 164 173 191 198 192 179 172 165 160 157 151 147 149 145 144 150 151 152 160 173
134 134 134 134 134 134 134 134 134 134 134 134 134 134 134 134 134 134 134 134 134 134 134 134 134 134 134 134 134 134 134 134 134 134 134 134 134 134 134 134 134 134 134 134 134 134 134 134 134 134 134 134 134 134 134 139 147 141 146 142 142 144 140 144 163 179 177 171 173 181 191 188 191 203 211 206 199 189 178 166 159 164 176 184 174 169 168 164 160 155 148 144 145 142 140 143 149 159 175 190
134 134 134 134 134 134 134 134 134 134 134 134 134 134 134 134 134 134 134 134 134 134 134 134 134 134 134 134 134 134 134 134 134 134 134 134 134 134 134 134 134 134 134 134 134 134 134 134 134 134 134 134 134 134 134 138 137 134 136 145 148 152 146 160 190 205 201 190 191 206 220 217 204 205 214 215 205 192 177 163 156 157 162 162 160 165 168 162 154 149 144 141 143 141 136 142 157 172 181 182
134 134 134 134 134 134 134 134 134 134 134 134 134 134 134 134 134 134 134 134 134 134 134 134 134 134 134 134 134 134 134 134 134 134 134 134 134 134 134 134 134 134 134 134 134 134 134 134 134 134 134 134 134 134 134 134 134 134 136 145 150 153 155 175 212 221 223 221 216 223 229 225 211 213 229 228 206 188 172 159 153 153 152 150 154 161 163 154 149 146 143 140 137 136 137 144 154 165 171 171
134 134 134 134 134 134 134 134 134 134 134 134 134 134 134 134 134 134 134 134 134 134 134 134 134 134 134 134 134 134 134 134 134 134 134 134 134 134 134 134 134 134 134 134 134 134 134 134 134 134 134 134 134 134 134 134 134 134 134 134 147 150 157 174 203 218 236 238 228 222 214 204 197 202 217 207 188 177 166 153 147 145 144 145 147 150 148 146 146 145 142 139 136 134 134 138 146 154 160 160
134 134 134 134 134 134 134 134 134 134 134 134 134 134 134 134 134 134 134 134 134 134 134 134 134 134 134 134 134 134 134 134 134 134 134 134 134 134 134 134 134 134 134 134 134 134 134 134 134 134 134 134 134 134 134 134 134 134 134 135 145 149 155 163 175 198 218 228 232 219 193 183 176 178 185 176 167 164 156 148 145 142 141 138 135 135 140 142 143 141 139 137 137 135 134 134 137 145 151 157
134 134 134 134 134 134 134 134 134 134 134 134 134 134 134 134 134 134 134 134 134 134 134 134 134 134 134 134 134 134 134 134 134 134 134 134 134 134 134 134 134 134 134 134 134 134 134 134 134 134 134 134 134 134 134 134 134 134 134 136 146 147 150 150 154 175 189 206 214 207 198 186 175 169 167 160 159 155 149 144 143 141 136 135 137 138 138 138 137 137 138 137 136 136 134 134 134 142 149 151
134 134 134 134 134 134 134 134 134 134 134 134 134 134 134 134 134 134 134 134 134 134 134 134 134 134 134 134 134 134 134 134 134 134 134 134 134 134 134 134 134 134 134 134 134 134 134 134 134 134 134 134 134 134 134 134 134 134 134 140 144 145 147 149 151 161 186 202 210 221 226 215 192 168 158 154 153 150 147 144 140 135 138 139 139 139 138 137 136 137 138 137 136 135 134 134 134 141 144 147
134 134 134 134 134 134 134 134 134 134 134 134 134 134 134 134 134 134 134 134 134 134 134 134 134 134 134 134 134 134 134 134 134 134 134 134 134 134 134 134 134 134 134 134 134 134 134 134 134 134 134 134 134 134 134 134 134 134 134 140 143 151 156 156 160 174 192 198 213 239 242 222 193 166 154 151 149 146 145 142 139 139 138 138 143 140 138 137 135 136 138 137 136 135 134 134 135 140 144 147
134 134 134 134 134 134 134 134 134 134 134 134 134 134 134 134 134 134 134 134 134 134 134 134 134 134 134 134 134 134 134 134 134 134 134 134 134 134 134 134 134 134 134 134 134 134 134 134 134 134 134 134 134 134 134 134 134 134 134 134 138 157 165 164 161 167 173 184 204 221 231 203 176 160 153 150 149 146 143 141 141 139 142 142 141 138 138 138 135 136 137 137 136 135 134 134 135 138 143 144
134 134 134 134 134 134 134 134 134 134 134 134 134 134 134 134 134 134 134 134 134 134 134 134 134 134 134 134 134 134 134 134 134 134 134 134 134 134 134 134 134 134 134 134 134 134 134 134 134 134 134 134 134 134 134 134 134 134 134 134 134 153 159 160 151 152 162 177 187 190 192 182 162 157 157 152 151 150 145 141 140 144 150 146 139 138 139 136 135 138 138 137 136 135 135 134 134 138 143 141
134 134 134 134 134 134 134 134 134 134 134 134 134 134 134 134 134 134 134 134 134 134 134 134 134 134 134 134 134 134 134 134 134 134 134 134 134 134 134 134 134 134 134 134 134 134 134 134 134 134 134 134 134 134 134 134 134 134 134 134 134 142 153 152 140 142 149 154 156 157 159 160 155 157 156 159 159 151 148 145 147 148 148 141 137 136 135 134 136 138 138 137 136 136 135 134 134 135 138 140
134 134 134 134 134 134 134 134 134 134 134 134 134 134 134 134 134 134 134 134 134 134 134 134 134 134 134 134 134 134 134 134 134 134 134 134 134 134 134 134 134 134 134 134 134 134 134 134 134 134 134 134 134 134 134 134 134 134 134 134 134 134 140 144 138 140 141 141 145 149 153 155 159 150 148 152 157 153 150 149 149 147 144 139 136 134 134 135 137 138 138 137 137 136 135 134 134 135 137 139
134 134 134 134 134 134 134 134 134 134 134 134 134 134 134 134 134 134 134 134 134 134 134 134 134 134 134 134 134 134 134 134 134 134 134 134 134 134 134 134 134 134 134 134 134 134 134 134 134 134 134 134 134 134 134 134 134 134 134 134 134 134 136 145 144 141 139 142 148 151 152 149 147 141 140 145 152 150 150 146 142 139 138 142 136 134 135 137 138 138 138 138 137 136 135 134 134 135 137 139
134 134 134 134 134 134 134 134 134 134 134 134 134 134 134 134 134 134 134 134 134 134 134 134 134 134 134 134 134 134 134 134 134 134 134 134 134 134 134 134 134 134 134 134 134 134 134 134 134 134 134 134 134 134 134 134 134 134 134 134 134 134 140 140 142 152 158 166 174 166 153 146 144 143 141 142 144 147 148 145 137 135 138 138 135 134 136 137 138 138 138 138 137 136 134 134 134 135 137 140
134 134 134 134 134 134 134 134 134 134 134 134 134 134 134 134 134 134 134 134 134 134 134 134 134 134 134 134 134 134 134 134 134 134 134 134 134 134 134 134 134 134 134 134 134 134 134 134 134 134 134 134 134 134 134 134 134 134 134 134 134 134 135 134 145 176 201 207 205 187 162 151 146 146 145 149 147 145 139 134 134 134 134 135 134 135 137 138 138 138 137 139 137 134 134 134 134 136 138 140
134 134 134 134 134 134 134 134 134 134 134 134 134 134 134 134 134 134 134 134 134 134 134 134 134 134 134 134 134 134 134 134 134 134 134 134 134 134 134 134 134 134 134 134 134 134 134 134 134 134 134 134 134 134 134 134 134 134 134 134 134 134 134 134 153 185 208 209 210 198 174 149 142 141 140 147 147 143 134 134 136 136 135 137 137 138 144 140 137 136 137 138 136 134 134 134 135 137 142 143
134 134 134 134 134 134 134 134 134 134 134 134 134 134 134 134 134 134 134 134 134 134 134 134 134 134 134 134 134 134 134 134 134 134 134 134 134 134 134 134 134 134 134 134 134 134 134 134 134 134 134 134 134 134 134 134 134 134 134 134 134 134 134 149 170 193 196 206 213 208 174 144 140 140 140 146 143 134 134 138 139 142 139 140 140 141 143 141 138 136 138 141 139 134 134 134 135 136 137 137
134 134 134 134 134 134 134 134 134 134 134 134 134 134 134 134 134 134 134 134 134 134 134 134 134 134 134 134 134 134 134 134 134 134 134 134 134 134 134 134 134 134 134 134 134 134 134 134 134 134 134 134 134 134 134 134 134 134 134 134 134 134 134 156 179 176 177 180 188 180 156 140 136 141 140 141 137 134 135 141 144 143 143 146 145 141 141 139 138 138 142 150 147 138 134 134 134 135 135 134
134 134 134 134 134 134 134 134 134 134 134 134 134 134 134 134 134 134 134 134 134 134 134 134 134 134 134 134 134 134 134 134 134 134 134 134 134 134 134 134 134 134 134 134 134 134 134 134 134 134 134 134 134 134 134 134 134 134 134 134 134 134 138 147 147 154 159 160 159 148 135 134 134 134 140 140 134 134 138 140 136 134 134 134 138 143 142 142 142 146 150 155 154 150 144 139 134 134 134 134
134 134 134 134 134 134 134 134 134 134 134 134 134 134 134 134 134 134 134 134 134 134 134 134 134 134 134 134 134 134 134 134 134 134 134 134 134 134 134 134 134 134 134 134 134 134 134 134 134 134 134 134 134 134 134 134 134 134 134 134 134 134 134 135 135 139 149 148 144 135 134 134 134 135 135 136 134 134 134 134 134 134 134 134 134 137 138 145 148 151 150 146 152 158 164 160 145 134 134 134
134 134 134 134 134 134 134 134 134 134 134 134 134 134 134 134 134 134 134 134 134 134 134 134 134 134 134 134 134 134 134 134 134 134 134 134 134 134 134 134 134 134 134 134 134 134 134 134 134 134 134 134 134 134 134 134 134 134 134 134 134 134 134 134 134 135 136 134 134 134 134 134 134 134 134 134 134 134 134 134 134 134 134 134 134 134 136 135 137 137 138 149 158 163 164 150 146 143 134 134
134 134 134 134 134 134 134 134 134 134 134 134 134 134 134 134 134 134 134 134 134 134 134 134 134 134 134 134 134 134 134 134 134 134 134 134 134 134 134 134 134 134 134 134 134 134 134 134 134 134 134 134 134 134 134 134 134 134 134 134 134 134 134 134 134 134 134 134 134 134 134 134 134 134 134 134 134 134 134 134 134 134 134 134 134 134 140 134 134 134 134 143 154 151 143 134 135 137 134 134
134 134 134 134 134 134 134 134 134 134 134 134 134 134 134 134 134 134 134 134 134 134 134 134 134 134 134 134 134 134 134 134 134 134 134 134 134 134 134 134 134 134 134 134 134 134 134 134 134 134 134 134 134 134 134 134 134 134 134 134 134 134 134 134 134 134 134 134 134 134 134 134 134 134 134 134 134 134 134 134 134 134 134 134 134 134 135 134 134 134 134 134 134 134 134 134 134 134 134 134
134 134 134 134 134 134 134 134 134 134 134 134 134 134 134 134 134 134 134 134 134 134 134 134 134 134 134 134 134 134 134 134 134 134 134 134 134 134 134 134 134 134 134 134 134 134 134 134 134 134 134 134 134 134 134 134 134 134 134 134 134 134 134 134 134 134 134 134 134 134 134 134 134 134 134 134 134 134 134 134 134 134 134 134 134 134 134 134 134 134 134 134 134 134 134 134 134 134 134 134
134 134 134 134 134 134 134 134 134 134 134 134 134 134 134 134 134 134 134 134 134 134 134 134 134 134 134 134 134 134 134 134 134 134 134 134 134 134 134 134 134 134 134 134 134 134 134 134 134 134 134 134 134 134 134 134 134 134 134 134 134 134 134 134 134 134 134 134 134 134 134 134 134 134 134 134 134 134 134 134 134 134 134 134 134 134 134 134 134 134 134 134 134 134 134 134 134 134 134 134
134 134 134 134 134 134 134 134 134 134 134 134 134 134 134 134 134 134 134 134 134 134 134 134 134 134 134 134 134 134 134 134 134 134 134 134 134 134 134 134 134 134 134 134 134 134 134 134 134 134 134 134 134 134 134 134 134 134 134 134 134 134 134 134 134 134 134 134 134 134 134 134 134 134 134 134 134 134 134 134 134 134 134 134 134 134 134 134 134 134 134 134 134 134 134 134 134 134 134 134
134 134 134 134 134 134 134 134 134 134 134 134 134 134 134 134 134 134 134 134 134 134 134 134 134 134 134 134 134 134 134 134 134 134 134 134 134 134 134 134 134 134 134 134 134 134 134 134 134 134 134 134 134 134 134 134 134 134 134 134 134 134 134 134 134 134 134 134 134 134 134 134 134 134 134 134 134 134 134 134 134 134 134 134 134 134 134 134 134 134 134 134 134 134 134 134 134 134 134 134
134 134 134 134 134 134 134 134 134 134 134 134 134 134 134 134 134 134 134 134 134 134 134 134 134 134 134 134 134 134 134 134 134 134 134 134 134 134 134 134 134 134 134 134 134 134 134 134 134 134 134 134 134 134 134 134 134 134 134 134 134 134 134 134 134 134 134 134 134 134 134 134 134 134 134 134 134 134 134 134 134 134 134 134 134 134 134 134 134 134 134 134 134 134 134 134 134 134 134 134
134 134 134 134 134 134 134 134 134 134 134 134 134 134 134 134 134 134 134 134 134 134 134 134 134 134 134 134 134 134 134 134 134 134 134 134 134 134 134 134 134 134 134 134 134 134 134 134 134 134 134 134 134 134 134 134 134 134 134 134 134 134 134 134 134 134 134 134 134 134 134 134 134 134 134 134 134 134 134 134 134 134 134 134 134 134 134 134 134 134 134 134 134 134 134 134 134 134 134 134
134 134 134 134 134 134 134 134 134 134 134 134 134 134 134 134 134 134 134 134 134 134 134 134 134 134 134 134 134 134 134 134 134 134 134 134 134 134 134 134 134 134 134 134 134 134 134 134 134 134 134 134 134 134 134 134 134 134 134 134 134 134 134 134 134 134 134 134 134 134 134 134 134 134 134 134 134 134 134 134 134 134 134 134 134 134 134 134 134 134 134 134 134 134 134 134 134 134 134 134
134 134 134 134 134 134 134 134 134 134 134 134 134 134 134 134 134 134 134 134 134 134 134 134 134 134 134 134 134 134 134 134 134 134 134 134 134 134 134 134 134 134 134 134 134 134 134 134 134 134 134 134 134 134 134 134 134 134 134 134 134 134 134 134 134 134 134 134 134 134 134 134 134 134 134 134 134 134 134 134 134 134 134 134 134 134 134 134 134 134 134 134 134 134 134 134 134 134 134 134
134 134 134 134 134 134 134 134 134 134 134 134 134 134 134 134 134 134 134 134 134 134 134 134 134 134 134 134 134 134 134 134 134 134 134 134 134 134 134 134 134 134 134 134 134 134 134 134 134 134 134 134 134 134 134 134 134 134 134 134 134 134 134 134 134 134 134 134 134 134 134 134 134 134 134 134 134 134 134 134 134 134 134 134 134 134 134 134 134 134 134 134 134 134 134 134 134 134 134 134
134 134 134 134 134 134 134 134 134 134 134 134 134 134 134 134 134 134 134 134 134 134 134 134 134 134 134 134 134 134 134 134 134 134 134 134 134 134 134 134 134 134 134 134 134 134 134 134 134 134 134 134 134 134 134 134 134 134 134 134 134 134 134 134 134 134 134 134 134 134 134 134 134 134 134 134 134 134 134 134 134 134 134 134 134 134 134 134 134 134 134 134 134 134 134 134 134 134 134 134
134 134 134 134 134 134 134 134 134 134 134 134 134 134 134 134 134 134 134 134 134 134 134 134 134 134 134 134 134 134 134 134 134 134 134 134 134 134 134 134 134 134 134 134 134 134 134 134 134 134 134 134 134 134 134 134 134 134 134 134 134 134 134 134 134 134 134 134 134 134 134 134 134 134 134 134 134 134 134 134 134 134 134 134 134 134 134 134 134 134 134 134 134 134 134 134 134 134 134 134
134 134 134 134 134 134 134 134 134 134 134 134 134 134 134 134 134 134 134 134 134 134 134 134 134 134 134 134 134 134 134 134 134 134 134 134 134 134 134 134 134 134 134 134 134 134 134 134 134 134 134 134 134 134 134 134 134 134 134 134 134 134 134 134 134 134 134 134 134 134 134 134 134 134 134 134 134 134 134 134 134 134 134 134 134 134 134 134 134 134 134 134 134 134 134 134 134 134 134 134
134 134 134 134 134 134 134 134 134 134 134 134 134 134 134 134 134 134 134 134 134 134 134 134 134 134 134 134 134 134 134 134 134 134 134 134 134 134 134 134 134 134 134 134 134 134 134 134 134 134 134 134 134 134 134 134 134 134 134 134 134 134 134 134 134 134 134 134 134 134 134 134 134 134 134 134 134 134 134 134 134 134 134 134 134 134 134 134 134 134 134 134 134 134 134 134 134 134 134 134
