# 100 100
201 203 202 198 196 192 183 177 173 167 165 164 161 160 157 157 154 149 150 157 155 164 174 182 187 186 187 188 187 186 187 186 184 185 185 184 180 180 185 185 184 183 182 184 184 184 184 184 184 183 183 182 182 182 182 181 180 180 180 178 176 173 172 172 176 175 175 175 177 177 178 176 169 175 179 178 178 177 174 174 173 173 169 163 149 141 146 145 136 135 134 134 135 140 142 141 139 141 141 146
199 203 203 201 199 193 189 185 172 177 173 172 172 168 161 154 152 149 150 164 159 160 173 182 188 189 189 188 187 185 184 184 184 183 182 180 180 183 186 186 184 183 183 184 183 183 183 183 184 184 183 181 181 180 180 180 178 178 180 178 174 175 179 178 177 177 177 176 174 175 177 173 165 171 178 178 178 176 173 170 167 167 164 160 150 142 138 135 134 134 134 135 138 156 155 151 146 152 144 148
197 199 200 201 198 195 192 179 181 179 183 180 173 165 157 151 150 151 155 173 165 159 172 181 188 188 189 188 187 186 186 187 187 187 184 182 182 185 187 186 185 184 184 183 182 181 181 181 182 183 182 181 179 178 178 178 179 177 175 175 174 177 180 179 179 179 178 177 173 169 171 168 161 162 173 178 177 175 172 167 158 154 150 148 144 140 137 134 134 135 136 137 146 165 169 163 155 158 151 150
197 195 198 200 198 195 187 179 189 182 187 185 174 163 154 151 153 158 167 178 169 161 171 178 183 188 188 188 187 186 187 189 189 188 184 185 186 185 188 188 187 185 184 183 182 181 181 180 180 181 181 181 179 179 182 183 184 181 177 178 180 179 179 179 179 179 178 177 175 172 166 160 156 157 167 173 175 174 173 171 169 162 151 145 141 138 135 134 135 136 138 144 155 168 172 169 169 166 167 163
196 193 196 200 198 195 186 187 189 185 188 182 171 161 154 152 156 164 177 184 174 165 167 179 185 188 189 188 187 187 189 189 189 186 186 187 189 188 188 189 189 187 185 183 183 184 183 182 181 179 180 180 181 183 184 185 186 185 183 181 179 180 180 179 178 176 175 175 174 171 164 162 156 151 154 164 169 171 170 169 168 159 149 144 140 137 134 134 136 139 143 148 159 169 171 172 172 171 171 168
196 196 194 198 196 191 184 192 189 188 188 183 170 161 155 152 155 168 182 186 180 173 166 169 177 183 189 189 188 188 189 191 190 187 190 189 190 190 190 190 189 187 185 184 183 185 185 184 182 181 183 183 184 185 185 185 186 185 183 180 178 176 177 174 173 176 174 168 163 166 160 154 156 150 150 158 168 172 170 161 158 159 157 142 139 135 134 135 137 147 146 155 166 173 175 174 174 173 171 172
198 200 198 192 190 188 195 195 193 191 190 183 168 160 155 152 154 170 183 186 185 177 174 170 174 183 187 190 190 190 191 192 191 188 189 190 191 191 191 190 189 187 186 185 184 185 185 184 183 183 185 185 185 185 184 183 185 186 183 178 175 172 165 161 163 171 171 171 165 155 154 150 148 146 144 153 161 164 162 168 155 145 146 139 136 134 134 136 145 156 155 153 162 170 173 173 173 173 172 171
201 205 204 198 191 194 197 196 195 193 189 179 167 159 153 151 154 168 179 189 187 179 184 180 172 179 188 191 192 191 193 193 192 190 189 190 191 191 191 190 188 187 186 185 186 186 186 184 183 184 185 186 185 182 182 182 184 183 182 177 172 167 160 154 156 161 162 168 165 158 150 146 141 138 138 139 143 148 150 158 152 144 138 136 134 135 136 137 154 164 171 169 170 173 173 173 172 173 172 172
203 206 205 201 198 200 199 197 195 189 180 171 161 152 153 155 157 176 185 189 188 184 187 186 179 175 183 191 193 193 193 194 192 191 190 191 191 190 190 189 188 187 186 186 188 189 188 186 185 185 186 186 183 178 178 184 183 178 178 173 165 162 157 150 147 153 155 158 157 153 152 143 138 145 149 141 137 137 140 144 145 140 137 134 135 140 143 147 164 174 175 175 174 174 174 173 173 173 173 172
202 203 204 201 200 201 199 198 193 180 170 159 155 154 154 161 167 178 186 190 190 187 188 189 184 179 178 186 190 193 194 194 192 191 190 189 189 188 188 188 188 187 187 188 189 190 189 187 187 187 187 186 183 181 175 178 179 174 167 162 152 149 151 146 146 143 144 144 142 146 147 141 142 158 156 147 142 139 136 138 138 137 136 134 139 140 140 147 161 174 175 175 174 175 175 174 174 173 172 171
196 200 199 198 198 197 197 196 191 184 175 159 154 153 160 169 176 177 181 186 192 192 190 191 189 181 181 187 191 194 195 194 193 192 191 189 186 185 187 186 188 189 189 188 188 187 187 187 187 186 186 183 180 179 177 169 170 167 159 152 146 147 150 154 156 154 151 148 146 141 140 142 155 169 163 154 153 147 143 141 140 138 135 135 140 145 155 161 168 173 173 173 173 174 174 173 173 173 172 171
189 191 194 195 195 195 195 194 194 181 169 159 154 156 163 173 185 189 189 188 192 195 194 193 189 184 187 184 192 195 195 195 195 194 193 190 186 185 183 182 186 188 189 188 186 184 186 185 183 185 180 174 171 175 176 173 166 160 157 148 151 160 160 163 165 168 160 157 154 148 150 150 154 171 172 163 161 151 147 144 141 139 137 136 148 158 166 167 171 173 172 172 174 174 174 173 172 172 172 171
184 192 191 194 196 196 196 191 190 188 174 157 155 156 161 170 181 187 191 193 193 196 196 193 188 189 191 187 189 194 196 196 196 195 192 189 188 188 186 185 181 183 187 189 187 183 185 186 181 176 172 161 158 163 163 162 164 157 150 151 162 164 169 171 175 172 168 168 158 154 166 161 157 170 175 170 161 156 151 147 142 139 138 135 148 164 164 162 166 170 169 172 173 172 173 172 172 173 171 169
182 192 194 196 196 194 188 184 190 187 168 154 156 158 160 166 179 186 190 195 197 198 195 191 191 193 193 189 189 192 196 196 195 193 191 190 191 189 187 186 182 177 181 187 184 181 186 186 182 172 163 163 168 163 160 157 153 149 148 156 167 173 171 174 177 177 176 173 159 157 171 169 165 175 177 175 170 167 158 151 146 140 139 134 139 144 147 157 163 164 166 170 172 171 171 170 171 171 170 167
181 179 194 195 192 191 185 180 186 181 162 155 155 158 161 165 171 177 186 191 197 199 196 197 195 197 195 194 194 192 194 196 194 193 193 192 190 188 186 182 181 180 175 181 181 175 183 185 179 170 164 176 178 175 171 163 152 150 158 170 175 176 175 176 176 177 177 175 169 167 172 174 175 178 180 178 176 172 164 154 148 142 139 136 136 142 151 159 169 173 170 172 172 172 171 169 169 167 166 164
181 175 190 192 187 187 180 177 182 180 162 157 155 158 164 168 174 180 181 188 195 200 199 201 199 200 198 199 199 195 196 197 195 194 193 191 189 186 184 185 185 183 177 175 174 171 171 178 177 169 168 175 171 169 166 155 151 160 170 171 178 177 178 177 175 175 177 177 176 175 175 179 179 181 182 180 176 169 157 149 147 143 139 138 134 144 156 167 170 173 172 172 172 171 171 171 168 165 170 168
186 176 173 182 182 181 176 176 180 177 169 158 156 160 170 175 180 186 190 191 198 202 200 202 203 202 201 202 201 198 199 198 198 197 194 191 188 188 188 186 184 180 184 186 185 183 175 169 168 169 172 165 156 153 152 153 158 171 178 179 179 180 178 177 174 172 176 177 178 178 178 179 180 184 183 178 179 177 173 164 152 145 140 138 134 139 147 161 166 173 173 174 172 168 169 168 166 168 171 171
192 187 176 170 172 174 173 171 175 170 164 156 158 164 176 180 183 187 193 197 200 203 203 203 204 205 204 204 203 201 201 200 199 197 194 191 189 189 188 185 183 185 186 188 187 186 183 182 180 173 163 155 158 161 161 170 172 176 180 181 180 179 175 175 170 167 174 173 174 177 177 176 174 175 176 168 168 172 173 172 160 149 141 137 136 139 141 148 158 171 174 174 173 170 172 171 169 171 171 172
192 189 184 176 168 167 169 162 160 159 159 157 157 161 167 177 182 184 189 194 200 205 206 205 205 206 206 206 205 204 203 202 200 198 197 194 192 189 186 185 185 187 188 186 185 185 186 182 171 158 155 159 165 164 171 172 175 179 181 181 179 177 171 167 164 160 168 166 169 174 174 168 160 166 164 153 151 150 152 159 159 150 143 136 136 139 142 153 165 173 174 174 172 172 173 172 171 172 172 172
183 186 183 178 175 165 160 158 159 158 158 158 164 166 162 166 177 180 186 193 200 205 207 207 206 206 206 206 205 205 204 203 201 200 198 195 192 189 188 188 186 186 186 186 182 180 182 175 161 152 164 173 171 166 172 177 178 180 180 180 178 174 171 165 157 152 161 159 165 170 169 168 153 155 151 144 143 139 139 139 137 140 137 137 137 139 145 156 167 173 174 174 172 173 174 172 173 173 173 173
167 176 180 176 172 164 157 164 169 167 165 170 178 178 171 162 168 176 183 192 199 200 200 203 204 205 205 205 204 203 203 202 200 198 197 194 192 191 190 190 188 186 182 179 179 173 166 157 153 157 174 178 171 172 176 180 179 177 175 177 173 164 163 164 160 149 155 154 161 165 159 161 155 148 145 141 138 137 139 139 139 139 138 138 138 143 152 159 165 170 174 175 172 174 174 173 174 174 173 172
171 165 171 172 168 161 159 174 175 172 171 181 185 182 174 166 178 179 180 182 188 190 192 196 200 201 203 204 202 201 202 200 197 195 195 194 193 192 190 189 187 184 181 172 170 161 155 164 168 175 181 177 174 181 182 183 180 179 172 176 172 159 153 154 152 142 142 143 151 158 156 153 157 148 142 137 139 139 139 139 139 141 141 142 143 146 160 167 175 176 175 176 173 174 175 174 174 174 172 170
181 168 165 164 162 160 159 176 180 177 181 186 186 182 172 170 182 183 188 188 191 195 195 196 197 201 203 202 200 198 199 197 194 193 191 190 190 191 189 185 183 180 176 169 158 160 162 170 180 181 180 177 176 184 187 185 182 178 169 164 159 154 149 145 143 140 141 139 145 151 150 149 149 147 140 138 140 139 139 140 142 143 144 145 146 147 149 158 170 174 175 176 176 173 175 176 175 174 174 173
175 171 176 171 163 161 159 169 178 180 183 185 185 182 176 167 175 180 181 187 192 196 198 198 200 202 202 201 198 195 195 192 189 190 191 188 187 189 191 188 181 175 170 161 163 172 176 171 177 182 180 179 181 185 188 187 181 176 168 164 156 149 145 142 142 141 145 142 141 143 144 144 145 144 139 140 141 143 147 148 148 149 147 148 149 158 154 157 160 160 168 176 177 174 175 176 175 175 175 174
175 178 179 173 164 163 158 165 181 184 184 189 189 186 178 173 185 188 188 185 186 190 193 197 199 200 201 202 201 197 193 190 188 186 189 190 188 184 189 191 183 176 168 161 171 178 181 178 175 184 184 184 187 188 188 186 181 177 175 165 156 149 144 142 142 146 144 142 142 145 143 142 142 141 138 140 141 146 151 154 156 157 153 155 152 157 166 172 174 171 174 177 178 176 176 177 177 176 176 174
181 185 183 176 168 164 158 163 177 186 189 193 193 187 176 179 185 191 195 194 191 193 195 194 195 197 200 202 202 201 198 194 190 186 183 188 188 184 183 190 183 173 163 168 179 184 185 182 177 185 188 187 189 189 187 180 177 168 166 161 154 146 141 143 150 151 148 144 143 144 142 141 142 140 140 140 142 152 158 161 166 165 162 167 161 155 166 174 176 175 178 178 178 177 176 177 177 175 175 174
190 191 188 180 178 177 160 158 169 185 193 196 195 188 179 175 185 188 195 199 199 199 200 199 199 200 200 201 202 202 200 196 191 188 184 181 185 185 179 184 180 177 167 166 180 186 187 184 179 184 188 189 190 187 182 176 167 164 156 152 147 142 142 150 160 157 153 145 144 142 142 141 141 141 141 142 145 157 166 171 175 168 176 177 173 164 167 175 178 178 179 180 180 177 177 177 176 175 173 171
194 195 190 184 189 180 163 157 163 181 190 198 196 188 180 179 187 192 195 199 202 204 204 203 203 203 202 202 201 200 198 195 191 186 183 178 182 184 177 172 168 166 163 167 187 188 187 184 183 185 188 189 188 186 182 177 173 168 155 153 150 141 143 154 162 159 152 145 143 143 142 142 146 143 143 145 147 153 165 177 179 177 179 181 174 173 176 176 179 179 180 180 179 178 177 177 177 177 175 173
198 196 191 191 186 169 159 159 164 172 184 199 199 189 181 187 184 190 194 194 197 201 204 206 206 205 202 201 198 195 196 195 192 189 186 182 175 172 171 170 176 173 167 179 188 189 186 186 188 188 188 188 184 180 174 169 164 159 160 161 152 143 141 148 162 155 150 146 144 143 146 146 145 145 146 148 151 158 167 182 186 188 188 187 182 175 180 179 180 180 180 179 180 180 179 178 179 178 175 176
199 196 194 191 178 161 162 166 173 182 187 197 194 185 189 193 191 187 188 194 199 200 204 206 207 204 200 197 195 192 190 191 190 184 179 175 172 175 184 182 182 176 169 178 189 189 187 190 191 190 190 188 185 181 179 174 171 168 169 163 152 145 142 141 148 153 154 154 154 152 151 147 146 148 149 155 159 170 174 175 183 187 186 186 183 180 180 181 181 181 180 180 181 182 181 180 180 179 177 177
198 190 189 185 178 162 164 171 183 192 194 199 195 186 188 198 198 195 194 198 200 203 205 207 207 205 202 199 195 191 190 186 183 181 177 182 184 186 186 183 182 178 170 179 189 190 190 192 191 192 192 190 188 184 180 175 174 174 174 168 153 146 144 142 142 153 158 160 159 154 149 149 151 151 151 156 163 172 179 180 180 182 185 186 184 183 182 182 183 184 182 180 181 182 182 182 181 179 179 178
196 186 174 174 167 161 159 164 180 188 197 200 197 193 189 193 201 202 200 204 206 207 207 208 209 207 204 200 197 195 195 188 189 186 179 191 190 187 180 176 174 172 175 179 184 190 192 191 189 188 187 188 187 184 181 175 169 167 168 164 156 148 146 144 143 149 154 156 155 153 152 153 155 156 157 155 157 161 168 174 180 181 184 186 185 184 183 183 184 184 183 182 182 183 183 182 182 181 181 178
180 175 166 163 161 160 160 166 187 191 194 200 200 198 192 191 198 203 205 206 209 210 210 210 209 206 203 200 198 198 196 191 193 184 183 193 190 184 177 178 178 177 184 187 187 190 191 188 187 185 181 183 186 186 184 179 171 167 162 159 157 150 146 143 144 147 153 155 156 157 156 158 162 165 166 162 163 168 173 177 180 182 184 185 184 181 180 179 182 184 185 185 184 184 184 183 183 183 182 180
164 164 162 167 167 164 164 176 188 194 197 201 201 196 192 192 197 202 205 207 209 210 210 210 209 206 202 200 199 198 196 193 191 183 186 193 189 184 178 184 183 184 187 193 192 192 190 186 183 181 179 175 175 180 182 180 175 170 165 161 155 149 146 143 144 152 160 158 160 163 161 163 166 172 173 169 162 167 173 178 181 182 183 183 181 178 176 179 180 182 185 186 187 186 185 184 184 183 182 180
166 165 166 174 175 176 178 185 185 187 193 201 204 200 196 193 195 200 203 206 208 208 206 207 209 208 205 202 199 197 195 194 184 184 192 191 187 181 181 189 190 190 191 193 194 192 190 188 188 185 182 180 173 171 170 167 166 163 160 157 152 147 145 143 145 160 169 163 163 168 169 167 170 174 174 171 165 170 173 176 178 177 178 178 176 173 173 179 182 182 184 186 187 187 186 183 181 176 175 176
171 172 170 170 174 177 179 182 190 191 193 201 206 203 198 196 198 199 202 205 207 206 204 200 200 200 201 201 199 198 197 191 185 193 194 189 183 183 186 194 197 195 192 191 191 188 185 186 189 189 188 183 175 167 164 162 160 158 154 151 148 145 143 143 150 166 175 172 166 169 173 174 173 174 174 170 168 173 179 181 177 174 174 176 174 171 172 178 182 184 185 186 186 184 183 180 176 168 163 170
175 180 177 172 177 182 184 186 194 194 197 200 208 207 202 200 202 202 202 204 206 207 205 199 194 194 191 190 189 189 187 185 189 195 192 185 185 191 192 196 199 198 194 190 188 184 181 180 186 188 189 185 180 179 175 171 165 160 154 152 147 143 142 145 151 161 177 176 171 169 174 177 178 178 178 176 173 176 181 181 177 171 172 176 177 173 170 173 179 181 182 183 181 178 177 176 171 166 157 153
179 186 181 176 181 189 190 192 199 199 200 204 209 211 208 204 205 206 205 206 206 205 202 196 198 200 196 197 193 192 194 193 196 195 188 188 188 191 194 197 199 199 197 194 192 189 184 177 178 183 185 186 180 172 168 163 162 157 150 149 146 143 144 146 155 173 177 179 175 174 176 179 180 181 181 180 178 178 180 181 178 174 169 171 172 168 167 171 175 178 182 182 183 181 176 167 163 153 149 150
185 188 182 182 184 195 197 202 201 204 200 204 209 212 212 210 209 209 208 206 205 201 197 199 205 204 200 203 200 198 200 199 196 191 190 196 193 195 196 197 198 199 198 197 195 192 187 181 173 176 177 180 177 169 159 155 154 149 148 145 144 142 145 150 159 173 179 180 177 174 174 177 179 179 181 180 179 179 180 179 177 174 168 165 166 166 168 169 176 179 181 182 183 182 177 169 157 150 160 168
192 192 183 188 189 194 202 207 207 207 203 205 206 210 215 215 213 210 207 204 201 199 201 204 208 208 204 206 206 203 199 195 192 194 197 197 195 198 199 200 197 191 196 196 195 193 189 182 175 170 166 171 168 161 153 149 148 149 151 146 144 142 144 150 157 169 179 179 180 174 169 174 177 174 178 175 174 176 178 175 169 167 164 163 165 170 172 172 174 178 181 182 182 181 173 164 156 149 162 173
195 195 188 188 198 197 198 208 213 211 207 208 209 212 216 216 213 211 207 204 202 200 207 209 211 210 209 209 207 201 195 196 199 200 199 200 201 202 202 201 196 185 181 187 189 189 186 182 181 175 166 164 162 155 148 152 157 152 147 146 145 143 144 149 175 183 181 178 178 173 166 168 169 166 168 167 167 171 174 172 166 163 164 167 171 179 181 179 176 176 180 181 181 181 175 168 163 150 157 172
197 200 197 194 195 206 202 205 214 216 213 211 213 215 216 213 209 206 204 202 200 203 207 209 210 210 210 209 206 200 198 202 201 200 201 202 200 202 200 194 193 186 175 171 172 171 170 169 175 177 170 163 157 150 147 156 167 153 148 144 142 143 144 152 173 182 179 171 164 166 165 159 157 156 157 158 160 162 164 164 162 163 168 172 179 187 187 182 177 176 180 181 182 181 177 173 163 152 163 173
197 204 204 203 196 201 209 209 216 220 217 215 217 217 213 209 208 208 207 203 201 203 204 206 207 209 210 209 204 199 201 204 202 202 202 196 184 184 186 185 181 175 167 161 160 158 158 155 157 166 166 157 151 148 148 160 173 161 149 145 142 143 144 150 171 174 166 163 155 153 157 154 157 163 168 164 160 159 160 161 163 166 169 176 184 189 187 183 179 177 180 182 182 177 171 164 154 159 169 173
190 203 209 211 206 200 204 211 216 220 220 218 219 216 212 213 214 213 210 206 205 205 206 208 209 210 210 207 201 200 205 206 205 204 202 194 181 170 168 169 169 166 160 158 160 162 164 161 155 153 154 160 160 155 155 160 161 163 154 149 143 143 144 149 167 165 156 154 151 153 153 158 164 168 175 176 168 162 165 168 169 168 172 175 182 185 185 183 181 181 180 181 181 174 166 157 153 167 176 172
190 204 211 215 215 211 210 208 215 219 222 221 220 217 214 214 217 216 211 211 211 210 210 211 211 210 207 204 200 204 205 205 204 198 194 185 172 163 162 162 161 160 160 166 175 175 171 164 165 167 171 174 168 160 158 160 163 161 155 150 146 144 144 148 154 156 150 151 158 164 165 171 170 176 179 180 174 164 167 174 175 171 175 178 183 185 186 185 184 184 182 182 181 173 161 153 164 174 178 174
197 195 204 211 217 218 218 217 214 217 221 223 221 219 215 215 218 217 215 215 215 214 213 212 210 207 204 202 202 202 197 197 204 195 183 175 166 167 179 174 171 169 168 175 179 173 170 174 179 181 178 169 165 166 162 171 172 168 160 150 147 145 144 146 148 148 151 158 166 173 178 178 174 181 183 181 172 164 167 176 177 176 176 180 185 187 188 188 188 187 185 184 178 169 157 158 171 178 179 175
206 205 200 205 214 219 221 221 220 220 223 223 220 217 216 218 220 219 217 215 215 214 213 210 207 205 204 203 199 194 190 187 198 194 180 168 165 175 187 184 181 183 179 180 175 177 182 187 185 174 169 173 175 172 180 180 170 165 165 161 153 145 146 145 148 153 160 171 174 180 181 178 178 183 184 181 174 169 165 171 176 177 179 181 185 187 188 191 191 187 185 181 176 167 156 164 169 180 181 179
202 210 210 205 209 214 219 222 224 224 225 223 220 219 221 221 222 221 218 215 213 211 210 208 207 205 200 193 187 182 179 176 178 187 176 167 180 184 193 195 192 191 187 180 183 188 191 183 176 180 174 190 184 183 187 183 171 171 169 164 156 149 147 145 149 149 157 171 175 179 180 179 182 184 184 180 174 168 167 168 170 173 176 180 186 185 186 189 189 185 178 172 168 158 163 174 175 179 183 183
200 210 215 214 212 216 219 223 225 226 226 224 222 222 223 223 223 222 220 217 216 215 213 211 206 200 188 181 183 185 185 183 175 172 172 168 183 197 198 201 197 192 185 185 189 195 189 184 188 185 180 191 196 194 191 185 180 174 169 162 159 150 145 145 148 146 153 156 169 176 177 181 184 186 185 182 176 168 173 176 175 175 178 182 186 185 182 184 185 183 176 167 160 162 172 180 181 182 186 186
190 203 210 216 218 219 223 225 226 226 226 225 225 224 223 222 222 223 221 220 219 217 215 211 203 196 187 185 196 199 198 192 182 173 173 172 181 195 201 200 194 189 188 193 197 197 188 194 193 190 188 198 195 177 161 168 165 167 161 161 155 151 148 146 148 146 150 159 173 172 175 179 183 185 183 181 177 171 177 181 181 179 182 186 188 183 181 179 181 176 171 168 162 162 176 185 186 186 187 187
196 193 196 204 214 219 223 224 224 223 224 226 226 224 222 220 221 223 221 219 216 214 212 208 205 202 191 189 203 205 199 193 180 185 187 180 176 181 194 199 195 194 195 199 201 196 194 198 197 192 192 192 190 166 164 165 180 179 169 161 156 153 149 146 148 149 152 162 168 169 174 179 184 185 184 181 175 171 178 183 184 183 185 189 188 182 177 174 176 167 162 160 162 168 174 184 186 186 185 185
210 207 204 203 203 212 217 221 222 220 222 225 226 226 223 221 219 221 219 217 213 209 206 205 201 195 190 200 207 203 197 188 184 196 196 187 187 184 186 199 200 201 202 203 201 198 197 201 197 190 190 189 185 180 193 192 186 178 172 161 154 151 147 146 147 150 153 160 163 173 180 183 185 185 184 181 176 175 177 181 182 184 188 190 188 181 177 171 169 164 168 173 170 176 182 185 187 185 184 182
214 215 215 212 206 208 214 218 220 218 221 224 225 225 222 220 217 215 213 213 213 213 208 201 197 192 197 206 204 197 192 188 191 196 201 199 198 190 186 198 204 206 206 204 201 198 200 203 202 194 194 192 195 189 186 182 176 170 160 154 150 148 147 146 147 154 155 157 163 172 181 185 185 185 184 179 178 178 175 177 180 184 188 190 188 180 175 170 167 163 172 181 178 177 182 185 187 186 185 183
219 220 219 216 213 210 212 214 217 219 221 223 223 223 223 223 220 218 217 214 209 208 211 208 200 195 206 205 200 197 198 198 201 200 205 203 201 194 188 194 203 206 207 205 202 202 203 203 202 195 193 191 195 190 180 174 169 164 156 151 148 147 145 146 147 156 163 165 171 180 181 185 187 187 186 181 180 177 179 182 182 185 188 190 189 185 181 174 170 164 173 183 185 182 183 185 186 186 185 184
220 221 221 220 216 216 217 219 220 222 222 222 222 223 224 225 224 223 221 216 211 204 203 202 197 201 207 204 205 205 206 207 206 206 205 201 197 193 190 192 199 205 205 204 203 202 200 200 200 193 185 183 190 188 184 180 176 169 153 147 146 145 145 146 152 164 169 176 178 182 185 187 189 189 187 184 182 179 184 186 187 188 188 189 188 185 179 174 167 168 168 172 175 181 182 180 182 185 186 186
219 220 221 222 221 220 220 221 221 221 221 220 223 225 226 226 225 224 221 217 213 210 205 201 205 209 207 207 209 208 208 207 207 206 205 202 197 192 196 197 201 205 205 203 202 200 196 192 194 195 189 178 181 183 183 182 170 157 147 147 145 148 149 148 158 162 167 180 184 183 186 189 190 189 187 184 181 180 185 191 191 188 186 186 187 183 176 169 170 176 174 171 171 172 173 174 179 184 187 188
215 215 218 221 223 222 222 221 220 221 220 221 224 226 227 226 223 220 219 217 214 209 204 207 212 211 209 210 211 209 207 206 205 206 206 204 200 195 196 201 204 206 205 202 198 195 195 191 184 181 176 173 170 176 178 179 164 152 147 148 147 149 150 151 155 161 173 178 184 186 188 190 190 187 186 183 182 186 189 193 190 185 181 184 185 182 173 168 175 182 183 181 178 177 179 177 175 177 184 188
211 218 221 222 222 222 222 221 220 219 221 222 224 225 225 223 221 217 215 213 210 209 210 213 213 212 211 212 212 210 208 206 204 203 205 205 202 198 197 199 203 205 205 202 198 194 189 186 181 182 184 179 170 167 169 168 158 151 149 147 150 151 151 152 154 160 175 178 181 186 189 191 189 186 184 185 187 190 192 192 189 184 178 177 177 175 173 169 173 180 184 185 184 182 185 184 179 176 183 185
213 218 220 220 220 222 222 221 220 218 220 222 223 224 223 220 219 217 215 213 215 216 215 215 214 213 212 212 212 210 208 206 204 202 202 205 205 202 201 201 203 204 205 204 202 200 196 193 191 194 191 182 176 168 161 159 155 153 150 147 150 150 153 154 155 160 171 178 185 188 191 192 190 187 188 193 194 192 191 188 186 180 177 177 176 174 172 173 173 178 181 186 188 187 186 183 178 176 178 182
203 208 213 215 219 221 221 219 218 219 222 222 221 222 223 222 221 221 220 219 220 219 217 214 212 212 211 211 210 208 207 206 206 205 201 203 206 205 204 204 203 202 202 202 201 199 196 195 196 196 190 181 174 170 163 157 155 154 150 146 148 151 154 157 158 160 166 176 184 189 191 191 190 188 192 195 194 192 189 185 181 179 182 184 181 181 178 179 176 183 183 186 190 189 185 180 181 182 180 180
208 205 205 212 218 217 217 216 215 219 223 222 219 220 222 224 224 223 220 221 222 220 217 212 209 208 207 207 207 205 203 203 204 206 203 198 203 205 205 205 203 200 197 197 199 196 191 184 187 191 191 185 174 175 170 157 153 154 151 148 149 150 157 162 162 166 178 183 186 188 189 190 189 189 191 191 191 189 189 187 182 181 186 186 184 184 181 179 179 185 188 187 190 191 186 182 186 185 184 186
213 213 210 207 211 211 212 214 217 221 223 221 218 217 220 223 223 221 216 219 220 218 216 211 208 205 203 201 203 203 200 198 201 203 201 195 201 204 204 203 202 199 194 192 196 198 195 187 174 176 181 177 167 163 157 150 149 148 149 148 149 149 164 170 174 174 185 185 184 183 185 187 187 190 192 191 189 186 187 185 181 183 188 188 189 187 184 181 186 189 190 191 192 193 189 183 187 187 185 188
210 216 215 212 213 215 217 219 221 223 223 220 218 216 217 220 221 217 211 212 212 210 207 209 209 208 205 200 199 203 200 197 197 201 199 193 200 201 201 200 197 197 196 191 195 198 195 191 182 167 165 165 160 155 152 152 149 149 146 149 150 154 169 183 182 182 185 182 178 178 180 181 184 188 191 192 190 186 184 183 182 184 189 191 191 189 186 184 186 191 193 194 194 192 189 186 187 190 189 189
211 215 217 217 218 220 221 222 222 223 222 219 217 215 214 215 218 218 213 206 202 199 196 196 202 205 203 198 195 201 201 198 195 198 198 190 196 196 198 194 195 192 196 191 189 193 193 193 188 179 168 161 157 154 153 151 150 152 151 152 154 159 165 183 186 184 181 176 173 174 176 179 184 188 192 193 190 187 186 185 186 184 186 190 192 191 190 189 187 188 193 196 195 193 190 188 187 189 192 192
214 212 214 216 218 221 222 222 222 222 222 221 220 219 218 214 212 215 213 207 201 201 204 198 192 196 201 199 191 195 195 192 192 196 197 188 191 192 196 188 188 186 191 191 183 184 186 190 185 173 166 157 152 153 152 150 152 155 157 157 161 167 171 181 188 187 183 173 171 174 178 183 186 190 193 194 191 190 188 188 190 189 188 190 193 193 194 192 191 194 192 196 198 195 193 192 190 190 193 194
217 216 218 219 221 222 223 221 220 222 223 223 222 221 220 217 213 209 209 207 202 207 210 205 200 192 189 197 194 185 185 193 194 198 199 191 182 186 192 185 183 180 190 192 188 180 177 183 179 176 167 151 149 151 151 152 154 159 163 164 169 183 187 187 189 189 185 174 170 175 179 183 186 190 193 194 193 193 191 190 192 192 190 190 192 194 196 196 194 196 197 197 200 199 197 193 192 194 195 195
217 218 221 221 221 222 222 220 219 221 222 222 222 220 218 216 215 213 209 206 205 213 213 210 204 197 191 185 187 182 180 193 199 200 200 196 187 178 179 180 174 173 184 192 190 186 177 171 169 172 168 152 153 151 154 154 157 164 172 175 182 186 187 186 188 188 180 171 169 177 180 181 184 187 190 194 195 195 193 192 193 194 195 195 195 194 195 198 199 198 200 199 200 200 198 195 197 197 196 195
213 216 219 221 219 220 220 219 218 220 221 221 221 219 217 215 213 211 210 208 212 216 214 212 209 206 201 194 186 183 177 179 199 202 199 193 188 187 180 174 169 167 170 180 183 184 182 176 171 166 165 155 153 150 154 158 162 168 180 185 188 189 187 181 184 186 177 166 165 172 178 181 185 188 190 192 193 194 194 193 194 195 197 198 198 198 198 198 201 202 202 202 202 201 198 198 199 198 197 195
214 210 214 216 216 219 219 217 216 218 219 220 221 221 220 219 216 214 215 212 215 215 212 209 207 207 205 202 197 190 180 174 193 202 200 196 196 194 188 185 182 175 167 168 172 180 185 181 172 163 164 158 152 151 156 163 168 172 183 185 192 189 181 173 176 182 172 163 171 168 166 172 183 189 190 189 187 191 189 192 193 193 194 196 198 199 200 200 201 203 204 203 202 202 199 200 200 199 198 196
214 209 209 211 214 218 218 215 215 219 218 217 220 220 220 220 217 217 217 216 216 213 209 206 203 203 203 200 194 187 177 174 192 197 199 199 196 192 188 187 186 183 177 168 164 178 181 169 169 160 157 155 150 151 158 166 175 181 187 190 190 181 173 165 164 166 162 167 185 184 178 168 173 184 188 187 184 182 181 185 183 185 188 193 195 197 200 201 202 203 204 203 203 202 201 199 199 198 198 197
214 211 207 206 212 216 216 213 217 218 217 215 217 219 219 218 217 216 216 215 214 213 210 207 201 200 200 196 190 182 178 173 182 189 192 199 196 192 187 183 182 182 177 168 161 173 168 154 159 154 153 153 150 151 161 170 181 181 181 175 175 172 164 158 159 159 167 183 189 188 186 177 169 173 177 177 175 175 175 179 183 183 184 189 192 196 198 199 199 201 203 202 202 202 201 198 196 194 193 195
211 212 210 205 207 211 211 210 216 217 215 213 215 218 217 215 215 213 214 214 211 208 206 206 202 197 195 191 187 187 185 174 172 181 193 199 197 195 190 182 179 179 175 165 159 165 162 156 154 153 152 152 151 157 164 176 181 177 168 162 161 161 159 162 164 160 168 183 189 189 188 184 176 174 174 175 181 187 183 181 191 192 186 186 189 191 193 195 197 201 203 203 201 200 200 199 197 193 189 193
209 209 211 207 202 204 207 212 216 216 214 211 213 216 215 212 213 210 211 214 212 207 201 201 201 200 196 194 195 192 185 174 171 186 196 197 192 192 190 184 177 178 177 167 158 155 154 154 153 153 155 161 158 157 158 163 169 167 159 156 158 160 164 175 174 164 164 180 190 190 187 183 182 186 187 186 190 192 187 180 192 194 193 191 190 188 189 191 196 198 200 202 202 201 198 195 194 192 188 185
207 205 207 207 202 204 210 213 214 215 214 212 209 213 213 209 210 207 208 212 211 207 203 197 194 195 195 195 195 193 184 173 170 187 195 196 192 185 182 178 175 178 175 164 157 155 155 154 153 153 161 164 160 156 153 155 155 156 154 158 167 174 181 183 177 173 166 169 187 191 188 189 188 190 194 194 194 190 184 181 190 195 197 196 195 193 192 191 193 195 198 201 202 202 201 198 195 193 193 188
208 206 202 201 201 203 207 208 210 212 213 211 207 208 209 204 204 205 202 207 207 207 206 201 195 191 186 184 183 185 183 172 170 185 185 186 187 184 178 173 173 178 171 163 157 156 154 155 156 159 169 171 164 159 160 164 161 159 158 160 174 188 190 187 183 182 175 167 179 191 191 192 194 194 196 197 194 188 184 183 189 195 196 196 196 196 196 194 194 196 198 200 202 203 201 200 199 198 195 192
212 209 206 201 197 201 201 200 203 207 211 210 207 203 202 199 196 196 196 199 203 205 205 203 199 194 194 192 187 179 174 170 167 177 178 175 177 178 179 176 170 171 166 161 157 155 155 164 164 167 178 181 172 164 167 174 174 167 173 166 166 179 194 193 187 188 182 171 177 192 194 194 197 198 198 196 191 187 190 186 187 193 193 193 195 197 197 196 195 198 199 201 202 202 201 201 200 199 196 192
211 208 204 202 201 198 195 194 193 202 210 210 209 206 204 201 198 194 191 194 200 202 201 203 202 200 198 195 189 186 181 174 168 167 173 171 169 169 174 178 172 166 165 161 156 155 155 167 172 179 185 182 174 170 171 177 185 184 189 185 181 178 195 195 191 192 189 176 174 188 192 193 197 199 199 196 191 192 195 190 186 188 188 188 190 193 197 197 197 199 200 201 200 199 198 199 200 199 198 194
209 209 208 208 209 207 204 201 194 195 206 209 208 207 206 205 202 198 194 189 192 199 196 200 202 201 200 197 194 190 186 180 172 167 166 165 165 163 165 173 174 169 161 158 155 156 154 162 175 185 185 182 178 180 180 182 189 192 193 194 192 185 192 197 195 194 191 182 170 178 185 189 196 199 199 195 189 194 197 195 192 190 191 191 191 190 193 196 198 199 199 199 197 195 195 197 197 199 198 194
213 212 211 210 210 208 204 201 197 191 205 208 206 205 205 206 204 202 198 190 186 195 193 196 199 198 198 196 191 185 181 174 171 173 173 175 177 169 162 162 167 165 158 156 156 157 156 164 181 182 182 180 180 183 186 187 189 191 193 196 196 192 194 198 198 196 192 187 180 176 190 195 196 199 198 193 192 195 197 197 195 194 194 193 191 191 193 195 197 199 198 197 195 193 192 194 197 199 198 196
213 213 213 212 209 205 202 197 190 192 204 208 206 203 203 206 206 204 198 191 183 188 187 194 197 194 195 195 191 185 176 173 177 181 184 184 181 175 167 161 160 159 158 157 157 157 161 169 176 173 173 172 175 176 180 184 185 187 193 197 198 194 195 199 198 197 195 191 182 176 189 197 199 199 196 195 198 199 199 198 197 195 193 193 193 195 195 197 198 198 197 195 193 192 191 192 196 198 198 198
209 212 212 210 209 203 198 193 188 198 205 208 205 201 201 202 204 202 195 189 183 180 186 192 195 193 190 190 187 181 176 178 183 186 187 185 181 176 172 167 162 159 157 157 160 160 163 168 168 168 172 176 182 182 182 182 183 189 195 199 199 196 197 199 198 195 190 185 182 178 188 197 200 200 196 195 198 200 200 200 199 197 195 196 197 198 198 199 200 199 197 196 194 192 190 191 195 199 199 199
205 210 208 206 207 206 201 197 189 190 202 208 206 202 199 197 200 201 195 191 186 181 179 183 191 192 187 185 183 178 177 179 184 185 183 178 175 171 164 163 161 158 158 159 160 164 164 164 166 170 179 183 186 190 190 186 184 187 193 198 200 200 199 198 195 193 190 194 191 184 180 190 199 201 198 195 196 198 201 202 202 200 198 196 198 199 200 201 201 200 199 198 196 194 191 191 196 198 198 198
202 206 204 202 205 206 203 198 189 186 201 207 207 204 200 196 199 203 200 197 193 188 180 176 189 193 190 185 181 180 181 182 183 181 175 171 166 162 158 158 158 158 164 161 160 166 170 170 174 173 180 189 193 196 194 191 190 188 191 197 199 200 200 198 195 196 194 197 196 193 188 184 196 200 199 197 197 197 200 201 202 201 200 198 198 199 201 202 201 200 199 198 196 193 189 194 197 197 195 196
197 201 200 196 199 203 200 193 185 188 198 205 206 202 198 193 193 197 199 197 192 186 178 174 185 190 190 187 183 183 183 180 178 174 168 163 159 158 160 159 158 163 168 164 162 163 171 178 179 178 177 187 193 196 196 194 194 192 189 194 197 198 199 200 198 198 196 197 196 194 188 186 198 201 200 199 199 198 198 199 201 201 201 201 201 201 201 202 201 197 197 197 195 191 189 196 197 195 193 194
191 196 194 192 199 203 203 195 183 189 200 201 203 203 201 196 189 189 196 196 195 190 182 173 173 178 185 187 185 183 177 172 168 164 162 160 158 159 164 163 160 166 172 169 166 161 165 176 184 185 181 181 186 193 194 196 197 195 190 192 195 197 198 199 200 199 198 198 197 192 188 187 197 201 202 201 201 201 201 201 201 202 202 202 202 203 202 202 201 198 195 196 196 192 188 191 194 194 191 191
189 190 190 191 197 200 203 198 187 181 196 195 198 202 201 196 190 184 188 189 187 189 188 181 173 170 175 183 181 174 167 161 160 160 159 159 160 164 167 166 161 166 177 175 169 162 163 169 178 187 190 186 185 188 192 197 198 198 196 195 195 196 197 196 197 198 199 199 198 195 191 188 194 200 202 202 202 203 203 203 202 201 201 200 201 202 202 201 200 197 193 193 194 194 190 186 190 192 191 188
185 182 183 184 189 195 199 196 188 181 194 191 198 203 203 199 193 186 181 179 176 175 180 183 178 169 173 179 175 166 162 161 162 161 160 163 166 167 167 164 164 171 180 179 173 166 163 162 166 176 188 192 192 192 192 195 196 197 196 196 194 194 195 193 196 198 200 200 199 196 192 189 194 201 203 203 203 204 204 204 204 203 201 199 198 199 200 199 197 195 192 190 189 190 190 186 185 186 186 186
192 190 184 179 182 192 198 192 185 179 187 186 195 201 203 201 198 194 191 188 182 177 171 174 172 167 176 177 169 164 162 162 165 165 168 170 169 167 166 167 167 173 180 184 179 177 172 166 162 168 178 191 195 194 194 194 195 195 192 189 190 191 191 191 195 198 199 200 200 198 196 192 191 198 201 202 203 204 204 204 204 204 203 201 198 195 196 198 198 196 194 194 192 187 186 187 183 184 189 192
196 192 188 181 182 196 199 194 184 177 180 184 189 197 201 197 195 193 192 190 184 176 170 166 166 164 168 167 164 162 161 164 170 172 171 172 170 171 173 175 174 172 180 187 188 186 179 167 163 165 174 182 184 187 191 194 193 190 186 184 186 187 187 189 193 195 197 199 200 200 199 197 193 194 197 199 202 203 203 203 203 204 203 201 198 196 192 195 196 197 196 194 191 188 183 185 181 184 192 195
196 193 185 176 179 190 196 197 191 185 178 176 182 194 193 191 185 179 178 181 175 168 165 164 164 164 163 164 162 161 163 172 174 176 176 176 172 171 179 180 179 177 183 188 192 186 176 170 169 166 165 169 171 174 183 193 189 182 182 191 192 191 191 192 193 195 196 198 201 201 200 197 194 196 197 199 201 202 202 202 201 202 201 199 197 195 191 190 190 188 187 188 187 184 181 178 178 184 189 194
187 189 182 183 177 179 192 195 193 188 180 175 187 191 185 180 179 177 170 168 165 164 167 170 171 171 167 163 163 164 170 176 178 179 179 178 172 174 181 184 183 181 188 192 193 189 181 178 179 172 167 167 166 172 185 192 186 179 186 192 193 193 194 195 196 197 197 199 200 200 199 197 195 199 199 200 201 202 201 201 200 199 200 200 200 198 196 193 190 188 187 183 181 177 177 176 181 189 192 193
186 182 182 185 177 176 185 186 185 182 176 177 184 181 176 173 170 167 165 164 166 173 178 177 176 174 165 164 171 172 172 174 176 181 182 180 176 178 183 185 187 188 189 192 194 190 186 188 186 178 179 176 167 169 179 188 183 178 186 188 190 191 193 193 196 198 198 199 199 199 199 198 197 199 200 200 200 201 201 201 200 199 197 199 201 200 198 196 193 193 193 190 185 178 173 174 185 191 194 195
193 189 185 178 173 172 173 172 172 174 171 172 171 170 169 167 167 167 169 172 178 179 175 173 170 168 164 167 177 179 179 181 177 179 181 182 176 175 182 184 188 191 192 193 194 194 193 196 192 189 188 180 169 167 174 182 180 175 182 187 190 188 189 190 194 197 199 198 198 199 199 200 198 199 199 199 199 199 199 199 199 198 197 196 199 200 199 198 196 196 196 193 185 175 173 175 184 191 194 195
195 188 179 174 173 175 176 175 172 170 169 169 170 171 173 174 175 179 180 182 179 174 171 170 169 164 165 166 175 184 186 184 182 182 183 184 180 177 176 179 185 189 190 193 196 198 198 198 196 194 189 181 170 166 168 170 173 173 186 191 190 186 184 186 191 194 196 196 197 199 200 199 199 199 200 199 198 197 197 197 196 196 197 194 195 199 200 200 199 197 195 194 187 175 172 175 188 191 194 194
186 182 175 174 179 186 189 183 179 175 176 178 181 179 181 187 188 191 189 184 179 176 177 173 167 164 167 172 178 184 190 188 189 187 186 188 187 185 179 181 186 187 189 195 197 199 199 197 194 190 185 177 172 173 174 171 168 173 186 187 187 183 183 187 188 191 193 195 197 198 200 200 200 199 200 200 199 196 195 194 194 194 196 195 192 196 199 200 199 196 192 192 188 179 172 173 185 190 192 191
178 175 178 183 188 189 194 190 190 190 189 188 187 183 186 192 194 193 188 183 180 180 178 169 165 165 171 182 187 185 190 191 191 189 188 190 188 183 180 183 191 194 193 195 198 199 197 193 189 184 179 176 184 184 185 183 175 169 174 181 180 181 188 192 195 196 196 198 199 200 201 201 200 200 201 201 199 197 195 193 192 191 191 192 191 196 198 199 199 197 192 188 185 181 175 171 177 187 189 186
174 182 192 193 195 192 195 192 194 194 193 191 190 189 187 189 191 191 188 183 182 181 176 166 164 170 179 186 192 190 192 194 193 190 190 190 186 182 187 187 189 196 197 196 199 198 193 189 185 185 188 187 190 191 191 188 181 174 169 172 178 186 188 189 190 194 196 198 199 200 201 201 201 201 201 201 201 199 198 196 196 195 193 188 190 195 196 198 198 198 196 193 188 183 178 173 172 182 184 182
176 187 193 199 198 197 198 195 196 196 193 190 190 189 187 186 189 189 185 180 178 178 171 164 164 174 188 192 192 192 194 195 195 194 193 190 185 184 191 192 192 194 198 199 200 198 194 189 189 194 195 192 188 188 187 184 176 172 177 177 175 178 179 180 185 192 194 196 195 196 198 200 200 201 202 201 200 200 199 199 197 194 193 189 187 192 195 195 197 198 197 195 190 188 183 180 173 171 176 177
184 194 198 200 201 201 200 199 199 198 195 192 189 187 184 184 187 188 185 181 177 171 166 164 169 179 188 191 191 192 194 196 197 196 195 191 186 187 192 195 196 196 199 201 201 199 196 192 191 196 197 193 187 182 179 175 177 179 184 187 184 183 186 185 182 187 189 190 192 194 197 198 200 201 201 200 199 199 199 199 196 191 188 186 190 194 193 192 195 197 196 195 194 192 189 187 181 175 171 171
189 195 198 201 202 202 201 201 201 199 196 193 192 192 188 183 182 187 186 181 176 170 166 168 176 185 193 193 189 193 195 196 196 196 194 191 188 189 195 196 198 199 199 201 200 199 198 195 195 195 196 193 188 179 177 179 185 185 189 192 191 191 190 187 184 186 187 189 193 196 198 199 200 200 200 199 197 198 199 199 197 192 186 184 189 189 187 190 195 195 192 191 191 190 189 190 188 185 182 178
