# 100 100
135 135 135 135 135 135 135 135 135 135 135 135 135 135 135 135 135 135 135 135 135 135 135 135 135 135 135 135 135 135 135 135 135 135 135 135 135 135 135 135 135 135 135 135 135 135 135 135 135 135 135 135 135 135 135 135 135 135 135 135 135 135 135 135 135 136 146 175 181 185 186 150 141 142 150 153 159 156 141 139 139 139 142 157 169 158 145 136 135 135 135 135 135 135 135 135 137 139 147 154
135 135 135 135 135 135 135 135 135 135 135 135 135 135 135 135 135 135 135 135 135 135 135 135 135 135 135 135 135 135 135 135 135 135 135 135 135 135 135 135 135 135 135 135 135 135 135 135 135 135 135 135 135 135 135 135 135 135 135 135 135 135 135 135 135 138 162 173 199 196 194 162 147 151 165 162 151 147 148 144 141 142 144 150 172 182 170 154 137 137 135 135 135 135 135 135 135 135 138 146
135 135 135 135 135 135 135 135 135 135 135 135 135 135 135 135 135 135 135 135 135 135 135 135 135 135 135 135 135 135 135 135 135 135 135 135 135 135 135 135 135 135 135 135 135 135 135 135 135 135 135 135 135 135 135 135 135 135 135 135 135 135 135 135 135 136 142 169 180 181 173 157 167 173 176 172 154 148 155 156 147 158 149 149 149 164 177 170 148 142 142 136 135 135 135 135 135 135 136 138
135 135 135 135 135 135 135 135 135 135 135 135 135 135 135 135 135 135 135 135 135 135 135 135 135 135 135 135 135 135 135 135 135 135 135 135 135 135 135 135 135 135 135 135 135 135 135 135 135 135 135 135 135 135 135 135 135 135 135 135 135 135 135 135 135 135 135 142 167 162 149 158 163 162 171 165 160 155 159 162 152 158 162 154 151 149 162 172 160 142 144 142 136 135 135 135 135 135 135 139
135 135 135 135 135 135 135 135 135 135 135 135 135 135 135 135 135 135 135 135 135 135 135 135 135 135 135 135 135 135 135 135 135 135 135 135 135 135 135 135 135 135 135 135 135 135 135 135 135 135 135 135 135 135 135 135 135 135 135 153 144 138 138 135 135 135 135 135 138 144 141 149 154 153 151 154 152 156 160 160 154 149 161 160 160 154 152 165 174 170 152 153 149 136 135 135 135 135 135 137
135 135 135 135 135 135 135 135 135 135 135 135 135 135 135 135 135 135 135 135 135 135 135 135 135 135 135 135 135 135 135 135 135 135 135 135 135 135 135 135 135 135 135 135 135 135 135 135 135 135 135 135 135 135 135 135 135 135 148 187 195 161 147 142 136 135 135 135 135 138 139 141 148 152 146 147 148 151 156 169 167 157 163 175 177 167 155 153 180 207 189 170 170 145 135 135 135 135 135 135
135 135 135 135 135 135 135 135 135 135 135 135 135 135 135 135 135 135 135 135 135 135 135 135 135 135 135 135 135 135 135 135 135 135 135 135 135 135 135 135 135 135 135 135 135 135 135 135 135 135 135 135 135 135 135 135 135 137 169 186 202 202 175 155 146 141 138 135 136 137 138 140 142 145 145 149 152 155 173 184 183 168 162 173 178 173 159 155 158 176 185 196 174 152 139 136 135 135 135 135
135 135 135 135 135 135 135 135 135 135 135 135 135 135 135 135 135 135 135 135 135 135 135 135 135 135 135 135 135 135 135 135 135 135 135 135 135 135 135 135 135 135 135 135 135 135 135 135 135 135 135 135 135 135 135 135 136 156 177 189 202 211 204 179 160 149 142 139 137 137 139 142 144 146 150 160 177 170 167 192 183 173 170 175 184 184 168 159 159 167 199 196 167 152 150 147 142 136 135 135
135 135 135 135 135 135 135 135 135 135 135 135 135 135 135 135 135 135 135 135 135 135 135 135 135 135 135 135 135 135 135 135 135 135 135 135 135 135 135 135 135 135 135 135 135 135 135 135 135 135 135 135 135 135 136 140 154 181 190 200 212 220 218 201 182 174 157 152 146 139 141 152 155 154 164 176 192 195 191 182 190 194 182 184 205 201 187 162 155 159 170 171 171 166 165 166 165 144 135 135
135 135 135 135 135 135 135 135 135 135 135 135 135 135 135 135 135 135 135 135 135 135 135 135 135 135 135 135 135 135 135 135 135 135 135 135 135 135 135 135 135 135 135 135 135 135 135 135 135 135 135 135 135 135 137 160 178 205 227 219 228 228 225 216 196 192 179 177 161 154 146 163 175 175 190 194 203 205 211 203 199 214 202 189 206 210 206 183 159 158 164 163 171 176 195 201 197 159 136 135
135 135 135 135 135 135 135 135 135 135 135 135 135 135 135 135 135 135 135 135 135 135 135 135 135 135 135 135 135 135 135 135 135 135 135 135 135 135 135 135 135 135 135 135 135 135 135 135 135 135 135 135 135 136 145 165 176 219 256 254 245 242 231 222 214 210 202 195 188 182 164 160 184 198 202 210 199 198 202 219 216 209 225 204 204 210 213 194 188 176 169 178 191 188 221 217 211 168 138 135
135 135 135 135 135 135 135 135 135 135 135 135 135 135 135 135 135 135 135 135 135 135 135 135 135 135 135 135 135 135 135 135 135 135 135 135 135 135 135 135 135 135 135 135 135 135 135 135 135 135 135 135 137 140 156 168 174 210 256 279 269 263 254 238 230 235 230 228 222 202 183 167 178 210 215 212 201 208 214 210 230 233 217 203 198 200 205 213 205 196 183 183 195 192 218 228 202 184 146 137
135 135 135 135 135 135 135 135 135 135 135 135 135 135 135 135 135 135 135 135 135 135 135 135 135 135 135 135 135 135 135 135 135 135 135 135 135 135 135 135 135 135 135 135 135 135 135 135 135 135 135 135 138 146 163 177 178 200 239 277 282 286 286 272 242 255 266 246 242 232 202 174 181 195 217 219 210 226 232 230 232 244 246 217 204 223 225 214 209 210 211 195 191 194 193 208 204 198 165 139
135 135 135 135 135 135 135 135 135 135 135 135 135 135 135 135 135 135 135 135 135 135 135 135 135 135 135 135 135 135 135 135 135 135 135 135 135 135 135 135 135 135 135 135 135 135 135 135 135 135 135 135 138 147 164 181 191 197 228 270 294 306 304 291 266 262 290 274 244 234 220 191 178 204 224 233 224 238 239 248 253 251 243 229 231 257 247 230 217 219 223 223 225 222 198 194 194 186 164 143
135 135 135 135 135 135 135 135 135 135 135 135 135 135 135 135 135 135 135 135 135 135 135 135 135 135 135 135 135 135 135 135 135 135 135 135 135 135 135 135 135 135 135 135 135 135 135 135 135 135 135 135 139 151 162 177 195 198 214 258 283 294 299 315 313 284 286 288 267 239 223 196 196 227 239 246 240 241 254 257 262 253 235 254 255 250 272 254 244 236 245 271 262 259 220 194 181 173 159 148
135 135 135 135 135 135 135 135 135 135 135 135 135 135 135 135 135 135 135 135 135 135 135 135 135 135 135 135 135 135 135 135 135 135 135 135 135 135 135 135 135 135 135 135 135 135 135 135 135 135 135 137 141 153 164 175 187 202 220 231 251 284 297 296 322 326 317 293 278 252 235 220 204 236 257 258 246 235 252 251 257 262 265 263 257 253 287 300 282 264 264 272 273 245 222 193 173 168 177 171
135 135 135 135 135 135 135 135 135 135 135 135 135 135 135 135 135 135 135 135 135 135 135 135 135 135 135 135 135 135 135 135 135 135 135 135 135 135 135 135 135 135 135 135 135 135 135 135 135 135 135 136 143 155 164 177 187 193 223 243 249 263 281 291 323 323 318 299 277 258 243 227 213 216 254 255 246 235 238 255 263 278 292 299 284 273 277 293 304 295 283 277 253 232 203 185 195 209 218 214
135 135 135 135 135 135 135 135 135 135 135 135 135 135 135 135 135 135 135 135 135 135 135 135 135 135 135 135 135 135 135 135 135 135 135 135 135 135 135 135 135 135 135 135 135 135 135 135 135 135 135 136 148 158 164 174 185 193 213 248 267 280 289 293 299 299 301 300 287 274 255 241 232 212 220 227 240 245 244 255 270 297 324 320 321 319 291 287 307 317 289 263 246 226 208 243 259 257 235 220
135 135 135 135 135 135 135 135 135 135 135 135 135 135 135 135 135 135 135 135 135 135 135 135 135 135 135 135 135 135 135 135 135 135 135 135 135 135 135 135 135 135 135 135 135 135 135 135 135 135 135 136 151 160 165 173 182 191 207 234 263 285 300 308 292 283 287 307 307 287 272 258 256 232 213 225 249 271 262 287 303 308 329 339 334 339 334 318 309 310 296 277 244 245 258 281 303 289 252 223
135 135 135 135 135 135 135 135 135 135 135 135 135 135 135 135 135 135 135 135 135 135 135 135 135 135 135 135 135 135 135 135 135 135 135 135 135 135 135 135 135 135 135 135 135 135 135 135 135 135 137 141 154 163 169 175 181 188 202 221 252 276 292 297 291 283 278 284 303 304 279 264 258 239 220 229 254 272 284 287 311 327 337 359 367 375 367 343 313 312 313 305 262 284 291 283 294 292 258 239
135 135 135 135 135 135 135 135 135 135 135 135 135 135 135 135 135 135 135 135 135 135 135 135 135 135 135 135 135 135 135 135 135 135 135 135 135 135 135 135 135 135 135 135 135 135 135 135 135 135 137 157 165 166 172 180 184 187 199 209 232 262 270 281 283 291 290 277 277 280 265 255 244 233 228 233 256 286 308 320 310 319 330 351 381 395 375 333 337 342 328 303 278 277 290 286 289 288 258 261
135 135 135 135 135 135 135 135 135 135 135 135 135 135 135 135 135 135 135 135 135 135 135 135 135 135 135 135 135 135 135 135 135 135 135 135 135 135 135 135 135 135 135 135 135 135 135 135 135 135 136 160 164 173 180 181 186 191 196 208 221 239 253 262 275 288 292 281 271 266 259 248 246 256 244 233 258 300 333 327 341 330 336 352 354 369 378 360 360 359 341 311 288 279 283 289 284 276 261 265
135 135 135 135 135 135 135 135 135 135 135 135 135 135 135 135 135 135 135 135 135 135 135 135 135 135 135 135 135 135 135 135 135 135 135 135 135 135 135 135 135 135 135 135 135 135 135 135 135 135 135 150 174 181 190 192 189 195 201 207 222 238 256 264 272 283 285 277 271 266 257 252 249 270 267 245 251 283 318 329 342 357 351 341 334 350 372 374 376 359 334 329 292 279 276 282 280 272 269 268
135 135 135 135 135 135 135 135 135 135 135 135 135 135 135 135 135 135 135 135 135 135 135 135 135 135 135 135 135 135 135 135 135 135 135 135 135 135 135 135 135 135 135 135 135 135 135 135 135 135 135 138 170 184 191 195 193 198 207 209 220 234 257 281 279 283 287 281 277 273 262 254 254 272 271 257 255 294 316 323 323 329 333 315 325 329 358 374 359 346 338 338 327 305 281 267 270 263 260 269
135 135 135 135 135 135 135 135 135 135 135 135 135 135 135 135 135 135 135 135 135 135 135 135 135 135 135 135 135 135 135 135 135 135 135 135 135 135 135 135 135 135 135 135 135 135 135 135 135 135 135 135 147 175 184 183 188 197 211 214 216 230 249 267 276 278 281 281 279 276 269 271 270 271 275 266 251 279 301 300 289 291 301 295 307 332 340 345 348 346 378 360 350 337 303 268 252 249 249 249
135 135 135 135 135 135 135 135 135 135 135 135 135 135 135 135 135 135 135 135 135 135 135 135 135 135 135 135 135 135 135 135 135 135 135 135 135 135 135 135 135 135 135 135 135 135 135 135 135 135 135 135 138 158 174 176 183 195 208 217 222 228 243 258 268 274 277 277 278 279 288 308 306 294 284 277 260 254 264 265 265 278 283 283 286 310 312 324 351 358 397 407 374 349 324 290 269 246 243 239
135 135 135 135 135 135 135 135 135 135 135 135 135 135 135 135 135 135 135 135 135 135 135 135 135 135 135 135 135 135 135 135 135 135 135 135 135 135 135 135 135 135 135 135 135 135 135 135 135 135 135 135 136 144 158 170 173 186 201 213 223 232 245 263 269 273 279 281 282 294 314 327 331 325 321 300 284 268 262 265 262 265 278 302 317 291 300 317 349 372 407 425 400 358 350 325 291 256 245 252
135 135 135 135 135 135 135 135 135 135 135 135 135 135 135 135 135 135 135 135 135 135 135 135 135 135 135 135 135 135 135 135 135 135 135 135 135 135 135 135 135 135 135 135 135 135 135 135 135 135 135 135 135 139 156 165 170 179 195 208 217 230 243 260 266 270 276 293 313 309 315 333 342 339 342 338 305 283 286 293 280 272 292 322 329 311 296 317 350 394 408 423 410 371 347 336 294 261 266 268
135 135 135 135 135 135 135 135 135 135 135 135 135 135 135 135 135 135 135 135 135 135 135 135 135 135 135 135 135 135 135 135 135 135 135 135 135 135 135 135 135 135 135 135 135 135 135 135 135 135 135 135 135 143 172 174 174 177 189 204 217 225 235 249 256 266 276 296 324 338 335 348 354 358 352 351 329 303 296 298 294 298 305 310 304 312 310 317 358 398 418 431 417 381 336 324 301 276 280 284
135 135 135 135 135 135 135 135 135 135 135 135 135 135 135 135 135 135 135 135 135 135 135 135 135 135 135 135 135 135 135 135 135 135 135 135 135 135 135 135 135 135 135 135 135 135 135 135 135 135 135 135 135 137 165 178 190 189 192 201 215 224 233 246 254 264 281 298 325 355 376 382 383 375 362 348 326 308 304 308 309 306 305 306 309 319 339 329 356 404 440 428 409 376 360 341 324 296 295 302
135 135 135 135 135 135 135 135 135 135 135 135 135 135 135 135 135 135 135 135 135 135 135 135 135 135 135 135 135 135 135 135 135 135 135 135 135 135 135 135 135 135 135 135 135 135 135 135 135 135 135 135 135 136 150 167 176 189 191 202 214 225 233 241 260 273 282 301 317 336 363 379 382 372 362 345 326 309 305 312 311 308 314 318 323 331 346 351 352 398 434 416 387 382 368 365 345 320 308 314
135 135 135 135 135 135 135 135 135 135 135 135 135 135 135 135 135 135 135 135 135 135 135 135 135 135 135 135 135 135 135 135 135 135 135 135 135 135 135 135 135 135 135 135 135 135 135 135 135 135 135 135 135 135 145 163 165 174 184 195 211 223 231 241 257 276 285 293 302 309 318 333 342 345 339 335 325 313 305 312 326 326 331 342 350 351 364 381 363 364 394 379 361 366 371 381 365 337 326 326
135 135 135 135 135 135 135 135 135 135 135 135 135 135 135 135 135 135 135 135 135 135 135 135 135 135 135 135 135 135 135 135 135 135 135 135 135 135 135 135 135 135 135 135 135 135 135 135 135 135 135 135 135 135 146 160 176 171 179 187 202 217 226 238 249 263 276 290 306 307 307 311 317 324 331 335 331 322 310 330 342 355 365 369 378 383 388 417 407 366 351 351 349 360 376 385 388 361 342 336
135 135 135 135 135 135 135 135 135 135 135 135 135 135 135 135 135 135 135 135 135 135 135 135 135 135 135 135 135 135 135 135 135 135 135 135 135 135 135 135 135 135 135 135 135 135 135 135 135 135 135 135 135 137 156 166 175 190 188 188 194 206 218 232 246 259 270 282 294 301 302 314 318 319 320 319 323 323 335 340 362 379 392 411 402 402 428 450 451 404 366 355 349 354 376 386 401 385 357 341
135 135 135 135 135 135 135 135 135 135 135 135 135 135 135 135 135 135 135 135 135 135 135 135 135 135 135 135 135 135 135 135 135 135 135 135 135 135 135 135 135 135 135 135 135 135 135 135 135 135 135 135 135 146 168 185 176 182 198 204 203 210 216 226 238 254 265 269 275 275 282 296 299 307 312 310 316 353 374 374 369 390 402 427 435 427 444 465 455 434 396 382 361 352 364 387 406 403 372 346
135 135 135 135 135 135 135 135 135 135 135 135 135 135 135 135 135 135 135 135 135 135 135 135 135 135 135 135 135 135 135 135 135 135 135 135 135 135 135 135 135 135 135 135 135 135 135 135 135 135 135 135 135 137 157 186 193 193 198 212 230 230 230 239 254 267 277 272 275 276 273 279 292 312 317 318 334 362 398 412 404 393 397 412 444 457 450 445 448 464 433 409 395 367 364 381 407 421 392 360
135 135 135 135 135 135 135 135 135 135 135 135 135 135 135 135 135 135 135 135 135 135 135 135 135 135 135 135 135 135 135 135 135 135 135 135 135 135 135 135 135 135 135 135 135 135 135 135 135 135 135 135 135 135 145 173 190 194 205 218 244 258 253 257 267 279 305 301 300 297 284 287 305 341 363 356 356 362 391 434 445 430 413 402 434 456 440 443 459 476 458 431 411 390 371 389 403 417 404 375
135 135 135 135 135 135 135 135 135 135 135 135 135 135 135 135 135 135 135 135 135 135 135 135 135 135 135 135 135 135 135 135 135 135 135 135 135 135 135 135 135 135 135 135 135 135 135 135 135 135 135 135 135 135 140 169 186 192 206 221 240 268 277 274 282 289 312 340 320 315 301 295 313 345 369 374 375 375 385 424 469 475 450 420 418 431 456 481 493 479 476 447 415 398 393 390 410 420 408 377
135 135 135 135 135 135 135 135 135 135 135 135 135 135 135 135 135 135 135 135 135 135 135 135 135 135 135 135 135 135 135 135 135 135 135 135 135 135 135 135 135 135 135 135 135 135 135 135 135 135 135 135 135 135 140 162 185 192 203 221 235 254 282 297 301 299 306 348 356 332 315 311 310 336 352 363 371 377 378 411 471 498 494 460 420 441 472 503 521 504 491 483 440 414 424 411 406 422 414 382
135 135 135 135 135 135 135 135 135 135 135 135 135 135 135 135 135 135 135 135 135 135 135 135 135 135 135 135 135 135 135 135 135 135 135 135 135 135 135 135 135 135 135 135 135 135 135 135 135 135 135 135 135 135 136 145 178 193 202 211 227 245 271 300 313 312 302 333 381 362 338 328 328 329 350 363 360 364 368 388 441 492 500 489 457 458 504 528 544 533 507 496 476 440 444 438 418 419 420 383
135 135 135 135 135 135 135 135 135 135 135 135 135 135 135 135 135 135 135 135 135 135 135 135 135 135 135 135 135 135 135 135 135 135 135 135 135 135 135 135 135 135 135 135 135 135 135 135 135 135 135 135 135 135 135 137 145 179 203 214 220 236 260 289 319 329 329 328 370 395 378 363 355 360 365 372 360 357 359 366 393 430 477 516 499 490 514 564 567 551 524 500 506 481 454 450 437 419 414 391
135 135 135 135 135 135 135 135 135 135 135 135 135 135 135 135 135 135 135 135 135 135 135 135 135 135 135 135 135 135 135 135 135 135 135 135 135 135 135 135 135 135 135 135 135 135 135 135 135 135 135 135 135 135 135 135 137 158 196 221 229 235 252 285 324 342 354 348 371 385 406 397 386 389 391 382 369 357 357 357 364 391 446 498 525 516 530 563 584 581 558 523 526 503 473 457 447 421 406 393
135 135 135 135 135 135 135 135 135 135 135 135 135 135 135 135 135 135 135 135 135 135 135 135 135 135 135 135 135 135 135 135 135 135 135 135 135 135 135 135 135 135 135 135 135 135 135 135 135 135 135 135 135 135 135 135 136 162 188 216 231 241 251 282 324 359 364 366 378 400 417 415 406 417 416 399 383 357 357 357 359 382 428 477 518 526 530 545 559 590 586 568 563 529 492 467 455 427 402 406
135 135 135 135 135 135 135 135 135 135 135 135 135 135 135 135 135 135 135 135 135 135 135 135 135 135 135 135 135 135 135 135 135 135 135 135 135 135 135 135 135 135 135 135 135 135 135 135 135 135 135 135 135 135 135 135 136 162 197 208 229 239 252 273 315 369 377 376 371 392 418 421 425 416 413 417 399 368 357 359 362 378 414 465 498 505 506 517 550 572 569 570 573 545 500 479 459 433 407 419
135 135 135 135 135 135 135 135 135 135 135 135 135 135 135 135 135 135 135 135 135 135 135 135 135 135 135 135 135 135 135 135 135 135 135 135 135 135 135 135 135 135 135 135 135 135 135 135 135 135 135 135 135 135 135 135 135 154 200 216 225 245 257 272 295 341 375 360 362 378 401 413 428 419 396 410 399 380 358 361 373 375 395 441 476 482 483 503 523 545 540 544 565 549 506 470 458 445 424 435
135 135 135 135 135 135 135 135 135 135 135 135 135 135 135 135 135 135 135 135 135 135 135 135 135 135 135 135 135 135 135 135 135 135 135 135 135 135 135 135 135 135 135 135 135 135 135 135 135 135 135 135 135 135 135 135 135 144 196 224 232 246 259 274 291 308 321 333 355 374 375 398 424 430 394 389 390 379 365 360 368 387 392 425 456 459 470 493 505 514 512 527 551 549 512 469 443 434 445 437
135 135 135 135 135 135 135 135 135 135 135 135 135 135 135 135 135 135 135 135 135 135 135 135 135 135 135 135 135 135 135 135 135 135 135 135 135 135 135 135 135 135 135 135 135 135 135 135 135 135 135 135 135 135 135 135 135 136 174 215 229 242 261 271 285 298 304 320 345 358 354 369 402 414 398 372 370 361 363 358 362 379 402 414 445 439 447 478 489 494 489 516 554 555 530 488 445 423 427 437
135 135 135 135 135 135 135 135 135 135 135 135 135 135 135 135 135 135 135 135 135 135 135 135 135 135 135 135 135 135 135 135 135 135 135 135 135 135 135 135 135 135 135 135 135 135 135 135 135 135 135 135 135 135 135 135 135 135 146 180 189 213 248 266 286 304 304 313 333 342 338 349 374 379 364 352 356 343 348 356 357 370 391 405 421 426 426 453 480 477 475 507 553 563 536 503 464 428 411 418
135 135 135 135 135 135 135 135 135 135 135 135 135 135 135 135 135 135 135 135 135 135 135 135 135 135 135 135 135 135 135 135 135 135 135 135 135 135 135 135 135 135 135 135 135 135 135 135 135 135 135 135 135 135 135 135 135 135 137 162 168 179 220 254 273 305 330 314 329 327 325 324 351 352 354 349 344 338 336 347 357 359 378 395 406 409 411 426 463 463 461 496 533 558 554 524 484 443 410 397
135 135 135 135 135 135 135 135 135 135 135 135 135 135 135 135 135 135 135 135 135 135 135 135 135 135 135 135 135 135 135 135 135 135 135 135 135 135 135 135 135 135 135 135 135 135 135 135 135 135 135 135 135 135 135 135 135 135 135 137 152 160 187 229 261 287 319 324 309 311 301 306 326 338 349 359 342 335 328 336 349 360 364 385 403 404 400 402 426 448 450 477 512 546 581 556 507 463 425 392
135 135 135 135 135 135 135 135 135 135 135 135 135 135 135 135 135 135 135 135 135 135 135 135 135 135 135 135 135 135 135 135 135 135 135 135 135 135 135 135 135 135 135 135 135 135 135 135 135 135 135 135 135 135 135 135 135 135 135 135 135 143 172 194 235 262 289 303 288 290 288 296 310 335 359 364 351 338 328 320 339 352 364 373 389 399 397 392 405 432 462 469 489 524 568 591 549 485 441 400
135 135 135 135 135 135 135 135 135 135 135 135 135 135 135 135 135 135 135 135 135 135 135 135 135 135 135 135 135 135 135 135 135 135 135 135 135 135 135 135 135 135 135 135 135 135 135 135 135 135 135 135 135 135 135 135 135 135 135 135 135 135 150 178 195 229 259 276 274 280 291 292 298 322 353 367 351 337 329 318 323 345 353 364 375 384 390 393 397 427 468 487 502 519 538 568 582 515 459 421
135 135 135 135 135 135 135 135 135 135 135 135 135 135 135 135 135 135 135 135 135 135 135 135 135 135 135 135 135 135 135 135 135 135 135 135 135 135 135 135 135 135 135 135 135 135 135 135 135 135 135 135 135 135 135 135 135 135 135 135 135 135 136 158 179 200 226 253 260 271 284 289 295 306 332 360 350 331 319 312 311 332 349 356 364 374 387 399 401 424 469 506 514 518 527 533 569 546 481 451
135 135 135 135 135 135 135 135 135 135 135 135 135 135 135 135 135 135 135 135 135 135 135 135 135 135 135 135 135 135 135 135 135 135 135 135 135 135 135 135 135 135 135 135 135 135 135 135 135 135 135 135 135 135 135 135 135 135 135 135 135 135 135 141 170 190 207 243 276 280 277 279 287 295 307 331 327 310 303 298 303 312 336 352 351 383 398 405 420 449 478 514 514 498 504 520 554 560 521 479
135 135 135 135 135 135 135 135 135 135 135 135 135 135 135 135 135 135 135 135 135 135 135 135 135 135 135 135 135 135 135 135 135 135 135 135 135 135 135 135 135 135 135 135 135 135 135 135 135 135 135 135 135 135 135 135 135 135 135 135 135 135 135 135 149 186 204 221 259 299 305 290 287 297 304 308 295 283 282 287 294 301 315 335 343 364 412 423 437 451 468 470 477 478 495 523 546 567 563 530
135 135 135 135 135 135 135 135 135 135 135 135 135 135 135 135 135 135 135 135 135 135 135 135 135 135 135 135 135 135 135 135 135 135 135 135 135 135 135 135 135 135 135 135 135 135 135 135 135 135 135 135 135 135 135 135 135 135 135 135 135 135 135 135 136 160 201 219 245 283 304 299 278 282 306 304 301 271 272 289 299 304 305 312 326 343 376 407 414 437 454 443 445 460 475 509 517 539 569 563
135 135 135 135 135 135 135 135 135 135 135 135 135 135 135 135 135 135 135 135 135 135 135 135 135 135 135 135 135 135 135 135 135 135 135 135 135 135 135 135 135 135 135 135 135 135 135 135 135 135 135 135 135 135 135 135 135 135 135 135 135 135 135 135 135 138 173 197 237 292 296 274 263 259 275 279 279 262 248 276 294 305 311 316 319 331 349 378 393 405 426 425 419 425 433 476 489 497 523 530
135 135 135 135 135 135 135 135 135 135 135 135 135 135 135 135 135 135 135 135 135 135 135 135 135 135 135 135 135 135 135 135 135 135 135 135 135 135 135 135 135 135 135 135 135 135 135 135 135 135 135 135 135 135 135 135 135 135 135 135 135 135 135 135 135 135 139 154 187 252 261 236 237 235 240 248 246 236 238 249 257 272 288 302 307 310 328 348 369 374 388 404 395 391 398 420 442 466 499 520
135 135 135 135 135 135 135 135 135 135 135 135 135 135 135 135 135 135 135 135 135 135 135 135 135 135 135 135 135 135 135 135 135 135 135 135 135 135 135 135 135 135 135 135 135 135 135 135 135 135 135 135 135 135 135 135 135 135 135 135 135 135 135 135 135 135 135 142 150 164 176 183 200 203 208 216 215 213 219 227 236 247 265 276 296 304 318 335 346 353 356 373 392 400 399 411 434 490 525 543
135 135 135 135 135 135 135 135 135 135 135 135 135 135 135 135 135 135 135 135 135 135 135 135 135 135 135 135 135 135 135 135 135 135 135 135 135 135 135 135 135 135 135 135 135 135 135 135 135 135 135 135 135 135 135 135 135 135 135 135 135 135 135 135 135 135 135 143 146 148 171 185 196 221 224 223 224 222 218 221 231 252 268 278 283 294 306 324 333 338 342 373 405 422 428 424 435 460 498 535
135 135 135 135 135 135 135 135 135 135 135 135 135 135 135 135 135 135 135 135 135 135 135 135 135 135 135 135 135 135 135 135 135 135 135 135 135 135 135 135 135 135 135 135 135 135 135 135 135 139 145 136 135 135 135 135 135 135 135 135 135 135 135 135 135 135 135 138 148 151 181 210 192 206 215 214 219 225 224 223 228 237 248 264 275 283 291 304 321 331 347 367 401 421 439 447 465 483 503 524
135 135 135 135 135 135 135 135 135 135 135 135 135 135 135 135 135 135 135 135 135 135 135 135 135 135 135 135 135 135 135 135 135 135 135 135 135 135 135 135 135 135 135 135 135 135 135 135 135 148 181 152 135 135 135 135 135 135 135 135 135 135 135 135 135 135 135 136 141 144 152 177 211 210 212 210 224 242 246 254 243 241 245 246 258 267 277 282 293 319 350 371 400 419 445 460 474 504 531 548
135 135 135 135 135 135 135 135 135 135 135 135 135 135 135 135 135 135 135 135 135 135 135 135 135 135 135 135 135 135 135 135 135 135 135 135 135 135 135 135 135 135 135 135 135 135 135 135 135 141 193 189 136 135 135 135 135 135 135 135 135 135 135 135 135 135 135 135 136 143 151 171 235 268 250 238 244 245 252 277 285 268 267 249 246 255 267 277 282 298 318 345 378 406 430 449 464 489 511 550
135 135 135 135 135 135 135 135 135 135 135 135 135 135 135 135 135 135 135 135 135 135 135 135 135 135 135 135 135 135 135 135 135 135 135 135 135 135 135 135 135 135 135 135 135 135 135 135 135 151 180 205 158 135 135 135 135 135 135 135 135 135 135 135 135 135 135 135 135 145 166 183 197 271 295 271 265 269 265 270 295 288 282 271 256 254 267 281 291 292 310 330 361 391 416 434 446 465 483 506
135 135 135 135 135 135 135 135 135 135 135 135 135 135 135 135 135 135 135 135 135 135 135 135 135 135 135 135 135 135 135 135 135 135 135 135 135 135 135 135 135 135 135 135 135 135 135 135 138 150 167 195 194 150 135 135 135 135 135 135 135 135 135 135 135 135 135 135 139 154 173 202 207 231 278 281 274 283 287 272 291 287 283 275 268 271 288 300 303 310 307 321 357 397 407 422 433 446 458 466
135 135 135 135 135 135 135 135 135 135 135 135 135 135 135 135 135 135 135 135 135 135 135 135 135 135 135 135 135 135 135 135 135 135 135 135 135 135 135 135 135 135 135 135 135 135 136 135 149 157 168 186 202 188 149 135 135 135 135 135 135 135 135 135 135 135 135 135 143 164 175 204 228 250 266 268 286 298 309 295 282 291 281 274 275 298 319 329 335 329 326 319 333 375 399 409 419 428 442 454
135 135 135 135 135 135 135 135 135 135 135 135 135 135 135 135 135 135 135 135 135 135 135 135 135 135 135 135 135 135 135 135 135 135 135 135 135 135 135 135 135 135 135 135 135 135 135 135 145 174 168 173 186 192 191 142 135 135 135 135 135 135 135 135 135 135 135 135 135 150 173 200 234 242 286 295 305 326 336 338 298 297 288 276 277 299 332 350 355 346 351 334 329 335 356 382 408 433 440 449
135 135 135 135 135 135 135 135 135 135 135 135 135 135 135 135 135 135 135 135 135 135 135 135 135 135 135 135 135 135 135 135 135 135 135 135 135 135 135 135 135 135 135 135 135 135 135 135 138 161 181 171 172 184 207 192 140 135 135 135 136 135 135 135 135 135 135 135 135 135 147 172 212 220 247 286 312 325 342 357 340 304 296 283 285 297 324 347 353 357 363 360 357 347 346 371 398 439 459 468
135 135 135 135 135 135 135 135 135 135 135 135 135 135 135 135 135 135 135 135 135 135 135 135 135 135 135 135 135 135 135 135 135 135 135 135 135 135 135 135 135 135 135 135 135 135 135 135 135 140 172 179 173 177 198 218 165 135 135 135 138 136 135 135 135 135 135 135 135 135 135 156 177 193 219 246 290 313 325 342 351 322 312 305 295 301 313 336 345 358 373 398 390 391 367 358 381 428 461 486
135 135 135 135 135 135 135 135 135 135 135 135 135 135 135 135 135 135 135 135 135 135 135 135 135 135 135 135 135 135 135 135 135 135 135 135 135 135 135 135 135 135 135 135 135 135 135 135 135 135 151 173 179 181 184 206 183 139 151 162 148 137 135 135 135 135 135 135 135 135 135 146 174 189 197 224 261 293 304 315 327 323 314 309 308 300 310 334 354 365 370 385 409 402 390 372 367 390 428 483
135 135 135 135 135 135 135 135 135 135 135 135 135 135 135 135 135 135 135 135 135 135 135 135 135 135 135 135 135 135 135 135 135 135 135 135 135 135 135 135 135 135 135 135 135 135 135 135 135 135 143 168 186 198 186 188 184 152 154 216 215 162 135 135 135 135 135 135 135 135 135 139 171 181 194 207 234 269 301 307 320 316 305 298 300 301 309 329 344 376 375 393 416 410 402 392 381 381 415 461
135 135 135 135 135 135 135 135 135 135 135 135 135 135 135 135 135 135 135 135 135 135 135 135 135 135 135 135 135 135 135 135 135 135 135 135 135 135 135 135 135 135 135 135 135 135 135 135 135 135 147 162 180 212 209 186 178 173 149 198 252 210 143 135 136 135 135 135 135 135 135 135 150 183 183 186 210 253 282 305 307 302 293 291 291 296 301 313 336 358 355 379 426 414 414 401 389 396 419 445
135 135 135 135 135 135 135 135 135 135 135 135 135 135 135 135 135 135 135 135 135 135 135 135 135 135 135 135 135 135 135 135 135 135 135 135 135 135 135 135 135 135 135 135 135 135 135 135 135 135 144 164 176 199 223 207 181 180 164 177 238 238 187 136 136 135 135 135 135 135 135 135 136 164 185 161 184 224 260 281 286 272 280 272 282 296 296 296 314 331 340 360 422 427 418 420 414 431 449 459
135 135 135 135 135 135 135 135 135 135 135 135 135 135 135 135 135 135 135 135 135 135 135 135 135 135 135 135 135 135 135 135 135 135 135 135 135 135 135 135 135 135 135 135 135 135 135 136 139 139 148 167 179 196 214 228 200 185 169 172 211 241 232 149 143 136 135 135 135 135 135 135 135 142 170 159 164 195 228 256 271 252 261 265 275 301 299 291 302 310 317 328 398 452 422 418 433 484 495 493
135 135 135 135 135 135 135 135 135 135 135 135 135 135 135 135 135 135 135 135 135 135 135 135 135 135 135 135 135 135 135 135 136 135 135 135 135 135 135 135 135 135 135 135 135 135 135 135 146 156 157 173 185 191 204 228 227 192 177 175 208 254 265 193 155 142 135 135 135 135 135 135 135 135 146 159 150 174 189 222 239 239 240 277 269 293 306 294 290 295 303 309 362 432 425 414 424 500 518 495
135 135 135 135 135 135 135 135 135 135 135 135 135 135 135 135 135 135 135 135 135 135 135 135 135 135 135 135 135 135 135 135 137 140 135 135 135 135 135 135 135 135 135 135 135 135 135 135 138 172 172 173 195 196 196 218 238 220 196 175 218 236 245 218 170 140 136 135 135 135 135 135 135 135 135 139 140 143 155 172 195 223 230 265 288 274 308 301 290 293 304 314 336 380 409 412 409 449 510 475
135 135 135 135 135 135 135 135 135 135 135 135 135 135 135 135 135 135 135 135 135 135 135 135 135 135 135 135 135 135 135 135 139 139 135 135 135 135 135 135 135 135 135 135 136 135 135 135 136 168 187 182 198 212 202 213 240 245 222 194 231 281 251 246 226 165 148 137 136 135 135 135 135 135 135 135 135 136 137 142 159 192 225 232 292 288 283 298 292 295 309 319 312 336 403 399 401 418 475 460
135 135 135 135 135 135 135 135 135 135 135 135 135 135 135 135 135 135 135 135 135 135 135 135 135 135 135 135 135 135 135 135 138 139 136 135 135 136 136 135 135 135 135 135 137 136 135 135 135 157 187 207 201 220 216 211 237 258 248 208 221 282 299 258 251 209 164 146 143 135 135 135 135 135 135 135 135 135 136 136 141 160 200 217 243 294 278 283 279 282 295 301 293 303 374 385 384 389 409 425
135 135 135 135 135 135 135 135 135 135 135 135 135 135 135 135 135 135 135 135 135 135 135 135 135 135 135 135 135 135 135 135 135 136 135 135 135 135 143 135 135 135 135 135 135 136 135 135 136 140 172 210 221 215 224 219 236 255 264 236 228 261 296 288 264 233 201 176 146 136 135 135 135 135 135 135 135 135 136 136 137 144 163 187 197 252 262 264 272 268 284 287 280 285 328 344 339 341 348 361
135 135 135 135 135 135 135 135 135 135 135 135 135 135 135 135 135 135 135 135 135 135 135 135 135 135 135 135 135 135 135 135 135 135 135 135 135 135 138 138 137 135 135 135 135 135 135 135 135 135 152 194 239 225 223 228 256 261 269 263 228 241 275 314 290 261 242 220 176 144 135 135 135 135 135 135 135 135 135 135 136 140 147 164 170 172 193 206 236 251 270 270 262 261 268 268 293 316 316 323
135 135 135 135 135 135 135 135 135 135 135 135 135 135 135 135 135 135 135 135 135 135 135 135 135 135 135 135 135 135 135 135 135 135 135 135 135 135 135 137 135 135 135 135 135 135 135 135 135 135 136 173 228 253 225 227 256 292 297 279 255 240 255 289 285 254 263 263 211 161 139 136 135 135 135 135 135 135 135 135 136 138 149 164 167 181 163 169 183 204 228 246 240 236 252 264 264 300 304 303
135 135 135 135 135 135 135 135 135 135 135 135 135 135 135 135 135 135 135 135 135 135 135 135 135 135 135 135 135 135 135 135 135 135 135 135 135 135 135 135 135 135 135 135 135 135 135 135 135 135 135 155 198 246 250 233 250 294 336 317 273 267 267 275 266 256 261 277 261 200 155 164 138 135 135 135 135 135 135 135 135 136 151 189 198 209 202 174 182 204 260 278 281 270 261 263 268 284 282 278
135 135 135 135 135 135 135 135 135 135 135 135 135 135 135 135 135 135 135 135 135 135 135 135 135 135 135 135 135 135 135 135 135 135 135 135 135 135 135 135 135 135 135 135 135 135 135 135 135 135 136 151 171 212 253 259 261 287 335 345 301 291 309 309 305 272 301 288 303 262 200 201 188 135 135 135 137 135 135 135 135 136 138 158 184 187 190 195 190 195 223 247 260 265 274 276 289 303 300 275
135 135 135 135 135 135 135 135 135 135 135 135 135 135 135 135 135 135 135 135 135 135 135 135 135 135 135 135 135 135 135 135 135 135 135 135 135 135 135 135 135 135 135 135 135 135 135 135 135 135 135 145 162 182 223 277 279 304 339 356 345 305 330 347 335 315 322 333 320 316 261 218 238 181 148 140 159 156 135 135 135 136 136 138 149 162 170 195 208 197 203 210 233 247 272 279 280 288 298 283
135 135 135 135 135 135 135 135 135 135 135 135 135 135 135 135 135 135 135 135 135 135 135 135 135 135 135 135 135 135 135 135 135 135 135 135 135 135 135 135 135 135 135 135 135 135 135 135 135 135 135 136 160 166 196 249 292 314 345 359 367 339 320 367 363 349 324 347 339 333 305 259 253 259 194 182 174 193 156 136 135 136 136 136 137 141 150 169 202 197 191 201 218 231 251 273 260 270 280 289
135 135 135 135 135 135 135 135 135 135 135 135 135 135 135 135 135 135 135 135 135 135 135 135 135 135 135 135 135 135 135 135 135 135 135 135 135 135 135 135 135 135 135 135 135 135 135 135 135 135 135 135 140 160 180 227 280 317 339 363 359 357 334 340 367 366 346 338 341 341 328 281 275 302 257 227 220 197 188 152 135 136 136 136 137 137 139 149 171 201 181 179 186 207 219 247 237 259 261 294
135 135 135 135 135 135 135 135 135 135 135 135 135 135 135 135 135 135 135 135 135 135 135 135 135 135 135 135 135 135 135 135 135 135 135 135 135 135 135 135 135 135 135 135 136 136 136 139 135 135 135 135 135 148 168 214 257 309 332 345 358 354 345 337 351 362 360 351 345 350 339 307 300 307 302 273 250 238 214 187 158 136 136 136 137 137 138 140 146 178 181 169 178 195 208 218 224 235 250 264
135 135 135 135 135 135 135 135 135 135 135 135 135 135 135 135 135 135 135 135 135 135 135 135 135 135 135 135 135 135 135 135 135 135 135 135 135 135 135 135 135 135 135 135 136 146 150 147 137 135 135 135 135 137 159 193 251 282 321 331 357 358 347 345 347 354 363 370 371 355 352 346 318 327 316 300 275 257 236 221 204 163 136 136 136 136 138 143 146 154 167 166 175 190 205 216 226 235 234 244
135 135 135 135 135 135 135 135 135 135 135 135 135 135 135 135 135 135 135 135 135 135 135 135 135 135 135 135 135 135 135 135 135 135 135 135 135 135 135 135 135 135 136 135 137 148 164 162 154 137 135 135 135 135 147 183 226 267 300 331 345 376 370 365 358 357 360 372 383 372 367 361 343 343 338 335 300 277 250 250 228 206 158 138 137 137 138 146 160 161 189 200 190 200 215 219 229 234 233 257
135 135 135 135 135 135 135 135 135 135 135 135 135 135 135 135 135 135 135 135 135 135 135 135 135 135 135 135 135 135 135 135 135 135 135 135 135 135 135 135 135 135 136 136 141 157 163 168 164 147 135 135 135 135 139 174 230 241 308 346 356 375 395 384 372 375 365 362 369 382 374 377 368 352 368 356 344 332 304 284 274 247 214 166 145 138 141 139 155 170 190 243 254 231 235 248 237 237 253 275
135 135 135 135 135 135 135 135 135 135 135 135 135 135 135 135 135 135 135 135 135 135 135 135 135 135 135 135 135 135 135 135 135 135 135 135 135 135 135 135 135 135 135 137 146 161 165 167 170 162 136 135 135 135 138 157 211 229 277 330 358 370 386 400 396 397 398 365 360 368 389 383 393 374 387 386 377 373 372 322 303 297 266 232 183 155 148 147 150 156 179 222 280 295 271 263 280 265 251 262
135 135 135 135 135 135 135 135 135 135 135 135 135 135 135 135 135 135 135 135 135 135 135 135 135 135 135 135 135 135 135 135 135 135 135 135 135 135 135 135 135 135 136 136 155 157 164 165 174 164 149 135 135 135 135 145 173 213 229 287 334 357 380 395 404 394 414 387 359 363 382 394 394 394 399 419 408 389 395 375 341 323 309 299 244 201 169 158 158 154 172 194 251 293 289 278 306 316 285 276
135 135 135 135 135 135 135 135 135 135 135 135 135 135 135 135 135 135 135 135 135 135 135 135 135 135 135 135 135 135 135 135 135 135 135 135 135 135 135 135 135 135 135 136 147 163 152 156 171 166 159 137 135 135 135 136 153 179 198 235 291 328 366 381 392 381 403 397 369 366 379 396 403 400 390 413 428 415 407 422 395 349 347 345 299 237 198 178 168 157 162 178 221 281 293 294 297 317 325 301
135 135 135 135 135 135 135 135 135 135 135 135 135 135 135 135 135 135 135 135 135 135 135 135 135 135 135 135 135 135 135 135 135 135 135 135 135 135 135 135 135 135 135 135 137 166 160 148 164 165 160 148 135 135 135 136 146 168 179 200 251 291 326 370 382 376 398 416 398 380 381 395 402 401 390 404 410 415 416 440 443 394 379 371 343 285 228 197 180 165 173 174 203 259 299 314 304 320 342 334
135 135 135 135 135 135 135 135 135 135 135 135 135 135 135 135 135 135 135 135 135 135 135 135 135 135 135 135 135 135 135 137 135 135 135 135 135 135 135 135 135 135 135 135 136 153 170 157 154 158 160 153 139 135 135 135 143 163 173 183 218 262 300 331 360 373 392 421 422 403 388 390 395 397 394 403 415 419 422 435 455 424 392 387 369 334 268 221 187 172 179 185 194 233 288 339 329 325 362 356
135 135 135 135 135 135 135 135 135 135 135 135 135 135 135 135 135 135 135 135 135 135 135 135 135 135 135 135 135 135 135 135 135 135 135 135 135 135 135 135 135 136 135 135 135 144 168 174 148 154 148 147 146 135 135 135 137 148 168 173 198 244 299 325 339 370 377 409 427 409 394 381 384 393 404 405 412 426 442 447 447 432 393 388 378 358 311 237 194 172 177 198 204 227 263 323 363 356 370 385
135 135 135 135 135 135 135 135 135 135 135 135 135 135 135 135 135 135 135 135 135 135 135 135 135 135 135 135 135 135 135 135 135 135 135 135 135 135 135 135 135 142 135 135 135 140 166 175 164 145 142 139 145 136 135 135 135 137 154 165 186 225 284 338 347 361 380 395 424 427 413 388 393 394 409 414 424 437 445 465 470 432 402 378 359 337 301 243 197 177 172 183 207 218 246 307 354 359 361 374
140 135 135 135 135 135 135 135 135 135 135 135 135 135 135 135 135 135 135 135 135 135 135 135 135 135 135 135 135 135 135 135 135 135 135 135 135 135 135 135 135 141 142 135 135 136 149 169 174 151 139 137 138 136 135 135 135 135 139 154 169 202 264 316 349 346 379 394 407 430 426 420 405 411 413 422 425 439 443 463 490 474 432 397 361 327 304 263 226 190 172 177 191 212 234 279 325 358 353 362
158 135 135 135 135 135 135 135 135 135 135 135 135 135 135 135 135 135 135 135 135 135 135 135 135 135 135 135 135 135 135 135 135 135 135 135 135 135 135 135 135 135 139 136 135 135 137 151 149 146 139 137 136 137 135 135 135 135 135 137 149 180 224 273 299 323 361 388 388 418 430 442 418 412 426 429 423 428 445 453 471 483 454 414 384 379 375 342 275 228 184 178 194 212 235 274 321 385 383 372
197 148 135 135 135 135 135 135 135 135 135 135 135 135 135 135 135 135 135 135 135 135 135 135 135 135 135 135 135 135 135 135 135 135 135 135 135 135 135 135 135 135 135 138 135 135 135 136 137 138 150 143 135 136 137 135 135 135 135 135 137 155 191 227 251 290 343 370 380 404 432 431 436 418 433 446 426 426 446 451 461 481 467 424 406 402 411 404 340 276 221 181 200 214 241 276 309 361 378 378
