# 100 100
135 135 135 135 135 135 135 135 135 135 135 135 135 135 135 135 135 135 135 135 135 135 135 135 135 135 135 135 135 135 135 135 135 135 135 135 137 153 165 147 153 197 187 145 153 212 243 300 297 275 258 236 182 135 135 135 135 135 135 135 135 135 135 135 135 135 135 135 135 135 135 135 135 135 135 135 135 135 135 135 143 151 159 174 144 135 135 135 135 135 135 135 135 135 136 136 135 135 138 153
135 135 135 135 135 135 135 135 135 135 135 135 135 135 135 135 135 135 135 135 135 135 135 135 135 135 135 135 135 135 135 135 135 135 135 135 135 136 135 138 187 190 167 137 145 168 196 261 294 286 275 244 168 135 135 135 135 135 135 135 135 135 135 135 135 135 135 135 135 135 135 135 135 135 135 135 135 135 135 135 135 150 158 161 152 143 136 135 135 135 135 135 135 135 135 142 135 135 135 141
135 135 135 135 135 135 135 135 135 135 135 135 135 135 135 135 135 135 135 135 135 135 135 135 135 135 135 135 135 135 135 135 135 135 135 135 135 135 135 138 159 169 145 135 135 150 222 270 301 281 262 222 145 135 135 135 135 135 135 135 135 135 135 135 135 135 135 135 135 135 135 135 135 139 135 135 135 135 135 135 135 136 142 162 174 178 152 137 135 135 135 135 135 135 135 135 135 136 135 135
135 135 135 135 135 135 135 135 135 135 135 135 135 135 135 135 135 135 135 135 135 135 135 135 135 135 135 135 135 135 135 135 135 135 135 135 135 135 135 135 135 135 135 135 144 202 277 305 301 264 235 189 136 135 135 135 135 135 135 135 135 135 135 135 135 135 135 135 135 135 135 135 135 135 138 136 135 135 135 135 135 135 135 145 177 183 167 150 137 135 135 135 135 135 135 135 138 154 144 135
135 135 135 135 135 135 135 135 135 135 135 135 135 135 135 135 135 135 135 135 135 135 135 135 135 135 135 135 135 135 135 135 135 135 135 135 135 136 135 135 135 135 135 135 150 209 258 280 294 278 214 137 135 135 135 135 135 135 135 135 135 135 135 135 135 135 135 135 135 135 135 135 135 135 137 138 135 135 135 135 135 136 141 135 144 178 172 162 140 135 135 135 135 135 135 135 135 152 159 143
135 135 135 135 135 135 135 135 135 135 135 135 135 135 135 135 135 135 135 135 135 135 135 135 135 135 135 135 135 135 135 135 135 135 135 135 135 138 135 135 135 135 136 135 144 159 190 212 242 225 153 135 135 135 135 135 135 135 135 135 135 135 135 135 135 135 135 135 135 135 135 135 135 135 135 141 135 135 135 135 135 136 150 142 135 152 176 169 153 137 135 135 135 135 135 135 135 137 168 161
135 135 135 135 135 135 135 135 135 135 135 135 135 135 135 135 135 135 135 135 135 135 135 135 135 135 135 135 135 135 135 135 135 135 135 135 135 135 135 135 135 135 135 135 136 139 141 152 167 147 135 135 135 135 135 135 135 135 135 135 135 135 135 135 135 135 135 135 135 135 135 135 135 135 135 137 136 135 135 135 135 135 143 155 135 137 158 165 162 138 135 135 135 135 135 135 135 135 137 159
135 135 135 135 135 135 135 135 135 135 135 135 135 135 135 135 135 135 135 135 135 135 135 135 135 135 135 135 135 135 135 135 135 135 135 135 135 135 135 135 135 135 135 135 135 135 135 135 135 135 135 135 135 135 135 135 135 135 135 135 135 135 135 135 135 135 135 135 135 135 135 135 135 135 135 135 135 135 135 135 135 135 137 154 141 137 140 148 153 139 135 135 135 135 135 135 135 135 135 140
135 135 135 135 135 135 135 135 135 135 135 135 135 135 135 135 135 135 135 135 135 135 135 135 135 135 135 135 135 135 135 135 135 135 135 135 135 135 135 135 135 135 135 135 135 135 135 135 135 135 135 135 135 135 135 135 135 135 135 135 135 135 135 135 135 135 135 135 135 135 135 135 135 135 135 135 135 135 135 135 135 135 137 147 161 145 155 159 145 136 135 135 135 136 135 137 135 135 135 135
135 135 135 135 135 135 135 135 135 135 135 135 135 135 135 135 135 135 135 135 135 135 135 135 135 135 135 135 135 135 135 135 135 135 135 135 135 135 135 135 135 135 135 135 135 135 135 135 135 135 135 135 135 135 135 135 135 135 135 135 135 135 135 135 135 135 135 135 135 135 135 135 135 135 135 135 135 135 135 135 135 136 135 143 169 146 164 172 170 147 141 136 135 137 135 151 135 135 135 135
135 135 135 135 135 135 135 135 135 135 135 135 135 135 135 135 135 135 135 135 135 135 135 135 135 135 135 135 135 135 135 135 135 135 135 135 135 135 135 135 135 135 135 135 135 135 135 135 135 135 135 135 135 135 135 135 135 135 135 135 135 135 135 135 135 135 135 135 135 135 135 135 135 135 135 135 135 135 135 135 135 140 135 137 149 147 166 186 199 171 170 154 136 135 135 145 143 135 135 135
135 135 135 135 135 135 135 135 135 135 135 135 135 135 135 135 135 135 135 135 135 135 135 135 135 135 135 135 135 135 135 135 135 135 135 135 135 135 135 135 135 135 135 135 135 135 135 135 135 135 135 135 135 135 135 135 135 135 135 135 135 135 135 135 135 135 135 135 135 135 135 135 135 135 135 135 135 135 135 135 135 135 136 138 145 140 167 185 203 190 190 179 154 136 135 138 153 141 135 135
135 135 135 135 135 135 135 135 135 135 135 135 135 135 135 135 135 135 135 135 135 135 135 135 135 135 135 135 135 135 135 135 135 135 135 135 135 135 135 135 135 135 138 135 137 138 136 135 136 135 135 137 135 135 135 135 135 135 135 135 135 135 135 135 135 135 135 135 135 135 135 135 135 135 135 135 135 135 135 135 135 135 136 144 173 141 158 177 193 211 217 200 174 149 136 135 135 135 135 135
135 135 135 135 135 135 135 135 135 135 135 135 135 135 135 135 135 135 135 135 135 135 135 135 135 135 135 135 135 135 135 135 135 135 135 135 135 135 136 147 167 172 191 151 221 220 199 163 173 173 186 204 167 139 135 135 135 135 135 135 135 135 135 135 135 135 135 135 135 135 135 135 135 135 135 135 135 135 135 135 135 135 135 137 174 152 157 171 193 212 216 202 183 170 146 144 136 135 135 145
135 135 135 135 135 135 135 135 135 135 135 135 135 135 135 135 135 135 135 135 135 135 135 135 135 135 135 135 135 135 135 135 135 135 135 135 135 145 203 243 256 265 274 235 293 302 291 254 276 283 283 268 228 169 137 135 135 135 135 135 135 135 135 135 135 135 135 135 135 135 135 135 135 135 135 135 135 135 135 135 135 135 135 135 142 160 148 163 174 212 199 196 182 177 158 150 143 137 135 143
135 135 135 135 135 135 135 135 135 135 135 135 135 135 135 135 135 135 135 135 135 135 135 135 135 135 135 135 135 135 135 135 135 135 135 135 135 180 263 300 330 351 347 305 361 358 345 344 346 337 330 313 274 226 183 135 135 135 135 135 135 135 135 135 135 135 135 135 135 135 135 135 135 135 135 135 135 135 135 135 135 135 135 135 135 138 139 142 173 183 192 177 182 179 168 155 160 146 137 136
135 135 135 135 135 135 135 135 135 135 135 135 135 135 135 135 135 135 135 135 135 135 135 135 135 135 135 135 135 135 135 135 135 135 135 135 135 179 260 316 360 381 398 364 410 412 382 397 395 379 361 350 309 255 221 158 135 135 144 136 137 135 135 135 135 135 135 135 135 135 135 135 135 135 135 135 135 135 135 135 135 135 135 135 135 135 135 136 148 195 205 180 179 180 167 161 154 152 147 136
135 135 135 135 135 135 135 135 135 135 135 135 135 135 135 135 135 135 135 135 135 135 135 135 135 135 135 135 135 135 135 135 135 135 135 135 136 177 233 289 326 369 398 389 442 442 441 439 430 395 383 377 333 270 240 203 149 138 184 180 158 135 135 135 135 135 135 135 135 135 135 135 135 135 135 135 135 135 135 135 135 135 135 135 135 135 135 141 142 185 215 190 175 180 172 164 158 160 152 137
135 135 135 135 135 135 135 135 135 135 135 135 135 135 135 135 135 135 135 135 135 135 135 135 135 135 135 135 135 135 135 135 135 135 135 135 143 196 248 285 316 346 378 382 435 462 501 492 460 396 387 385 342 281 254 225 174 183 231 207 164 136 135 135 135 135 135 135 135 135 135 135 135 135 135 135 135 135 135 135 135 135 135 135 135 135 136 157 143 154 178 195 193 178 175 160 152 154 148 141
135 135 135 135 135 135 135 135 135 135 135 135 135 135 135 135 135 135 135 135 135 135 135 135 135 135 135 135 135 135 135 135 135 135 135 135 144 206 235 266 298 338 350 381 454 496 520 534 499 416 385 371 339 290 264 251 199 208 232 205 163 135 135 135 135 135 135 135 135 135 135 135 135 135 135 135 135 135 135 135 135 135 135 135 135 135 135 153 152 162 195 216 214 202 195 187 167 159 158 154
135 135 135 135 135 135 135 135 135 135 135 135 135 135 135 135 135 135 135 135 135 135 135 135 135 135 135 135 135 135 135 135 135 135 135 135 135 167 210 224 255 274 317 418 501 527 530 536 510 448 399 364 334 299 286 280 219 215 217 190 157 135 135 135 135 135 135 135 135 135 135 135 135 135 135 135 135 135 135 135 135 135 135 135 135 135 135 142 157 156 202 211 223 213 212 210 201 184 170 162
135 135 135 135 135 135 135 135 135 135 135 135 135 135 135 135 135 135 135 135 135 135 135 135 135 135 135 135 135 135 135 135 135 135 135 135 135 145 180 183 208 237 295 421 541 555 548 521 509 460 423 382 329 301 292 287 246 232 206 172 145 135 135 135 135 135 135 135 135 135 135 135 135 135 135 135 135 135 135 135 135 135 135 135 135 135 135 135 152 145 192 207 218 219 218 216 210 213 196 172
135 135 135 135 135 135 135 135 135 135 135 135 135 135 135 135 135 135 135 135 135 135 135 135 135 135 135 135 135 135 135 135 135 135 135 135 135 136 148 147 152 198 264 375 506 573 562 538 509 477 435 405 345 307 295 305 269 245 211 170 136 135 135 135 135 135 135 135 135 135 135 135 135 135 135 135 135 135 135 135 135 135 135 135 135 135 135 135 137 138 164 198 204 229 216 217 219 221 210 183
135 135 135 135 135 135 135 135 135 135 135 135 135 135 135 135 135 135 135 135 135 135 135 135 135 135 135 135 135 135 135 135 135 135 135 135 135 135 135 137 135 153 221 314 410 521 555 541 511 481 442 421 372 336 306 298 267 222 193 156 135 135 135 135 135 135 135 135 135 135 135 135 135 135 135 135 135 135 135 135 135 135 135 135 135 135 135 135 135 135 136 159 184 197 220 215 219 228 220 197
135 135 135 135 135 135 135 135 135 135 135 135 135 135 135 135 135 135 135 135 135 135 135 135 135 135 135 135 135 135 135 135 135 135 135 135 135 135 135 135 135 136 181 280 346 428 522 543 515 476 441 420 403 353 325 298 264 213 167 138 135 135 135 135 135 135 135 135 135 135 135 135 135 135 135 135 135 135 135 135 135 135 135 135 135 135 135 135 135 135 135 156 182 186 231 225 245 238 228 205
135 135 135 135 135 135 135 135 135 135 135 135 135 135 135 135 135 135 135 135 135 135 135 135 135 135 135 135 135 135 135 135 135 135 135 135 135 135 135 135 135 135 159 255 277 348 450 510 498 464 428 413 398 338 310 280 250 209 158 135 135 135 135 135 135 135 135 135 135 135 135 135 135 135 135 135 135 135 135 135 135 135 135 135 135 135 135 135 135 135 135 155 192 181 198 245 253 264 257 236
135 135 135 135 135 135 135 135 135 135 135 135 135 135 135 135 135 135 135 135 135 135 135 135 135 135 135 135 135 135 135 135 135 135 135 135 135 135 135 135 135 135 147 230 267 317 372 445 464 433 417 397 358 305 288 262 230 203 155 135 135 135 135 135 135 135 135 135 135 135 135 136 137 135 135 135 135 135 135 135 135 135 135 135 135 135 135 135 135 135 135 135 155 170 175 242 257 271 271 254
135 135 135 135 135 135 135 135 135 135 135 135 135 135 135 135 135 135 135 135 135 135 135 135 135 135 135 135 135 135 135 135 135 135 135 135 135 135 135 135 135 135 136 192 259 297 329 388 430 385 364 372 336 274 262 253 227 189 154 135 135 135 135 135 135 135 135 135 135 135 135 138 137 137 135 135 135 135 135 135 135 135 135 135 135 135 135 135 135 135 135 135 136 148 160 205 246 271 272 269
135 135 135 135 135 135 135 135 135 135 135 135 135 135 135 135 135 135 135 135 135 135 135 135 135 135 135 135 135 135 135 135 135 135 135 135 135 135 135 135 135 135 135 166 238 282 302 337 374 352 322 308 286 254 267 262 235 199 165 138 135 135 135 135 135 135 135 135 135 135 136 141 137 139 135 135 135 135 135 135 135 135 135 135 135 135 135 135 135 135 135 135 135 156 167 176 226 259 278 288
135 135 135 135 135 135 135 135 135 135 135 135 135 135 135 135 135 135 135 135 135 135 135 135 135 135 135 135 135 135 135 135 135 135 135 135 135 135 135 135 135 135 135 139 175 226 257 292 336 310 287 247 251 247 268 263 246 208 180 153 135 135 135 135 135 135 135 135 135 135 143 160 147 139 136 135 135 135 135 135 135 135 135 135 135 135 135 135 135 135 135 135 135 169 176 173 209 250 275 268
135 135 135 135 135 135 135 135 135 135 135 135 135 135 135 135 135 135 135 135 135 135 135 135 135 135 135 135 135 135 135 135 135 135 135 135 135 135 135 135 135 135 135 135 135 136 162 199 239 216 211 216 233 217 243 247 231 187 161 142 135 135 135 135 135 135 135 135 135 138 162 178 164 151 139 135 135 135 135 135 135 135 135 135 135 135 135 135 135 135 135 135 135 146 167 179 192 241 265 255
135 135 135 135 135 135 135 135 135 135 135 135 135 135 135 135 135 135 135 135 135 135 135 135 135 135 135 135 135 135 135 135 135 135 135 135 135 135 135 135 135 135 135 135 135 135 135 135 137 138 167 170 201 190 222 215 196 159 136 135 135 135 135 135 135 135 135 135 136 159 173 194 181 163 143 135 135 135 135 135 140 138 135 135 135 135 135 135 135 135 135 135 135 135 143 157 176 209 239 236
135 135 135 135 135 135 135 135 135 135 135 135 135 135 135 135 135 135 135 135 135 135 135 135 135 135 135 135 135 135 135 135 135 135 135 135 135 135 135 135 135 135 135 135 135 135 135 135 135 135 135 136 162 156 173 202 211 163 135 135 135 135 135 135 135 135 135 135 139 166 170 193 184 162 145 135 135 135 135 135 140 144 137 135 135 135 135 135 135 135 135 135 135 135 135 141 161 179 218 237
135 135 135 135 135 135 135 135 135 135 135 135 135 135 135 135 135 135 135 135 135 135 135 135 135 135 135 135 135 135 135 135 135 135 135 135 135 135 135 135 135 135 135 135 135 135 135 135 135 135 135 135 135 135 136 155 195 148 135 135 135 135 135 135 135 135 135 135 143 172 168 177 174 153 145 135 135 135 135 135 142 146 142 138 135 135 135 135 135 135 135 135 135 135 135 137 159 173 233 250
135 135 135 135 135 135 135 135 135 135 135 135 135 135 135 135 135 135 135 135 135 135 135 135 135 135 135 135 135 135 135 135 135 135 135 135 135 135 135 135 135 135 135 135 135 135 135 135 135 135 135 135 135 135 135 137 151 135 135 135 135 135 135 135 135 135 135 135 138 157 167 169 161 144 138 135 135 135 135 135 151 150 143 143 140 136 135 135 135 135 135 135 135 135 135 135 140 149 188 243
135 135 135 135 135 135 135 135 135 135 135 135 135 135 135 135 135 135 135 135 135 135 135 135 135 135 135 135 135 135 135 135 135 135 135 135 135 135 135 135 135 135 135 135 135 135 135 135 135 135 135 135 135 135 135 135 135 135 135 135 135 135 135 135 135 135 135 135 136 146 164 168 156 140 136 135 135 135 135 135 144 145 145 147 146 148 142 135 135 135 135 135 135 135 135 135 135 147 176 208
135 135 135 135 135 135 135 135 135 135 135 135 135 135 135 135 135 135 135 135 135 135 135 135 135 135 135 135 135 135 135 135 135 135 135 135 135 135 135 135 135 135 135 135 135 135 135 135 135 135 135 135 135 146 142 142 162 140 135 135 135 135 135 135 135 135 135 135 139 150 161 162 146 137 137 135 135 135 135 135 141 158 169 165 163 160 154 138 135 135 135 135 144 148 135 135 135 148 168 168
135 135 135 135 135 135 135 135 135 135 135 135 135 135 135 135 135 135 135 135 135 135 135 135 135 135 135 135 135 135 135 135 135 135 135 135 135 135 135 135 135 135 135 135 135 135 135 135 135 135 135 135 135 143 167 172 170 136 135 135 135 135 135 135 135 135 135 135 138 148 165 174 152 138 136 135 135 135 135 143 146 159 174 177 185 169 164 141 135 135 135 135 137 151 135 135 136 141 153 157
135 135 135 135 135 135 135 135 135 135 135 135 135 135 135 135 135 135 135 135 135 135 135 135 135 135 135 135 135 135 135 135 135 135 135 135 135 135 135 135 135 135 135 135 135 136 139 135 135 135 135 135 135 142 164 154 141 135 135 135 135 135 135 135 135 135 135 135 137 147 171 180 166 141 135 135 135 135 142 169 158 162 165 162 186 178 145 137 135 135 135 135 135 135 136 137 135 137 146 158
135 135 135 135 135 135 135 135 135 135 135 135 135 135 135 135 135 135 135 135 135 135 135 135 135 135 135 135 135 135 135 135 135 135 135 135 135 135 135 135 135 135 135 135 135 135 148 135 135 135 135 135 135 162 161 139 135 135 135 135 135 135 135 135 135 135 135 136 142 152 162 172 171 153 135 135 135 135 139 170 171 166 178 174 164 161 140 135 135 135 135 135 135 135 135 136 138 135 135 138
135 135 135 135 135 135 135 135 135 135 135 135 135 135 135 135 135 135 135 135 135 135 135 135 135 135 135 135 135 135 135 135 135 135 135 135 135 135 135 135 135 135 135 135 135 135 137 135 136 160 155 136 135 175 155 135 135 135 135 135 135 135 135 135 135 135 137 148 162 152 159 165 169 165 142 135 135 135 136 160 174 176 190 191 181 156 138 135 135 135 135 135 135 135 135 135 135 135 137 135
135 135 135 135 135 135 135 135 135 135 135 135 135 135 135 135 135 135 135 135 135 135 135 135 135 135 135 135 135 135 135 135 135 135 135 135 135 135 135 135 135 135 135 135 135 135 135 135 142 190 179 140 136 180 163 137 135 135 135 135 135 135 135 135 135 135 141 151 150 146 162 165 165 167 149 135 135 135 135 160 182 189 206 202 192 179 148 135 135 135 135 135 135 135 135 135 135 135 135 135
135 135 135 135 135 135 135 135 135 135 135 135 135 135 135 135 135 135 135 135 135 135 135 135 135 135 135 135 135 135 135 135 135 135 135 135 135 135 135 135 135 135 135 135 135 135 135 135 135 175 183 143 151 207 182 139 135 135 135 135 135 135 135 135 135 135 137 145 143 141 144 156 162 161 144 135 135 135 135 161 187 198 215 201 197 194 160 136 135 135 135 135 135 135 135 135 135 135 135 135
135 135 135 135 135 135 135 135 135 135 135 135 135 135 135 135 135 135 135 135 135 135 135 135 135 135 135 135 135 135 135 135 135 135 135 135 135 135 135 135 135 135 135 135 135 135 135 135 135 148 181 164 193 198 167 140 135 135 135 135 135 135 135 135 135 135 136 141 141 142 141 143 152 151 139 135 135 135 135 149 192 190 209 202 196 189 171 135 135 135 135 135 135 135 135 135 135 135 135 135
135 135 135 135 135 135 135 135 135 135 135 135 135 135 135 135 135 135 135 135 135 135 135 135 135 135 135 135 135 135 135 135 135 135 135 135 135 135 135 135 135 135 135 135 135 135 135 135 135 138 149 158 186 178 169 148 135 135 135 135 135 135 135 135 136 147 145 145 143 150 145 144 148 143 135 135 135 135 135 135 180 178 189 188 196 173 152 135 135 135 135 135 136 135 135 135 135 135 135 135
135 135 135 135 135 135 135 135 135 135 135 135 135 135 135 135 135 135 135 135 135 135 135 135 135 135 135 135 135 135 135 135 135 135 135 135 135 135 135 135 135 135 135 135 135 135 135 135 135 136 136 137 147 158 157 165 138 135 135 135 135 135 135 135 139 168 169 156 144 147 150 149 154 150 141 135 135 135 135 135 161 164 158 167 173 156 142 135 135 135 135 135 137 135 135 135 135 135 135 135
135 135 135 135 135 135 135 135 135 135 135 135 135 135 135 135 135 140 137 135 135 136 135 135 135 135 135 135 135 135 135 135 135 135 135 135 135 135 135 135 135 135 135 135 135 135 135 135 135 135 135 135 136 139 140 139 136 135 135 135 135 135 135 135 136 166 174 162 142 145 149 153 164 161 147 137 135 135 135 135 141 152 144 155 163 161 140 135 135 135 135 135 135 135 135 135 135 135 135 135
135 135 135 135 135 135 135 135 135 135 135 135 135 135 135 135 135 136 167 143 135 137 135 135 135 135 135 135 135 135 135 135 135 135 135 135 135 135 135 135 135 135 135 135 135 135 135 135 135 135 135 135 135 139 138 140 135 135 135 135 135 135 135 135 135 148 172 155 143 142 151 161 174 169 153 144 136 135 135 135 135 139 142 150 153 152 137 135 135 135 135 135 135 135 135 135 135 135 135 135
135 135 135 135 135 135 135 135 135 135 135 135 135 135 135 135 135 135 157 178 145 137 135 135 135 135 135 135 135 135 135 135 135 135 135 135 135 135 135 135 135 135 135 135 135 135 135 135 135 135 135 135 135 138 141 158 135 135 135 135 135 135 135 135 135 138 173 158 144 143 151 167 182 177 163 152 136 135 135 135 136 147 140 146 139 135 135 135 135 135 135 135 135 135 135 135 135 135 135 135
135 135 135 135 135 135 135 135 135 135 135 135 135 135 135 135 135 135 135 158 170 160 139 135 135 135 135 135 135 135 135 135 135 135 135 135 135 135 135 135 135 135 135 135 135 135 135 135 135 135 135 135 135 136 140 150 135 135 135 135 135 135 135 135 135 137 170 159 145 144 151 167 183 180 179 162 136 135 135 135 135 142 135 138 135 135 135 135 135 135 135 135 135 135 135 135 135 135 135 135
134 134 134 134 134 134 134 134 134 134 134 134 134 134 134 134 134 134 134 134 147 176 152 134 134 134 134 134 134 134 134 134 134 134 134 134 134 134 134 134 134 134 134 134 134 134 139 143 134 134 135 135 135 135 139 138 135 135 135 135 135 135 135 135 135 136 161 169 156 149 148 164 177 182 185 172 141 135 135 135 135 135 135 135 135 135 135 135 135 135 135 135 135 135 135 135 137 135 135 137
134 134 134 134 134 134 134 134 134 134 134 134 134 134 134 134 134 134 134 134 134 152 186 139 134 134 134 134 134 134 134 134 134 134 134 134 134 134 134 134 134 134 134 134 134 138 163 174 156 134 135 135 135 135 137 140 136 135 135 135 135 135 135 135 135 135 155 178 181 162 152 167 183 191 186 179 157 136 135 135 135 135 135 135 135 135 135 135 135 135 135 135 135 135 135 136 157 145 141 156
134 134 134 134 134 134 134 134 134 134 134 134 134 134 134 134 134 134 134 134 134 134 156 140 134 134 134 134 134 134 134 134 134 134 134 134 134 134 134 134 134 134 134 134 134 135 150 175 163 140 135 135 135 135 135 143 139 135 135 135 135 135 135 135 135 135 149 192 192 178 156 167 191 195 195 191 173 143 135 135 135 135 135 135 135 135 135 135 135 135 135 135 135 135 135 154 190 172 174 169
134 134 134 134 134 134 134 134 134 134 134 134 134 134 134 134 134 134 134 134 134 134 134 134 135 134 134 134 134 134 134 134 134 134 134 134 134 134 134 134 134 134 134 134 134 134 141 154 144 143 142 135 135 135 135 138 150 135 135 135 135 135 135 135 135 136 139 177 196 192 164 170 193 193 201 201 190 156 135 135 135 135 135 135 135 135 135 135 135 135 135 135 135 135 135 145 173 177 166 156
134 134 134 134 134 134 134 134 134 134 134 134 134 134 134 134 134 134 134 134 134 134 134 134 135 135 136 134 134 134 134 134 134 134 134 134 134 134 134 134 134 134 134 134 134 134 134 136 136 134 137 135 135 135 135 135 141 135 135 135 135 135 135 135 137 138 136 147 173 194 175 169 198 196 203 202 200 174 140 135 135 135 135 135 135 135 135 135 135 135 135 141 135 135 135 135 135 135 140 135
134 134 134 134 134 134 134 134 134 134 134 134 134 134 134 134 134 134 134 134 134 134 134 134 134 134 141 148 136 134 134 134 134 134 134 134 134 134 134 134 134 134 134 134 134 134 136 153 145 134 135 135 135 135 135 135 135 135 135 135 135 135 135 135 139 142 135 135 147 186 183 163 199 198 202 199 204 181 145 135 135 135 135 135 135 135 135 135 135 135 135 135 135 135 135 135 135 135 135 135
134 134 134 134 134 134 134 134 134 134 134 134 134 134 134 134 134 134 134 134 134 134 134 134 134 134 136 164 143 135 136 135 134 134 134 134 134 134 134 134 134 134 134 134 134 134 134 142 144 134 135 135 135 135 135 135 135 135 135 135 135 135 135 135 136 135 136 135 141 165 177 165 196 208 197 191 209 184 153 136 135 135 135 135 135 135 135 135 135 135 135 135 135 135 135 135 135 135 135 135
134 134 134 134 134 134 134 134 134 134 134 134 134 134 134 134 134 134 134 134 134 134 134 134 134 134 134 136 135 135 159 172 145 135 134 134 134 134 134 134 134 134 134 134 134 134 134 135 135 134 135 135 135 135 135 135 135 135 135 135 135 135 135 135 135 135 138 136 139 151 174 172 182 209 192 185 204 186 157 138 135 135 135 135 135 135 135 135 135 135 135 135 135 135 135 135 135 135 135 135
134 134 134 134 134 134 134 134 134 134 134 134 134 134 134 134 134 134 134 134 134 134 134 134 134 134 134 134 134 135 171 210 172 149 136 134 134 134 134 134 134 134 134 134 134 134 134 134 134 134 135 135 135 135 135 137 135 135 135 135 135 135 135 135 135 135 136 137 136 145 152 168 161 198 183 177 194 167 156 139 135 135 135 135 135 135 135 135 135 135 135 135 135 135 135 135 135 135 135 135
134 134 134 134 134 134 134 134 134 134 134 134 134 134 134 134 134 134 134 134 134 134 134 134 134 134 134 134 134 134 161 201 179 151 156 165 152 141 134 134 134 134 134 134 134 134 134 134 134 134 135 135 135 135 135 135 135 135 135 135 135 135 135 135 135 135 135 137 135 142 143 160 149 173 176 172 177 154 141 137 135 135 135 135 135 135 135 135 135 135 135 135 135 135 135 135 135 135 135 135
134 134 134 134 134 134 134 134 134 134 134 134 134 134 134 134 134 134 134 134 134 134 134 134 134 134 134 134 134 134 134 200 204 183 193 185 183 167 137 134 134 134 134 134 134 134 134 134 134 134 135 135 135 135 135 135 135 135 135 135 135 135 135 135 135 135 135 135 135 139 142 148 154 166 177 173 183 161 136 137 135 135 135 135 135 135 137 135 135 142 156 142 135 135 135 135 135 135 135 135
134 134 134 134 134 134 134 134 134 134 134 134 134 134 134 134 134 134 134 134 134 134 134 134 134 134 134 134 134 134 134 135 165 201 232 225 214 195 149 134 134 134 134 134 134 134 134 134 134 134 135 135 135 135 135 135 135 135 135 135 136 135 135 135 135 135 135 135 136 148 154 157 164 179 185 163 178 163 136 138 136 135 135 135 135 135 148 150 145 159 178 166 137 135 135 135 135 135 135 135
134 134 134 134 134 134 134 134 134 134 134 134 134 134 134 134 134 134 134 134 134 134 134 134 134 134 134 134 134 134 134 134 134 143 185 205 225 214 159 140 136 134 134 134 134 134 134 134 134 134 135 135 135 135 135 135 135 135 135 135 135 135 135 135 135 135 135 135 138 165 174 168 166 184 188 165 149 142 138 144 150 140 135 135 135 135 165 172 169 168 183 176 147 135 135 135 135 135 135 135
134 134 134 134 134 134 134 134 134 134 134 134 134 134 134 134 134 134 134 134 134 134 134 134 134 134 134 134 134 134 134 134 134 134 134 134 142 146 135 140 162 135 134 134 134 134 134 134 134 134 135 135 135 135 135 135 139 139 135 135 135 135 135 135 135 135 135 135 138 157 171 173 179 183 171 154 138 143 143 162 170 148 135 135 135 135 172 183 187 181 185 210 209 157 136 135 135 135 135 135
134 134 134 134 134 134 134 134 134 134 134 134 134 134 134 134 134 134 134 134 134 134 134 134 134 134 134 134 134 134 134 134 134 134 134 134 134 134 134 134 135 135 134 134 134 134 134 134 134 134 135 135 135 135 135 135 137 136 135 135 135 135 135 135 135 135 135 135 136 148 166 191 187 187 162 136 135 136 137 176 180 162 143 135 135 135 169 196 191 201 202 262 275 211 168 137 135 135 135 135
134 134 134 134 134 134 134 134 134 134 134 134 134 134 134 134 134 134 134 134 134 134 134 134 134 134 134 134 134 134 134 134 134 134 134 134 134 134 134 134 134 134 134 134 134 134 134 134 134 134 135 135 135 135 135 135 135 135 135 135 135 135 135 135 135 135 135 135 135 141 174 213 199 198 173 140 135 135 135 159 188 177 160 136 135 135 142 189 211 208 220 289 313 278 208 165 140 135 135 135
134 134 134 134 134 134 134 134 134 134 134 134 134 134 134 134 134 134 134 134 134 134 134 134 134 134 134 134 134 134 134 134 134 134 134 134 134 134 134 134 134 134 134 134 134 134 134 134 134 134 135 135 135 135 135 135 135 135 135 135 135 135 135 135 135 135 135 135 135 138 183 214 201 191 178 142 135 135 135 142 189 189 169 138 135 135 135 166 211 225 249 290 340 316 251 194 175 144 146 176
134 134 134 134 134 134 134 134 134 134 134 134 134 134 134 134 134 134 134 134 134 134 134 134 134 134 134 134 134 134 134 134 134 134 134 134 134 134 134 134 134 134 134 134 134 134 134 134 134 134 135 135 135 135 135 135 135 135 135 135 135 135 135 135 135 135 135 135 135 138 171 210 199 183 168 142 135 135 135 135 166 186 165 136 135 135 135 136 170 238 271 285 335 357 299 230 205 196 193 233
134 134 134 134 134 134 134 134 134 134 134 134 134 134 134 134 134 134 134 134 134 134 134 134 134 134 134 134 134 134 134 134 134 134 134 134 134 134 134 134 134 134 134 134 134 134 134 134 134 134 135 135 135 135 135 135 135 135 135 135 135 135 135 135 135 135 135 135 135 135 157 183 192 173 179 160 136 135 135 135 136 149 145 135 135 135 135 136 185 282 300 304 368 368 330 272 233 253 217 260
134 134 134 134 134 134 134 134 134 134 134 134 134 134 134 134 134 134 134 134 134 134 134 134 134 134 134 134 134 134 134 134 134 134 134 134 134 134 134 134 134 134 134 134 134 134 134 134 134 134 135 135 135 135 135 135 135 135 135 135 135 135 135 135 135 135 135 135 135 135 137 160 175 164 174 163 135 135 135 135 135 135 138 135 135 135 135 146 235 270 305 331 376 385 367 306 279 279 248 249
134 134 134 134 134 134 134 134 134 134 134 134 134 134 134 134 134 134 134 134 134 134 134 134 134 134 134 134 134 134 134 134 134 134 134 134 134 134 134 134 134 134 134 134 134 134 134 134 134 134 135 135 135 135 135 135 135 135 135 135 135 135 135 135 135 135 135 135 135 135 135 137 146 157 161 142 135 137 147 137 135 135 135 135 135 135 135 136 227 287 313 339 359 363 352 319 298 289 266 251
134 134 134 134 134 134 134 134 134 134 134 134 134 134 134 134 134 134 134 134 134 134 134 134 134 134 134 134 134 134 134 134 134 134 134 134 134 134 134 134 134 134 134 134 134 134 134 134 134 134 135 135 135 135 135 135 135 135 135 135 135 135 135 135 135 135 135 135 135 135 135 135 136 155 148 135 135 152 146 147 136 135 135 135 135 135 135 135 167 265 315 318 321 321 320 308 299 295 273 256
134 134 134 134 134 134 134 134 134 134 134 134 134 134 134 134 134 134 134 134 134 134 134 134 134 134 134 134 134 134 134 134 134 134 134 134 134 134 134 134 134 134 134 134 134 134 134 134 134 134 135 135 135 135 135 135 135 135 135 135 135 135 135 135 135 135 135 135 135 135 135 135 135 141 140 135 140 149 149 149 141 135 135 135 135 135 135 135 135 173 273 273 270 283 294 298 298 303 269 256
134 134 134 134 134 134 134 134 134 134 134 134 134 134 134 134 134 134 134 134 134 134 134 134 134 134 134 134 134 134 134 134 134 134 134 134 134 134 134 134 134 134 134 134 134 134 134 134 134 134 135 135 135 135 135 135 135 135 135 135 135 135 135 135 135 135 135 135 135 135 135 135 135 135 135 136 160 161 155 145 159 146 135 135 135 135 135 135 135 146 225 245 244 261 280 292 299 299 292 275
134 134 134 134 134 134 134 134 134 134 134 134 134 134 134 134 134 134 134 134 134 134 134 134 134 134 134 134 134 134 134 134 134 134 134 134 134 134 134 134 134 134 134 134 134 134 134 134 134 134 135 135 135 135 135 135 135 135 135 135 135 135 135 135 135 135 135 135 135 135 135 135 135 135 135 143 178 176 155 145 159 155 135 135 135 135 135 135 135 138 208 216 243 273 296 307 297 298 304 307
134 134 134 134 134 134 134 134 134 134 134 134 134 134 134 134 134 134 134 134 134 134 134 134 134 134 134 134 134 134 134 134 134 134 134 134 134 134 134 134 134 134 134 134 134 134 134 134 134 134 135 135 135 135 135 135 135 135 135 135 135 135 135 135 135 135 135 135 135 135 135 135 135 135 135 138 162 181 162 146 144 153 138 135 135 135 135 135 135 135 144 189 238 277 301 313 300 303 298 313
134 134 134 134 134 134 134 134 134 134 134 134 134 134 134 134 134 134 134 134 134 134 134 134 134 134 134 134 134 134 134 134 134 134 134 134 134 134 134 134 134 134 134 134 134 134 134 134 134 134 135 135 135 135 135 135 135 135 135 135 135 135 135 135 135 135 135 135 135 135 135 135 135 135 135 138 167 202 180 150 138 140 141 135 135 135 135 135 135 135 135 173 233 270 263 291 290 290 289 303
134 134 134 134 134 134 134 134 134 134 134 134 134 134 134 134 134 134 134 134 134 134 134 134 134 134 134 134 134 134 134 134 134 134 134 134 134 134 134 134 134 134 134 134 134 134 134 134 134 134 135 135 135 135 135 135 135 135 135 135 135 135 135 135 135 135 135 135 135 135 135 135 135 135 135 145 175 190 188 157 141 139 146 139 138 139 136 135 135 135 135 161 233 235 236 248 288 292 289 314
134 134 134 134 134 134 134 134 134 134 134 134 134 134 134 134 134 134 134 134 134 134 134 134 134 134 134 134 134 134 134 134 134 134 134 134 134 134 134 134 134 134 134 134 134 134 134 134 134 134 135 135 135 135 135 135 135 135 135 135 135 135 135 135 135 135 135 135 135 135 135 135 135 135 135 143 186 181 187 173 143 139 148 141 149 146 137 135 135 136 135 136 177 199 223 241 288 306 292 312
134 134 134 134 134 134 134 134 134 134 134 134 134 134 134 134 134 134 134 134 134 134 134 134 134 134 134 134 134 134 134 134 134 134 134 134 134 134 134 134 134 134 134 134 134 134 134 134 134 134 135 135 135 135 135 135 135 135 135 135 135 135 135 135 135 135 135 135 135 135 135 135 135 135 135 142 197 210 183 178 146 141 141 153 150 146 135 135 135 139 135 135 138 163 203 225 242 281 285 297
134 134 134 134 134 134 134 134 134 134 134 134 134 134 134 134 134 134 134 134 134 134 134 134 134 134 134 134 134 134 134 134 134 134 134 134 134 134 134 134 134 134 134 134 134 134 134 134 134 134 135 135 135 135 135 135 135 135 135 135 135 135 135 135 135 135 135 135 135 135 135 135 135 135 135 155 187 207 174 156 153 142 141 152 156 147 135 135 135 140 137 135 137 159 196 206 226 262 265 253
134 134 134 134 134 134 134 134 134 134 134 134 134 134 134 134 134 134 134 134 134 134 134 134 134 134 134 134 134 134 134 134 134 134 134 134 134 134 134 134 134 134 134 134 134 134 134 134 134 134 135 135 135 135 135 135 135 135 135 135 135 135 135 135 135 135 135 135 135 135 135 135 135 135 135 140 177 176 165 155 147 144 142 146 155 142 135 135 135 138 142 137 139 162 195 200 211 229 223 223
134 134 134 134 134 134 134 134 134 134 134 134 134 134 134 134 134 134 134 134 134 134 134 134 134 134 134 134 134 134 134 134 134 134 134 134 134 134 134 134 134 134 134 134 134 134 134 134 134 134 135 135 135 135 135 135 135 135 135 135 135 135 135 135 135 135 135 135 135 135 135 135 135 135 135 137 158 170 159 157 147 150 142 143 154 152 137 135 135 142 158 141 141 145 195 233 211 199 214 263
134 134 134 134 134 134 134 134 134 134 134 134 134 134 134 134 134 134 134 134 134 134 134 134 134 134 134 134 134 134 134 134 134 134 134 134 134 134 134 134 134 134 134 134 134 134 134 134 134 134 135 135 135 135 135 135 135 135 135 135 135 135 135 135 135 135 135 135 135 135 135 135 135 135 135 135 148 181 168 154 146 147 142 142 142 142 137 135 135 138 195 179 152 159 169 213 211 214 243 315
134 134 134 134 134 134 134 134 134 134 134 134 134 134 134 134 134 134 134 134 134 134 134 134 134 134 134 134 134 134 134 134 134 134 134 134 134 134 134 134 134 134 134 134 134 134 134 134 134 134 135 135 135 135 135 135 135 135 135 135 135 135 135 135 135 135 135 136 137 139 135 135 135 135 135 137 145 174 176 160 144 139 139 140 137 135 135 137 135 135 215 237 220 192 191 174 218 251 254 272
134 134 134 134 134 134 134 134 134 134 134 134 134 134 134 134 134 134 134 134 134 134 134 134 134 134 134 134 134 134 134 134 134 134 134 134 134 134 134 134 134 134 134 134 134 134 134 134 134 134 135 135 135 135 135 135 135 135 135 135 135 135 135 135 135 135 135 142 149 138 136 135 135 135 141 166 150 160 180 171 152 139 137 138 135 135 137 138 135 135 180 244 251 220 189 182 258 285 279 250
134 134 134 134 134 134 134 134 134 134 134 134 134 134 134 134 134 134 134 134 134 134 134 134 134 134 134 134 134 134 134 134 134 134 134 134 134 134 134 134 134 134 134 134 134 134 134 134 134 134 135 135 135 135 135 135 135 135 135 135 135 135 135 135 135 135 135 138 140 136 135 139 140 139 188 225 177 152 172 177 172 152 140 144 136 135 135 135 135 135 150 225 258 228 184 174 223 268 272 236
134 134 134 134 134 134 134 134 134 134 134 134 134 134 134 134 134 134 134 134 134 134 134 134 134 134 134 134 134 134 134 134 134 134 134 134 134 134 134 134 134 134 134 134 134 134 134 134 134 134 135 135 135 135 135 135 135 135 135 135 135 135 135 135 135 135 135 135 135 135 147 170 165 170 213 258 209 158 154 168 182 166 146 151 142 136 135 135 135 135 136 197 245 219 181 170 189 201 205 218
134 134 134 134 134 134 134 134 134 134 134 134 134 134 134 134 134 134 134 134 134 134 134 134 134 134 134 134 134 134 134 134 134 134 134 134 134 134 134 134 134 134 134 134 134 134 134 134 134 134 135 135 135 135 135 135 135 135 135 135 135 135 135 135 135 135 135 135 135 135 170 190 194 196 227 241 222 170 153 160 175 164 152 148 152 141 137 138 135 135 138 153 221 207 185 173 196 205 204 239
134 134 134 134 134 134 134 134 134 134 134 134 134 134 134 134 134 134 134 134 134 134 134 134 134 134 134 134 134 134 134 134 134 134 134 134 134 134 134 134 134 134 134 134 134 134 134 134 134 134 135 135 135 135 135 135 135 135 135 135 135 135 135 135 135 135 135 135 135 135 135 136 167 196 237 242 264 196 159 160 154 152 145 142 164 163 144 145 143 140 137 141 157 195 214 193 199 227 236 253
134 134 134 134 134 134 134 134 134 134 134 134 134 134 134 134 134 134 134 134 134 134 134 134 134 134 134 134 134 134 134 134 134 134 134 134 134 134 134 134 134 134 134 134 134 134 134 134 134 134 135 135 135 135 135 135 135 135 135 135 135 135 135 135 135 135 135 135 135 135 135 135 177 212 244 259 269 235 178 165 157 145 147 142 147 169 174 156 151 142 135 145 144 173 236 225 199 228 261 267
134 134 134 134 134 134 134 134 134 134 134 134 134 134 134 134 134 134 134 134 134 134 134 134 134 134 134 134 134 134 134 134 134 134 134 134 134 134 134 134 134 134 134 134 134 134 134 134 134 134 135 135 135 135 135 135 135 135 135 135 135 135 135 135 135 135 135 135 135 135 135 135 158 216 254 254 261 253 188 169 165 153 139 138 139 172 196 184 164 143 136 152 151 164 228 241 230 212 280 304
134 134 134 134 134 134 134 134 134 134 134 134 134 134 134 134 134 134 134 134 134 134 134 134 134 134 134 134 134 134 134 134 134 134 134 134 134 134 134 134 134 134 134 134 134 134 134 134 134 134 135 135 135 135 135 135 135 135 135 135 135 135 135 135 135 135 135 135 135 135 135 135 135 183 226 246 250 255 214 181 164 146 139 143 142 172 202 208 195 163 137 149 150 142 191 246 223 208 283 315
134 134 134 134 134 134 134 134 134 134 134 134 134 134 134 134 134 134 134 134 134 134 134 134 134 134 134 134 134 134 134 134 134 134 134 134 134 134 134 134 134 134 134 134 134 134 134 134 134 134 135 135 135 135 135 135 135 135 135 135 135 135 135 135 135 135 135 135 135 135 135 135 135 147 196 221 231 241 231 209 170 151 140 140 149 153 199 209 206 180 145 136 142 140 149 215 230 217 252 319
134 134 134 134 134 134 134 134 134 134 134 134 134 134 134 134 134 134 134 134 134 134 134 134 134 134 134 134 134 134 134 134 134 134 134 134 134 134 134 134 134 134 134 134 134 134 134 134 134 134 135 135 135 135 135 135 135 135 135 135 135 135 135 135 140 135 135 135 135 135 135 135 135 135 159 199 216 225 229 217 192 152 139 138 142 145 188 197 196 183 154 135 151 142 147 161 194 217 240 306
134 134 134 134 134 134 134 134 134 134 134 134 134 134 134 134 134 134 134 134 134 134 134 134 134 134 134 134 134 134 134 134 134 134 134 134 134 134 134 134 134 134 134 134 134 134 134 134 134 134 135 135 135 135 135 135 135 135 135 135 135 135 135 137 175 140 135 135 135 135 135 135 135 135 138 163 192 202 217 211 196 154 141 138 136 146 142 187 193 184 170 138 142 144 160 157 158 178 219 250
134 134 134 134 134 134 134 134 134 134 134 134 134 134 134 134 134 134 134 134 134 134 134 134 134 134 134 134 134 134 134 134 134 134 134 134 134 134 134 134 134 134 134 134 134 134 134 134 134 134 135 135 135 135 135 135 135 135 135 135 135 135 135 136 177 148 135 135 135 135 135 135 135 135 135 146 160 179 198 212 182 155 142 142 139 136 138 160 180 188 162 139 135 144 169 174 161 156 167 212
134 134 134 134 134 134 134 134 134 134 134 134 134 136 135 134 134 134 134 134 134 134 134 134 134 134 134 134 134 134 134 134 134 134 134 134 134 134 134 134 134 134 134 134 134 134 134 134 134 134 135 135 135 135 135 135 135 135 135 135 135 135 135 135 136 167 141 135 135 135 135 135 135 135 135 135 137 160 182 189 171 159 149 140 142 138 135 146 171 171 172 153 136 151 162 175 192 176 163 169
134 134 134 134 134 134 134 134 134 134 134 134 134 134 135 134 134 134 134 134 134 134 134 134 134 134 134 134 134 134 134 134 134 134 134 134 134 134 134 134 134 134 134 134 134 134 134 134 134 134 135 135 135 135 135 135 135 135 135 135 135 135 135 135 135 145 144 146 135 135 135 135 135 135 135 135 135 136 144 152 158 151 150 139 135 140 136 136 142 167 179 165 140 179 188 195 211 213 197 165
134 134 134 134 134 134 134 134 134 134 135 142 160 165 168 146 136 134 134 134 134 134 134 134 134 134 134 134 134 134 134 134 134 134 134 134 134 134 134 134 134 134 134 134 134 134 134 134 134 134 135 135 135 135 135 135 135 135 135 135 135 135 135 135 135 135 135 139 136 135 135 135 135 135 135 135 135 135 135 136 147 150 142 136 136 135 135 135 137 141 143 167 153 173 188 216 227 232 220 185
