# 100 100
245 240 250 238 239 259 275 309 336 338 298 294 298 299 289 279 273 257 255 276 261 256 276 305 331 327 246 170 154 154 146 157 181 210 222 194 167 159 158 197 182 155 154 160 180 184 188 229 245 241 256 307 335 342 349 340 332 330 324 316 321 332 348 353 334 328 319 305 301 301 301 301 301 308 326 338 354 371 373 398 428 470 501 530 549 573 629 680 740 815 840 837 811 802 807 780 727 680 634 621
265 253 251 246 247 266 264 266 280 301 296 294 305 307 293 276 265 248 244 256 240 269 316 326 327 280 186 152 152 150 160 179 197 200 207 194 171 155 156 165 155 156 169 180 183 176 183 199 228 248 266 314 342 352 352 346 340 329 325 318 316 323 329 339 334 321 308 301 301 301 301 301 302 305 310 317 324 339 375 413 431 469 500 533 555 574 618 662 715 782 809 813 788 776 781 765 715 639 623 620
277 265 254 262 258 259 261 267 264 269 287 302 299 300 288 275 262 247 237 227 224 269 298 320 289 203 151 150 150 146 181 187 187 187 179 166 167 156 154 155 155 171 176 181 182 175 173 184 220 253 286 324 348 354 358 350 346 339 330 323 316 316 315 317 319 316 307 301 302 301 301 301 304 301 301 302 312 329 373 412 439 474 504 539 559 580 619 655 704 749 770 777 720 709 753 744 699 624 623 641
284 278 266 265 269 266 268 267 263 265 284 306 298 278 269 261 257 243 229 221 223 234 265 296 232 158 149 149 146 149 154 156 157 175 160 152 160 154 158 170 192 198 183 181 174 173 174 197 244 291 333 336 341 346 345 348 348 348 338 329 315 313 316 313 314 309 304 301 301 302 301 301 301 301 301 305 316 334 376 419 452 481 508 539 563 582 607 651 702 735 755 768 652 583 656 702 677 639 639 655
299 310 306 285 274 294 280 263 263 264 274 304 288 271 257 253 246 235 252 247 219 207 212 205 152 148 148 147 141 144 146 147 148 152 152 165 172 176 216 226 211 194 195 176 172 173 178 216 262 325 336 344 339 338 343 345 351 353 351 336 320 314 313 311 304 303 301 301 301 301 301 301 301 301 310 334 345 360 405 443 473 496 527 554 571 590 613 661 723 771 790 762 604 539 563 617 652 660 665 657
304 318 337 322 295 292 270 263 264 265 272 277 275 264 256 249 240 241 273 267 221 215 179 142 133 134 137 138 135 135 141 143 146 155 174 184 180 221 244 239 211 196 201 185 172 177 184 222 258 317 319 340 342 344 355 356 354 357 359 345 326 319 318 316 311 302 307 301 301 301 301 307 313 317 331 361 377 391 422 462 497 528 547 560 572 594 619 676 768 808 781 688 555 539 545 594 668 689 666 626
310 315 325 347 326 301 282 268 263 268 271 271 268 260 253 248 250 263 274 261 220 184 145 133 133 133 133 133 133 133 136 143 155 174 188 200 218 232 229 233 222 197 196 190 173 172 181 219 282 303 317 332 339 353 364 364 365 367 362 352 326 319 319 325 320 310 309 301 301 301 301 307 327 325 333 360 390 415 441 493 549 569 574 581 584 597 624 668 747 756 707 604 541 539 550 619 727 716 705 649
316 304 308 342 342 312 297 289 281 272 269 263 263 255 251 256 271 280 278 277 225 156 134 133 133 133 133 133 133 133 135 140 157 175 189 204 226 234 231 230 214 194 191 191 177 172 183 219 290 289 307 326 349 375 374 373 372 369 368 356 331 316 319 321 320 314 303 301 302 301 301 304 327 326 333 366 402 434 473 553 623 619 612 610 610 612 626 661 696 668 632 554 540 550 570 650 747 725 702 660
313 304 313 347 345 323 306 298 296 298 285 269 259 253 257 263 274 302 300 257 187 137 133 133 133 133 133 133 133 134 136 143 155 179 205 202 227 241 226 214 211 202 196 188 184 175 185 219 273 285 311 332 347 353 367 376 381 381 376 364 339 315 316 316 315 309 302 311 311 303 301 301 309 314 326 361 409 452 523 589 684 687 669 649 635 633 638 657 640 598 554 541 552 560 574 675 739 695 637 619
321 310 311 339 341 323 301 288 296 291 289 275 261 258 260 265 266 275 283 211 145 133 133 133 133 133 133 136 155 147 149 155 169 188 195 194 223 224 217 209 218 211 188 186 179 185 196 214 255 279 315 330 331 341 362 375 384 384 377 365 341 316 312 311 305 301 302 313 315 316 306 301 302 313 326 363 421 481 573 638 714 758 736 715 677 656 647 635 589 568 544 543 557 568 605 709 724 610 520 500
329 322 315 333 336 318 293 287 291 282 276 271 267 258 260 268 267 275 238 168 136 133 133 133 133 133 133 134 140 166 192 191 174 174 171 188 231 218 214 196 187 193 185 172 172 187 208 222 250 291 309 324 329 331 355 367 372 379 373 358 339 319 310 306 301 301 303 313 314 315 306 301 303 311 332 381 426 479 572 667 736 789 802 792 745 693 649 606 562 549 536 538 561 614 685 750 699 562 460 411
334 330 328 329 333 317 293 287 284 277 270 265 264 260 243 257 244 222 190 146 133 133 133 133 133 133 133 135 151 175 220 228 195 168 158 165 175 170 172 163 164 176 170 168 175 191 219 234 261 298 316 326 328 326 340 362 368 369 361 346 324 323 306 301 301 301 302 311 315 320 312 301 316 318 350 400 429 471 579 673 753 771 779 792 769 702 645 597 558 537 524 531 587 675 731 750 687 549 445 383
336 333 334 328 328 308 292 282 278 272 271 268 242 245 236 228 195 176 155 133 133 133 133 133 133 133 133 144 165 191 234 240 217 180 161 156 150 147 149 152 165 166 168 176 191 195 227 248 282 317 321 316 322 322 336 347 362 361 347 333 324 314 307 301 303 307 310 314 313 315 310 301 314 329 364 406 420 455 546 663 753 736 717 716 705 670 614 572 546 525 514 535 639 724 718 713 632 521 441 381
336 329 328 324 315 303 294 278 272 267 270 255 232 217 217 197 187 161 135 133 133 133 133 133 133 133 138 168 180 198 222 227 210 187 171 158 168 155 146 148 158 162 183 198 204 200 229 255 287 318 312 311 317 317 332 335 353 353 338 331 324 319 310 303 311 321 324 321 316 319 314 301 306 342 380 405 417 459 546 669 744 713 661 635 623 595 557 536 524 510 511 537 628 660 675 679 603 502 433 384
335 325 318 323 324 313 298 281 275 265 260 244 216 198 188 181 175 136 133 133 133 133 133 133 133 133 146 170 176 168 210 200 185 180 195 167 161 162 146 147 151 170 196 217 228 219 231 256 281 296 312 319 327 326 326 323 328 330 327 320 322 314 309 312 309 319 323 324 318 321 320 302 304 333 358 388 430 496 587 696 739 691 629 576 561 542 518 504 497 497 524 548 577 611 644 628 572 488 424 378
331 322 319 333 338 318 299 286 274 268 258 235 201 172 167 171 146 133 133 133 133 133 133 133 133 133 155 164 153 153 185 171 165 169 182 173 163 158 147 146 152 171 197 217 229 239 257 264 275 295 325 326 329 326 321 322 324 321 314 313 312 309 317 315 307 319 325 328 326 323 322 306 301 310 346 371 447 522 614 717 737 668 604 551 519 500 485 480 482 517 552 556 544 550 616 574 532 485 417 369
326 319 320 333 331 316 302 277 261 268 264 237 198 169 153 148 133 133 133 133 133 133 133 133 144 153 181 167 161 135 140 139 156 149 150 156 157 160 146 146 155 187 215 233 240 247 261 263 275 291 319 328 323 319 314 320 316 317 316 309 309 317 317 315 311 309 312 321 329 324 320 309 303 303 320 373 437 508 603 697 691 651 588 541 502 472 461 461 494 560 560 531 510 507 524 494 471 457 403 358
327 318 321 326 317 301 286 265 253 255 246 222 200 171 136 133 133 133 133 133 133 133 133 133 149 147 148 157 148 146 135 133 134 133 133 134 138 148 150 155 163 195 227 244 252 257 259 268 271 286 305 313 323 323 318 320 321 318 310 311 315 318 317 316 317 304 305 308 326 331 322 311 311 306 312 358 422 492 577 633 637 613 571 534 494 462 445 450 496 559 541 501 485 494 480 460 450 435 390 341
329 320 318 316 307 294 281 264 252 252 252 238 215 162 133 133 133 133 133 133 133 133 133 133 133 144 155 159 161 183 156 133 133 133 133 133 134 144 162 173 163 192 242 253 257 259 260 272 286 290 306 306 321 322 321 318 322 319 321 323 326 325 325 322 327 315 302 306 324 331 323 314 313 312 313 337 397 469 551 596 580 558 536 509 479 450 423 425 471 533 528 494 482 464 454 462 445 433 374 338
325 324 320 311 300 290 278 272 261 256 270 234 194 141 133 133 133 133 133 133 133 133 133 133 133 135 147 165 174 205 164 133 133 133 133 133 135 146 167 175 164 186 234 250 264 262 267 293 301 306 310 302 314 321 317 310 320 331 338 336 333 331 332 338 340 328 306 304 310 320 316 308 309 312 315 333 380 454 537 569 544 517 501 474 456 430 399 417 487 551 538 494 470 457 442 444 430 417 355 344
324 327 321 307 292 282 278 276 266 247 276 224 161 133 133 133 133 133 133 133 133 133 133 133 133 133 134 147 156 163 138 133 133 133 133 133 138 155 166 175 175 188 233 260 268 268 281 304 319 331 328 305 299 312 309 309 317 333 342 340 336 328 330 342 338 328 311 311 303 303 305 299 306 310 309 319 368 451 518 530 520 489 468 452 431 412 386 419 536 577 534 488 454 450 437 453 439 403 332 363
320 325 316 300 283 272 282 284 272 264 229 179 139 133 133 133 133 133 133 133 133 133 133 133 133 133 133 133 134 133 133 133 133 133 133 133 138 162 181 187 205 207 239 268 274 276 302 318 335 344 335 315 294 296 307 327 325 334 341 338 328 323 327 337 346 336 316 311 305 300 294 290 287 299 301 313 355 437 491 515 507 480 454 430 412 397 382 427 535 567 531 485 448 427 410 430 430 381 306 318
315 315 307 288 275 266 269 282 284 253 208 149 133 133 133 133 133 133 133 133 133 133 133 133 133 133 133 133 133 133 133 133 137 141 143 149 148 165 183 196 221 243 262 276 277 275 288 317 322 335 331 314 295 297 315 326 330 337 332 324 322 329 335 337 345 336 325 304 302 293 290 285 284 286 291 305 339 408 462 493 496 476 446 423 406 389 380 426 507 543 535 500 456 408 379 380 398 310 286 274
310 304 293 280 267 257 256 266 258 213 159 134 133 133 133 133 133 133 133 133 133 133 133 133 133 133 133 133 133 133 133 134 160 162 164 173 182 191 198 209 233 265 276 278 272 269 269 288 299 300 294 309 297 309 324 323 323 326 321 325 331 336 338 336 338 333 326 305 296 301 284 276 281 281 285 297 326 385 443 484 492 476 441 413 390 380 381 416 500 556 570 533 478 407 371 364 329 262 268 250
305 297 287 275 263 257 264 259 217 170 140 134 133 133 133 133 133 133 133 133 133 133 133 133 133 133 133 133 133 133 133 136 166 174 167 196 218 226 226 234 249 278 281 275 265 263 251 267 274 280 288 305 306 312 325 318 311 313 311 335 337 338 336 339 333 328 323 314 305 294 280 275 285 286 292 304 331 370 438 496 495 466 434 403 381 383 400 405 469 516 554 536 478 426 361 324 259 238 246 243
296 287 279 274 261 255 272 239 179 146 143 135 133 133 133 133 133 133 133 133 133 133 133 133 133 133 133 133 133 133 133 133 147 156 161 194 229 240 252 270 284 290 284 267 257 253 242 248 265 278 302 334 323 306 306 299 299 299 317 337 326 325 332 331 328 328 332 328 312 296 277 274 292 296 304 323 352 390 449 486 481 450 421 388 368 391 421 414 419 465 517 510 469 430 366 278 231 228 237 260
287 277 271 266 261 257 228 186 151 145 145 139 133 133 133 133 133 133 133 133 133 133 133 133 133 133 133 133 133 133 133 133 133 143 164 182 207 241 265 295 305 289 278 258 247 240 239 236 247 259 323 359 327 307 290 288 290 300 327 326 326 329 334 334 331 332 338 346 320 305 277 262 287 298 314 346 374 397 429 456 445 421 399 373 360 387 414 449 437 433 456 461 437 414 356 254 223 226 231 234
277 266 254 261 279 268 203 163 147 151 154 141 133 133 133 133 133 133 133 133 133 133 133 133 133 133 133 133 133 133 133 133 133 135 158 195 228 252 275 298 300 281 265 245 238 232 232 232 232 250 320 365 330 313 296 289 296 299 314 329 336 335 337 332 330 337 346 342 332 302 272 259 282 298 323 366 382 385 404 417 410 401 391 367 355 387 443 467 445 422 422 429 414 407 329 229 220 222 226 243
268 254 243 253 260 202 169 151 154 162 159 139 133 133 133 133 133 133 133 133 133 133 133 133 133 133 133 133 133 133 133 133 133 133 139 200 234 259 285 301 289 269 251 234 232 231 231 237 239 251 280 338 318 322 299 291 290 293 309 323 336 333 327 328 327 339 347 346 341 302 267 259 277 296 335 368 376 362 365 385 387 394 380 352 356 391 459 475 443 411 383 375 385 359 275 218 221 226 255 291
272 253 242 231 198 167 155 154 165 172 158 139 134 133 133 133 133 133 133 133 133 133 133 133 133 133 133 133 133 133 133 133 133 133 135 179 219 250 267 283 275 260 241 231 231 231 236 242 249 258 259 305 297 311 304 301 293 289 296 307 320 325 319 318 326 335 346 342 331 305 263 252 271 313 347 357 351 342 345 353 368 375 353 340 352 408 469 463 437 396 376 364 345 302 246 218 221 250 318 310
271 246 237 218 177 157 154 162 174 177 155 139 134 133 133 133 133 133 133 133 133 133 133 133 133 133 133 133 133 133 133 133 133 133 133 138 183 223 253 272 277 260 235 231 231 232 232 238 243 243 261 277 284 294 300 304 306 292 288 289 293 310 312 311 319 325 333 328 332 303 260 254 276 324 334 343 325 326 327 332 341 332 325 342 352 401 451 449 417 398 375 350 309 268 241 216 227 309 343 321
267 240 225 193 164 156 157 168 184 179 158 136 133 133 133 133 133 133 133 133 133 133 133 133 133 133 133 133 133 133 133 133 133 133 133 133 177 234 268 294 283 254 233 231 238 243 237 234 231 235 259 259 273 279 290 304 302 289 288 289 301 307 307 300 301 304 306 325 326 295 259 255 278 301 313 318 313 310 315 325 318 301 306 342 362 389 449 450 424 383 351 304 281 281 234 215 228 293 299 314
258 234 204 178 163 158 161 185 194 182 159 138 133 133 133 133 133 133 133 133 133 133 133 133 133 133 133 133 133 133 133 133 133 133 133 133 202 243 266 297 274 246 232 234 248 250 235 231 231 232 249 251 261 278 288 291 293 291 289 289 300 307 308 312 297 291 293 301 301 287 259 248 260 290 338 333 313 315 314 303 298 298 300 340 360 380 401 404 402 378 321 288 292 281 227 215 227 265 312 307
261 224 190 171 159 155 168 197 194 176 160 147 136 133 133 133 133 133 133 133 133 133 133 133 133 133 133 133 133 133 133 133 133 133 133 133 185 245 266 292 259 240 236 248 252 250 234 231 231 233 242 245 258 280 282 285 303 307 298 288 292 294 301 306 295 291 290 289 294 289 256 237 242 276 308 308 300 306 311 301 297 297 298 320 332 340 355 376 357 335 308 279 280 249 217 216 218 233 300 290
235 202 177 162 151 153 165 180 180 170 163 154 145 134 133 133 133 133 133 133 133 133 133 133 133 133 133 133 133 134 134 133 133 133 133 133 152 225 262 260 245 242 250 260 259 248 232 231 235 254 251 245 262 273 286 307 339 325 314 296 289 292 294 295 298 294 289 292 301 297 261 234 235 246 271 297 305 313 332 323 308 302 300 339 350 326 332 339 310 319 286 283 258 223 225 219 219 219 235 251
202 182 164 154 148 151 155 164 169 170 165 156 149 138 133 133 133 133 133 133 133 133 133 133 133 133 135 137 139 151 146 133 133 133 133 133 149 213 237 238 245 252 261 268 261 244 233 232 235 260 249 243 256 269 295 319 337 334 316 301 290 296 290 287 290 279 282 302 300 296 264 237 232 240 279 290 298 338 363 345 331 314 312 325 369 341 318 317 306 305 300 283 243 239 268 237 241 225 218 245
188 168 160 153 148 149 148 152 167 170 165 153 150 137 133 133 133 133 133 133 133 133 133 133 133 137 148 154 154 153 146 135 133 133 133 133 142 190 216 241 253 264 269 267 257 238 235 231 234 243 240 248 265 287 311 337 349 334 316 309 292 285 283 270 268 265 282 307 304 296 252 234 234 248 264 271 305 341 356 339 320 310 303 306 336 340 320 308 293 292 296 264 230 272 287 249 236 229 222 234
176 168 162 153 148 148 148 151 158 164 160 153 142 134 133 133 133 133 133 133 133 133 133 133 135 149 157 163 160 157 152 140 133 133 133 133 136 169 212 245 262 275 273 264 252 238 234 233 241 248 262 281 294 316 306 327 369 347 313 308 292 274 256 259 254 258 282 299 303 292 242 233 241 255 267 280 329 337 336 353 326 299 304 305 304 326 332 303 295 291 288 240 220 285 265 262 230 224 225 243
177 173 163 156 151 153 154 151 153 156 152 148 141 133 133 133 133 133 133 133 133 133 133 134 140 149 162 163 164 157 151 137 133 133 133 133 134 154 204 239 266 271 263 250 243 236 233 242 257 276 297 297 301 322 310 334 390 359 323 298 283 262 249 253 252 255 272 287 299 278 238 251 255 274 284 295 313 315 318 339 332 323 302 288 325 315 314 314 309 293 275 213 207 230 240 251 227 224 224 254
181 176 169 161 157 157 154 152 150 149 147 136 134 133 133 133 133 133 133 133 133 133 136 141 146 153 161 162 162 158 145 137 133 133 133 133 133 147 194 225 250 249 238 222 225 232 236 259 280 306 320 304 287 317 315 346 385 353 324 307 271 254 248 250 255 252 255 272 282 268 235 246 271 285 315 317 320 311 309 329 319 318 280 281 309 310 323 330 310 302 250 201 209 220 229 240 223 222 224 249
187 181 173 162 158 154 153 152 144 141 148 142 133 133 133 133 133 133 133 133 133 134 141 144 151 158 158 160 162 156 140 134 133 133 133 133 133 147 170 192 216 218 205 211 225 234 253 279 289 309 317 299 281 281 294 333 362 341 318 306 266 252 247 250 260 256 259 263 271 279 238 222 279 303 324 327 333 299 302 322 309 295 259 287 287 302 298 307 281 284 218 198 215 244 260 241 232 230 231 249
195 188 177 163 158 155 154 145 137 134 139 147 133 133 133 133 133 133 133 133 137 145 146 153 158 158 154 160 163 145 135 133 133 133 133 133 135 147 168 185 185 181 180 208 226 247 270 287 286 283 288 290 273 273 279 325 349 326 298 277 260 250 246 258 262 258 263 266 258 259 231 220 295 329 333 323 301 282 310 320 296 252 309 321 292 295 296 284 252 226 199 198 212 267 287 272 259 248 242 247
201 193 181 166 159 157 153 138 137 133 133 135 133 133 133 133 133 133 133 133 151 157 152 158 161 166 153 157 146 134 133 133 133 133 133 133 134 143 161 173 167 165 165 187 206 232 267 285 274 266 273 276 269 273 279 300 340 317 285 262 256 249 251 267 261 261 267 264 249 249 233 217 266 319 342 321 275 282 304 303 260 291 338 344 337 316 310 290 246 204 196 210 250 295 297 307 285 281 271 276
204 194 182 170 160 158 146 135 133 133 133 133 133 133 133 133 133 133 133 133 154 163 159 166 164 169 147 140 134 133 133 133 133 133 133 133 134 146 157 164 162 163 163 166 176 211 253 274 263 255 260 266 283 286 274 287 300 300 279 281 266 249 253 262 260 262 268 260 257 265 242 206 276 307 313 317 275 280 274 243 278 296 302 345 338 329 311 273 220 195 195 233 273 302 309 306 308 317 324 333
204 191 180 169 160 156 149 137 133 133 133 133 133 133 133 133 133 133 133 136 161 169 173 169 151 148 137 133 133 133 133 133 134 138 133 133 136 145 153 159 164 172 169 166 166 183 229 256 256 250 254 266 293 290 277 302 307 298 298 305 277 251 255 256 254 258 266 261 263 273 241 197 227 273 296 295 278 252 232 205 308 306 308 314 311 293 266 229 199 214 204 218 269 287 305 298 315 357 374 378
202 187 178 168 161 155 158 156 133 133 133 133 133 133 133 133 133 133 133 172 177 166 179 170 142 135 133 133 133 133 133 134 138 139 136 138 146 149 158 168 186 187 176 171 173 191 205 228 247 254 250 256 273 276 281 298 321 290 288 291 273 253 247 246 246 251 259 272 278 264 235 193 213 239 295 288 254 237 187 245 282 296 334 306 283 269 231 197 210 217 201 211 238 250 275 309 348 369 382 388
199 186 177 168 162 155 166 169 135 133 133 133 133 133 133 133 133 133 133 167 178 158 155 140 133 133 133 133 133 133 133 134 144 140 144 148 155 163 176 190 192 192 188 183 187 195 203 226 244 247 245 246 259 261 289 289 305 288 271 268 261 253 242 237 237 245 257 272 299 280 235 196 223 237 236 257 229 181 203 275 279 301 295 281 245 251 202 218 219 208 199 213 243 271 287 321 350 363 376 378
196 187 174 167 158 151 154 168 141 133 133 133 133 133 133 133 133 133 133 142 174 161 133 133 133 133 133 133 133 133 133 133 139 141 148 157 171 186 200 205 201 198 197 196 191 191 197 209 227 246 247 245 244 252 277 288 298 292 273 253 254 248 238 235 228 239 268 272 280 292 248 189 214 209 212 201 164 167 231 275 311 291 274 244 209 195 196 225 209 216 215 211 232 258 290 330 351 398 402 387
193 188 176 165 150 134 135 135 133 133 133 133 133 133 133 133 133 133 133 133 151 188 141 133 133 133 133 133 133 133 133 133 138 146 154 162 174 192 203 209 209 209 210 203 198 194 191 197 208 230 242 242 244 246 265 285 285 277 260 254 255 244 239 236 223 229 249 258 276 301 262 176 167 170 173 164 153 207 261 272 310 293 286 241 205 187 229 223 219 229 231 208 223 262 289 334 376 395 404 392
195 196 192 177 166 133 133 133 133 133 133 133 133 133 133 134 133 133 133 133 133 167 149 133 133 133 133 133 133 133 133 133 141 148 153 162 174 184 201 210 214 218 216 207 205 201 190 188 194 200 218 222 231 244 251 256 260 258 256 264 257 247 242 238 214 215 231 231 242 268 239 164 149 142 141 138 157 233 287 321 289 259 249 224 186 206 250 259 253 255 244 222 226 259 316 345 370 377 357 342
204 208 209 191 171 136 133 133 133 133 133 133 133 133 133 133 133 133 133 133 133 134 134 133 133 133 133 133 133 133 133 138 153 151 153 161 173 183 200 207 213 218 210 205 203 200 189 183 181 180 190 204 216 236 243 246 248 253 267 270 258 261 253 238 205 200 217 222 219 246 204 139 136 134 134 135 154 193 236 306 308 276 233 199 175 195 263 307 283 284 268 246 255 247 291 347 365 359 331 322
196 200 204 184 160 134 133 133 133 133 133 133 133 133 133 133 133 133 133 133 133 133 133 133 133 133 133 133 134 134 141 159 156 158 163 168 171 186 203 207 211 211 204 203 201 195 179 171 173 169 167 175 199 221 237 244 245 260 271 263 250 268 269 232 198 177 185 205 205 222 170 133 133 133 134 135 145 178 233 273 260 221 187 170 170 189 250 293 306 307 287 273 280 263 279 350 349 340 319 330
197 184 171 162 145 134 133 133 133 133 133 133 133 133 133 133 133 133 133 133 133 133 133 133 133 133 134 138 145 151 169 165 168 171 172 183 182 195 206 206 212 208 204 205 204 198 180 166 164 164 161 163 177 206 233 243 246 261 260 253 226 238 250 229 198 164 162 177 169 171 139 133 133 133 133 134 141 180 233 238 229 199 174 168 170 198 291 305 302 310 299 313 316 286 264 292 321 323 342 367
194 189 177 157 148 140 134 133 133 133 133 133 133 133 133 133 133 133 133 133 133 133 133 134 133 134 139 146 158 176 176 173 181 176 189 200 199 205 207 210 214 210 205 207 207 197 186 165 161 157 156 158 166 188 219 235 244 250 239 223 196 184 213 210 191 156 139 136 135 136 133 133 133 133 133 135 144 173 198 225 213 182 167 168 174 187 229 289 307 298 302 308 307 302 274 291 314 346 374 393
183 200 198 184 159 137 133 133 133 133 133 133 133 133 133 133 133 133 133 133 136 135 133 145 142 145 144 156 170 180 178 184 187 186 194 204 211 213 211 212 214 213 208 208 209 199 190 170 161 155 153 158 168 174 186 221 235 232 216 196 175 161 173 179 179 150 133 133 133 133 133 133 133 133 133 134 139 152 166 194 193 169 174 223 234 212 247 298 295 286 288 290 293 293 285 300 363 366 373 387
186 223 221 205 177 145 133 133 133 133 133 133 133 133 133 133 133 133 133 133 143 147 140 146 154 155 151 172 176 178 184 189 196 196 199 207 218 216 212 211 210 210 210 213 210 200 192 176 164 154 151 159 169 175 172 199 217 214 201 174 154 150 144 144 138 136 133 133 133 133 133 133 133 133 139 137 148 165 170 173 171 175 255 294 282 236 232 268 269 269 253 260 262 283 311 332 366 384 382 391
184 209 213 197 176 157 136 133 133 133 133 133 133 133 133 133 133 133 133 133 145 145 146 148 155 166 169 185 186 184 189 199 208 206 202 208 214 215 211 209 208 210 213 216 211 201 192 188 175 161 151 158 169 172 171 174 195 191 171 138 133 134 133 133 133 133 133 133 133 133 133 133 133 133 133 153 196 235 240 224 188 180 269 278 273 285 262 240 238 240 236 238 245 272 302 341 354 377 364 387
169 186 199 198 179 165 143 133 133 133 133 133 133 133 133 133 133 133 133 133 139 146 166 164 173 186 189 191 199 202 204 215 219 210 208 210 211 212 209 207 206 211 215 219 211 201 193 193 183 164 151 157 158 155 162 161 166 158 139 133 133 133 133 133 133 133 133 133 133 133 133 133 133 133 133 138 172 209 235 240 172 179 185 233 271 303 290 287 263 248 247 243 257 294 307 337 358 353 355 356
170 189 200 179 171 155 148 135 133 133 133 133 133 133 133 133 133 133 133 133 133 145 161 170 191 209 219 206 220 232 226 229 225 221 219 216 214 214 206 204 206 214 219 215 202 193 192 191 181 162 149 147 152 146 148 142 134 133 133 133 133 133 133 133 133 133 133 133 133 133 133 133 133 133 133 133 147 155 182 184 170 164 205 275 268 290 290 290 283 277 274 279 303 310 319 340 346 340 349 361
193 192 187 176 167 156 146 148 133 133 133 133 133 133 133 133 133 133 133 133 141 161 174 191 203 238 231 218 234 234 242 240 233 236 238 230 221 210 203 199 204 214 215 205 196 189 189 184 174 164 151 140 138 134 134 133 133 133 133 133 133 133 133 133 133 133 133 133 133 133 133 133 133 133 133 133 139 143 145 144 154 182 196 245 229 247 266 271 277 275 287 307 326 324 323 350 349 339 348 357
202 190 176 178 172 163 143 146 135 133 133 133 133 133 133 133 133 133 133 144 159 173 190 215 212 234 231 224 222 233 253 255 243 244 244 242 232 220 201 198 207 209 206 204 198 198 192 182 170 165 153 134 133 133 133 133 133 133 133 133 133 133 133 133 133 133 133 133 133 133 133 133 133 133 133 133 133 133 134 139 156 172 195 200 218 213 239 268 270 280 308 328 339 353 350 352 352 343 347 346
187 193 174 158 155 154 141 133 133 133 133 133 133 133 133 133 133 133 133 156 176 187 207 226 220 215 221 232 220 233 261 264 261 247 238 234 229 226 204 198 207 202 197 201 201 199 193 186 179 165 146 133 133 133 133 133 133 133 133 133 133 133 133 133 133 133 133 133 133 133 133 133 133 133 133 133 133 133 133 134 143 184 202 205 213 219 230 256 276 298 323 320 338 361 379 377 359 348 339 338
181 187 167 141 135 135 134 133 133 133 133 133 133 133 133 133 133 133 133 150 197 188 211 218 217 215 219 230 231 227 269 282 268 252 229 221 218 218 203 196 198 195 199 193 188 186 191 199 187 168 149 133 133 133 133 133 133 133 133 133 133 133 133 133 133 133 133 133 133 133 133 133 133 133 133 133 133 133 133 133 154 220 230 228 232 247 271 282 300 300 306 311 329 348 359 353 353 337 322 309
140 146 147 140 133 133 133 133 133 133 133 133 133 133 133 133 133 133 135 146 201 214 212 214 215 228 233 214 235 235 273 274 266 243 222 202 199 208 195 197 197 193 190 185 186 189 197 202 189 168 147 134 133 133 133 133 133 133 133 133 133 133 133 133 133 133 133 133 133 133 133 133 133 133 133 133 133 133 133 134 174 214 224 220 247 280 290 299 315 308 285 292 308 331 339 337 335 325 303 301
133 133 133 136 134 133 133 133 133 133 133 133 133 133 133 133 133 133 143 170 174 225 219 214 220 233 250 219 219 231 242 246 238 216 211 196 193 200 198 194 195 193 183 182 185 195 213 215 190 160 138 134 133 133 133 133 133 133 133 133 133 133 133 133 133 133 133 133 133 133 133 133 135 133 134 133 133 133 133 134 154 175 181 199 236 251 257 275 289 295 282 304 324 326 323 319 318 302 304 314
135 133 133 134 133 133 133 133 133 133 133 133 133 133 133 133 133 134 166 191 179 207 230 227 232 228 244 234 207 205 205 203 206 201 199 197 219 213 196 189 189 187 184 180 185 196 213 211 181 145 133 133 133 133 133 133 133 133 133 133 133 133 133 133 133 133 133 133 133 133 133 136 157 145 136 133 133 133 133 133 135 142 146 151 152 158 185 214 234 244 271 298 307 301 299 309 304 307 317 308
133 133 133 133 133 133 133 133 133 133 133 133 133 133 133 133 134 150 173 210 205 203 222 231 239 229 223 226 190 186 177 176 188 205 213 220 231 215 199 190 190 187 181 170 172 181 187 180 155 134 133 133 133 133 133 133 133 133 133 133 133 133 133 133 133 133 133 133 133 133 141 168 175 161 140 133 133 133 133 133 133 133 136 142 144 151 166 183 198 221 247 260 266 269 280 294 309 312 302 281
133 133 133 133 133 133 133 133 133 133 133 133 133 133 133 133 138 183 175 202 216 208 212 229 221 219 196 193 176 173 184 185 188 205 213 219 207 212 206 196 187 187 176 160 159 158 153 147 138 133 133 133 133 133 133 133 133 133 133 133 133 133 133 133 133 133 133 133 133 138 168 183 185 173 147 133 133 133 133 133 133 133 136 145 156 165 185 203 217 233 243 253 267 283 296 306 305 289 272 255
133 133 133 133 133 133 133 133 133 133 133 133 133 133 133 133 136 191 189 178 183 193 185 184 179 171 168 167 167 171 180 187 182 194 198 198 198 201 197 198 179 169 152 148 148 149 150 144 134 133 133 133 133 133 133 133 133 133 133 133 133 133 133 133 133 133 133 133 133 159 189 191 204 184 142 133 133 133 133 133 134 140 147 157 171 191 216 237 252 263 273 283 293 300 301 292 274 259 246 234
133 133 133 133 133 133 133 133 133 133 133 133 133 133 133 133 133 145 165 155 154 153 154 159 165 170 167 167 168 170 182 183 176 174 179 171 165 168 165 164 161 160 165 166 168 173 166 152 133 133 133 133 133 133 133 133 133 133 133 133 133 133 133 133 133 133 133 133 133 164 197 208 221 186 141 133 133 133 133 133 133 141 154 170 196 227 256 273 284 290 295 299 298 289 276 259 246 235 225 216
133 133 133 133 133 133 133 133 133 133 133 133 133 133 133 133 133 133 133 134 141 159 163 165 172 176 168 167 170 174 181 181 177 181 196 187 176 177 178 170 169 175 169 175 184 189 186 165 133 133 133 133 133 133 133 133 133 133 133 133 133 133 133 133 133 133 133 133 134 168 200 215 222 187 143 133 133 133 133 133 133 135 159 191 226 257 286 298 300 300 294 283 269 257 247 236 227 214 208 202
133 133 133 133 133 133 133 133 133 133 133 133 133 133 133 133 133 133 133 139 163 168 170 172 178 178 170 171 176 190 203 209 205 204 226 218 207 197 192 184 173 167 168 174 194 209 209 174 135 133 133 133 133 133 133 133 133 133 133 133 133 133 133 133 133 133 133 133 134 175 194 202 199 178 137 133 133 133 133 133 133 137 175 209 238 272 301 301 290 274 259 249 240 234 225 216 208 201 193 181
133 133 133 133 133 133 133 133 133 133 133 133 133 133 133 133 133 134 141 165 172 172 178 182 185 180 180 192 204 223 223 223 220 215 231 233 229 209 198 192 183 183 175 188 205 226 223 148 133 133 133 133 133 133 133 133 133 133 133 133 133 133 133 133 133 133 133 133 133 164 184 184 178 165 133 133 133 133 133 133 133 136 164 187 242 275 288 272 254 242 234 228 222 216 211 202 195 183 168 148
133 133 133 133 133 133 133 133 133 133 133 133 133 133 133 133 133 146 161 183 180 179 190 191 188 185 191 214 222 234 242 221 224 221 221 236 229 210 195 186 173 206 192 212 233 240 229 155 133 133 133 133 133 133 133 133 133 133 133 133 133 133 133 133 133 133 133 133 134 157 168 168 164 149 133 133 133 133 133 133 133 133 134 157 224 228 242 258 238 232 223 217 214 207 202 188 172 158 142 134
133 133 133 133 133 133 133 133 133 133 133 133 133 133 133 133 133 134 151 172 181 180 187 191 191 188 195 221 218 233 237 226 219 218 223 241 237 220 201 188 168 185 195 200 244 253 262 191 133 133 133 133 133 133 133 133 133 133 133 133 133 133 133 133 133 133 133 133 133 145 157 157 153 135 133 133 133 133 133 133 133 133 133 145 191 209 216 227 222 223 218 213 206 199 187 168 148 137 133 133
133 133 133 133 133 133 133 133 133 133 133 133 133 133 133 133 133 133 135 153 172 178 178 190 196 197 202 215 212 220 237 231 225 217 218 230 241 233 215 197 174 168 180 188 230 245 248 209 143 133 133 133 133 133 133 133 133 133 133 133 133 133 133 133 133 133 133 133 133 137 148 146 141 133 133 133 133 133 133 133 133 133 133 143 179 198 204 220 230 226 217 204 196 183 165 143 133 133 133 133
133 133 133 133 133 133 133 133 133 133 133 133 133 133 133 133 133 133 133 143 163 173 174 195 204 201 203 212 212 212 226 225 224 217 217 230 235 242 230 204 182 166 170 184 208 213 211 193 155 133 133 133 133 133 133 133 133 133 133 133 133 133 133 133 133 133 133 133 133 133 134 133 133 133 133 133 133 133 133 133 133 133 133 141 181 197 217 246 235 222 209 186 174 160 147 134 133 133 133 133
133 133 133 133 133 133 133 133 133 133 133 133 133 133 133 133 133 133 133 133 145 171 175 192 208 206 210 213 213 212 215 223 239 226 219 224 226 240 239 208 183 165 169 188 180 167 169 158 144 133 133 133 133 133 133 133 133 133 133 133 133 133 133 133 133 133 133 133 133 133 133 133 133 133 133 133 133 133 133 133 133 133 133 135 156 179 205 217 212 198 191 173 160 151 135 133 133 133 133 133
133 133 133 133 133 133 133 133 133 133 133 133 133 133 133 133 133 133 133 133 141 166 174 188 203 205 207 212 214 214 214 227 241 252 240 221 223 244 229 207 181 164 181 175 158 147 141 138 134 133 133 133 133 133 133 133 133 133 133 133 133 133 133 133 133 133 133 133 133 133 133 133 133 133 133 133 133 133 133 133 133 133 133 133 133 156 195 192 178 155 156 145 142 135 133 133 133 133 133 133
133 133 133 133 133 133 133 133 133 133 133 133 133 133 133 133 133 133 133 133 155 168 172 182 188 204 206 207 214 214 216 233 240 266 252 222 208 213 213 196 180 173 159 153 144 141 134 133 133 133 133 133 133 133 133 133 133 133 133 133 133 133 133 133 133 133 133 133 133 133 133 133 133 133 133 133 133 133 133 133 133 133 133 133 133 135 164 162 140 133 133 133 133 133 133 133 133 133 133 133
133 133 133 133 133 133 133 133 133 133 133 133 133 133 133 133 133 133 133 133 153 176 173 165 171 198 200 201 204 215 211 242 231 244 235 205 190 189 192 179 163 156 145 143 143 147 142 133 133 133 133 133 133 133 133 133 133 133 133 133 133 133 133 133 133 133 133 133 133 133 133 133 133 133 133 133 133 133 133 133 133 133 133 133 133 133 140 133 133 133 133 133 133 133 133 133 133 134 137 134
133 133 133 133 133 133 133 133 133 133 133 133 133 133 133 133 133 133 133 133 135 156 167 159 157 170 186 196 189 206 206 229 227 224 205 184 170 170 172 159 149 146 146 145 152 153 152 134 133 133 133 133 133 133 133 133 133 133 133 133 133 133 133 133 133 133 133 133 133 133 133 133 133 133 133 133 133 133 133 133 133 133 133 133 133 133 133 133 133 133 133 133 133 133 133 133 133 136 143 146
133 133 133 133 133 133 133 133 133 133 133 133 133 133 133 133 133 133 133 133 133 138 159 158 155 155 163 186 181 187 199 200 204 194 180 176 167 158 158 150 145 146 148 148 153 155 156 141 133 133 133 133 133 133 133 133 133 133 133 133 133 133 133 133 133 133 133 133 133 133 133 133 133 133 133 133 133 133 133 133 133 133 133 133 133 133 133 133 133 133 133 133 133 133 133 138 143 151 158 166
133 133 133 133 133 133 133 133 133 133 133 133 133 133 133 133 133 133 133 133 133 134 151 156 155 155 156 161 167 166 194 190 190 181 167 175 168 160 153 144 140 142 144 149 152 156 161 166 138 133 133 133 133 133 133 133 133 133 133 133 133 133 133 133 133 133 133 133 133 133 133 133 133 133 133 133 133 133 133 133 133 133 133 133 133 133 133 133 133 133 133 133 133 133 133 152 164 177 184 191
133 133 133 133 133 133 133 133 133 133 133 133 133 133 133 133 133 133 133 133 133 133 139 153 159 165 168 164 154 154 174 180 182 173 167 179 176 165 151 142 138 136 140 156 161 156 157 172 138 133 133 133 133 133 133 133 133 133 133 133 133 133 133 133 133 133 133 133 133 133 133 133 133 133 133 133 133 133 133 133 133 133 133 133 133 133 133 133 133 133 133 133 133 133 134 159 185 193 198 215
133 133 133 133 133 133 133 133 133 133 133 133 133 133 133 133 133 133 133 133 133 133 134 150 161 174 170 173 157 155 161 163 168 171 162 160 176 166 153 146 141 140 138 161 176 166 141 133 133 133 133 133 133 133 133 133 133 133 133 133 133 133 133 133 133 133 133 133 133 133 133 133 133 133 133 133 133 133 133 133 133 133 133 133 133 133 133 133 133 133 133 133 133 133 134 168 192 198 211 226
133 133 133 133 133 133 133 133 133 133 133 133 133 133 133 133 133 133 133 133 133 133 133 139 153 156 159 160 156 155 160 161 166 174 168 158 166 167 158 155 135 136 137 163 184 168 140 133 133 133 133 133 133 133 133 133 133 133 133 133 133 133 133 133 133 133 133 133 133 133 133 133 133 133 133 133 133 133 133 133 133 133 133 133 133 133 133 133 133 133 133 133 133 133 133 156 189 203 223 246
133 133 133 133 133 133 133 133 133 133 133 133 133 133 133 133 133 133 133 133 133 133 133 133 136 144 156 152 151 158 158 168 168 169 166 161 157 155 158 142 133 133 134 144 163 152 133 133 133 133 133 133 133 133 133 133 133 133 133 133 133 133 133 133 133 133 133 133 133 133 133 133 133 133 133 133 133 133 133 133 133 133 133 133 133 133 133 133 133 133 133 133 133 133 134 165 204 227 249 257
133 133 133 133 133 133 133 133 133 133 133 133 133 133 133 133 133 133 133 133 133 133 133 133 133 134 141 151 147 151 160 169 178 172 168 164 148 141 145 146 133 133 133 133 134 136 133 133 133 133 133 133 133 133 133 133 133 133 133 133 133 133 133 133 133 133 133 133 133 133 133 133 133 133 133 133 133 133 133 133 133 133 133 133 133 133 133 133 133 133 133 133 133 134 163 215 242 255 255 243
133 133 133 133 133 133 133 133 133 133 133 133 133 133 133 133 133 133 133 133 133 133 133 133 133 133 134 141 145 148 155 163 177 183 176 162 148 134 134 133 133 133 133 133 133 133 133 133 133 133 133 133 133 133 133 133 133 133 133 133 133 133 133 133 133 133 133 133 133 133 133 133 133 133 133 133 133 133 133 133 133 133 133 133 133 133 133 133 133 133 133 133 133 154 224 247 252 250 245 231
133 133 133 133 133 133 133 133 133 133 133 133 133 133 133 133 133 133 133 133 133 133 133 133 133 133 133 135 144 149 153 155 161 167 164 145 134 133 133 133 133 133 133 133 133 133 133 133 133 133 133 133 133 133 133 133 133 133 133 133 133 133 133 133 133 133 133 133 133 133 133 133 133 133 133 133 133 133 133 133 133 133 133 133 133 133 133 133 133 133 133 133 155 217 242 242 240 237 225 217
133 133 133 133 133 133 133 133 133 133 133 133 133 133 133 133 133 133 133 133 133 133 133 133 133 133 133 134 144 156 157 151 149 145 141 133 133 133 133 133 133 133 133 133 133 133 133 133 133 133 133 133 133 133 133 133 133 133 133 133 133 133 133 133 133 133 133 133 133 133 133 133 133 133 133 133 133 133 133 133 133 133 133 133 133 133 133 133 133 133 133 133 175 218 225 222 214 197 183 196
133 133 133 133 133 133 133 133 133 133 133 133 133 133 133 133 133 133 133 133 133 133 133 133 133 133 133 133 135 140 141 137 135 135 133 133 133 133 133 133 133 133 133 133 133 133 133 133 133 133 133 133 133 133 133 133 133 133 133 133 133 133 133 133 133 133 133 133 133 133 133 133 133 133 133 133 133 133 133 133 133 133 133 133 133 133 133 133 133 133 133 133 153 202 200 187 163 145 144 160
133 133 133 133 133 133 133 133 133 133 133 133 133 133 133 133 133 133 133 133 133 133 133 133 133 133 133 133 133 133 133 133 133 133 133 133 133 133 133 133 133 133 133 133 133 133 133 133 133 133 133 133 133 133 133 133 133 133 133 133 133 133 133 133 133 133 133 133 133 133 133 133 133 133 133 133 133 133 133 133 133 133 133 133 133 133 133 133 133 133 133 133 135 158 169 147 134 133 133 134
133 133 133 133 133 133 133 133 133 133 133 133 133 133 133 133 133 133 133 133 133 133 133 133 133 133 133 133 133 133 133 133 133 133 133 133 133 133 133 133 133 133 133 133 133 133 133 133 133 133 133 133 133 133 133 133 133 133 133 133 133 133 133 133 133 133 133 133 133 133 133 133 133 133 133 133 133 133 133 133 133 133 133 133 133 133 133 133 133 133 133 133 133 133 134 133 133 133 133 133
133 133 133 133 133 133 133 133 133 133 133 133 133 133 133 133 133 133 133 133 133 133 133 133 133 133 133 133 133 133 133 133 133 133 133 133 133 133 133 133 133 133 133 133 133 133 133 133 133 133 133 133 133 133 133 133 133 133 133 133 133 133 133 133 133 133 133 133 133 133 133 133 133 133 133 133 133 133 133 133 133 133 133 133 133 133 133 133 133 133 133 133 133 133 133 133 133 133 133 133
133 133 133 133 133 133 133 133 133 133 133 133 133 133 133 133 133 133 133 133 133 133 133 133 133 133 133 133 133 133 133 133 133 133 133 133 133 133 133 133 133 133 133 133 133 133 133 133 133 133 133 133 133 133 133 133 133 133 133 133 133 133 133 133 133 133 133 133 133 133 133 133 133 133 133 133 133 133 133 133 133 133 133 133 133 133 133 133 133 133 133 133 133 133 133 133 133 133 133 133
133 133 133 133 133 133 133 133 133 133 133 133 133 133 133 133 133 133 133 133 133 133 133 133 133 133 133 133 133 133 133 133 133 133 133 133 133 133 133 133 133 133 133 133 133 133 133 133 133 133 133 133 133 133 133 133 133 133 133 133 133 133 133 133 133 133 133 133 133 133 133 133 133 133 133 133 133 133 133 133 133 133 133 133 133 133 133 133 133 133 133 133 133 133 133 133 133 133 133 133
133 133 133 133 133 133 133 133 133 133 133 133 133 133 133 133 133 133 133 133 133 133 133 133 133 133 133 133 133 133 133 133 133 133 133 133 133 133 133 133 133 133 133 133 133 133 133 133 133 133 133 133 133 133 133 133 133 133 133 133 133 133 133 133 133 133 133 133 133 133 133 133 133 133 133 133 133 133 133 133 133 133 133 133 133 133 133 133 133 133 133 133 133 133 133 133 133 133 133 133
133 133 133 133 133 133 133 133 133 133 133 133 133 133 133 133 133 133 133 133 133 133 133 133 133 133 133 133 133 133 133 133 133 133 133 133 133 133 133 133 133 133 133 133 133 133 133 133 133 133 133 133 133 133 133 133 133 133 133 133 133 133 133 133 133 133 133 133 133 133 133 133 133 133 133 133 133 133 133 133 133 133 133 133 133 133 133 133 133 133 133 133 133 133 133 133 133 133 133 133
